 51 11-14-11 22 71115144165177172147113 79 53 46 6610815017719019318014218 1 1A1 917178204719499999999999999 226-161448 4599999999999999
 89 36 -6-29-19 23 76120149172184175145107 71 46 43 7211916018419519617718 1 2A110 7184213619899999999999999 314-301536 4099999999999999
133 77 23-19-36-17 31 86126155177185170137 97 61 39 44 8113016718719719518 1 3A11054186222319899999999999999 4 1-361621 3799999999999999
169121 65 13-24-33 -5 47 98134160179182161125 86 53 37 51 9213817018619418 1 4A1113718323 819499999999999999 446-3417 4 3799999999999999
187157108 55  8-21-20 15 66110141164177173148112 76 48 41 6210314216818118 1 5A11218178235218599999999999999 529-251747 4099999999999999
185174142 96 49 11 -9  2 39 85122147164170160134100 69 49 49 7311014116118 1 6A11256171999999999999999999999 610 -91830 4699999999999999
171172158127 87 49 20 12 28 64102131149160161147122 93 67 53 58 8111113518 1 7A1 036173133316299999999999999 651 111916 5399999999999999
150157156142116 84 55 37 36 54 85114135148154151136114 90 70 60 65 8310618 1 8A1 123158141015499999999999999 734 342010 6099999999999999
125137143141130111 88 68 56 58 74 98120136145148143130111 91 73 64 67 8018 1 9A1 220143145514899999999999999 821 552117 6499999999999999
 97113124131131125112 96 82 74 75 86103120134143145141130113 93 75 64 6218 110A1 336132155314599999999999999 923 732238 6299999999999999
 71 85101115124128126119107 95 85 83 89102119133143146143133115 92 71 5718 111A1 51512817 2146999999999999991048 832354 5299999999999999
 52 59 75 94111123131133128116102 89 82 85 99118136147152148136114 87 6218 112A1 65013318 5152999999999999991213 82999999999999999999999
 45 40 48 69 93114129139142136120101 85 76 79 97121143155159153136108 7618 113A1 753142185615999999999999999 053 401314 7599999999999999
 48 31 28 42 69 98121137148149138117 94 75 67 75100130153164166155131 9718 114A1 838150193816699999999999999 140 2714 0 6799999999999999
 61 32 16 20 43 77108131148156152134108 81 62 59 7711014216417317015212018 115A1 915157201717399999999999999 219 151439 5899999999999999
 80 42 15  6 20 52 90120142157161149124 94 66 51 58 8612415517317816914318 116A1 947161205317899999999999999 255  61514 5199999999999999
104 61 24  2  2 28 67105133153163159140109 77 52 46 6410114016718017916218 117A11018164212818199999999999999 329 -11547 4599999999999999
128 84 40  7 -6  8 44 87122145161164152125 92 61 43 48 7811915417518217518 118A1104716522 318299999999999999 4 1 -61619 4199999999999999
150109 63 22 -3 -4 22 65107136155164160139108 74 48 40 57 9513616417817918 119A11115165223618099999999999999 433 -71651 4099999999999999
165132 88 44 10 -5  7 44 89125148161163150123 90 60 41 44 7211314816917618 120A1114116423 817699999999999999 5 5 -51724 4099999999999999
171150113 70 31  6  3 27 69111139155161156136107 76 51 41 54 8712515416818 121A112 6161234217199999999999999 537  11759 4199999999999999
170160134 96 57 26 11 19 50 92128148158157146122 93 66 47 45 64 9813115318 122A11229159999999999999999999999 611 101836 4499999999999999
162160146119 85 52 30 24 40 73110138152155150135111 85 61 48 51 7110212918 123A1 019163125315599999999999999 646 241921 4799999999999999
147153149134110 82 57 42 43 61 91121142151150143127106 81 61 50 54 71 9718 124A1 1 5153132815299999999999999 727 402016 4999999999999999
121136142139127109 87 68 58 60 76100123140147146139126106 83 62 50 50 6318 125A1 2 8142142214899999999999999 818 572128 4899999999999999
 85108125133133127115 98 83 73 74 83100120136145146141130111 86 62 45 4018 126A1 335134154314699999999999999 930 722253 4099999999999999
 49 69 93114127133133126113 97 85 79 82 94114133145151149139118 89 59 3618 127A1 5311341718151999999999999991113 79999999999999999999999
 25 30 51 80107126138144140127107 89 76 73 84108133151160161151126 90 5218 128A1 710144183716199999999999999 013 241245 7299999999999999
 22  5 10 36 73106130146156153136111 85 65 59 74106138160171173161130 8618 129A1 820157194317399999999999999 119  41349 5999999999999999
 42  5-14 -6 28 72110137157168163139107 74 50 46 6810914616918218416813018 130A1 914169204218599999999999999 215-151441 4599999999999999
 79 29-11-29-14 29 79118146168178166134 96 59 35 37 6911715517819019116918 131A110 0178213519399999999999999 3 5-291527 3299999999999999
124 67 15-24-36-11 40 92128156177181161122 80 42 23 35 7712716318319419118 2 1A11042182222219699999999999999 350-371610 2299999999999999
162111 54  3-31-32  4 59107140165182177148105 62 29 18 41 8913616618419318 2 2A1112018323 619399999999999999 432-361650 1799999999999999
183148 95 41 -4-27-15 29 83124151171179165129 86 47 21 22 5410214216618118 2 3A11154180234618599999999999999 512-271729 1799999999999999
184168129 80 33 -2-11 12 59106139159172170147109 70 38 22 34 7011214416218 2 4A11224173999999999999999999999 548-1218 7 2299999999999999
172169148110 68 32 10 14 44 88125149162165154127 92 60 36 31 49 8311714018 2 5A1 022172124816699999999999999 623  81844 3099999999999999
153158150128 96 64 39 31 44 74110137152158154138111 82 57 42 44 63 9011618 2 6A1 05715813 715899999999999999 656 311924 4199999999999999
132141141132114 90 68 55 55 71 96122140149149141125102 79 60 52 55 71 9118 2 7A1 135142133215099999999999999 730 532012 5199999999999999
109121127127120108 93 80 74 77 90107124137142140133119101 82 67 60 61 7118 2 8A1 229128141714299999999999999 811 742120 5999999999999999
 85 99109116119117111103 95 91 91 97108119129135136130120105 88 73 63 6018 2 9A1 4 2119153713699999999999999 924 902256 6099999999999999
 64 74 88101111118121120115108100 95 95100110123133137135126111 93 74 5918 210A1 61612117 9137999999999999991136 94999999999999999999999
 51 53 63 80 98113123130131125114100 89 84 89104122137144143133116 93 6818 211A1 741131182114599999999999999 021 511259 8499999999999999
 48 38 41 56 79102120133141140129111 91 75 71 82104129146154152139115 8518 212A1 827142191615499999999999999 119 381348 7199999999999999
 55 33 24 32 55 85112131145150144125 99 74 59 61 8111214015816415813910818 213A1 9 115020 216499999999999999 2 2 241425 5899999999999999
 71 38 16 13 31 64 98125144155156140113 81 56 46 58 9012615416917116013218 214A1 931157204317299999999999999 239 121459 4699999999999999
 92 51 18  2 10 40 80114139156163154129 94 61 39 39 6410514216617717415518 215A110 0163212217799999999999999 312  21530 3599999999999999
118 72 30  1 -5 17 58100131152165164144110 72 41 27 41 7912415717518117218 216A11028167215918199999999999999 344 -616 2 2799999999999999
143 98 51 12 -9 -1 35 82121147163169158127 88 51 26 24 52 9914116717918018 217A11055169223418299999999999999 416-101634 2199999999999999
162124 76 31  0 -9 14 60107140159169166143106 66 34 18 30 7011715317218018 218A1112017023 818099999999999999 447 -917 6 1899999999999999
173147104 57 19 -2  4 39 89130154166169155124 85 48 23 19 43 8813115917218 219A11143170234017599999999999999 519 -41740 1799999999999999
174161129 86 45 16  7 26 68114147162167161139105 68 37 20 27 5810213815918 220A112 0167999999999999999999999 551  71815 2099999999999999
167163145112 75 43 24 27 54 95133156164162148123 90 57 33 25 38 7010813718 221A1 013167121616499999999999999 624 231855 2599999999999999
153157149130102 73 50 41 51 79114142157159152136111 82 55 36 33 47 7510618 222A1 052157124215999999999999999 7 0 411943 3299999999999999
129141143137121101 80 65 62 73 96122142151150143129108 84 60 44 40 50 7118 223A1 143144132515299999999999999 743 622047 3999999999999999
 95116127131129121108 94 84 81 87101119134142143139130114 92 69 51 42 4418 224A1 3 5131144114399999999999999 847 812217 4199999999999999
 58 79100115124128127121111100 92 90 95107122134141143138126105 79 54 3718 225A1 5211291648143999999999999991051 902353 3299999999999999
 32 41 62 87108124135140137125109 93 82 80 91111132146153152141117 85 5118 226A1 7111401829154999999999999991239 79999999999999999999999
 26 14 22 47 80109130146155151134109 83 64 60 76106136155166168155125 8418 227A1 815155194316899999999999999 1 7 141343 5999999999999999
 42 10 -4  7 42 83116140159168159133 98 65 42 42 6910914416617918116412618 228A1 9 3169204218299999999999999 2 5 -41431 3999999999999999
 76 29 -6-18  3 48 94128153173178159122 80 43 22 31 7011815417518918916518 3 1A1 944179213319299999999999999 252-181514 2199999999999999
118 63 14-19-22 12 65111142166183179148104 58 22  9 32 8113016218219418918 3 2A11021184221719599999999999999 335-251554  999999999999999
155102 47  1-23-12 33 88129156177186169129 81 37  7  7 43 9614016718519318 3 3A11054186225719399999999999999 414-241631  399999999999999
178137 84 34 -4-15 11 62113146168182178150105 58 21  3 17 6111114716918218 3 4A11122183233218599999999999999 449-1617 6  399999999999999
183159116 67 26  1  6 43 94135160174178162126 81 41 14  9 35 8012215016618 3 5A11145178999999999999999999999 522 -11739  899999999999999
174165137 96 57 27 18 36 76120151167172165140102 63 32 17 25 56 9612914918 3 6A1 0 317412 017299999999999999 552 171811 1799999999999999
159159145116 83 55 39 43 68105138158166163147119 85 54 33 29 44 7410612918 3 7A1 031161121316699999999999999 621 381843 2899999999999999
143147142126103 80 63 58 70 94123145156157148129104 77 54 43 45 61 8510818 3 8A1 1 0147123415899999999999999 648 581919 4299999999999999
124132133127115100 86 78 80 92110129142147145135118 98 78 62 56 59 71 8718 3 9A1 139134131014799999999999999 720 7720 8 5699999999999999
103114121122119113105 98 95 97104114124132135134128116101 86 74 67 67 7318 310A1 251122141713699999999999999 8 7 952131 6699999999999999
 82 93103111117119119116112108104104106112119126131129122110 96 83 72 6618 311A1 51211916151319999999999999910471042332 6599999999999999
 65 71 82 95109119126129128122112101 93 92 98111125135137132121105 86 6818 312A1 7141291746137999999999999991240 92999999999999999999999
 56 53 60 75 95114128137141137124105 87 76 77 90111132145148143128106 8018 313A1 8 2141185214899999999999999 050 531328 7599999999999999
 56 41 39 52 76102124140149150138116 89 68 58 66 90120144157160151130 9918 314A1 834151194516099999999999999 138 3814 4 5899999999999999
 65 38 25 30 54 86116138153160153130 99 67 46 44 6510013515816916915412318 315A1 9 3160203017099999999999999 215 241436 4299999999999999
 84 46 20 13 30 66104133153165165147114 76 44 28 39 7411715017017817314918 316A1 931167211217999999999999999 248 1215 7 2899999999999999
108 64 26  5  9 41 86124150167174163132 90 50 22 18 44 9113516317918417118 317A1 959174215118499999999999999 321  31539 1699999999999999
136 89 43 10 -2 18 63111144164177175151110 65 27  7 18 5911015017318518418 318A11026179222918799999999999999 353 -21612  699999999999999
161118 69 27  2  4 39 91135161175181167131 85 41 10  2 28 7812816017818618 319A1105218123 418699999999999999 426 -11645  199999999999999
177145 98 53 19  5 23 68119154172180176150108 62 23  1  7 45 9714016517818 320A11115181233918199999999999999 459  51720  099999999999999
180163127 83 45 22 21 50 98142167177177162129 86 45 15  3 21 6311114516418 321A11132178999999999999999999999 532 181756  399999999999999
173168146111 75 47 35 45 79123156171174166145111 72 38 16 14 37 7711714318 322A1 013173114617499999999999999 6 5 351835 1299999999999999
157161153132103 77 58 55 71103137159167164152130100 68 41 25 28 50 8311418 323A1 050161121116899999999999999 641 541922 2499999999999999
135145147139124104 86 76 77 92115139153157152141123100 74 52 39 41 56 8118 324A1 140147125415799999999999999 725 742024 3899999999999999
104122131135132124113101 94 93101114129140144143138126109 87 66 52 47 5418 325A1 3 5135141614599999999999999 834 922155 4799999999999999
 70 90108121129134133127117107 99 97101112125135141142137124104 80 58 4518 326A1 5221341644143999999999999991051 972337 4299999999999999
 43 55 75 98117132142146141128110 93 81 81 94114133147154153141118 87 5718 327A1 7 01461828154999999999999991231 79999999999999999999999
 35 28 40 66 97122141155161152131103 76 59 59 79110138156167169156125 8518 328A1 757161194117099999999999999 053 281329 5699999999999999
 48 21 14 32 68105133154169172155123 85 53 35 42 7511514716718018216212318 329A1 840173203718399999999999999 148 131414 3499999999999999
 76 34  7  5 34 80120148168182177148105 62 28 16 36 8012615617619018715918 330A1 918183212419299999999999999 233  21455 1699999999999999
112 62 21 -1  9 50101138162181188171130 82 38  9  8 42 9313716418319418318 331A1 95118822 519499999999999999 314 -21532  499999999999999
146 95 47 11  0 25 75124156175188184154106 57 18 -2 12 5710914717018719018 4 1A11021190224219199999999999999 350  016 7 -299999999999999
169127 78 36 10 14 52104146170184188170129 80 36  5  0 28 7812415417318418 4 2A11045188231518599999999999999 424  81640 -299999999999999
179149106 64 32 20 39 83131163179185177147103 57 22  4 14 51 9813515817218 4 3A111 3185234417699999999999999 455 201711  399999999999999
175161128 90 57 37 40 69113151172181177158122 80 42 18 13 35 7411414215918 4 4A11116181999999999999999999999 524 351741 1299999999999999
166161141111 81 58 51 66 98135161174175162136101 65 37 24 31 57 9212314418 4 5A1 0 9166113217699999999999999 552 511810 2499999999999999
154155145125101 80 68 71 91119146163168162145118 88 60 42 38 51 7610412618 4 6A1 035156115716899999999999999 619 681843 3899999999999999
139145142132116100 88 84 92109129146155156147130108 85 65 54 55 68 8710618 4 7A1 1 9145123215699999999999999 650 841923 5399999999999999
122131134132125116106100 99105116128137143142136124108 90 76 68 69 77 8918 4 8A1 2 5134132714399999999999999 734 992024 6899999999999999
102113121126128126122116112109109112117124130134133126114101 88 79 75 7718 4 9A1 358128152113499999999999999 9321082214 7599999999999999
 83 93104115125131133131126118109101 99102112123134138135125112 97 82 7218 410A1 55913317 4138999999999999991155 992357 6899999999999999
 68 73 84100117131140144141132116 98 85 81 89105125141148146137120 98 7618 411A1 7 71441817148999999999999991251 81999999999999999999999
 61 55 62 80104126143152154147128103 79 64 64 81108135153160158145120 9018 412A1 747155191716199999999999999 057 551329 6299999999999999
 63 45 43 58 86117141156165162144115 81 55 43 53 8312014916617216714611318 413A1 81916520 817299999999999999 139 4114 4 4399999999999999
 76 46 30 36 63102135157170175163133 93 56 30 27 52 9413516217718217114118 414A1 850175205418299999999999999 216 291438 2599999999999999
 99 59 30 20 39 79123153172182179154112 67 30 10 20 6011014917318718816818 415A1 921183213619099999999999999 252 201512 1099999999999999
128 83 43 19 20 53103145170184189175137 87 41  8 -1 24 7512716118119318818 416A1 952189221719399999999999999 328 161548 -299999999999999
158113 68 33 17 32 77128164182192188161114 63 20 -6 -2 37 9314016818619318 417A11021192225719399999999999999 4 3 171624 -999999999999999
180143 98 58 30 26 54105151177189192178141 91 43  6 -9  8 5510814817118518 418A11047193233518899999999999999 439 2417 1 -999999999999999
186166129 88 55 37 45 81130166184190185162121 73 31  3 -2 24 7211915016918 419A111 9190999999999999999999999 515 361740 -499999999999999
179174151117 85 60 52 69106146173183183172145105 64 30 10 13 42 8512314818 420A1 014179113118499999999999999 552 521823  899999999999999
162167160139113 88 72 72 90122153170175171157132 99 65 38 24 31 57 9112118 421A1 05716712 217599999999999999 633 701911 2499999999999999
141151155148134115 98 87 89104127148160163159147128102 75 53 42 46 65 9018 422A1 151155125316399999999999999 723 862014 4199999999999999
114130141145144136123110101 99106120135145150150145133113 90 69 56 54 6518 423A1 317146143415199999999999999 843 992139 5399999999999999
 83104121134143147144134121107 98 96104117131142149150144129107 83 64 5418 424A1 5 41471642151999999999999991041 962313 5499999999999999
 58 74 96117135148156155144126104 86 78 83100122141154160158144119 89 6318 425A1 62715618171619999999999999912 8 78999999999999999999999
 48 49 66 94122143158167166149121 91 66 55 64 90121146162172171154123 8718 426A1 723168192817399999999999999 027 4613 5 5599999999999999
 56 38 41 66102134156171179171145108 71 44 35 53 8912715317118218015611918 427A1 8 6179202318399999999999999 123 371350 3599999999999999
 78 46 30 41 76118149169183186168131 87 48 23 23 52 9713616117918918115018 428A1 84218721 919099999999999999 2 8 301431 1999999999999999
107 67 37 28 50 95137165181191185156110 64 27  9 21 6211114616818519117418 429A1 914192214919199999999999999 248 2815 8  999999999999999
137 93 56 32 35 70118157178190193175135 86 42 11  5 31 7912515417418818618 430A1 942194222519099999999999999 324 301542  499999999999999
160120 80 48 35 52 95142172188194186156110 62 25  5 13 50 9913716217818518 5 1A110 4194225718599999999999999 358 351615  499999999999999
173142104 69 47 48 76122161183192190170132 85 44 15  9 30 7311614816717818 5 2A11022193232518099999999999999 430 441645  899999999999999
177157125 92 65 54 67102143173188190178149108 66 33 16 22 53 9413015516918 5 3A11041190235117399999999999999 5 0 541715 1599999999999999
173163141112 85 68 68 90125158178186180161128 90 55 31 26 42 7511113915718 5 4A111 5186999999999999999999999 529 661745 2599999999999999
165163149128104 85 77 86110140163176177166143112 80 53 39 42 63 9312214218 5 5A1 018166113517899999999999999 6 0 771818 3899999999999999
154157152138121103 91 90103123145161168165152130104 78 59 52 60 8010412518 5 6A1 051157121216899999999999999 635 891857 5299999999999999
140148148143133120108101102112127142152156153142125104 84 70 67 74 9010718 5 7A1 13714913 415699999999999999 7201001947 6699999999999999
123134141143140133124115109108113122132141146146139127110 93 82 77 81 9118 5 8A1 257143143214799999999999999 84010821 3 7799999999999999
104118129138143143139131121111105104109119131141146144134119104 90 81 7918 5 9A1 43514416121469999999999999910381032241 7999999999999999
 86 98113129141149151147136121104 92 88 94109128144152152144129110 90 7618 510A1 5481511729154999999999999991153 882357 7199999999999999
 71 77 93115135151160161154136112 88 72 68 81105132152162163154135110 8418 511A1 6411621836164999999999999991243 68999999999999999999999
 66 61 71 95124148164172171156128 95 66 49 51 7410914116317417416213610418 512A1 723173193617599999999999999 053 611325 4799999999999999
 74 54 52 70104139164178183176151112 72 41 27 39 7511915317318418416513118 513A1 8 2183202918699999999999999 138 5014 4 2799999999999999
 93 62 44 48 78121158179190191175137 90 47 17 11 35 8313116318219318916218 514A1 838193211819499999999999999 221 431444 1099999999999999
122 83 52 39 54 95142175191199194166118 67 24 -1  3 41 9614217018919818818 515A1 91420022 319899999999999999 3 1 391524 -399999999999999
155112 74 47 42 68116161187200203189151 98 47  8-10  5 5310814917519319818 516A1 949204224719999999999999999 342 4016 5-1099999999999999
181144104 69 48 52 88137176195204201178133 80 33 -1-10 16 6811915417719218 517A11023204233119599999999999999 422 461647-1199999999999999
192170134 98 68 55 69108154184197202193164118 69 26  0  0 33 8212615517518 518A11056202999999999999999999999 5 3 551730 -499999999999999
187182159127 96 73 67 87125162185194194181150108 65 29 10 17 50 9313015418 519A1 015187113219599999999999999 545 661815  999999999999999
170177170150123 98 81 81101134162179185183169141105 68 39 26 36 6510113018 520A1 1 3177121518599999999999999 631 7919 5 2699999999999999
150163168162146124104 91 92109133155168173171160138109 78 55 44 52 7510318 521A1 159168131717399999999999999 727 9020 4 4499999999999999
127145157162158146129111 98 96106124141154162163157141118 93 71 60 64 8018 522A1 3 8162144716499999999999999 840 962116 6099999999999999
103124141154161160151135116100 92 96109126142154161160149130106 84 70 6818 523A1 4251621623161999999999999991011 922237 6799999999999999
 80100123142157166166157139116 94 80 80 92113135152162166159141116 91 7318 524A1 5361671752166999999999999991132 782351 6899999999999999
 68 78100127149165173174162138108 80 63 62 79107134154167173168148120 9118 525A1 63417519 6173999999999999991234 60999999999999999999999
 71 64 77105136160175182180162130 93 63 45 48 7310813815917418117314911618 526A1 72018320 318199999999999999 051 641322 4499999999999999
 86 65 62 82117150172185190181154114 75 44 30 42 7611514616618018517214318 527A1 759190205018699999999999999 139 6114 5 3099999999999999
108 78 60 64 93133166184193193175139 95 55 28 23 45 8612615417218618616618 528A1 832195213118899999999999999 222 591443 2199999999999999
132 98 70 59 73110151179193198190162118 74 38 18 24 5610113816217918818018 529A1 9 019822 718899999999999999 3 0 591519 1799999999999999
154119 87 65 63 88130168190199197179142 97 55 25 16 34 7411714917018318618 530A1 924200223918799999999999999 335 611552 1599999999999999
170140107 79 65 74108149181196200190163121 76 40 19 22 51 9413215917618418 531A1 94920023 918499999999999999 4 8 651624 1799999999999999
178156126 96 75 71 91128165189198195177143101 61 32 22 37 7211314516617818 6 1A11017199233618099999999999999 441 701655 2299999999999999
179167142114 90 76 83110145175192195185161125 85 52 32 33 56 9312815417018 6 2A11047196999999999999999999999 512 761727 2999999999999999
176171154131106 88 84 98126157179189187172145110 76 50 39 50 7711113915918 6 3A1 0 4176112119099999999999999 545 8318 1 3999999999999999
169169161144123103 92 94111137161176181176159132101 73 55 52 67 9412314518 6 4A1 036170115918199999999999999 622 911838 5199999999999999
159164162153137120105 98103119140158169172165149125 99 77 65 67 8210612918 6 5A1 115165124617299999999999999 7 5 981922 6499999999999999
146156160158149136121108103107120136151160163158145125103 85 76 78 9211118 6 6A1 2 8160135216399999999999999 8 41032017 7599999999999999
130145154159157150138123110102103112127142153159157146130110 94 84 85 9418 6 7A1 320159151615999999999999999 9251012129 8399999999999999
111129144156162162155141124106 94 91 99115134150160161153138119100 88 8518 6 8A1 4301631637161999999999999991046 912249 8499999999999999
 92108129148162170169161143119 95 78 74 84106131153165168162147125103 8618 6 9A1 5301701751168999999999999991150 73999999999999999999999
 80 87107133157173180178166140108 78 58 54 6910013415917317817215412810118 610A1 62218019 217899999999999999 0 0 801243 5399999999999999
 81 73 83109143170185191186167132 92 57 36 36 6010114016618118718115812618 611A1 7 919120 518799999999999999 059 731331 3399999999999999
 96 74 68 83118157184197200191163119 73 36 16 22 5710614717218919618615818 612A1 75420021 019699999999999999 151 671418 1599999999999999
122 90 68 65 88131172195206207192154103 55 18  1 16 6011315317819520118718 613A1 839208215120199999999999999 239 6315 4  199999999999999
154116 84 64 67 99146184204213210188143 89 40  4 -6 18 6912115718219920218 614A1 923213223920499999999999999 324 611550 -799999999999999
183148110 79 63 74113160193209215209179131 77 30 -2 -5 28 8112916118420018 615A110 8215232620299999999999999 4 9 621635 -899999999999999
198175140105 76 66 84127170197210214202169120 69 26  1  6 43 9413516418518 616A11052214999999999999999999999 454 651721 -299999999999999
197191166133100 76 72 96137174195206207192158112 66 29 11 23 6110614116618 617A1 012198113920899999999999999 539 7118 7 1199999999999999
184191182157127 98 79 81106142171189197197181150109 69 39 29 44 7911714618 618A1 058191122919999999999999999 626 771854 2999999999999999
167180184173151123 99 84 89111140164179186185171144110 78 54 49 65 9412518 619A1 146184132618799999999999999 718 841945 4899999999999999
149166176178167147123101 89 92109133153167175175165144116 90 72 68 8110518 620A1 238178143417699999999999999 819 882043 6899999999999999
130150165174174165147125104 90 90102121140155166169162147126104 87 83 9218 621A1 334175155216999999999999999 932 882151 8399999999999999
110132152166174175166149126103 87 82 91109130148160166165154135114 98 9118 622A1 4341761717167999999999999991049 8223 5 9199999999999999
 96112135155170178179169150123 97 77 71 79 9912414516016917016114212010218 623A1 5341791839170999999999999991157 71999999999999999999999
 92 96114139162177184184172147116 86 65 58 69 9512414716317417616614512018 624A1 626185194317799999999999999 015 921253 5899999999999999
100 89 95117147171186191188170140104 72 51 48 66 9813015316918018116714218 625A1 711191203318299999999999999 111 891340 4799999999999999
115 94 85 96125158182194197188163126 88 56 39 43 6910613916117718618216218 626A1 749197211518799999999999999 158 851421 3899999999999999
133106 86 83102138171192201199183151110 71 42 32 45 7911914917018418917818 627A1 822202215118999999999999999 239 821458 3299999999999999
153122 95 80 85114153184200205197173134 91 55 32 31 55 9513316017818918718 628A1 855205222419099999999999999 317 791533 2899999999999999
169140109 86 78 94130168194206205190158115 74 41 27 38 7111314717018519018 629A1 927207225419099999999999999 351 7816 6 2799999999999999
180157126 98 80 82108147181201207200177140 97 59 34 30 52 9113116017818818 630A110 0207232218899999999999999 424 781638 2999999999999999
186169142113 89 80 93125162189203204190162122 81 49 33 42 7211214616918218 7 1A11034205235018699999999999999 457 791711 3399999999999999
186177156129102 85 85106141173193201196177145106 71 46 41 59 9413115917518 7 2A111 9201999999999999999999999 530 821744 4099999999999999
183181167144118 96 86 94120152177191194185163131 96 66 50 55 7911414516618 7 3A1 019184114619599999999999999 6 5 861818 4999999999999999
177180173157134112 95 91104129157176186185174152122 91 69 61 72 9812915418 7 4A1 049180122718799999999999999 645 901856 6199999999999999
170177176167150129109 96 95109132155171178177165145118 94 77 75 8811213818 7 5A1 124177131917999999999999999 732 941940 7499999999999999
159170175173163147126108 96 96108128148164171170161144122101 88 87 9911918 7 6A1 210175142617299999999999999 831 942035 8699999999999999
142160171175173163147126106 93 90 99118139156167169162148129111 99 9610418 7 7A1 310175154516999999999999999 943 892144 9699999999999999
121142160173178177167149125101 84 78 85105130152166171168157139120105 9918 7 8A1 4181781710171999999999999991057 7823 7 9999999999999999
104119141163178185184174152122 92 70 61 68 9212315116817717716814912610818 7 9A1 52318618341789999999999999912 4 61999999999999999999999
 97 99115142169187195193180153116 80 53 42 52 8212115317318418717815512918 710A1 622195194718899999999999999 024 9613 3 4299999999999999
106 91 92113147179198205203186151107 65 35 24 39 7712215617819319718515818 711A1 718205204819799999999999999 128 891358 2499999999999999
127100 83 86114155189207214210188146 96 51 19  9 32 7812616118420020418718 712A1 814215214220599999999999999 222 811449  999999999999999
155121 91 74 83120165198215221215187139 85 38  6  2 33 8513316619020720718 713A1 9 8222223121099999999999999 312 741538  099999999999999
185149112 81 68 85128175204219225216182130 76 29  0  4 43 9714217219621018 714A110 1225231621199999999999999 359 681624 -399999999999999
205177139101 72 66 91138181207220225211173121 68 24  3 16 6011215217920018 715A11051225235920999999999999999 443 6517 9  399999999999999
209197166128 92 68 69101147184205217219201162112 64 27 16 37 8212816118418 716A11139220999999999999999999999 527 651752 1599999999999999
201203186153117 85 68 77111151181199209208187150106 65 38 37 6310514316918 717A1 039205122621099999999999999 611 681834 3499999999999999
187198194173142109 83 73 87118151175190197193173141104 73 57 62 8912415418 718A1 117198131419899999999999999 657 731917 5699999999999999
174187191183162134106 86 81 94120146165178184179162137109 87 78 8610913718 719A1 15419114 818499999999999999 747 8020 3 7899999999999999
160175184184175156131108 91 87 97117137154166171169157139119104 9810512218 720A1 235185151317299999999999999 846 862058 9899999999999999
143161174180180171154132110 94 88 9410912714415616416415814613111911211518 721A1 326181163816599999999999999 959 88221211299999999999999
127144160173179179171156134112 94 85 8710011813715216216616415514112711818 722A1 4291801813167999999999999991117 84233911699999999999999
117125141160175182183175158134109 88 76 77 9111413615316617317216214612918 723A1 5341841927174999999999999991225 75999999999999999999999
115111120140163180189189179158130100 77 65 68 8711514016017318117916514418 724A1 630190201918199999999999999 0501111318 6499999999999999
122107104117144171189196194180154120 88 64 54 63 8912214916918218818116118 725A1 71619721 018899999999999999 14210314 2 5499999999999999
135111 96 98120153182198203197177144106 72 50 47 65 9813416117919019117718 726A1 757203213519299999999999999 224 951441 4599999999999999
151122 97 87 98129166193206207196168129 89 56 40 46 7411314817218819518918 727A1 83520822 719599999999999999 3 1 871516 3999999999999999
167136106 85 83106144181203212208189154111 71 43 35 53 9113216218219419618 728A1 912212223619799999999999999 335 811549 3599999999999999
181152119 91 77 87120161193209213203176135 92 55 35 39 6911215017519119818 729A1 94821323 319899999999999999 4 7 771620 3399999999999999
190167135103 80 76 99138176201212210193159116 74 45 35 53 9213516618519618 730A11024213232919799999999999999 439 751652 3599999999999999
195180151118 89 75 83114155187204210202179141 98 63 42 45 7411715517919218 731A11059210235419699999999999999 511 741723 4099999999999999
196188165134104 81 76 94131167192203204191162124 87 59 49 64 9914017018718 8 1A11133205999999999999999999999 544 751755 4999999999999999
194192177150120 94 79 82107142173191198194177148113 82 64 64 8612215718018 8 2A1 017194121019899999999999999 620 781829 6199999999999999
190191183165138111 90 81 90116148173186190183165139110 86 76 8310714016718 8 3A1 040192125219099999999999999 7 1 8119 7 7699999999999999
183189186175156131107 89 84 95118145167178181174159137114 97 9210112314918 8 4A1 1 9189134718199999999999999 750 841952 9299999999999999
170182185181171153130107 90 85 9311313715716917317015914212411110711413018 8 5A1 15418615 117399999999999999 853 85205210799999999999999
150168180183181172155133108 89 81 8510112414616116917116515313712411711818 8 6A1 3 41831641171999999999999991011 80222211799999999999999
128145164178185186179162137109 85 71 70 8511013715717017717516514913312018 8 7A1 4341861821177999999999999991133 69999999999999999999999
114120137160180192195189172142108 77 56 52 67 9813215817618618717715713418 8 8A1 553195194018899999999999999 0 21141244 5199999999999999
114103108130161187202206201180145103 65 39 34 53 9213316318319619918515918 8 9A1 7 1206204120099999999999999 1161031344 3399999999999999
129103 89 96126166196212218212186143 94 51 23 19 47 9413917019220720718718 810A1 8 5218213221099999999999999 212 881437 1799999999999999
153117 87 74 89129174205221227219187137 84 38 10 13 5010414917920121621018 811A1 9 4227221721699999999999999 3 1 741525  799999999999999
181141101 71 63 88137183211226232220182127 72 27  5 18 6512016118821021918 812A1 958232225721999999999999999 346 621610  499999999999999
205169125 85 58 59 95147189213228232214170115 62 23 11 36 8813917319721518 813A11046232233521899999999999999 428 541651 1099999999999999
216193152108 71 52 65107156191212224224200155103 58 28 28 6311415718520418 814A11131227999999999999999999999 5 9 521730 2499999999999999
214205175134 94 64 55 77120162189206215209182140 96 60 43 55 9413817219218 815A1 0 8214121321699999999999999 549 5418 7 4399999999999999
205206189157119 86 64 65 91130163184197201191164129 96 72 67 8612215718118 816A1 037207125320199999999999999 628 621843 6699999999999999
194200193173142111 85 72 79104135159175184185174152126103 90 9311314216718 817A1 1 2200133518699999999999999 710 721920 8999999999999999
183191190180160134109 90 83 9111113315216417117116214713011611011613115118 818A1 127191142917299999999999999 758 8320 311099999999999999
168179183181171154134113 98 93 9811112714215316016215915114113212713013818 819A1 2 8183155416299999999999999 9 1 93211112799999999999999
150163172177176169155138120105 97 9710511813214615616216316015214413613218 820A1 3211771747163999999999999991029 9623 913299999999999999
135143155167175177173161144125107 94 90 9510912714415816717217016114813518 821A1 4491771914172999999999999991156 90999999999999999999999
125124133150167180184180168148124101 85 79 8610412714916617718117716314318 822A1 6 018420 518199999999999999 0371231258 7999999999999999
124112112127151174189193187172146116 89 71 67 8010613515917618718917815718 823A1 655193204218999999999999999 1291101345 6799999999999999
131108 97104129160186199201192170137102 73 57 60 8211614817218719519117218 824A1 741202211319599999999999999 2 9 971422 5699999999999999
142112 91 86104139174198208206191161122 84 56 47 60 9413316418419719918618 825A1 822209214220099999999999999 243 851456 4699999999999999
157123 93 76 83114155189208214207184145102 65 43 44 7111315217819520319718 826A1 9 121422 920399999999999999 314 761528 4099999999999999
173138102 75 69 89131172201214216202169125 82 49 36 52 9113717019120320418 827A1 939217223520699999999999999 345 681558 3699999999999999
187154116 82 63 70104150187208216213190150104 65 40 41 7111816018620120718 828A1101621723 120799999999999999 417 621629 3799999999999999
198171133 95 67 59 80123167196211214204173130 87 55 42 57 9714417919720518 829A11051215232320699999999999999 448 5917 0 4299999999999999
204185151112 79 60 64 96141179200209208189155113 77 55 54 8112616719220218 830A11124210234120599999999999999 521 581731 5199999999999999
204193167131 96 70 60 75112154184199203196173139104 77 65 7610915018219818 831A11157203235620299999999999999 555 6018 4 6599999999999999
202196179150116 87 68 67 88124160182193193183160130103 85 8310013216618918 9 1A11234194999999999999999999999 633 641838 8199999999999999
197196185166139109 85 71 75 9712915717518318117115313111110010312014717218 9 2A1 018198132118399999999999999 718 71191910099999999999999
187191187176159135110 89 78 82 9912414816417117216615413812511712013215018 9 3A1 057191143417299999999999999 816 78201511799999999999999
168179184181174160140117 96 83 82 9311213315116216716716215114013112813218 9 4A1 2 5184163216899999999999999 937 81215812899999999999999
142157170178181179169151127102 83 75 79 9511814115817017517416515213712518 9 5A1 4 51811821176999999999999991112 74235712199999999999999
121127143163179188190183165136105 77 61 60 7810713716117718718817715713318 9 6A1 5451911935189999999999999991231 58999999999999999999999
113103109132162186200204198177141101 66 44 43 6610414216918820120018215218 9 7A1 7 0204202920299999999999999 1 91021333 4099999999999999
119 93 81 94128167196211218211183139 91 51 27 30 6411115318120121220617818 9 8A1 8 5218211321399999999999999 2 1 811424 2599999999999999
139100 71 63 86132177205221228218182131 79 37 16 29 7412716719321222020418 9 9A1 9 1228215322099999999999999 246 6215 9 1699999999999999
166120 78 51 52 88142186211227233216173118 65 27 15 41 9514718120422021918 910A1 951233222922399999999999999 328 471550 1599999999999999
192146 98 59 39 53100154192213228230205157103 56 26 27 6612216719421222218 911A1103623223 222299999999999999 4 8 381628 2299999999999999
209172124 79 45 37 64115163194212224218187139 91 53 36 51 9714818320321518 912A11116224232921799999999999999 446 3617 4 3699999999999999
214191149103 65 42 47 82130169192207213200166124 86 60 56 8312816919420718 913A11153213234921099999999999999 522 401737 5499999999999999
210199169128 89 60 49 64101141170188197197179149116 89 75 8411415218219818 914A11227199999999999999999999999 557 4918 9 7599999999999999
203198179148113 83 64 63 84116147168180184179162139116 99 9711113816618518 915A1 0 420313 218499999999999999 632 611840 9699999999999999
194193182162135108 86 76 8110012414616116917016515313712311611813215116918 916A1 024194134517099999999999999 711 75191611599999999999999
180184180169152131110 95 90 9510812514015115816015815214313613213414115118 917A1 05918415 316099999999999999 8 1 90201113299999999999999
16116917217016315113511910710110110811913014115015615915815414814213813818 918A1 2 9172171015999999999999999 924100223813899999999999999
142149157165168165157144129115104 9910110912113615016016616816415514313218 919A1 4 51681848168999999999999991116 99999999999999999999999
126127136151165173174167153136116 99 90 89 9911713815616917717817015413418 920A1 532174193717899999999999999 0201251232 8899999999999999
117109113130153173183184176159135108 87 76 78 9512114716818118718316714218 921A1 634185201118799999999999999 1101091320 7599999999999999
116 97 92106133163185195194181157125 93 71 63 7310013416218119219418115518 922A1 724195204019599999999999999 146 921357 6399999999999999
122 93 78 82108145178197204199180147108 75 55 55 7811515217719320119517118 923A1 8 820421 720199999999999999 218 771430 5299999999999999
135 98 71 63 82121162191207210200171129 88 57 44 57 9313717119220420518718 924A1 849211213420699999999999999 249 6315 1 4499999999999999
152110 74 53 58 92139178202213212193154109 69 44 42 7111716018720321020018 925A1 92821522 121099999999999999 320 521533 3999999999999999
170127 85 53 43 64110158191208216208179134 90 55 40 53 9514518120021020918 926A110 6216222721299999999999999 352 4316 5 4099999999999999
187147102 63 40 43 78130173198211213197160115 76 50 47 7512416919620821118 927A11042214224921199999999999999 424 371637 4599999999999999
199167123 80 48 36 53 97147182200209205181142102 71 55 6610315118720420918 928A1111620923 520999999999999999 458 3617 9 5599999999999999
204183145102 66 42 41 69115158185198202191164129 97 75 70 9113117119620518 929A11151202231820599999999999999 533 381742 6999999999999999
203191164127 90 60 46 54 85128162182190190176152123100 87 9111515118119718 930A11227191234219999999999999999 611 451817 8699999999999999
199192176149117 86 64 56 68 971311581731791761651461261111041121331591801810 1A11313179999999999999999999999 656 56185910499999999999999
189188180165144117 92 74 68 781001261481611671671611491361251211251381551810 2A1 023190143016799999999999999 753 6820 012199999999999999
169177177173163148127104 86 77 80 941141341481581641641591491391311271311810 3A1 135178163516599999999999999 915 77215912799999999999999
141153164171173170160141118 96 80 74 82 991211411571691741721621461301171810 4A1 4 11731815174999999999999991056 74235111399999999999999
113121137156172181183176157129 99 74 62 66 861151421641791871851691451181810 5A1 5451841919188999999999999991217 61999999999999999999999
 97 90100126156179193198191169133 95 63 46 52 801181521761922011931681321810 6A1 7 019820 620199999999999999 056 901316 4599999999999999
 97 72 66 86124163189205211203173129 84 49 33 46 851311661892052101931561810 7A1 8 2211204621199999999999999 144 6614 5 3399999999999999
112 73 48 50 83131172198214220206168118 71 37 28 521021501822022152121831810 8A1 854220212221799999999999999 227 451448 2799999999999999
136 88 49 30 44 89142181203219222200155104 59 31 34 711261701952122192041810 9A1 940223215521999999999999999 3 7 301527 2899999999999999
164112 65 31 23 51104154186206219216185138 90 52 35 51 99151187205216213181010A11021221222321899999999999999 345 2216 3 3599999999999999
186139 89 47 23 29 68121163188205214201166121 81 53 49 79128173198210213181011A11059214224521399999999999999 421 211637 4799999999999999
198162114 70 37 26 45 89136169188201201182147109 78 63 73109154187203208181012A1113320323 020899999999999999 455 2517 9 6299999999999999
201177137 94 58 37 39 67109147171185192185162132103 83 80 99135171193201181013A112 3192231620199999999999999 527 351740 7999999999999999
198183155118 83 57 47 59 88124152170178179168148125105 95101123152177190181014A11232180234119299999999999999 559 471810 9599999999999999
192184165137107 80 64 63 79105132152164168165156141125114111120138158174181015A113 8168999999999999999999999 633 62184411199999999999999
180179168151129105 87 78 81 95114133147155158156150141132125125131142154181016A1 01718114 815899999999999999 715 77193312499999999999999
163167166158146129112 98 92 94102114127138146152154152147141136132132135181017A1 11516716 515499999999999999 816 91213613199999999999999
141149155158156149136122110101 98101108118131142152158159156149139129121181018A1 31115817471609999999999999910 4 98234012099999999999999
120126137149159162157147133117103 94 92 98111129146159167169164151133115181019A1 4531621846169999999999999991143 92999999999999999999999
104103113132152167172168156138116 95 82 80 90111135156171178177165143117181020A1 6 3172192417999999999999999 0351021240 8099999999999999
 94 83 88108137162178183177161135106 81 68 71 90119149170184188180158126181021A1 659183195518899999999999999 113 831322 6799999999999999
 93 70 65 81113149175189192183158124 90 65 56 68 99136166185195194175141181022A1 747193202519699999999999999 146 641357 5699999999999999
101 67 48 54 84126164187199199182148108 73 51 50 76118157183198203192161181023A1 831200205420399999999999999 219 471432 4799999999999999
117 74 43 33 52 96143177196205200174133 91 58 43 55 94141177197207205181181024A1 913206212420899999999999999 252 3215 6 4399999999999999
139 90 49 24 26 61113159186202208195160116 76 49 44 71119165193206210198181025A1 953208215221099999999999999 326 211540 4399999999999999
163113 65 29 14 30 77131170192205205183144101 67 49 56 94145184203210206181026A11032207221721099999999999999 4 1 141615 4899999999999999
183140 90 46 18 14 43 95145176193203196168129 92 66 58 77120166195206207181027A11110203223820899999999999999 438 121651 5799999999999999
195164118 72 36 16 24 61111153177190195182154120 91 73 74100143179198202181028A11149195225820299999999999999 516 151728 7099999999999999
197179145103 64 35 24 39 78122154173183182168144117 96 85 93120155182193181029A11230184232919499999999999999 557 2418 7 8599999999999999
193184164133 98 65 43 38 56 90125150165172170159140121105100109131157175181030A11321172999999999999999999999 644 38185510099999999999999
182180172155130102 75 57 54 68 94121142154161162156144129117112116130147181031A1 016182143816399999999999999 741 5320 411299999999999999
161168169165154136113 90 72 66 73 911121311461561611601521401261151121181811 1A1 143169162116299999999999999 859 66215211299999999999999
130144155162165161148128104 83 70 70 82102124143158167169163147127109 971811 2A1 3581651746170999999999999991031 692330 9699999999999999
 97109128148163172172163142115 87 68 62 72 96124148166178181171149119 921811 3A1 5371731846181999999999999991151 62999999999999999999999
 75 74 91119148168181185176152118 84 60 52 66 971321601781901901731411031811 4A1 652185193319299999999999999 033 721252 5299999999999999
 70 51 54 81119153176190196184153113 76 50 46 671071471741912001941671241811 5A1 753196201220199999999999999 123 491341 4499999999999999
 80 46 30 43 81126161183198202184146103 65 43 46 791261641872012061891511811 6A1 843203204720699999999999999 2 6 301424 4099999999999999
102 57 25 18 42 90137168188203201175134 91 57 41 56 991471801982072031751811 7A1 927205211820899999999999999 245 1715 3 4199999999999999
128 78 36 12 16 53105147173192203193161119 80 52 48 751231671922042071921811 8A110 7203214420799999999999999 323 101540 4699999999999999
154103 56 22  9 26 71121156177193196179144105 72 55 63 991471821992051991811 9A1104319722 420599999999999999 358  91614 5499999999999999
172129 81 41 16 16 45 92134162180190185161128 95 71 65 84124165190200199181110A11115190222320199999999999999 431 121646 6499999999999999
183149106 64 33 20 32 68111145166179181170145116 90 76 80107144175192195181111A11143182224719599999999999999 5 2 201718 7599999999999999
186163128 88 55 34 32 53 89125151167173170155132109 91 86 98125155177187181112A11211173231718799999999999999 534 301749 8699999999999999
184170144112 79 54 43 50 75106134153163164158143125108 98 99114136158172181113A11242165235417699999999999999 6 7 431824 9799999999999999
176170155131104 78 61 58 69 91116136149155155149138125113107110122137152181114A11326156999999999999999999999 644 57191010799999999999999
161163157144125104 85 73 73 83100118133143149150146138128119114114120130181115A1 045163144315099999999999999 732 71202611399999999999999
140148152150141127110 95 85 84 90101115128138146150149143134123114109110181116A1 2 9152161915099999999999999 842 83222110999999999999999
117127138146149145134119104 93 87 88 97109124138149156156149137121105 95181117A1 3541491731157999999999999991018 872338 9399999999999999
 94102117134148154152143128110 93 83 81 90106126145158165164154134110 88181118A1 5151551822166999999999999991138 81999999999999999999999
 75 76 90113138155164162151132108 87 73 72 85109135157171176170152123 91181119A1 62116419 217699999999999999 028 731234 7199999999999999
 65 53 60 85118147165174171156130100 75 62 65 87120151172183185171142103181120A1 718174193818599999999999999 1 9 531319 6199999999999999
 66 40 34 52 89129158176183178156122 88 63 53 64 97137168186193189165124181121A1 8 9183201319499999999999999 147 3314 0 5399999999999999
 78 40 18 21 52 99141168184190179149111 76 53 49 72115157183196200186151181122A1 856190204720099999999999999 224 151440 4799999999999999
102 54 17  1 16 60112152176191194175139 99 66 47 53 87136174195203200177181123A1 940195212120499999999999999 3 3  11519 4699999999999999
132 79 32  0 -6 21 74125159181194191166128 90 60 48 64107155187201205195181124A11023195215420599999999999999 343 -81559 4899999999999999
162112 60 17 -8 -4 34 88135164183192184155117 83 60 56 81127169193202200181125A111 6193222620299999999999999 423-111639 5499999999999999
183145 95 47 10 -7  7 50101140165181186172143110 81 64 69 99142176192197181126A1114918623 019799999999999999 5 5 -81720 6399999999999999
191169130 84 42 11  2 23 66111143163175176161135107 84 73 82113149174186181127A11234177234018799999999999999 549  218 5 7399999999999999
187178156121 81 45 21 18 41 79116142158167166153131108 89 82 93118146166181128A11325168999999999999999999999 637 161856 8299999999999999
174174167147118 85 55 36 36 56 87116138152160159149131112 96 89 96115136181129A1 035175142816199999999999999 731 3420 0 8999999999999999
151160163158145122 95 69 53 52 66 90114133147156158150136117100 89 90102181130A1 157163154215899999999999999 836 502125 8899999999999999
119135147155156148131108 84 67 61 70 89111131147157161156141120 98 82 771812 1A1 338156165616199999999999999 954 612253 7799999999999999
 84101121139152157155142120 95 75 65 69 86110134152164168163145118 89 671812 2A1 51315818 0168999999999999991113 64999999999999999999999
 58 65 87113137153163164152128100 76 63 65 85114142161173176167143108 741812 3A1 636165185217799999999999999 0 3 581221 6299999999999999
 48 39 50 79112139157170172158130 99 72 58 63 89124154172182183167134 921812 4A1 740173193518499999999999999 058 391316 5799999999999999
 55 29 23 43 80117144163177177158126 92 65 54 661001391671821891841591171812 5A1 831179201219099999999999999 144 2214 2 5499999999999999
 73 35 13 15 45 88125151170181176151116 83 58 53 751151541781901921781441812 6A1 915182204419399999999999999 225 111443 5299999999999999
 97 52 18  3 17 56101135158175182170140104 73 54 58 901341681871941891651812 7A1 955182211119499999999999999 3 3  31521 5299999999999999
123 75 34  7  3 28 72115145165178178158126 92 65 54 701091511791911931791812 8A11030180213619499999999999999 339  11556 5499999999999999
146101 55 20  2 11 45 91129153170177168143111 81 61 61 871281641851921851812 9A111 117722 219299999999999999 413  21630 5899999999999999
163125 80 40 13  7 27 67109140160171170155128 98 74 63 74105143172186186181210A11129172223118899999999999999 444  617 2 6399999999999999
173144105 64 31 14 20 48 88124149163167160141115 89 72 71 89121153174181181211A1115516723 418199999999999999 516 131734 6999999999999999
176157126 88 53 29 23 38 70106135153161159148128105 85 75 82103132156170181212A11222161234017399999999999999 548 2218 8 7599999999999999
172162141111 78 51 35 38 58 89118140152155150138120101 86 82 92112135152181213A11255155999999999999999999999 622 341848 8299999999999999
161160149129102 76 55 47 55 76102125140148149144132116100 89 88 96113130181214A1 024162133914999999999999999 7 1 471940 8799999999999999
143150149139122100 79 64 61 69 87108126138144145141131117102 92 88 94106181215A1 122150144314699999999999999 748 602053 8899999999999999
120132140141135122104 87 75 71 78 91108124136143146143133119103 89 81 83181216A1 243142155914699999999999999 852 712219 8199999999999999
 93108123135140137127112 96 83 77 79 90106123138148152149138119 98 78 67181217A1 41114017 7152999999999999991013 772330 6599999999999999
 67 79 98119135144144136121103 86 76 76 86105126145156160156140115 86 61181218A1 53314518 2160999999999999991133 74999999999999999999999
 47 48 66 93120140151153146128105 84 70 69 82107135155167170162139105 68181219A1 646154184917099999999999999 026 451238 6899999999999999
 39 25 31 58 94126148160163153130102 78 62 62 82115147168178179164132 89181220A1 747164193418099999999999999 114 241331 6099999999999999
 47 17  5 19 56100134156169172157129 96 69 54 59 87128161180188185162120181221A1 841173201618899999999999999 159  51419 5399999999999999
 71 26 -4-10 14 60108141163177177157123 88 60 47 60 98143174190195186155181222A1 930180205919599999999999999 244-1215 4 4799999999999999
106 53  8-19-18 16 69116148170183178152115 79 53 45 67112156183195198183181223A11017184214219899999999999999 329-231548 4499999999999999
144 91 37 -5-28-17 26 81124153174184173143106 71 48 47 78125165187197195181224A111 2184222619899999999999999 413-291631 4499999999999999
175132 78 27-12-27 -7 41 93131157176181165133 96 65 46 54 90135169186193181225A11146181231119399999999999999 458-271715 4599999999999999
188163119 68 22-11-17 10 58105137159173173154122 89 61 49 63100140167180181226A11229176235718599999999999999 542-1818 0 4999999999999999
185177151109 64 24  0  1 31 75114141159168163143114 84 62 55 72105137159181227A11313168999999999999999999999 627 -31847 5599999999999999
170173164139104 65 33 17 24 53 90121142156161154135109 83 65 61 76103129181228A1 049173135916199999999999999 714 161942 6099999999999999
146156159152132103 73 48 37 46 70 99124141152155148131108 85 68 64 74 94181229A1 150159145115599999999999999 8 5 372048 6499999999999999
115132142147143129108 85 65 57 63 81104125140150152147132110 88 69 61 66181230A1 3 6147155115299999999999999 9 7 5722 6 6199999999999999
 81100118131139140132117 98 80 71 72 85105125141150154149135112 87 65 53181231A1 4361401658154999999999999991022 702326 5199999999999999
