 67 11-11 14 80168254324363361322262196136 97 9613519826231333832627519918 1 1AH 827367201333999999999999999 159-111432 9199999999999999
115 38-17-31  7 88185276347381370322255185123 88 9614521327832734532326218 1 2AH 915383205934599999999999999 247-331520 8599999999999999
179 92 16-35-38 15106207298364389366310239168109 8310216023029333534631318 1 3AH10 1389214534799999999999999 333-4316 5 8299999999999999
244159 74  2-39-28 36131230315371383351290220151 99 8411417624330033633618 1 4AH1045385223234199999999999999 419-421650 8399999999999999
296225143 64  0-28 -3 68160251325368367327266199137 95 9112918925029932618 1 5AH1129373231932899999999999999 5 3-281735 8799999999999999
319274206131 62 11 -2 33105189267327355343299241180127 9710314219624928918 1 6AH1212356999999999999999999999 547 -31820 9599999999999999
308295252191128 72 36 36 7514121227532033431427121916712410411515019623918 1 7AH 0 7309125433499999999999999 630 3019 910499999999999999
273285271233185135 92 70 7711516922627530530928724920416012611212215118818 1 8AH 059285133931199999999999999 716 6820 511299999999999999
22425226225222418815112110711614618723026628628526623419615913011612214318 1 9AH 2 0262142828899999999999999 8 8107211211699999999999999
17320623224624322720217515113914316319322625326926925422719315912911311218 110AH 320246153027199999999999999 916138223111099999999999999
12915719022024024724022219917616015616719021724225826225022519215512210018 111AH 45924716442629999999999999910451562341 9599999999999999
 9611314418221924826226024321718916615516118221123825826425322518614310518 112AH 62126317522649999999999999912 8155999999999999999999999
 80 78 9913918623226728428025722318715814515317821224426727225622017312318 113AH 717285184527399999999999999 036 7613 714599999999999999
 81 58 62 9414520325629330529225921617314113214818322426028128025420715018 114AH 759305192728499999999999999 121 56135213299999999999999
 95 54 38 5510116523028531731929324819715112312315219824528129628324318518 115AH 83432220 429699999999999999 2 0 38142911999999999999999
121 65 29 26 6012219526331333432128022517012610912416722127030030427622218 116AH 9 6334203830699999999999999 235 2315 210999999999999999
155 89 37 12 27 7915423129533533930925619614110610413719224929331430325918 117AH 937342211131499999999999999 3 8 12153410099999999999999
194122 58 15  8 43111192267322345331286226164115 9311015821927431031829018 118AH10 7346214331999999999999999 341  616 5 9399999999999999
233161 91 34  5 19 73151231298339343311256193135 97 9212618524629331831018 119AH1037346221732099999999999999 413  41637 8999999999999999
267201129 65 20 10 44112192266320343329283223163113 8810114820926530431518 120AH11 8344225231699999999999999 444  81711 8799999999999999
293239171104 50 20 30 80154229291330335305252192138 99 8911616922827630418 121AH1139338233030899999999999999 517 181746 8899999999999999
304270212147 89 48 35 61119191256305328317277222167121 93 9613218523727718 122AH1212328999999999999999999999 551 341825 9099999999999999
296286247191135 88 60 61 96155218271306315293250199150112 9410514119023618 123AH 011296124731599999999999999 628 5619 9 9499999999999999
269282269232184138102 84 93129180231273296296271230184141109 9610814118418 124AH 1 1282132929999999999999999 712 8420 2 9699999999999999
225256268258229191155126114122151191232264281278255219178139109 9410212818 125AH 2 3268142128299999999999999 8 81132110 9499999999999999
167208241259258240212182156140141159189222251267268251220181140105 84 8418 126AH 326261153127099999999999999 9281392231 8199999999999999
106144189231260271264242212182158147154176208239261269258229186139 95 6518 127AH 5 627116562699999999999999911 81472347 5799999999999999
 57 77120175229271295294273237198162140139160197235266281274241191133 7818 128AH 6292971811282999999999999991232136999999999999999999999
 39 26 4910116923729232432529725220015312312014719324228130129225219012118 129AH 731328191330299999999999999 052 26133611799999999999999
 56  9 -3 27 9317625631935234730925219013510110314119925730332330725618218 130AH 82235520 632399999999999999 148 -41427 9799999999999999
103 31-18-25 19100193280345373357306239170110 80 9314521327732434031425118 131AH 9 7373205434099999999999999 238-281512 7999999999999999
168 83  9-36-31 28121219306366382351289215143 86 66 9515923329734034730918 2 1AH 949382214035099999999999999 325-411555 6699999999999999
236149 64 -7-41-19 55153249329376375330261186115 67 6310717825131234734218 2 2AH1029382222435199999999999999 4 8-411635 5899999999999999
293215130 50-10-27 13 94190277344373354299227155 92 58 7112519726531734118 2 3AH11 637323 634299999999999999 448-281715 5799999999999999
324268192115 46  2  5 58139225298347356322262194129 78 61 8814621227131218 2 4AH1142358234832499999999999999 527 -31753 6199999999999999
324297240173108 54 30 50107181252307336326284226165112 76 7510916221926718 2 5AH1216337999999999999999999999 6 4 301833 7199999999999999
297297267217162112 77 70 99152212266302312291248197147106 85 9312617121718 2 6AH 031301124931399999999999999 641 691914 8499999999999999
254274269243204164129110114142184228265285282258221179140111 9910813517118 2 7AH 118275132428799999999999999 72110820 3 9999999999999999
20723625024723020517815614515017019922925126125523520617414412111111613418 2 8AH 21925114 726199999999999999 811145211011099999999999999
16119121723323723221820018417317218119821723224023722520517915112811411218 2 9AH 355237151524099999999999999 935172224011199999999999999
12314617520422724224623922420518817717618520021722923422921218715612710618 210AH 55024617 1234999999999999991136175999999999999999999999
 9810613116520323726026926124021218516616016818821223224424122319115211518 211AH 7 0269182124599999999999999 0 1 98125516099999999999999
 87 77 8912216821725928529127424220416814514115718822124926225622918513718 212AH 744291191326399999999999999 059 77134214099999999999999
 92 63 57 8012718524228731030527423018214212112815820124327328226522416818 213AH 819311195228399999999999999 143 56141712099999999999999
111 64 38 44 8414621527531632730525920415111310312717422727229829626320718 214AH 849327202730199999999999999 220 36144710399999999999999
142 80 35 20 45104179251308337330290232170117 89 9714020025830131729924818 215AH 91833921 031799999999999999 253 201517 8799999999999999
180109 49 13 17 64138219289336346318262196133 87 7410516523228932332528718 216AH 946347213232999999999999999 325  91547 7399999999999999
222147 77 24  4 31 98181260321351340292226157 98 65 7412519626331333531918 217AH101435222 633699999999999999 356  41618 6399999999999999
264190116 51 11 13 63142226296342351318256186121 71 56 8715322628832833518 218AH1042353224133799999999999999 428  51650 5599999999999999
300235160 90 36 14 39105188264321348335284217149 91 56 6110918025030333118 219AH1111349231733399999999999999 5 0 141724 5299999999999999
322275206136 77 38 36 79151227290330337306246180119 72 53 7513220226330718 220AH1141339235632399999999999999 533 311759 5399999999999999
323301249185125 79 56 71121190253301323313271212152100 66 61 9315021226518 221AH1213324999999999999999999999 6 9 561838 5999999999999999
299305279231177130 97 88110158214263295304284240187136 95 71 7410615620918 222AH 041307124830499999999999999 649 871924 6899999999999999
254282285263226185150127123144181222257277278258221178136101 81 8310814918 223AH 137287133328199999999999999 7391222025 7999999999999999
194234262270259236207180160153163185213238255257244218184147113 89 83 9718 224AH 254270143925899999999999999 8551532149 8399999999999999
128169211245265269259238212187170165173193216236248246231202164124 90 7218 225AH 44527016252499999999999999910511652323 7099999999999999
 75100142192239274292289268236200169150150168198229254264255224179127 8118 226AH 62229318 3265999999999999991231147999999999999999999999
 50 45 7112218624729632131829024519615112312214819223727429228224318512118 227AH 724324191029399999999999999 040 43133211999999999999999
 62 22 16 51116194268324349338296238176122 92 9914120025830332230425218118 228AH 81135020 332299999999999999 139 141419 9099999999999999
106 39 -3 -2 48128217296352368341284214144 87 65 8914821928433134431324818 3 1AH 852368204834599999999999999 228 -915 0 6599999999999999
167 85 16-20 -2 65156249326372371326257180108 57 50 9416724531135335330718 3 2AH 929378213135999999999999999 312-211538 4699999999999999
231146 65  1-19 19100194283350378356296219142 74 37 5111219327033136234518 3 3AH10 4378221036299999999999999 351-201614 3599999999999999
287207124 49  0  2 58145235312361367325255178105 49 33 6813921929034135518 3 4AH1036371224935699999999999999 429 -61649 3299999999999999
323258182107 45 18 41108191269329356339284212140 78 40 46 9516824030133718 3 5AH11 7357232634199999999999999 5 4 171723 3699999999999999
334292229161 99 56 51 91158230291330334300240174112 65 47 7012519125330018 3 6AH1136337999999999999999999999 537 481756 4799999999999999
319304261205150105 82 95140199255297314300258202145 97 68 68 9915020625518 3 7AH 0 432012 431599999999999999 6 9 821830 6499999999999999
287294274236192152124118139179224262286286263222176132 99 84 9312416620918 3 8AH 044295123228999999999999999 64311719 7 8499999999999999
24626726725022319316715215417220123025326225423119916513411210511513816918 3 9AH 13226913 426299999999999999 724150195410599999999999999
20122824524824022520719018018018920422023223622921419417014712912212513818 310AH 244248135223699999999999999 829178211212299999999999999
16018521022924124424022821219919018719120021021721921420318516314312812218 311AH 456245154821999999999999999105618723 612299999999999999
12614316919922724926226124722620318317016917919521222522922220217414412018 312AH 6262631754229999999999999991237168999999999999999999999
10510612616020024027028528025822519016014414716719622524625324221317313318 313AH 715286185425399999999999999 027104132214399999999999999
 99 81 8711716421826529830729025320716212911813417021325127627825421115918 314AH 751307193528099999999999999 118 80135511899999999999999
109 71 58 76123185247297323318284232176126 9810113618924328530529425319518 315AH 821325201030599999999999999 157 581424 9599999999999999
133 78 44 43 82147219284328340314262198136 89 73 9815522027931832629723918 316AH 848340204332799999999999999 231 391453 7399999999999999
170102 48 25 46106184259319350340294227157 94 57 6311218525731434333428518 317AH 916352211734599999999999999 3 3 251523 5399999999999999
214139 72 26 22 67144227299347357323259185113 58 38 6913922029134135632718 318AH 944359215135799999999999999 335 181554 3899999999999999
262184110 49 19 39105189268329359346291217141 74 32 35 8917125331935735418 319AH1012360222636299999999999999 4 8 191626 2799999999999999
307234157 89 40 31 73150232301346354318250173102 46 22 4911820327933535918 320AH104235623 335999999999999999 441 2917 0 2299999999999999
339281208138 81 49 61117194265319344331280208137 75 33 29 7214722629333718 321AH1112345234334899999999999999 516 471735 2599999999999999
346315256191132 88 74100159226283319327298241175113 63 36 47 9716723729318 322AH1143328999999999999999999999 552 741814 3599999999999999
325324290239186141111109140191243283303298264212156105 67 52 7011617623418 323AH 028329121930599999999999999 6341061859 5299999999999999
279304300273235196162142144168205240267277268239198154114 84 74 8712316918 324AH 12330613 327799999999999999 7261401957 7499999999999999
217256279283269245217191173168179199222241250247230203170136107 91 9411518 325AH 240284141525199999999999999 8461682122 9099999999999999
150192231262278279267244218193176171178194215232242240224196161126 98 8618 326AH 434280162124299999999999999105317123 6 8699999999999999
 95124167214257288300293268233196164146147167197229254265255225181134 9318 327AH 6 730018 2265999999999999991226144999999999999999999999
 68 7010015221226830932631427923118013611211714919624328129828524619013018 328AH 7 532619 629899999999999999 027 65132011199999999999999
 77 45 48 88154226290335347323274212150100 79 9714721026931332930625318518 329AH 749348195532999999999999999 126 4114 2 7999999999999999
115 56 25 39 95173252319358356314251179111 63 55 9416123530134434931124618 330AH 827362203735299999999999999 212 241439 5299999999999999
170 95 36 16 49120205285346370347289215138 71 35 4910818726633036435330118 331AH 9 1370211636699999999999999 253 161515 3399999999999999
227148 75 27 26 78159244316362364321250172 97 40 23 6013521929535237034118 4 1AH 933369215437099999999999999 331 191548 2299999999999999
278202127 63 32 54120203279338363342282206130 63 23 31 8716825031836035918 4 2AH10 3363223036599999999999999 4 6 321621 2099999999999999
317250178110 62 55 96167243306345346305237163 94 42 25 5512220127433035318 4 3AH103235123 535499999999999999 439 521653 2499999999999999
336286222158104 77 91142209272317335315262195128 72 39 44 8915722828932818 4 4AH1059335234033699999999999999 511 761723 3699999999999999
334306256200148111104132183239286312310276222161107 66 53 7412318524529118 4 5AH1126315999999999999999999999 5421021754 5399999999999999
315308277234188150130137169212253283293277239190142101 77 7810615120224918 4 6AH 017316115329399999999999999 6151291827 7499999999999999
282293282256222189164155167193224251266265244212174138110 9810613216820718 4 7AH 059293122526899999999999999 65415519 6 9899999999999999
24126427126324622420018417918620221923524223822320017414912912112714517018 4 8AH 15627113 924399999999999999 75117920 312199999999999999
19922624625725725023521720119219019420221322122221720518816814913813614318 4 9AH 335258144322299999999999999 950189214413599999999999999
16018421123625526526425123120918917717317919421022222822420918716214213018 410AH 52526617 8228999999999999991151173233312899999999999999
12914317020523926728328226423420117115114716018621523925225023019816313218 411AH 6272851821253999999999999991244146999999999999999999999
11110912816621225729030529626522217713911912415219423726928327424219715018 412AH 7 830519 728399999999999999 038107131911899999999999999
110 87 91124176234285318323298251195141101 9011216121827030531228824118318 413AH 740324194531399999999999999 123 851351 8999999999999999
127 83 65 84135202267317340328284222156 99 65 7111718425330833833229022718 414AH 810341202034099999999999999 2 0 651422 6299999999999999
160100 58 55 94163237302345351317254182112 57 38 6813721729134336233727818 415AH 840354205636299999999999999 236 511454 3899999999999999
206135 75 44 61121200275333361346290215137 68 24 27 8216725332537037232918 416AH 910362213337799999999999999 310 441527 1999999999999999
258183112 60 47 85159240308353361323253172 95 33  6 3310720028535138236718 417AH 941363221138399999999999999 346 4516 2  699999999999999
310236162 98 59 66121199273329358345289212133 62 13  6 5313822930836337918 418AH1013359225138099999999999999 422 551638  299999999999999
349288217150 96 73 98160232294336346315252176104 43 10 22 8116524931836018 419AH1046347233436799999999999999 5 0 731716  899999999999999
363326267205148107100133192253300326321282219152 90 42 23 4710818425731418 420AH1122329999999999999999999999 541 981758 2399999999999999
345340304254203158129131164211257290304292253199143 93 57 48 7412719125218 421AH 02234712 330499999999999999 6271261845 4799999999999999
299322317290252211176155157180214246269277265236195151111 82 75 9513518618 422AH 119323125627799999999999999 7251531945 7499999999999999
236276299301286259228197176171180200223242253251235207173138109 9710413118 423AH 236303142125499999999999999 85117021 8 9799999999999999
17121525628529729327424621318516716317419521924125225023220116513110710218 424AH 4142981620253999999999999991043163224610199999999999999
11815319824428330530829025721717714713514517220824326927626222918514110618 425AH 53730917512769999999999999912 3135999999999999999999999
 9110213919224729332232429925620415411510312016121226029630628824619313918 426AH 634326185230699999999999999 0 5 90125510399999999999999
 95 76 92138200262313339333295240178119 80 7610916623028832633230325118918 427AH 718341194033499999999999999 1 4 761337 7399999999999999
127 80 66 94152222287335351329276210141 81 50 6211418525831835234630424218 428AH 755351202135499999999999999 151 661414 4999999999999999
174111 69 68111179252313351350310245171101 48 33 6613521529034636734529218 429AH 82935621 036799999999999999 231 621449 3299999999999999
224155 95 66 84141214283335356335278205130 65 26 33 8716624831936436833118 430AH 9 1356213637299999999999999 3 8 661522 2299999999999999
270201135 87 77113179250309346346306238164 93 39 20 5011920127934036935518 5 1AH 930351221136999999999999999 343 751554 2099999999999999
307244178121 90100150216279325343322268198127 66 29 33 8115523530435036018 5 2AH 959343224536199999999999999 415 881625 2599999999999999
332279218159116104132187247298327326290229162 99 52 35 5911719026231834718 5 3AH1028331232034999999999999999 4481041656 3599999999999999
341305253198150123128165217267303316299254195135 84 54 56 9315221927832018 5 4AH1056316235633399999999999999 5201211727 5099999999999999
333317279232186150139155192236273296294268223171121 84 70 8512618023628318 5 5AH1128298999999999999999999999 55513818 0 7099999999999999
311313293259220184160158177208241267278269241202160122 97 9411415219824218 5 6AH 03631512 327899999999999999 6351561838 9299999999999999
27729529427624921819017417518921123425125624722419416213411711813616620218 5 7AH 124297125125799999999999999 728172192711599999999999999
23826528028126924922420018518118820121823323923622220117615213713514616818 5 8AH 23228214 824099999999999999 849181203913599999999999999
19722825527227927325723220618617417318320021923423923421819517015114114318 5 9AH 4 227916 2239999999999999991036172221814099999999999999
15918621925227628828526623620217315314916118721724325825724121318115213418 510AH 5182891729259999999999999991146148234213099999999999999
13014617922026029030429726922818414612212214518623026628728526222418114318 511AH 6103051827289999999999999991232119999999999999999999999
117114137181233280312322303261207153109 88 9914119925529932031127522417118 512AH 651322191232099999999999999 0391121310 8799999999999999
125 98101138195256306335332297240174113 69 58 8915122328933534932727721518 513AH 727338195435099999999999999 124 951346 5799999999999999
154105 82100153221285332351332278207134 71 33 39 9217225532436637033226918 514AH 8 1351203437499999999999999 2 5 821423 2999999999999999
200136 88 77112178251313352356317248169 94 33  8 3510820028635438837732518 515AH 836359211539099999999999999 245 7615 0  899999999999999
255184120 81 85135209280334361348292214133 59  7 -1 4613222831337439637118 516AH 912362215839699999999999999 325 761539 -599999999999999
311240170112 85104164237301345358328262182103 35 -4  5 6715825133038239118 517AH 949359224239399999999999999 4 6 841620 -799999999999999
356295227162113 99130192258312344343302234157 85 26  1 24 9318126633637618 518AH1029348232838199999999999999 449 9817 3  199999999999999
375337279218161123120156212267310331321277212144 80 33 20 5111719727233118 519AH1112332999999999999999999999 5341161748 1999999999999999
361355318268215167138141174220264298311297257202143 90 53 47 7913720526918 520AH 01936312 131199999999999999 6251351839 4599999999999999
318341335305263217177154156180215250277288278247203155111 81 7710214920518 521AH 11634213 228899999999999999 7251511938 7599999999999999
25930132232029826322418716315917319922925527026924921617713811010111715218 522AH 223324142427299999999999999 842158205110199999999999999
19924628631031329726823019216315015617720723826227126223820316513311712318 523AH 33931416 2271999999999999991011150221511799999999999999
15019123727830631430127123118715113013115419023126528428326222618514712318 524AH 4533141727286999999999999991126128233411999999999999999
12214518723528031132130526922217112710310713818523628030630628224119415018 525AH 5533211831309999999999999991222101999999999999999999999
120118144191244291322327303258202144 98 77 9013419325330332932529324619218 526AH 641328192233199999999999999 03611513 7 7699999999999999
143114116151204260307333328292236173112 68 57 8614421327932834933529323818 527AH 72133520 534999999999999999 1261101346 5699999999999999
181132108122167226282324339319270205138 79 45 50 9616624130735136033328218 528AH 757339204436199999999999999 2 81081423 4199999999999999
222164120109138192252304336336300240170104 52 33 5811919727333336535931918 529AH 830341212036799999999999999 2461081457 3399999999999999
262201146114120161221278322340322272205136 74 35 36 7915123030235236834718 530AH 9 2340215536899999999999999 3221121530 3099999999999999
298238179133117139190249300331332299240171105 54 32 5211018626332536036018 531AH 933336222936599999999999999 35611716 2 3299999999999999
326273214161128129164218272313330315270208141 83 46 43 8014522028933835718 6 1AH10 433023 335899999999999999 4291231634 3999999999999999
343301247192149132147189241287315318291241179120 73 51 6611318024830634118 6 2AH1036321233834799999999999999 5 213117 7 5199999999999999
345320276225178147143167210255291308300265214158108 74 68 9514620926831218 6 3AH1111309999999999999999999999 5381411741 6799999999999999
334327298256210172152157185223260286294278242196148108 87 9212417422827718 6 4AH 016335115029499999999999999 6181511819 8599999999999999
31032130928024220317216016919422625527527726022818814911810611714919223818 6 5AH 058321123827899999999999999 7 516019 210699999999999999
27730230829526923520117616517219321924426126425122419215913512613716320018 6 6AH 148309134026599999999999999 8 5165195812699999999999999
23927229429928926523420217616316518120623225226025323320517615214114716718 6 7AH 24930015 226099999999999999 920162211114199999999999999
19923526829129829026723419816714914716319122525326926925222519316514814618 6 8AH 3582981629271999999999999991036146223614599999999999999
16219423226929530529626822918514812412114318222626529029427624420516914518 6 9AH 5 23051741295999999999999991136120234813799999999999999
138154190236278307317302265215163118 92 9412718123928831832229925821016618 610AH 5553171838324999999999999991226 89999999999999999999999
134127149194247294324329304254193132 82 58 7112019026031734934831626420718 611AH 641331192835399999999999999 0461261310 5799999999999999
156121118150205265314341337299235164 97 46 29 5712420728634737736732326218 612AH 724344201537899999999999999 1361151354 2999999999999999
199143110116159223286333354338285211134 64 16 10 5513622831137239537432118 613AH 8 635421 139599999999999999 2231071438  799999999999999
254187132105122176244305348359331267186106 37 -3  4 6315425033338840237118 614AH 849360214740399999999999999 3 81051522 -799999999999999
312243176124106134195263320355356317246165 86 21-10 11 8117526934739439818 615AH 933361223440299999999999999 35410616 7-1099999999999999
360298231167121114150212275326354346300228149 75 17 -2 3010519628435439118 616AH1019355232239499999999999999 4401111654 -299999999999999
385343283219161124125165224280324344330282214142 74 27 18 5713021529335218 617AH11 8345999999999999999999999 5281191741 1699999999999999
379366324268210158130137176227277314329313268207143 85 48 48 8815522829518 618AH 01137912 132999999999999999 6181281830 4399999999999999
343361346306256203159137145179223265298311296258208154106 78 8211817423618 619AH 1 1361125931199999999999999 7131361923 7599999999999999
29133034232729224720016114114717421124928029428525721717213311011314218718 620AH 15534214 829499999999999999 816140202410899999999999999
23828431632531228224119816114014116119423226428328326423319616113913715718 621AH 254326152928599999999999999 928138213513599999999999999
19323627630431430427623719515613212814517821825628128927825221818415915118 622AH 3593141654289999999999999991041126225415199999999999999
16319423327129931030027223218614411611012916721325729030429627123519816718 623AH 5 331018 8304999999999999991144109999999999999999999999
154164194233272300311299267221170125 95 9211816421927030832331328324219918 624AH 6 031119 532399999999999999 0 51541236 9099999999999999
165151163197240280308315296256203148101 75 8011717323629232934032228423718 625AH 647316195134099999999999999 1 21511320 7399999999999999
190155146166206253294318317288238179121 76 59 7712719426131734935032127418 626AH 729321203135499999999999999 14914514 0 5999999999999999
222174144144175223272310327314273214150 93 56 52 8614922229134136334930918 627AH 8 632721 736399999999999999 2291401437 4999999999999999
255200156136150192245293325330303251185121 69 44 5610617925431935936633818 628AH 840331214136799999999999999 3 51361512 4399999999999999
288231177141135164215269312333325284223156 95 52 43 7313621328634136735818 629AH 914334221436899999999999999 3391331545 4199999999999999
318262204157133143185240291325334311260194129 75 46 5410117224831335536518 630AH 947334224636699999999999999 4121321618 4499999999999999
340292235181142133159208262306330325290232167107 64 51 7713520827833135918 7 1AH1022332231936099999999999999 4461321651 5199999999999999
353317265210163136142177228277313325309265206146 95 65 6910817224030034018 7 2AH1058325235335399999999999999 5201341724 6299999999999999
353334292240190152138155195243285311314289242186133 93 78 9514220426431318 7 3AH1136316999999999999999999999 55713818 0 7899999999999999
340339312268220176147144167207250285303299270225175131103 9912417222827818 7 4AH 028343122030599999999999999 6381421838 9799999999999999
31633232329225020616914714917321024827829328625821817614012012315019324118 7 5AH 1 8332131129399999999999999 725145192311899999999999999
28331232130727723819816414614917120424027028427925622318715814114516820418 7 6AH 153321141528599999999999999 822145202114099999999999999
24528130531129726823119215913913915919223026328328426723920717816015817418 7 7AH 247311153328699999999999999 929137213515799999999999999
20524227730030729526622718514812412114017722226329029928926222819517116218 7 8AH 3513071657300999999999999991039119225916299999999999999
172200238274301310299268223174130100 9511716321827030832431528624620617318 7 9AH 45831018 9324999999999999991142 93999999999999999999999
156163193236278309320307269215157105 71 66 9615322228533235234130625720718 710AH 55932019 935299999999999999 0131561239 6499999999999999
166145154190240288323334315268204136 78 41 40 8115223330635837836131625918 711AH 65433420 237899999999999999 1141441331 3599999999999999
201154132147192250303339348321263188114 51 15 22 7615925032838239737131718 712AH 745349205139799999999999999 2 71321421 1299999999999999
252189140121145200265320355358321253172 93 29 -3 15 8217527034939940536918 713AH 835361213840899999999999999 2571211510 -499999999999999
308238173125115149213280335366361315240156 77 15 -9 22 9919729136640740218 714AH 924369222441199999999999999 3441131557 -999999999999999
357291221156114115159226292344370357304226144 67 12  0 4312622230937640518 715AH101237123 840599999999999999 4291081643 -299999999999999
388337270201141109121171238299346365344288213136 67 23 24 7615824632337718 716AH11 1365235139399999999999999 5151071728 1799999999999999
392366311247183131110130182243299339351326271204136 78 47 6111519026633018 717AH1150352999999999999999999999 6 01101813 4699999999999999
369371338286226169127116141189243292325332306258201144100 8210215321627818 718AH 034375124233399999999999999 6471151858 8299999999999999
32735234531126321016212912414819023627830631028925120616213012114218323318 719AH 117353133931299999999999999 739122194812199999999999999
28131733131928824620116013413115018422426228729428125422118716315717120218 720AH 2 3331144829499999999999999 838129204815699999999999999
23927530131029927323719816213713114417321024627428628326624121319118118718 721AH 257310161628799999999999999 94813122 818199999999999999
20723626528729528826723519716113412413316119823827129129528426123320719018 722AH 4 429517452969999999999999911 2124233518899999999999999
18920422925627929028726723419415412411112015019323928030631430227524120918 723AH 51729118513149999999999999912 5110999999999999999999999
187182196223254281295291268230184139106 9410914719925329932733131227723618 724AH 619296194033399999999999999 0441811258 9499999999999999
198173171192226263292306297266219166118 86 8010515521727732434734231226718 725AH 7 9306201934999999999999999 1361691342 7899999999999999
219178158164196239280310318299256200142 94 67 7311317524530634836134129818 726AH 749318205336199999999999999 2161571421 6599999999999999
245194157146166210260303327325293238174114 70 55 7713320627833536636332818 727AH 826330212536999999999999999 2511451456 5599999999999999
274217167138142179233286324339323276212145 88 53 54 9516524231035837335218 728AH 9 0339215537499999999999999 3231361529 4999999999999999
304244186143128150201260310341342310252183117 68 47 6812620327933937236818 729AH 934346222537599999999999999 35512816 1 4799999999999999
331274212158126128167227285328348334288223154 95 57 55 9616624331135837318 730AH10 7348225537399999999999999 4261221633 5199999999999999
351302241182136118139190251304338345317261194131 82 59 7813320727833436618 731AH1042346232536999999999999999 45911817 5 5999999999999999
362325269210157123121156213270315339333294234172117 81 7611117424430434718 8 1AH1119341235636199999999999999 5331171738 7499999999999999
361341295239184140119131174230281318332315271214160116 9410414820927031918 8 2AH1159332999999999999999999999 6 91181813 9399999999999999
34634531526621416613112114318723828331331929725520516112811813718123528418 8 3AH 028350124432099999999999999 649121185311799999999999999
32033632429024419615512912615019123727730330728625021017415014616520324618 8 4AH 1 5336133830899999999999999 736124194214599999999999999
28631231930527223118815212812714718422726629229928626022819817617018321118 8 5AH 150320144929999999999999999 835124204917099999999999999
24527729930529326522818715012511913416821125328630229928125322419918518818 8 6AH 250305162130399999999999999 948119222118499999999999999
20623526528829929327023319014811610211214519324428731532230928124521218718 8 7AH 4 929917503229999999999999911 6102235318099999999999999
180192221255286304304283243192140 98 77 8412117924229933735133730225721218 8 8AH 5313071859351999999999999991216 76999999999999999999999
177163175209253294320323299251189126 75 48 5710317425131936437835731225518 8 9AH 639325195337899999999999999 1 31631317 4699999999999999
200157141159205261310342345314253180108 50 21 37 9618126934339039736530818 810AH 736348204140099999999999999 1591411411 2199999999999999
242179133122152211277332364363320249166 89 28  3 3110620129336840940435918 811AH 828368212441399999999999999 2471201459  399999999999999
291219153110109154225296352382371317237151 72 14  0 4413022931938841639618 812AH 91638322 541799999999999999 3311031545 -299999999999999
338265191127 92107166242313366389367304221137 61 13 16 7416526034239841018 813AH10 2389224441299999999999999 413 911627  799999999999999
374309235163105 86116183258324371384351284205127 61 28 4911620428935839618 814AH1047385232239999999999999999 454 8517 8 2899999999999999
389342275204139 94 91133200269328366366327263192125 74 60 9416223930936118 815AH1131371235738099999999999999 534 861748 5999999999999999
380358306242179124 9510615221327332334934130124618813510110314220226531818 816AH1216350999999999999999999999 615 941827 9799999999999999
35135232227221616312110612416721926930832531428023719315613814818323127718 817AH 03335613 532599999999999999 65710619 913799999999999999
31332932028924620015812912214017521725828930129327024020918417518521024318 818AH 1 933014 530199999999999999 74612120 017599999999999999
27429630329226623219616314113614817420824226928328327225423221320320622018 819AH 152303153128599999999999999 847135211720399999999999999
24026127628027425623120117215114114616519422725627828828627325423321721018 820AH 2542811720289999999999999991010141231021099999999999999
21422624425926927025923820917815213613515118121925628630430629226723921418 821AH 4342711836307999999999999991133133999999999999999999999
19919821123225527227927124721317514212111813817622326930632632430226722918 822AH 559279192432899999999999999 034197123711799999999999999
19717918120123326428729628325120716112210010313318324129433234633329825218 823AH 65529620 134699999999999999 1251771325 9899999999999999
206172158170205247286310313290245190138 97 80 9514120426932435635732827918 824AH 737315203236099999999999999 2 115814 4 8099999999999999
225176145143173222273313332323285227165110 73 6810216423730435337135430818 825AH 81333321 137199999999999999 2331401438 6699999999999999
249190144125142190249303339347322267200135 82 56 7112520027533837437333618 826AH 846348212937999999999999999 3 31251510 5699999999999999
277213155117116154217281332358351307240169105 62 54 9116224231336438236018 827AH 918360215738299999999999999 3321111541 5199999999999999
306240175123101122179248311353366340281209140 83 54 6912720628334537937518 828AH 951367222438399999999999999 4 21011611 5399999999999999
333269201140100 98140208278333365361318251180117 72 6310017125031736437918 829AH1024368225237999999999999999 433 931643 6199999999999999
353296229165114 89108165237301347365345291223158106 77 8914221628633936918 830AH11 0365232137199999999999999 5 5 891715 7699999999999999
362320258194137 98 92127191258314349354322265203149109 9812618425130834618 831AH1138356235135899999999999999 539 891749 9799999999999999
357335284224167120 9510414820926931634133530024819615312713016421827231518 9 1AH1220343999999999999999999999 616 94182712499999999999999
33833530425420015211610211816221626830732631728524420417215616319423627718 9 2AH 024340131132699999999999999 659102191315599999999999999
30731930927823519115112111212816421025529130830528425522519918618920923818 9 3AH 1 5319141930999999999999999 753112201918599999999999999
26728829728926623319615913111812615319223527229630429727825322720820020718 9 4AH 2 3297155930499999999999999 9 811822 220099999999999999
22424726828228327124621117313811611213016621225829631832130728024721619518 9 5AH 3372841741322999999999999991040111235018999999999999999
189200225254279293291269230183137102 8810114019625630834135033329725120718 9 6AH 52229418503519999999999999912 3 88999999999999999999999
174161175209252291317319294246186127 80 59 7412319426833137037634929924018 9 7AH 636321194137899999999999999 05916113 7 5999999999999999
184143131156206264315347348313251179109 55 33 5812320829135939639134828418 9 8AH 732352202339999999999999999 14913114 0 3399999999999999
214151109108149216286343375369320246164 88 33 20 6014123432138541138933018 9 9AH 82137821 241199999999999999 2321031445 1899999999999999
256180116 82 97158237312369395375313231146 70 22 25 8317426835040341036918 910AH 9 5395213941399999999999999 312 811527 1699999999999999
298219144 85 67103177261334387401366295211129 60 27 5012221530237140639218 911AH 948402221440799999999999999 350 6616 7 2799999999999999
336260182111 66 68121202282350391390344271192119 64 51 9217025432838039318 912AH1029397224739499999999999999 428 601644 4999999999999999
360294220148 89 62 85148225298355382366315247179118 83 9014221428534237218 913AH11 9382231837499999999999999 5 4 621721 8099999999999999
364319253186125 82 7511117424330534836033628722917413111513718824930234018 914AH1150361234935099999999999999 540 73175611599999999999999
350327278219163116 91 9913919525330133133230626622218115515317922226730318 915AH1232335999999999999999999999 616 89183315099999999999999
32231828924519815412211112516120725228830730528525722619918518921023926818 916AH 019324132330999999999999999 656110191718499999999999999
28929628526022619115913813314617320724126928528627726124022221221222223818 917AH 054296143828799999999999999 745133202621199999999999999
25426626926124522319817415715015617219722525127128228327526024222721921718 918AH 146269163928499999999999999 9 2150224421799999999999999
22223324425125324723421319016915515216018121124227029129929327625222720818 919AH 34425318 6299999999999999991049152999999999999999999999
19820021423224926126325222919917014713614316720524628431132030828124521018 920AH 540264185632099999999999999 01819712 913699999999999999
18417218120523626428328626923619515612711512716321326530933533631227022418 921AH 639287193233999999999999999 1 517213 111599999999999999
181153150172212255291310306277230179133101 9612317523729533835534129924518 922AH 72031220 235599999999999999 1381481340 9499999999999999
190145125138180234286323335317271212153104 78 8913520227132936436432927218 923AH 755336203036899999999999999 2 71251414 7799999999999999
208150111107142203267321352350313252184122 77 67 9916424031036037835530118 924AH 827356205737899999999999999 2361041446 6599999999999999
233165111 86105163236303353371350295224153 94 61 7212720528234438037533018 925AH 859371212438399999999999999 3 5 861517 5999999999999999
262189124 79 75120194272336375377336268193126 75 61 9616824932036938435518 926AH 932382215138499999999999999 335 711548 6099999999999999
292218147 88 61 82147229304360385367311238167107 71 8013521428934737837018 927AH10 6386221938099999999999999 4 6 611620 6999999999999999
321249176111 65 59102179260328373381346282212149101 8411317925431735937018 928AH1042383224837099999999999999 438 561653 8499999999999999
341280208141 87 58 7213020828334037136432025819614411111215421828232935418 929AH1120374231835599999999999999 512 57172910699999999999999
346304241176120 78 66 9415622829233935734129724319315413414719024429232518 930AH12 3357235233499999999999999 549 6518 813499999999999999
334315271214159114 85 841171732342883253363192842422041751651792132532861810 1AH1254336999999999999999999999 632 80185716599999999999999
3063072862482031601231011031311762262713033153062832552262021921982182431810 2AH 03430914 331599999999999999 726 9920 719299999999999999
2662812822692432101751421201161321642062472813023062972772512252072002051810 3AH 138284154730799999999999999 84311522 319999999999999999
2202392572692692572322001641341171201421802252693023203203022712362041821810 4AH 3322711728322999999999999991023116234717799999999999999
177190215245272287284262225179137106 971151582132703173443453202792301831810 5AH 5232881832348999999999999991151 97999999999999999999999
151143162202249290316318291242184128 86 72 941482182863413693633252682061810 6AH 633321191937199999999999999 0481421254 7299999999999999
150113112147204267320350347308246176111 64 53 881572383123673883663112421810 7AH 725354195938899999999999999 1331081344 5299999999999999
170110 78 92147221294352379365311238161 91 47 491011832683423893923512821810 8AH 810380203539799999999999999 212 771428 4199999999999999
204129 72 55 91164248324379396366300221142 75 43 641322193023673973793201810 9AH 85239621 939799999999999999 250 5415 7 4299999999999999
242162 91 45 50106191277350395396351279200125 69 56 97174258331380388350181010AH 931402214139199999999999999 325 401545 5499999999999999
279199123 62 36 63134221302366396380325253180115 77 86141218291349377363181011AH1010397221237899999999999999 4 0 361620 7499999999999999
310236160 93 48 45 91167249320370382353296230166117 99126186254313351358181012AH1047383224136099999999999999 434 401654 9999999999999999
327266196131 78 53 70125198270328361358322269212162130131167222277319338181013AH1125364231033999999999999999 5 7 52172812699999999999999
327286228168115 79 73102158222280324341329294249205169154166202245284309181014AH12 4341233931599999999999999 540 7118 415499999999999999
313291250201153114 94101134183234280309316302274241208185180195222252276181015AH1249317999999999999999999999 615 93184518099999999999999
288283260226188153127119130158196235269289294285267243220205202210225243181016AH 012289134829499999999999999 656119194520199999999999999
257262256240217191166148142150169196225252272281281271255236220211209213181017AH 1 0262152828299999999999999 755142214820899999999999999
223234241242237225207186168158157166185211239263281289284269246223204192181018AH 241243171028999999999999999 936156233819099999999999999
190200216232245250244227204179160150152169199234268294306299277245211182181019AH 5 02501810306999999999999991121149999999999999999999999
165165183211240263274268245212177148131134158198244286316324308273228183181020AH 6 9274185132499999999999999 029162122313099999999999999
149134146179222263293302287252207162126110121159212268314339335303253196181021AH 654302192334199999999999999 1 413413 710999999999999999
145112110140192249297326326296246190137101 93120175240300342355333282218181022AH 730330195235599999999999999 1351061344 9199999999999999
154103 81 98151219285334354338291228164110 80 89137206276333364358314247181023AH 8 4354202036699999999999999 2 5 801417 7899999999999999
175109 65 61104177255322365371336274203137 87 72102168245313360373343280181024AH 838374204937399999999999999 235 571451 7199999999999999
203129 68 39 59125211292355386373321249177114 75 80132208283342373364313181025AH 913387211837599999999999999 3 7 391524 7199999999999999
238159 88 37 29 74156247324378392361297224155101 78104170247313358371340181026AH 949393214837199999999999999 340 261559 7899999999999999
274195119 57 22 37100189276346386384340273204143101 97138208277331359352181027AH1027391222036199999999999999 414 211636 9399999999999999
306234159 91 41 25 57131217296354380365315253192142114125173237294332345181028AH11 8381225534599999999999999 451 24171511399999999999999
324271202136 79 42 42 85157234302348363341295241192153138156200252294319181029AH1153363233332399999999999999 531 36175813899999999999999
321293242184128 83 58 66110173239295331340320283241202172163179213250280181030AH1247341999999999999999999999 617 57185216299999999999999
296293269228182137101 82 91126177230278309319308283251218192181188208232181031AH 022297135631999999999999999 712 8220 718199999999999999
2552702712582311961591261071081301682132562903083082922672362061851791871811 1AH 137273153031099999999999999 828104215617999999999999999
2052282492622632492221871521241131231521942402813083183082822452061731551811 2AH 33226416593189999999999999910 3113232715399999999999999
1561752072412692832772522131701311081081341802342843213353232892411901461811 3AH 51428318 2335999999999999991130105999999999999999999999
120123152198248289312308278230176126 95 921241792423003393503292822221601811 4AH 622314185035199999999999999 0251181234 8999999999999999
109 84 97143205268318343333292234170114 80 841271932633223583583212591891811 5AH 713344193036399999999999999 110 841324 7799999999999999
121 70 56 86150225296348367345293226157 99 71 891452192903453693522982251811 6AH 75836720 636999999999999999 149 5514 8 7199999999999999
149 81 39 42 93171253326372379343280209139 87 741081762513173613673302631811 7AH 838382203937099999999999999 226 341447 7399999999999999
185109 48 22 47115201284351385375327259188124 85 901402122823373643502961811 8AH 917387211136599999999999999 3 2 221524 8199999999999999
222144 75 27 23 68147233311366384358302235168115 941181772463063463533201811 9AH 954384214135599999999999999 336 181559 9499999999999999
256181110 51 23 41101182263330369369332274211154116114152212272319341330181110AH1030375221134299999999999999 4 9 23163311099999999999999
284217147 86 43 36 71137215286338360346303248193148127141185239287319324181111AH11 6360224132699999999999999 441 3417 612799999999999999
298247184124 75 51 62106172240298335341319277228183152146169210254289306181112AH1143343231230699999999999999 513 50174214599999999999999
298265216162113 80 71 93140198255299321318294257217183164167190223255278181113AH1223323234828599999999999999 547 71182216299999999999999
284270238196153117 96 98124166213258290303297277247215190178182199223245181114AH1311304999999999999999999999 624 94191317799999999999999
259260247221189157131119124147180217251276287284269247221199187186195210181115AH 035262141628799999999999999 711118203318599999999999999
226239242235219197172151140142157181211240264278281272253228204186177179181116AH 150242154328199999999999999 820139222117699999999999999
190207224236238231214191169154148155173201232261281288281260229197170155181117AH 34623917 128899999999999999 959148233315299999999999999
154169194222244256253235208179155142143162195233269294302290260219177142181118AH 5182561755302999999999999991125140999999999999999999999
124128155194235267283278254217178145126129155199246288313315292248195143181119AH 616284183531899999999999999 019123122312499999999999999
105 92110153209261299313299263214166126108120160215270312332321281222158181120AH 7 1313191033399999999999999 056 9213 810899999999999999
102 66 66104167236295333339311260202146106 95122177241298336344314256185181121AH 740341194334599999999999999 131 611347 9499999999999999
115 59 34 53113193270331363354311248183125 89 93137204272325353343294221181122AH 818364201535499999999999999 2 5 341425 8599999999999999
144 73 23 14 56135224305362381356299230162107 83104163236301346358329264181123AH 856381204935999999999999999 241 1115 4 8399999999999999
183103 36 -2 10 72163256333381386347282211146 98 89126193265322354350304181124AH 936390212535899999999999999 318 -41543 8799999999999999
229147 71 12-10 20 97192282351387378329263195136100105153221285331350331181125AH101838922 235099999999999999 357-101623 9699999999999999
275198120 51  3 -3 42124216298357380361309246185134110127178240293328335181126AH11 2380224333699999999999999 438 -717 711099999999999999
306247175105 45 10 17 69149232303351364340291235182141127148194246288314181127AH1149365232931799999999999999 522  7175412699999999999999
313282227164103 54 30 44 95166238299337344320278231186152142161199239273181128AH1242345999999999999999999999 6 9 30185014299999999999999
292290263218166116 76 58 73116175235286318324306273233193163152163190221181129AH 025294134432599999999999999 7 4 58195915299999999999999
250269272254221180138104 87 96129176226271302311300273238200167150151169181130AH 138273145631199999999999999 810 87212514899999999999999
1962262512632582372041661321111101321702152592923073012782422001621361291812 1AH 313264161330799999999999999 931108225012899999999999999
1421712082432672732602301921541251151291632082542913103072812401911441101812 2AH 4492731721312999999999999991056115235410099999999999999
1001161532012472822962852542111661291121231592092592993193122792281711171812 3AH 6 329618153209999999999999912 7112999999999999999999999
 79 72 971472072633053203062682181661231061211642192723123283112662061421812 4AH 7 0320185932899999999999999 044 7013 310699999999999999
 84 49 52 911552252883303403172702131561131021271782382913263313002441751812 5AH 747341193833399999999999999 127 45134910199999999999999
107 51 27 451011752513153513503152601981411041051422012613103353242792121812 6AH 828356201333699999999999999 2 5 261430 9999999999999999
140 73 26 17 531232042813393633483022411781251011171662282853243343072491812 7AH 9 6363204733599999999999999 242 1515 710199999999999999
177105 44 11 22 761552373093553633332792161571151061381942553043303232811812 8AH 942365211933299999999999999 317 10154210599999999999999
215142 75 26 12 421081902693293593513102521911391121211632222763143253021812 9AH1017361215132699999999999999 350 11161611099999999999999
249180111 54 21 26 72145224293340353330282224169129118141190244290314310181210AH1051353222331699999999999999 423 18165011799999999999999
275217150 89 45 30 53109181253309339336304255201155128131163211258292304181211AH1125342225630499999999999999 455 29172412699999999999999
287245188128 78 49 50 86145212271313328315278231185149135148182224262284181212AH12 1328233328899999999999999 527 4518 113599999999999999
285262219167117 80 65 79119175232279308312292257215176150145161192226255181213AH1239313999999999999999999999 6 2 65184514499999999999999
269265240201158119 93 88108147195242278297295274243207175155152166191218181214AH 016270132429899999999999999 641 87193915199999999999999
241252247226195161131113113132165204242270284281264237205176157151160180181215AH 112252141928599999999999999 730110205015199999999999999
204226239239225202174149134132146171204237263277276262236205173150139144181216AH 229241152727899999999999999 836131221313999999999999999
161188215235243237219194168149141148168199232260277279265237200162132116181217AH 4 324316372809999999999999910 4141231911599999999999999
119142177215245261260242213182155139141161195233266286288269232186140102181218AH 5252621736290999999999999991126138999999999999999999999
 85 94128176226266288287264227186150129129155197242280301298269220163108181219AH 626291182330399999999999999 011 84122812699999999999999
 66 52 73123186248296319312279231181138114120156208260300317304261199131181220AH 71532019 631799999999999999 055 52131811299999999999999
 70 29 24 61129206277328347329284226168121101118166226282320330303245171181221AH 8 0347194733199999999999999 137 2114 410199999999999999
 96 33 -3  6 61144232307356366336280214152106 94123183249304336335293223181222AH 844368202834099999999999999 219 -51448 9399999999999999
141 63  2-24  1 72166259334376374332268199136 95 94137203270321345331277181223AH 927381211034699999999999999 3 2-241531 8999999999999999
198114 37-19-32  9 92191282352384370319251182123 91102154223285330345319181224AH1012385215434599999999999999 346-341616 8999999999999999
257176 93 21-26-25 29118215300360380356300233168115 93115171236293329335181225AH1056380224033799999999999999 430-3217 1 9399999999999999
302237158 81 17-18 -4 57145234310358367336280217157112100128183241290319181226AH1142369232932399999999999999 515-191748 9999999999999999
318282220149 81 27  4 27 89169247311347347313260203151114109138186237278181227AH1229352999999999999999999999 6 1  4183810799999999999999
302298264209149 92 49 36 62119187253304330324291245195149119116141181223181228AH 023304131933299999999999999 650 36193511499999999999999
259281278251208160114 81 73 96142198251291310303275235191150122117135166181229AH 124283141331199999999999999 745 72204211699999999999999
204238261264247217179142115107122156200243277293288265230189150120110120181230AH 240265151629499999999999999 85110622 011099999999999999
146182219247260254234204171144131137161197235266283282262229187145110 94181231AH 41226016262859999999999999910121302315 9399999999999999
