-11 -5 12 36 73113139142135125111 93 83 88100109121136143128100 71 43 1018 1 1AM 640143175114399999999999999 0 5-1112 7 8399999999999999
-18-25-13  9 41 85128151149138125108 88 82 91104114127143145124 92 61 3018 1 2AM 722153183614799999999999999 048-251252 8299999999999999
 -4-29-30-13 13 49 97140156148135121101 84 82 94107117132146142116 84 5418 1 3AM 8 5156192214899999999999999 133-321336 8099999999999999
 23-10-30-25 -5 22 61109145153142129114 96 81 84 97107116131142133106 7618 1 4AM 84715320 814299999999999999 217-311421 8099999999999999
 50 20 -8-21-12  9 35 73116143144132121109 92 82 87 97104111125131119 9418 1 5AM 931146205513199999999999999 3 2-2115 8 8299999999999999
 71 49 24  2 -3  8 26 50 84118135132123115104 91 85 89 94 9610211311610418 1 6AM1017136214311699999999999999 346 -416 2 8599999999999999
 85 68 52 34 20 20 30 45 65 92117126122116110101 90 85 86 86 86 90 98 9918 1 7AM11 5126223710099999999999999 430 181715 8599999999999999
 90 78 69 59 48 41 43 51 62 78 97113117114110106 98 88 82 78 75 73 77 8318 1 8AM11561172348 8599999999999999 514 402053 7399999999999999
 84 81 77 73 69 64 61 64 70 78 88100109111109106101 93 83 74 68 63 61 6418 1 9AM1252112999999999999999999999 557 612151 6199999999999999
 70 75 78 79 80 80 79 79 81 85 90 95102107108106101 95 86 75 63 55 50 5018 110AM 437 80134910899999999999999 641 792235 5099999999999999
 55 63 73 80 85 89 92 92 92 93 95 97100103106106103 96 87 76 63 51 42 4018 111AM143910799999999999999999999923 2 40999999999999999999999
 42 49 62 77 88 94 99101101100 99100102102104106106100 90 78 65 50 37 3018 112AM 731102152510799999999999999 950 992324 3099999999999999
 31 37 49 67 86 99104107108105101100102103104106108106 96 82 69 53 36 2418 113AM 74710816 91089999999999999910501002351 2099999999999999
 20 25 36 55 78 99111113112109103 98 98102104106109111105 91 74 58 40 2218 114AM 7 01131651111999999999999991131 97999999999999999999999
 12 13 24 41 65 93113120118113106 97 92 95102106110115114103 84 65 46 2618 115AM 7 5120173011699999999999999 021 1112 6 9299999999999999
  9  4 12 28 51 81109125125117109 98 88 87 94103109115120115 98 76 55 3318 116AM 72812618 712099999999999999 052  41237 8699999999999999
 12  0  2 15 36 65 98123130124113101 88 81 85 96105113121124112 89 65 4418 117AM 754130184312499999999999999 121 -113 8 8099999999999999
 21  2 -3  6 24 49 82114131129118106 92 79 76 86 98108117125122103 78 5518 118AM 821132191912699999999999999 150 -41341 7699999999999999
 33 11 -2  1 16 36 65 99125132124111 98 83 73 76 88100109120125115 92 6718 119AM 850132195712599999999999999 219 -31416 7399999999999999
 46 25  7  1 11 29 51 80112129127116105 91 77 72 78 90 98108118120104 8018 120AM 921131203712199999999999999 249  11456 7299999999999999
 59 40 22  9 12 26 43 65 94119127120109 99 86 74 72 79 88 94104113110 9318 121AM 956127212011499999999999999 321  81541 7199999999999999
 71 54 40 25 19 27 41 57 78103120121112103 94 83 73 71 77 82 88 97104 9918 122AM103312322 910499999999999999 356 191636 7199999999999999
 83 67 55 44 35 34 44 57 71 88107117114105 98 90 79 69 67 70 74 79 88 9418 123AM111411723 8 9499999999999999 434 331745 6799999999999999
 90 78 68 61 54 49 51 61 71 82 95107112108 99 92 84 73 63 60 60 63 69 7818 124AM1158112999999999999999999999 516 491911 5999999999999999
 85 85 79 74 71 68 66 68 75 83 90 98106108103 94 87 77 65 54 48 48 51 5818 125AM 025 86124410899999999999999 6 7 662031 4899999999999999
 69 80 85 85 85 85 84 81 82 87 92 96100105106100 91 81 69 54 41 34 34 3818 126AM 340 85133710699999999999999 719 812134 3399999999999999
 47 62 79 90 96 98 99 97 93 91 93 96 98102106107100 89 75 60 42 26 18 1818 127AM 557 99143910799999999999999 855 912226 1799999999999999
 25 39 60 84101110112111107 99 94 95 98100104110112104 88 70 51 29 10  018 128AM 6181121546112999999999999991022 942313  099999999999999
  3 15 34 62 94116124123119110 98 90 92 97102108117121110 88 65 42 16 -818 129AM 6141241648121999999999999991118 902357-1699999999999999
-16 -8  9 34 71109132135129120107 90 82 88 97103113127131114 87 61 33  218 130AM 63913517411329999999999999912 2 82999999999999999999999
-23-26-12  9 41 85126144139128116 97 78 74 85 96105121138138115 84 56 2518 131AM 711144183014199999999999999 039-271243 7399999999999999
-10-31-28 -9 16 54102140148136122107 84 67 69 83 95107128145139110 79 5118 2 1AM 746148191614699999999999999 120-331323 6599999999999999
 18-16-29-19  2 29 70118146143128113 95 72 59 67 82 93108131144131101 7418 2 2AM 82314820 114499999999999999 2 0-2914 5 5999999999999999
 47 15-12-17 -2 19 47 88128143133117103 84 64 58 68 80 90107128134117 9118 2 3AM 9 0143204513599999999999999 240-181448 5799999999999999
 69 45 18  1  5 20 39 66102129133120106 93 76 61 59 68 76 8510111811710118 2 4AM 938134212912099999999999999 318  01534 5899999999999999
 82 66 48 29 23 30 44 59 83109124120108 97 86 71 61 61 66 70 78 92102 9918 2 5AM1015124221710399999999999999 355 231628 6099999999999999
 87 76 67 55 46 47 55 65 78 94110115108 98 90 80 69 62 60 61 63 70 80 8618 2 6AM10501152315 8699999999999999 429 451754 6099999999999999
 84 79 75 71 67 65 69 75 83 91100106105 99 91 84 76 67 60 56 54 55 60 6818 2 7AM1120107999999999999999999999 453 652013 5499999999999999
 73 75 76 78 80 81 83 86 90 94 98101101 98 92 86 80 72 63 55 49 46 47 5118 2 8AM11321029999999999999999999992121 46999999999999999999999
 58 66 73 80 86 90 93 96 98 99100100 99 96 93 89 83 76 67 58 49 41 38 3918 2 9AM10491009999999999999999999992214 37999999999999999999999
 45 54 65 78 88 95100102103103101101 99 97 93 91 88 82 72 62 52 41 32 2918 210AM 8 51039999999999999999999992256 29999999999999999999999
 33 41 54 70 87 99105106107105101 98 98 97 95 93 93 89 80 68 57 45 31 2218 211AM 7481079999999999999999999992332 21999999999999999999999
 22 29 41 59 81100110111109106100 95 93 95 96 95 97 98 91 78 64 50 35 2018 212AM 6411111644 98999999999999991142 93999999999999999999999
 13 18 29 46 70 96113117113108100 91 86 89 94 96 99104103 92 74 58 42 2318 213AM 648117172610599999999999999 0 5 1312 3 8699999999999999
  9  8 18 34 57 87112122118111101 89 79 79 87 94100108114107 89 69 51 3018 214AM 7 712218 211499999999999999 035  71227 7899999999999999
 10  2  8 23 43 73105124124115104 89 74 69 76 87 96107119121105 82 61 4018 215AM 728126183712299999999999999 1 1  21254 6999999999999999
 17  1  2 14 33 59 93122130121108 93 75 61 63 76 88100116128122 99 74 5318 216AM 751130191312999999999999999 127 -11323 6099999999999999
 29  6 -1  9 25 47 78113132127113 98 81 61 53 62 77 90106125132117 90 6618 217AM 816132195013299999999999999 153 -11357 5399999999999999
 44 20  3  6 21 40 64 97126132119103 88 68 51 50 63 77 91110129128106 8118 218AM 844133202913199999999999999 222  21434 4899999999999999
 60 38 17 10 20 38 56 81112130125108 93 77 58 46 50 63 75 90111125118 9618 219AM 915131211112699999999999999 253 101516 4599999999999999
 74 57 38 24 25 38 55 72 96119126114 97 84 69 52 44 49 60 72 8810711610618 220AM 949126215811699999999999999 328 2216 3 4499999999999999
 87 72 59 46 39 44 57 71 86104118116102 88 76 62 49 43 47 56 66 82 9810418 221AM1024119225410499999999999999 4 5 3917 0 4399999999999999
 96 84 74 67 60 58 64 75 85 95106111106 92 80 70 58 46 40 43 49 59 72 8718 222AM11 1111999999999999999999999 446 5718 9 4099999999999999
 93 90 85 82 80 77 77 82 89 94 99103104 97 85 75 66 54 43 36 36 41 49 6118 223AM 0 7 93113810599999999999999 534 761926 3599999999999999
 76 86 89 91 93 94 93 92 95 98 99 99 99 98 92 83 73 63 51 38 30 28 31 3818 224AM 459 941110 9999999999999999 648 922052 2799999999999999
 51 68 84 94101106107105102100 99 98 97 97 97 93 86 75 63 48 33 21 16 1918 225AM 55510799999999999999999999922 7 16999999999999999999999
 28 44 65 88105113116116111103 97 95 95 95 96100101 93 78 63 46 27 10  418 226AM 6211161537101999999999999991257 9523 0  499999999999999
  9 22 41 69 99118124122118109 96 87 88 91 93100110113102 82 63 42 17 -218 227AM 6 61241645114999999999999991122 872343 -799999999999999
 -6  4 20 44 80115132130123114 98 81 74 81 88 94107124126108 84 62 37  618 228AM 6191321737128999999999999991154 74999999999999999999999
-13-10  4 24 55 98132139129118104 82 63 63 75 85 96118138135110 84 60 2918 3 1AM 646140182314099999999999999 022-141229 6099999999999999
 -3-16 -6 12 35 73118144139123108 89 62 48 56 71 83101130147136107 82 5618 3 2AM 71814519 614799999999999999 1 0-1613 6 4899999999999999
 22 -6 -9  6 25 52 94134146131112 95 71 46 40 53 69 83107137146128101 7818 3 3AM 751146194814799999999999999 137-111345 3999999999999999
 51 20  2  7 25 43 72112140138118100 81 56 37 39 53 67 83111136136115 9318 3 4AM 825143203013999999999999999 213  11425 3599999999999999
 74 49 25 19 30 46 64 92123135124104 88 69 47 36 41 53 65 8411012612010218 3 5AM 858135211312699999999999999 248 1815 7 3699999999999999
 86 71 52 39 42 54 67 83106124123108 91 77 60 44 39 44 53 64 8310311010318 3 6AM 929126215811099999999999999 321 381554 3999999999999999
 92 82 72 62 58 65 74 84 97111116108 94 81 69 56 45 43 46 52 63 78 91 9518 3 7AM 9551162252 9599999999999999 349 581650 4399999999999999
 91 86 83 78 75 77 84 90 97103108105 95 84 74 64 55 48 45 46 51 60 71 8018 3 8AM10 9108999999999999999999999 4 8 7518 8 4599999999999999
 84 85 86 87 88 89 93 97100102103101 94 86 78 71 63 55 49 45 45 48 55 6418 3 9AM 9591039999999999999999999991944 45999999999999999999999
 72 79 85 91 95 98100102103103101 99 94 87 81 76 70 62 55 49 44 42 43 5018 310AM 8 110399999999999999999999921 9 42999999999999999999999
 59 68 79 91100104105106106103100 97 93 88 83 80 77 71 62 55 48 41 37 3918 311AM 7181079999999999999999999992214 36999999999999999999999
 46 56 69 85100108110110108103 97 93 92 89 85 84 84 81 72 62 54 45 35 3118 312AM 55911099999999999999999999923 1 31999999999999999999999
 35 44 57 75 95110115113109104 95 88 87 88 87 87 90 91 84 73 62 51 38 2818 313AM 6 21151640 92999999999999991427 862338 2599999999999999
 26 33 45 63 86108119117112104 93 82 79 82 85 88 95101 98 86 72 60 45 2918 314AM 6181191717101999999999999991154 79999999999999999999999
 21 25 35 51 75103120122115106 93 77 69 72 80 86 96108113103 86 70 54 3418 315AM 635123175011399999999999999 0 8 211211 6999999999999999
 19 18 28 42 63 94120127119108 94 75 60 59 69 79 91108123121103 83 65 4418 316AM 652127182412599999999999999 032 171234 5799999999999999
 22 14 22 36 53 82115132127112 97 78 56 45 53 67 81100124136124100 79 5818 317AM 713132185913699999999999999 056 1413 2 4599999999999999
 33 15 17 31 48 70103132135119101 83 59 38 36 51 67 85112137140120 95 7418 318AM 737137193614399999999999999 123 131335 3499999999999999
 50 25 17 28 45 63 90122139129107 88 67 41 26 33 50 68 91122143137113 9018 319AM 8 5139201614499999999999999 153 171411 2699999999999999
 69 45 27 28 44 61 80107133136117 94 75 52 30 22 33 50 69 9612614012810518 320AM 836138205914099999999999999 226 251452 2299999999999999
 86 68 48 39 46 62 77 95118132124102 81 63 42 25 22 34 49 69 9712212911718 321AM 9 9132214813099999999999999 3 2 391538 2199999999999999
100 86 72 60 57 67 80 91105119123109 89 71 55 38 25 25 34 48 68 9211211618 322AM 942124224511799999999999999 341 561631 2399999999999999
108 98 90 83 76 77 85 94100108113110 96 79 65 52 38 28 27 34 46 63 83 9918 323AM1013114999999999999999999999 424 761735 2699999999999999
105103100 99 96 94 95 99102104104104 99 87 74 64 53 41 32 29 33 42 55 7218 324AM 0 4105102910599999999999999 519 941849 2999999999999999
 88 98102106109109107106106104101 98 96 92 84 75 66 57 45 34 29 30 37 4818 325AM 4371099999999999999999999992018 29999999999999999999999
 63 81 96107114118118114109104100 95 92 91 91 88 81 72 61 49 36 27 25 3118 326AM 5301189999999999999999999992142 25999999999999999999999
 42 59 80101116122123120113102 95 91 89 87 91 97 98 91 79 66 51 35 22 2018 327AM 5511231542 99999999999999991252 872238 2099999999999999
 28 40 59 87113125126123116103 88 80 81 83 85 96109112100 84 70 52 30 1618 328AM 5311271640113999999999999991119 802320 1599999999999999
 18 29 43 67101127132125117106 86 68 66 72 78 87107125124107 89 73 49 2318 329AM 5471331728128999999999999991140 652358 1399999999999999
 13 21 34 51 82119139133120108 89 64 49 54 66 75 93121140132110 92 72 4318 330AM 6141391811140999999999999991212 49999999999999999999999
 19 17 30 44 65101136143128110 94 69 43 35 47 61 76103135147132110 91 6818 331AM 644144185314799999999999999 034 151247 3599999999999999
 38 21 28 43 58 84121145139117 98 77 48 27 29 44 59 80114143146127107 8818 4 1AM 716146193414899999999999999 110 211325 2599999999999999
 63 38 32 45 59 76104134143127103 84 60 34 21 29 44 61 8712114213711810218 4 2AM 748144201614399999999999999 144 3214 3 2199999999999999
 84 61 46 50 63 76 94119136132111 89 70 47 27 22 32 47 65 9412313312511018 4 3AM 818138205813399999999999999 217 461443 2299999999999999
 97 81 66 61 69 81 92108124128115 95 77 59 39 27 28 37 51 71 9711712111318 4 4AM 844129214412199999999999999 249 611526 2699999999999999
104 94 84 77 78 87 95104114120114 99 82 67 52 39 32 34 42 55 74 9510810918 4 5AM 9 4120224111099999999999999 317 761613 3299999999999999
106101 96 91 89 93 99104109112110100 86 73 62 51 42 38 40 47 59 75 90 9918 4 6AM 911112999999999999999999999 343 8917 7 3899999999999999
102103102101100101103106107107105 98 88 78 69 61 52 46 43 44 50 59 72 8418 4 7AM 123103 84410799999999999999 4 81001811 4399999999999999
 92 99104107108108108108106104101 96 89 81 75 70 63 56 50 48 48 51 58 6918 4 8AM 5121089999999999999999999991937 47999999999999999999999
 80 90100109114114112110107102 97 93 89 83 79 77 73 67 60 55 51 48 50 5618 4 9AM 4311149999999999999999999992116 48999999999999999999999
 67 78 91105115119116113107100 93 89 87 84 82 82 82 78 70 63 58 51 47 4818 410AM 4571199999999999999999999992219 46999999999999999999999
 56 67 81 98113121120115108 99 89 83 82 82 83 87 91 90 83 74 66 58 48 4418 411AM 5211221622 91999999999999991151 8223 1 4499999999999999
 48 57 70 88108121123118110 98 85 75 74 77 81 89 98103 97 87 77 66 53 4418 412AM 5391241657103999999999999991138 742331 4299999999999999
 43 50 61 78101121127121111 99 81 67 63 68 75 85100114114103 90 78 62 4618 413AM 5531271731116999999999999991149 632355 4099999999999999
 40 46 56 69 92118131126113100 81 60 48 53 64 76 94118131123106 91 75 5418 414AM 6 913118 6131999999999999991210 48999999999999999999999
 39 41 53 65 83112134135119102 84 59 37 34 47 62 80109137143127107 90 6818 415AM 631138184314499999999999999 021 381239 3399999999999999
 45 38 48 63 77101131144131108 88 64 36 19 25 43 62 89126151147126106 8718 416AM 658144192215399999999999999 051 381312 1999999999999999
 62 43 45 60 75 93120144143120 94 72 45 18  9 22 42 6510013815614512310518 417AM 72814720 415699999999999999 125 411350  999999999999999
 84 60 49 58 75 89108133146133105 81 57 29  8  7 22 43 7010814215213812018 418AM 8 1146205015299999999999999 2 1 491432  599999999999999
104 84 67 64 76 90102119136137118 91 69 46 22  7 10 25 46 7411013714213018 419AM 834140214114399999999999999 240 631519  699999999999999
117105 91 80 82 92102111122130123103 80 61 42 22 12 16 29 49 7510512613018 420AM 9 7130224413099999999999999 322 791613 1299999999999999
123116109101 96 98105109113117118108 91 74 59 44 29 21 23 34 50 72 9611418 421AM 937118999999999999999999999 413 961715 2099999999999999
120119118117113110109111111108107105 97 85 73 62 51 38 30 31 38 50 68 8718 422AM 014120 72111199999999999999 5311091826 2999999999999999
104114119122124121117113110105100 97 95 92 85 78 69 59 48 39 37 41 50 6418 423AM 3571249999999999999999999991949 37999999999999999999999
 82100114122126128124117109102 95 90 89 91 93 92 86 78 68 57 46 41 43 5118 424AM 4461281411 93999999999999991154 892111 4199999999999999
 63 81102118127128126120109 96 88 84 82 84 92101102 95 86 76 64 50 43 4618 425AM 4531281537102999999999999991212 8222 9 4399999999999999
 54 66 85109126130126120110 93 78 73 74 76 83 99113113103 93 83 67 51 4618 426AM 4481301631115999999999999991112 732252 4699999999999999
 52 60 73 96122134130120110 94 73 59 60 65 72 87111126123110100 87 67 5118 427AM 5 91341716127999999999999991124 582330 4899999999999999
 50 59 69 84111135138125111 96 74 51 43 50 59 72 96125138128115104 87 6418 428AM 5381401759138999999999999991154 43999999999999999999999
 52 58 69 79 98127144136116 99 79 52 32 32 44 57 76109138144130117104 8318 429AM 6 9144184114599999999999999 0 6 521229 2999999999999999
 62 59 69 80 92115139144127104 85 61 34 21 27 42 59 8612314614412911610018 430AM 641146192314899999999999999 041 5813 6 2099999999999999
 79 65 69 82 92107129144137114 91 70 44 22 17 28 44 65 9813214613912611318 5 1AM 71214420 514699999999999999 116 651345 1699999999999999
 96 79 74 82 94104119136139123 99 78 56 33 18 20 32 50 7610913414113212118 5 2AM 740140204914199999999999999 149 731424 1799999999999999
108 94 84 85 95105114126133126107 86 67 47 29 22 26 39 58 8511413113312618 5 3AM 8 4133213713499999999999999 222 8315 5 2299999999999999
117106 96 93 97105112119125123111 93 75 59 43 31 28 34 47 67 9111312412518 5 4AM 821126223412699999999999999 255 931547 2899999999999999
121115107102102106111115118117110 97 82 69 56 44 37 37 43 55 73 9311011818 5 5AM 828118999999999999999999999 3321011634 3699999999999999
120119116112109109111112112111107 98 87 76 67 58 49 44 45 51 61 76 9310618 5 6AM 0 0120 73811299999999999999 4281091723 4499999999999999
114118120120117114112111108105102 97 90 82 75 69 62 55 52 53 57 65 77 9118 5 7AM 2201209999999999999999999991817 52999999999999999999999
103112119123123120115111106100 96 93 90 86 82 79 74 67 62 59 59 61 68 7818 5 8AM 3291249999999999999999999991933 59999999999999999999999
 91103114123127125119112104 96 91 88 87 87 87 87 85 80 73 68 65 63 64 7018 5 9AM 4 91279999999999999999999992111 63999999999999999999999
 80 93106119126127122113103 93 84 81 81 84 89 94 95 92 86 80 74 68 65 6718 510AM 4361281550 95999999999999991122 8122 5 6599999999999999
 74 84 98113125128124115103 89 77 72 73 77 86 97106106100 92 85 76 68 6618 511AM 4501281631107999999999999991115 722240 6699999999999999
 71 79 90107124131126116104 87 69 59 60 67 76 93111121117107 98 88 74 6618 512AM 5 213117 9121999999999999991121 592312 6699999999999999
 69 77 86100121135133119105 88 65 47 43 51 63 80106130136126114102 86 7018 513AM 5211361748136999999999999991144 422345 6599999999999999
 65 74 85 96114136143129109 90 67 41 26 30 44 62 88123147147133118103 8218 514AM 5481431828150999999999999991215 25999999999999999999999
 67 69 82 94108130148144121 97 74 46 18 10 21 40 6410114016015313612010118 515AM 620150191116099999999999999 021 651252 1099999999999999
 79 68 77 92104121144154138110 83 57 26  3  1 18 40 7011315216415313612018 516AM 654154195616499999999999999 1 0 681333 -199999999999999
 99 80 76 89103115132150150127 97 71 43 14 -4  0 19 43 7812215416114913418 517AM 730153204416299999999999999 140 751417 -599999999999999
119100 87 88101112123137147139114 86 62 36 11 -1  6 23 49 8412314915314318 518AM 8 8148213815499999999999999 223 8515 7 -199999999999999
132120106 98101111118125134137126102 79 59 37 16  8 15 31 55 8611914014318 519AM 847138224114399999999999999 311 9716 1  899999999999999
137131123114109111116119121124124113 94 77 61 44 27 21 27 40 60 8611313018 520AM 929125999999999999999999999 41010917 0 2199999999999999
134133131128121116115115113111112111103 91 79 68 54 41 35 39 49 64 8510718 521AM 0 1134102411299999999999999 9 611118 4 3599999999999999
123129132133131124117112108102 99100102 99 93 86 77 66 55 50 51 58 69 8518 522AM 3 113312 1102999999999999991014 991917 4999999999999999
104120128132133130122111103 96 90 88 91 97100 98 93 87 78 69 62 62 67 7518 523AM 34513314 5100999999999999991055 882033 6199999999999999
 89106122130132129124113 99 88 82 79 80 87 98106106101 96 89 79 71 71 7618 524AM 3451321529107999999999999991123 782134 7099999999999999
 83 94111127133129123114100 83 71 68 69 74 86104115114109105 98 86 78 7918 525AM 4 113316241169999999999999911 6 682220 7799999999999999
 85 91102120134133124113101 82 64 56 57 62 72 92114125122116112103 89 8318 526AM 4281351711125999999999999991112 5523 0 8399999999999999
 87 94100112130139131116102 86 63 46 43 49 58 75102127134128122116103 9018 527AM 5 01391754134999999999999991141 422338 8799999999999999
 88 95102109123139140125106 89 69 45 32 35 45 59 8311613814113312611610018 528AM 5331421837142999999999999991216 31999999999999999999999
 90 93102110119134144136115 95 76 52 30 23 31 45 65 9612914614413412511218 529AM 6 6144191814799999999999999 015 891253 2399999999999999
 97 92 99109117128141143127104 83 62 38 21 21 32 50 7611113914914313312118 530AM 63714420 014999999999999999 051 921331 1999999999999999
107 96 96106116124135142135116 93 71 50 29 19 24 38 60 8912214414713912818 531AM 7 6142204214899999999999999 126 951410 1999999999999999
116104 98103113121129136137124103 82 62 42 27 23 31 47 7110112914314313518 6 1AM 732138212614499999999999999 2 2 981448 2399999999999999
124113105103109117124130132127111 91 73 56 40 30 31 41 58 8210913013913718 6 2AM 755132221413999999999999999 2391031527 2999999999999999
130122114108109114119123125124115100 83 69 55 43 37 41 51 68 9011212913418 6 3AM 81812523 913499999999999999 32310716 7 3799999999999999
133128123116112112115117117117114104 91 79 68 57 49 46 51 61 76 9511412618 6 4AM 835117999999999999999999999 4211121649 4699999999999999
130130129124118114113112110109108105 97 87 79 71 63 57 56 62 70 82 9811418 6 5AM 0291319999999999999999999991733 56999999999999999999999
124129130130125118112108104101100100 99 94 88 82 77 70 66 66 71 78 8810218 6 6AM 2221319999999999999999999991822 65999999999999999999999
115124129131129123114106 99 94 91 92 95 97 95 92 89 84 78 75 75 79 84 9318 6 7AM 3111311259 97999999999999991017 911924 7499999999999999
105117126130130126117105 94 87 83 82 87 93 99102100 97 92 87 83 82 85 9118 6 8AM 33113015 0102999999999999991034 822039 8299999999999999
 99110122130131126118106 91 79 72 71 75 84 96108112110106101 94 88 87 9118 6 9AM 33913116 4112999999999999991037 712140 8799999999999999
 98105117129134129119107 91 73 60 56 61 69 85105121126122116109 99 90 9118 610AM 4 11341652126999999999999991050 562229 8999999999999999
 97104113125138138126110 93 73 51 39 42 52 66 90118138140132124114100 9118 611AM 4321401737141999999999999991119 392314 9099999999999999
 94103111121137147140120 99 78 52 29 21 29 45 67100135153151141130115 9818 612AM 5 81471821154999999999999991155 212357 9199999999999999
 91 98110119132148153138112 87 62 32 10  7 21 42 7111215016515814513211318 613AM 54715419 5165999999999999991237  6999999999999999999999
 96 92103116127142157156133103 76 47 16 -3  0 18 43 7912516017016014613118 614AM 628159195117099999999999999 041 911321 -499999999999999
111 96 97110122133149160153125 95 67 37  7 -7  0 21 49 8813416416815714318 615AM 711161203917099999999999999 125 9414 7 -799999999999999
128110 99103116127136150157144116 88 62 33  7 -2  8 28 57 9613716116115118 616AM 755157212916499999999999999 211 981456 -299999999999999
140127112104110120127134145148133108 84 62 37 15 10 21 40 6610113615415218 617AM 843149222215599999999999999 3 11041547 1099999999999999
144137127115110114119122126135135122102 84 67 46 30 27 37 52 7510513214518 618AM 935137232114699999999999999 3591101640 2799999999999999
144139135127117112113113112115122122113100 88 75 60 48 47 54 66 8410712818 619AM 637113103512399999999999999 516112 7561121736 469999999
138138136133126117109106102100103109112108101 94 86 75 67 66 71 79 9211018 620AM 031139115311299999999999999 9 41001837 6599999999999999
126134135133130122111102 95 90 88 91 99105107105102 97 90 84 82 86 9210118 621AM 147135134610799999999999999 955 881945 8299999999999999
113126132133130124115102 90 81 77 77 82 93104110110110108103 97 96 9810318 622AM 2331331546110999999999999991033 772052 9699999999999999
109118128133131124116104 89 75 68 66 69 77 9210811611811811711310710510818 623AM 3 91331811118999999999999991051 66214710599999999999999
112116123132134127116106 92 74 61 56 58 64 77 9711612412512512411811111118 624AM 34413418201259999999999999911 6 56223411099999999999999
115118121129136134122108 95 78 59 47 46 52 63 8210712713413313112711811218 625AM 4211361811134999999999999991134 46231611299999999999999
114119123127134139132116 99 83 64 45 37 40 51 67 9212113914213813312511518 626AM 45813918441429999999999999912 8 37235611199999999999999
111115123127132140141128108 90 71 50 33 30 38 54 7610613514814613913112018 627AM 5351421918149999999999999991244 29999999999999999999999
110109117125131138144139122100 80 59 38 26 28 41 61 8912114615314613612518 628AM 611144195315399999999999999 0341081320 2599999999999999
113106110120128135142145134113 90 70 49 31 24 32 49 7210313415215214213118 629AM 645145202915499999999999999 1101061356 2499999999999999
119108105112123131138144141125102 81 61 42 28 28 40 60 8511614315314813718 630AM 71814421 515399999999999999 1461051430 2799999999999999
126114106107116125132138141133114 93 74 56 39 32 37 52 72 9812614614914218 7 1AM 752141214215099999999999999 22310515 4 3299999999999999
132122112106110118124129135135123104 86 70 54 42 40 49 64 8310813214414318 7 2AM 830136222214599999999999999 3 41061538 4099999999999999
137130120111108112117120124129126113 96 82 70 57 49 52 62 76 9411613414118 7 3AM 91412923 514199999999999999 3531081614 4999999999999999
138134128120111108110112113117121117105 92 83 73 64 60 65 75 8610212113418 7 4AM10 5121235213899999999999999 4571081653 6099999999999999
137135132126118109105104103105109113110101 93 87 80 73 73 78 86 9610912418 7 5AM11 7113999999999999999999999 8 91031737 7299999999999999
133135132129123113103 97 94 93 96102108108103 98 94 89 85 85 90 9710511518 7 6AM 041135122610999999999999999 855 931829 8499999999999999
127133133129124116104 92 85 83 83 88 97106110109107104101 97 9610010611218 7 7AM 12713414 911099999999999999 923 821934 9699999999999999
120129134132125117106 92 79 71 70 73 81 9410911711911811611210610510811318 7 8AM 211134155511999999999999999 946 69204710599999999999999
118125133136131121109 94 77 62 55 56 63 76 9511612813113012712111311011318 7 9AM 2561361659131999999999999991018 54215611099999999999999
119124130138140132116 99 81 60 43 38 43 55 7410012714314514113512511511118 710AM 3431411742145999999999999991058 38225411199999999999999
116123129137146146133111 90 68 43 25 22 32 49 7511014215815614913912611218 711AM 4331481821159999999999999991141 21234310899999999999999
109117126134144155153133106 81 55 27  8 10 25 48 8012215716916315213912118 712AM 52415619 1169999999999999991226  7999999999999999999999
107107118129139152164157132101 74 44 13 -2  4 24 51 9013616917416315013418 713AM 613164194217599999999999999 0291041310 -399999999999999
114101106120132143159169157127 96 68 36  6 -4  7 30 5910214817417215814418 714AM 7 2169202417699999999999999 1141011355 -499999999999999
128108 99107122132144161169152121 93 66 34  8  4 19 41 7111315417116415118 715AM 75016921 617299999999999999 159 981440  299999999999999
138121104 99109120128141158161142115 91 67 38 19 20 35 55 8412315516315418 716AM 838162215016499999999999999 245 981525 1799999999999999
143132117103101109115121134148147130109 92 72 50 38 42 55 72 9712915115318 717AM 928150223615499999999999999 3361001611 3899999999999999
144137128114103101105107112124134132120107 96 81 66 61 66 75 8810913114418 718AM1022135232414599999999999999 4381011658 6199999999999999
143137131123112102 98 97 97101111119119113107102 93 85 83 87 9410311713118 719AM1128120999999999999999999999 745 971747 8399999999999999
138136132126119108 98 91 87 86 90 9910711111111111010710310210510911512318 720AM 014138133611199999999999999 850 86184310299999999999999
130133132127121113102 91 82 77 76 80 8910010811411711911911811711812012318 721AM 1 6134172711999999999999999 941 76195911799999999999999
126130131129123115106 94 81 72 67 68 74 85 9911212012512812912712512512618 722AM 1571311847129999999999999991020 67212912599999999999999
127128130131127119109 98 84 71 61 59 62 71 8510412012913313513413112812718 723AM 2481311922135999999999999991052 59223212799999999999999
129130130131132126115102 89 74 60 51 52 59 72 9111413113913913813512912518 724AM 3411321838139999999999999991125 51231412599999999999999
126130131132134134125110 95 80 64 49 43 48 60 7710212714314614213813112318 725AM 4321351843146999999999999991158 43235012099999999999999
120125130132135139137123104 88 71 52 39 38 49 65 8711714215214814113312318 726AM 51813919 7152999999999999991232 37999999999999999999999
115116124131135140144137118 98 80 61 42 33 39 53 7410113315315514613612518 727AM 559144193515799999999999999 02411413 5 3399999999999999
113108114125132139147148134111 90 71 50 34 32 44 62 8611814715915314112918 728AM 63614920 415999999999999999 0561071336 3199999999999999
115104104115126134144151146126103 82 62 42 33 39 54 7410213415615714613418 729AM 712152203415999999999999999 12910214 6 3299999999999999
121106 99105117127136148152140116 94 75 55 40 38 50 67 8811814615815113918 730AM 74815221 415899999999999999 2 3 991435 3799999999999999
127113100 98107118126137148147129107 88 71 53 44 50 64 8010313115115314318 731AM 826150213615599999999999999 240 9715 6 4499999999999999
132122108 97 98107115123135144138119100 85 70 57 55 65 78 9411513915114618 8 1AM 9 8144221115199999999999999 323 961539 5499999999999999
136127117104 96 98104110119131136128111 98 87 75 67 70 80 9210612514114618 8 2AM 955136224814699999999999999 414 961616 6799999999999999
139130122112100 93 94 98103112124128120108100 93 85 81 86 9510511613014018 8 3AM1050128232914299999999999999 518 931658 8199999999999999
140132124117107 95 88 87 90 95104116121117110106103 98 9710110811512313218 8 4AM12 0121999999999999999999999 635 871748 9699999999999999
138135127119111100 87 79 78 80 86 9610911711811711711611211111411912312718 8 5AM 011138134111899999999999999 749 77185211199999999999999
133135132123114104 92 78 68 66 69 76 8910511812412712912812412112212512718 8 6AM 058135171512999999999999999 853 66201712199999999999999
130133135131122111 98 82 66 56 53 57 67 8410512413514014113813212712512718 8 7AM 153135174614199999999999999 951 53215212599999999999999
129132135138135124108 91 73 54 41 39 46 60 8210913514915215014413512512218 8 8AM 3 41381754152999999999999991043 38225412299999999999999
125130134140146143127106 85 64 41 26 26 38 57 8411915016316115314413011718 8 9AM 4161461816163999999999999991130 24233811499999999999999
115123131137147157152131105 81 54 27 12 17 35 58 9213416517216315213811918 810AM 5151581847172999999999999991213 12999999999999999999999
106108121131141157169160132103 76 45 16  5 17 38 6510515117717416014612818 811AM 6 7169192217999999999999999 0201051255  599999999999999
105 95104119131145167178161129101 73 38 11  8 25 47 7712216518016915213718 812AM 655178195818099999999999999 1 0 951336  699999999999999
115 93 88102117129149173178156125 99 70 36 16 21 40 61 9413817217515814218 813AM 741180203517799999999999999 142 871417 1599999999999999
126103 85 86101113126150171169145119 97 70 43 32 42 59 7911114916916314618 814AM 826174211317099999999999999 225 831457 3299999999999999
132116 95 82 87 99108122145160154133115 98 76 57 55 66 80 9812515216014918 815AM 912161215016099999999999999 311 821537 5499999999999999
135123108 91 84 88 94101116135144137124113101 87 78 81 9010011413414814818 816AM10 2144222715099999999999999 4 4 841616 7899999999999999
137126117104 91 85 86 89 9410712112712411811410910210010310911612513614118 817AM11 212723 114199999999999999 517 85165210099999999999999
136128120112101 91 84 82 82 87 9710811411611811911911811812112412713013418 818AM1527119232413499999999999999 725 82172111899999999999999
133128122115108 98 89 81 76 76 80 89 9910811512212712913013113113113113118 819AM22 1131999999999999999999999 839 75999999999999999999999
130127124119113104 95 85 76 70 70 74 83 9510812012913513713813713513313218 820AM1856138999999999999999999999 937 69999999999999999999999
130127124122118110101 90 80 70 63 64 71 81 9611412913814114214113713313018 821AM18581429999999999999999999991024 63999999999999999999999
130128125125124119108 96 86 74 62 57 60 70 8410312414014514414213813112618 822AM181114599999999999999999999911 4 57232412599999999999999
126128127127129128119105 92 80 66 54 52 59 72 9011413815014914413813012118 823AM 1 9128 42912918221509999999 2411261140 5123461189999999
118123127128131136133119102 88 73 56 46 50 62 7810113015115514814013011818 824AM 5131361844155999999999999991212 46999999999999999999999
110113121127132140144134115 98 82 63 46 43 53 68 8811814615915414313111718 825AM 55114419 715999999999999999 0121091242 4399999999999999
104101111121129140151149132110 92 73 52 41 46 60 7810413615916014813412018 826AM 626152193216299999999999999 03910113 9 4199999999999999
102 92 98111122134150159148125104 84 63 45 43 55 71 9212315316315413912418 827AM 7 0159195616499999999999999 1 9 921335 4199999999999999
106 89 86 98112124141159160142117 97 77 55 45 52 68 8511014116216014412918 828AM 735162202316499999999999999 140 8514 3 4599999999999999
113 93 80 84 99112126147162155132110 91 71 54 53 67 8310112715316215013318 829AM 813162205216299999999999999 215 801433 5299999999999999
119102 84 77 85 98110128149158145123105 89 72 62 69 84 9811513915715513918 830AM 853158212415899999999999999 255 7615 6 6299999999999999
123110 93 78 76 84 95108127146149135118105 92 80 77 8710011212714415214418 831AM 939150215815299999999999999 340 751542 7799999999999999
128115102 87 76 75 82 91104123138138128116109101 94 9510411412213314314318 9 1AM1032140223314599999999999999 435 741624 9499999999999999
133119108 97 84 74 72 77 85 9811512813012512011811411111211912412913413818 9 2AM1141130231013899999999999999 540 72171411199999999999999
135124113103 93 81 71 68 71 78 9010511912512712812912812612612813013113218 9 3AM1610129234813299999999999999 653 68182912599999999999999
132129120110101 90 77 66 62 63 69 81 9711412613313814114013613313213112918 9 4AM1711141999999999999999999999 811 62999999999999999999999
129129127121112101 88 74 61 54 54 60 73 9211313214314915014614013312912718 9 5AM1741150999999999999999999999 929 53999999999999999999999
127128130132128117102 87 70 53 43 44 53 69 9111914315515715414713612412018 9 6AM 256132174115799999999999999 0101271028 4223 41209999999
122125128135142139123104 85 65 44 32 36 49 68 9713115816516015214012311018 9 7AM 4161431755165999999999999991114 32233210899999999999999
109117123131146157150129106 84 58 33 24 34 51 7410914817116915614512710518 9 8AM 5111571821173999999999999991155 24999999999999999999999
 93 99112122137159172158131106 82 50 25 23 39 58 8512716617816514813310918 9 9AM 559172185317899999999999999 0 6 931234 2199999999999999
 85 79 93108122145173180159130106 78 44 25 32 51 7110214617717615613711818 910AM 644181192618199999999999999 043 781312 2599999999999999
 90 69 72 89105123153180179153127104 74 45 36 49 67 8812216117816514312418 911AM 72718320 017899999999999999 122 671349 3599999999999999
102 75 61 70 87102125157177168144123102 75 55 56 71 8710713916716915012918 912AM 811178203417299999999999999 2 3 611426 5299999999999999
111 89 67 61 72 85100126154165153135120102 82 73 80 9310612414816215313418 913AM 85516521 616299999999999999 246 6115 1 7399999999999999
117101 81 66 65 74 84 99123144148139127118107 96 9510311212113514814913718 914AM 943149213515199999999999999 333 641535 9499999999999999
121108 94 79 70 69 74 83 9711613013312812412111611311512112613113714013518 915AM1042133215414099999999999999 430 6916 311399999999999999
123112102 91 80 74 72 74 81 9310811812212412612712712713013213313413413018 916AM2129134999999999999999999999 551 72999999999999999999999
123114107 99 91 82 76 73 74 79 8910011011812513113513613713713613413112718 917AM1833137999999999999999999999 722 73999999999999999999999
122116110106 99 91 83 77 72 71 76 85 9510712013113814214214113813312912518 918AM1753142999999999999999999999 841 71999999999999999999999
121116113111107100 91 84 76 70 68 73 82 9410912613914514514313913212612218 919AM1729145999999999999999999999 945 68999999999999999999999
120117114115115110101 91 83 73 65 65 72 83 9711713614714814514013212211618 920AM 336116173514999999999999999 2121141034 6499999999999999
116116115118122121112101 91 80 68 60 63 73 8610512914715214714013111910918 921AM 426123175215299999999999999 0451151113 6023381079999999
108112115118126131126113100 89 74 61 58 65 77 9311814315515114213211810318 922AM 5 41311813155999999999999991146 572357 9799999999999999
 97102110116126138140128112 98 83 65 55 59 70 8410713515515614513311810018 923AM 5371411833158999999999999991213 55999999999999999999999
 87 89100110122140151145127109 93 74 57 55 65 79 9712515216115113612010018 924AM 610151185316199999999999999 020 861237 5499999999999999
 80 75 86 99113133155160144123105 86 64 54 61 76 9111414516415914112310418 925AM 644161191616599999999999999 047 7513 2 5499999999999999
 80 65 69 84100119146166162140118100 77 59 58 73 8910613316016614912710918 926AM 719168194316799999999999999 117 641331 5699999999999999
 87 63 56 67 84102128157170157133114 95 73 62 71 8810312214916615813511418 927AM 757170201216699999999999999 151 5514 2 6299999999999999
 95 71 53 53 67 84105135161165148127111 93 77 75 8810411713515616014412018 928AM 839167204316199999999999999 230 501437 7399999999999999
101 83 62 49 54 68 84107136157156140125112 98 89 9310511712814215314812818 929AM 925159211415399999999999999 313 491514 8999999999999999
108 92 75 58 50 56 68 8410613214714513412511811010611112012713314114313318 930AM1020148214514399999999999999 4 4 50155710699999999999999
116 99 86 73 59 53 57 67 811011231351361321301281241221251301321331341311810 1AM113413722 513499999999999999 5 5 53165412299999999999999
122108 96 86 74 62 56 58 65 77 941121261321351371391371341341331311271251810 2AM1556139999999999999999999999 617 56999999999999999999999
122116106 97 88 78 66 58 57 61 71 861041211331411461481451391341291251201810 3AM1651148999999999999999999999 739 56999999999999999999999
118118116111103 93 81 68 58 54 56 66 801011221391491521511451361261201161810 4AM1716153999999999999999999999 9 4 54999999999999999999999
114115119123121111 98 85 69 55 49 53 63 791031291491561541491391241111061810 5AM 310123171015699999999999999 01611410 7 4923 81069999999
107109115127136133118103 88 68 50 45 52 65 83112143160159150141125104 921810 6AM 4141371723161999999999999991052 452320 9199999999999999
 93100107120141152143124108 89 65 45 44 57 71 93127158167156142127105 811810 7AM 5 41521749167999999999999991132 422350 7499999999999999
 74 83 94106129156165149128110 88 59 44 51 66 82108146170166147129110 811810 8AM 54816518201729999999999999912 9 44999999999999999999999
 60 61 76 90109142170171150129110 84 57 50 63 79 96127162174158134114 891810 9AM 632174185217599999999999999 026 581245 4999999999999999
 60 46 55 72 89116153176169147128108 80 61 64 80 94114145170168144120 98181010AM 714177192517399999999999999 1 3 451321 5999999999999999
 71 45 40 54 71 91124159173160141125105 82 73 83 97110130156167153127105181011AM 757173195616799999999999999 143 391356 7399999999999999
 83 58 40 42 56 72 96129157162149135122105 91 91102113125141156153134112181012AM 841163202415799999999999999 223 391430 8999999999999999
 93 73 53 43 48 60 76101130148148139130121110104109118126134143146136117181013AM 930150204614699999999999999 3 7 4315 110499999999999999
 99 84 68 55 50 55 65 81103125136137132128123119119123129132135137132119181014AM1030137204913799999999999999 355 50153011899999999999999
104 92 80 69 60 58 61 70 84102117126129130130129129130132132132130126118181015AM133413019 113299999999999999 453 58155612999999999999999
107 97 89 80 72 66 64 66 73 85 98111120127132135136136135133130126121115181016AM16 0136999999999999999999999 6 2 64999999999999999999999
107101 95 90 84 77 72 69 69 74 84 95107119129137141140138134128122116111181017AM1620141999999999999999999999 724 69999999999999999999999
106102100 98 94 88 81 76 72 70 74 83 94107122135143144141135128119111107181018AM1638144999999999999999999999 851 70999999999999999999999
104102102104104 98 91 85 79 73 70 74 83 96111128142146143136128116106100181019AM 327104165814699999999999999 130102 955 7023501009999999
100100102108112110102 95 87 79 71 70 76 86100119138147145138128114100 92181020AM 4141121718148999999999999991039 692331 9199999999999999
 92 95100108118121115106 97 87 75 69 71 80 92109131146148140128114 96 83181021AM 4491221735149999999999999991112 692341 8099999999999999
 81 86 94105121132130119108 97 83 71 69 76 87101124145151143129114 94 75181022AM 5211331752151999999999999991137 682359 6799999999999999
 67 73 83 96116137144135121108 93 75 67 73 84 96116141155149133116 95 71181023AM 55314518111569999999999999912 2 67999999999999999999999
 54 56 68 83104132154153137121106 86 69 69 81 94110133156159141119 99 73181024AM 628156183616199999999999999 024 531230 6799999999999999
 48 39 49 66 86116149165156136119101 79 68 77 93107125150164153127103 80181025AM 7 516519 416499999999999999 055 3913 1 6899999999999999
 52 31 31 47 67 92129162169153134117 96 78 76 90106119139159161140112 88181026AM 745170193516499999999999999 130 281336 7499999999999999
 63 36 22 29 47 69100139165165148131115 96 84 89104118130147159150124 97181027AM 82816820 715999999999999999 2 9 221413 8499999999999999
 75 51 29 21 31 50 73106141160156142129117103 97105117127136147149134109181028AM 917161204015099999999999999 253 211454 9799999999999999
 86 67 47 30 26 36 53 76107136150147138130122114112119126131134138134118181029AM101515021 913899999999999999 343 26154211299999999999999
 98 80 65 49 36 34 42 57 77103126139139136134131127125127129128127125120181030AM113214019 612999999999999999 442 33165212599999999999999
108 93 80 69 56 46 42 48 59 75 96117130136138140139135131129125120115113181031AM1521140999999999999999999999 550 42999999999999999999999
110103 94 86 77 66 55 50 53 60 73 911101261361421451431371291221151081041811 1AM1615145999999999999999999999 7 7 50232710499999999999999
104106105101 94 86 75 63 56 56 62 73 89109128140145146141132119108101 971811 2AM 118106163414699999999999999 832 552343 9599999999999999
 96100109113111103 94 83 70 60 59 65 75 92114135146146141133119101 90 861811 3AM 3 8114162814799999999999999 938 582320 8699999999999999
 86 90101117125121111102 90 73 62 63 71 81 99124145150142132120 99 79 701811 4AM 4 81261646150999999999999991025 6123 9 7099999999999999
 73 78 88107130138130119109 93 74 64 69 79 90110138154149134120102 76 561811 5AM 45513817141559999999999999911 5 642336 5399999999999999
 54 63 73 90119144148136124112 93 73 69 78 89102125151158143122105 81 531811 6AM 5401491746159999999999999991143 68999999999999999999999
 38 43 56 71 97132156153139127112 90 74 77 90101116141160155132109 87 591811 7AM 623158181816199999999999999 011 381219 7399999999999999
 33 27 38 53 74108145161154139127109 88 79 89102112129152160144117 94 701811 8AM 7 6161185016099999999999999 048 261255 7999999999999999
 42 22 23 37 56 82120152160150136123105 90 89101113124140154150128102 801811 9AM 749160192015599999999999999 127 201330 8799999999999999
 55 31 20 26 41 62 93129152154143132119104 96102113122132143147135111 88181110AM 834155194714899999999999999 2 7 2014 5 9699999999999999
 68 46 29 24 33 49 72102131146145137127117108106113122128134138134117 96181111AM 92214820 513999999999999999 248 24143910699999999999999
 77 60 44 33 33 42 58 81107129139137132125118114116121126129130127118102181112AM101813920 013099999999999999 331 32151611499999999999999
 86 71 58 47 41 43 52 67 87108124131132129126123121122124124123120114104181113AM1135132184712499999999999999 416 41161112199999999999999
 91 80 70 61 53 50 53 61 73 90107119126130131130127125123121117113108102181114AM14 2131999999999999999999999 5 4 50999999999999999999999
 94 86 79 73 66 61 59 61 67 77 91105116125131134133129124119113106101 97181115AM1513134999999999999999999999 557 59999999999999999999999
 93 89 86 83 78 73 68 67 68 72 80 92105116127134136132126118109101 94 91181116AM1551136999999999999999999999 7 6 67999999999999999999999
 90 90 90 90 89 84 79 76 73 73 75 83 94107120130136135128118107 96 87 83181117AM1618136999999999999999999999 846 722323 8399999999999999
 84 87 91 96 98 96 91 86 81 77 76 79 87 98112125134135129119106 91 79 74181118AM 356 98163713699999999999999 947 762321 7499999999999999
 75 79 88 99106107103 97 91 84 79 79 84 93104120133136130120105 87 71 62181119AM 4341081648136999999999999991025 782324 6299999999999999
 63 69 79 96112119116110103 93 83 79 83 91100114131139134121106 87 65 50181120AM 5 611917 4139999999999999991055 792338 4799999999999999
 48 55 66 85110129131124115105 91 80 81 89 98110128143142127108 89 64 40181121AM 5401321728145999999999999991126 79999999999999999999999
 30 36 49 68 96128145141130118104 86 78 85 97107122142151139116 93 69 40181122AM 616145175715199999999999999 0 4 3012 0 7899999999999999
 18 16 29 47 74112145156147133118100 82 80 92106118135153152130102 76 49181123AM 656156183015699999999999999 036 141237 7899999999999999
 19  3  8 26 50 84127157161148132116 96 82 86102115128145157146118 88 61181124AM 73816319 515799999999999999 114  21316 8299999999999999
 32  5 -5  6 27 55 95137161159145130114 96 88 96111123134148152134104 76181125AM 824163194215399999999999999 155 -51357 8899999999999999
 50 23  1 -3 10 32 62102140157153140128114101 98107119126135143140120 92181126AM 914158202114499999999999999 241 -41443 9799999999999999
 68 45 22  5  5 18 40 69105136149145136128118109108115121124128132126107181127AM10 914921 113299999999999999 331  3153610799999999999999
 84 65 47 28 16 17 29 48 73103128139137133129123116114117118116116117112181128AM1115139184611821491179999999 425 14164811420281169999999
 98 82 68 55 40 30 31 40 55 75100121131133133132127120115112108104102104181129AM125113323 810499999999999999 525 29214610299999999999999
102 93 84 75 65 54 45 45 51 62 77 98116127131133132126117108101 94 89 89181130AM1518133999999999999999999999 631 442230 8999999999999999
 94 96 95 90 85 77 68 60 58 62 69 82 98116127132131128120107 94 85 79 761812 1AM 1 7 97152613299999999999999 748 5823 3 7699999999999999
 79 88 97100 98 94 89 81 72 68 71 78 88102119130131127120109 92 76 67 641812 2AM 3 0100153813299999999999999 9 0 682318 6499999999999999
 65 73 88103109107104100 91 80 77 81 87 95109126134129119109 93 72 56 501812 3AM 4 810916 513499999999999999 954 7723 7 5099999999999999
 52 57 71 93113119116113108 96 85 84 89 95103118134136124109 95 75 51 371812 4AM 4591191637137999999999999991038 832329 3699999999999999
 37 43 54 75104124128123119112 98 88 90 97103112128140134116 98 79 55 311812 5AM 5431281712140999999999999991118 87999999999999999999999
 22 27 38 55 85117135135129122111 96 89 95104111122137142128105 85 63 361812 6AM 625137174614399999999999999 0 2 221157 8999999999999999
 16 13 23 39 63 98130143139130121106 93 92101110118130142139118 93 71 471812 7AM 7 7143182014399999999999999 039 121235 9099999999999999
 21  7 10 24 45 75113140146138128116101 92 96107116125136141129105 80 581812 8AM 748146185214199999999999999 117  61312 9299999999999999
 33 12  5 13 31 56 89124144144134123110 98 94101112121128135133116 92 681812 9AM 829146192113699999999999999 156  51349 9499999999999999
 47 25 10  9 22 42 69102130142138128117106 98 98107116122127129121102 79181210AM 911142194612999999999999999 234  81426 9799999999999999
 59 40 23 15 19 33 54 81109130137131123114105101103111116120121118107 88181211AM 95613720 412199999999999999 311 1515 710199999999999999
 69 53 39 27 24 31 46 65 89113127130126120113107104107110112112111106 93181212AM1045130195811299999999999999 348 24155810499999999999999
 78 64 52 42 35 35 44 57 74 95113123125123119114108105106105103102100 94181213AM1144125999999999999999999999 424 34999999999999999999999
 84 73 64 56 48 45 48 56 67 81 98112120122122120114108103100 96 92 91 90181214AM1336122999999999999999999999 5 2 45999999999999999999999
 85 79 72 67 62 57 56 60 66 75 87101112118121122119111103 96 89 84 81 81181215AM1448122999999999999999999999 542 562217 8099999999999999
 82 81 79 76 74 70 67 67 70 75 81 91103112118120120114104 93 83 76 71 70181216AM 0 7 82151912199999999999999 632 672237 7099999999999999
 74 79 83 84 84 82 80 77 76 78 82 88 96106115119119115106 93 79 67 61 59181217AM 326 84152712099999999999999 746 762254 5999999999999999
 62 70 81 89 93 94 92 89 85 83 84 88 93101111119120115106 94 77 60 49 45181218AM 440 94154212199999999999999 9 9 8323 3 4599999999999999
 48 56 71 89101105105102 97 90 86 88 94 99107118124121109 95 78 57 39 30181219AM 51110616101259999999999999910 7 862318 2999999999999999
 31 39 55 78103117119115110101 91 87 92 99105115127130119101 82 60 35 16181220AM 5411191644131999999999999991054 872347 1299999999999999
 12 20 34 58 90119132130124115101 88 86 95104112125137134116 91 67 41 13181221AM 6161331723138999999999999991138 85999999999999999999999
 -4 -2 12 33 66106136145138128114 97 84 87 99109120135145135109 80 53 23181222AM 65514518 514599999999999999 023 -51221 8399999999999999
 -6-18-10 10 37 77121149152141127111 92 82 89103115127142148132101 70 41181223AM 736153184814899999999999999 1 4-1813 4 8299999999999999
  9-18-24-11 13 45 89133155152138124106 89 83 94108119131145145123 91 61181224AM 819156193214899999999999999 147-251348 8399999999999999
 32  1-21-22 -5 21 55 99138153146132119103 88 87 98110119130140136112 82181225AM 9 4153201814199999999999999 232-241435 8699999999999999
 56 30  2-14-11  7 32 65106137146137126116102 91 91101108113122130123101181226AM 95214621 713099999999999999 318-151526 8999999999999999
 76 55 33 11  0  6 23 44 74108132136129122114102 93 94 98101103110116109181227AM104313722 111699999999999999 4 6  01627 9299999999999999
 91 74 59 42 26 20 27 40 57 81108125127122118112102 93 91 90 89 90 96100181228AM113912723 510099999999999999 456 202023 8899999999999999
 96 86 76 67 56 45 42 47 56 69 87106118120118115109 99 89 83 78 75 75 81181229AM1242120999999999999999999999 550 412126 7499999999999999
 87 88 84 81 77 70 64 62 65 71 80 92106115116114110103 92 80 70 64 60 62181230AM 037 89134611799999999999999 652 622217 6099999999999999
 69 78 85 87 88 88 85 81 78 80 84 90 97107114115111104 95 82 67 55 49 47181231AM 426 88143711599999999999999 8 6 782253 4799999999999999
