 46 57 65 70 72 74 76 80 89101115126134137132119100 77 53 32 17 10 12 2018 1 1AS12531379999999999999999999992115 10999999999999999999999
 30 44 56 65 70 73 74 77 82 93107122134143144138122100 74 47 24  9  5  818 1 2AS134414599999999999999999999922 2  5999999999999999999999
 18 31 45 58 65 69 71 73 75 82 94110125138147148139121 97 70 43 21  8  518 1 3AS14371499999999999999999999992245  5999999999999999999999
 11 22 36 50 60 66 69 70 71 73 80 94110126139146146136117 93 66 40 20 1118 1 4AS15291489999999999999999999992326 10999999999999999999999
 11 19 30 44 57 65 68 69 69 69 71 78 92108122134141139128109 86 61 39 2318 1 5AS16201419999999999999999999999999999999999999999999999999
 18 21 30 42 55 65 71 72 71 70 68 70 77 89103116126130127115 98 78 57 4018 1 6AS 659 7217 813199999999999999 0 2 181015 6899999999999999
 30 29 35 44 55 66 74 77 77 75 71 69 69 75 85 96106114116112101 86 70 5518 1 7AS 715 78175411699999999999999 035 281127 6899999999999999
 43 38 41 49 58 68 78 83 84 82 79 74 70 69 73 80 88 95100101 96 86 75 6418 1 8AS 744 85183910199999999999999 1 4 381242 6999999999999999
 55 49 49 54 62 71 80 88 92 91 88 83 77 71 68 69 73 78 82 85 85 80 74 6718 1 9AS 821 921925 8699999999999999 130 481411 6899999999999999
 61 57 56 59 65 73 82 90 97 99 97 93 86 79 71 66 64 65 67 70 72 71 69 6618 110AS 9 3 992021 7299999999999999 149 5616 7 6499999999999999
 63 62 62 63 67 74 82 91 99104105103 97 89 79 69 62 57 56 57 59 61 62 6218 111AS 950105999999999999999999999 148 621756 5699999999999999
 62 64 65 67 69 74 81 89 98105110111107100 90 77 65 55 49 47 48 51 54 5718 112AS104011199999999999999999999919 4 47999999999999999999999
 60 63 66 69 71 74 78 86 95104112116116111102 88 73 58 47 40 39 41 45 5018 113AS11311179999999999999999999991950 39999999999999999999999
 56 61 66 69 72 74 77 82 90100110117121120113101 84 66 50 38 32 32 36 4318 114AS12201229999999999999999999992028 32999999999999999999999
 50 58 64 68 71 73 75 78 85 94105115123126123113 98 78 58 41 30 26 29 3518 115AS13 512699999999999999999999921 3 26999999999999999999999
 44 53 61 67 70 72 74 76 80 87 98110120128130124111 92 70 50 33 24 23 2818 116AS13481309999999999999999999992138 23999999999999999999999
 37 47 57 65 69 71 72 73 76 81 90102114125131131122105 84 62 41 27 21 2418 117AS14281329999999999999999999992210 21999999999999999999999
 32 42 53 62 68 71 71 72 73 76 83 93106118128132129116 97 75 53 34 24 2218 118AS15 61329999999999999999999992241 21999999999999999999999
 28 38 49 60 67 71 71 71 71 72 76 85 96109120128130123108 87 65 45 30 2418 119AS154313099999999999999999999923 9 24999999999999999999999
 26 35 47 58 67 72 73 71 70 70 72 77 87 99110120125124114 97 76 56 39 2918 120AS 547 73161812699999999999999 838 702336 2799999999999999
 28 35 45 56 66 73 75 74 72 70 69 72 78 88 99109116119114102 85 66 49 3718 121AS 6 2 75165311999999999999999 942 69999999999999999999999
 32 36 45 56 67 75 79 78 75 72 69 69 71 78 87 97105110109103 90 74 59 4618 122AS 621 79173011099999999999999 0 1 321045 6999999999999999
 40 40 47 57 68 76 82 83 80 76 72 68 67 70 76 84 91 97100 98 90 79 67 5618 123AS 645 83181010099999999999999 025 391151 6799999999999999
 48 46 51 59 69 79 86 89 88 83 77 72 68 66 67 71 76 81 86 87 85 78 70 6218 124AS 713 891858 8799999999999999 047 4613 8 6599999999999999
 56 54 56 63 72 81 89 94 96 92 86 79 72 66 62 61 63 66 69 72 74 73 69 6518 125AS 746 9620 3 7499999999999999 1 5 541451 6199999999999999
 62 60 61 66 74 83 91 99103102 98 91 82 73 64 57 53 52 53 56 59 61 62 6218 126AS 827103999999999999999999999 1 8 6017 0 5299999999999999
 63 64 66 69 75 83 92101107111110105 96 86 74 62 51 43 40 39 42 46 51 5518 127AS 9181119999999999999999999991834 39999999999999999999999
 59 63 66 70 74 80 89 99108115119118113103 90 75 59 44 33 28 27 30 36 4418 128AS10211199999999999999999999991938 27999999999999999999999
 51 58 64 68 72 76 83 92103114122127127121110 94 75 55 37 24 18 18 22 3118 129AS11311289999999999999999999992030 17999999999999999999999
 41 51 59 65 69 72 76 82 92105117127133134128115 96 74 51 30 16 11 12 1918 130AS12401359999999999999999999992115 11999999999999999999999
 30 43 54 61 66 68 70 73 79 90104118130138139133117 96 71 46 25 12  9 1318 131AS13421409999999999999999999992154  9999999999999999999999
 22 35 48 59 64 66 66 66 68 74 86102117130139141132115 92 67 42 22 12 1218 2 1AS14401419999999999999999999992230 11999999999999999999999
 19 31 45 57 65 68 67 65 62 63 69 82 98114128136137127109 86 61 38 23 1718 2 2AS 5 7 68153213899999999999999 826 6223 2 1799999999999999
 21 31 43 57 68 72 71 68 63 59 58 65 78 94109122129128116 98 77 56 37 2618 2 3AS 516 73162113099999999999999 937 582330 2599999999999999
 26 34 45 58 70 78 79 75 69 62 57 55 62 74 89102113118114102 86 68 51 3818 2 4AS 538 7917 5118999999999999991040 552356 3499999999999999
 34 39 49 61 73 83 87 84 78 70 62 55 54 61 71 83 94102104 98 87 74 61 5018 2 5AS 6 6 871746104999999999999991139 54999999999999999999999
 43 45 53 64 75 85 92 93 88 80 72 63 56 55 60 68 77 84 89 89 82 73 65 5718 2 6AS 637 941825 9099999999999999 018 431240 5499999999999999
 51 51 56 66 76 87 95 99 97 91 82 73 64 57 56 59 64 69 74 76 74 69 63 5918 2 7AS 712 9919 1 7699999999999999 035 501348 5599999999999999
 56 56 60 67 77 86 95101103100 93 84 75 65 58 55 56 59 62 64 64 62 60 5818 2 8AS 7511031940 6499999999999999 036 561515 552330 589999999
 58 59 62 68 76 84 93100104105101 95 86 76 66 58 53 52 52 53 55 55 55 5518 2 9AS 8381059999999999999999999991711 51999999999999999999999
 57 60 64 68 74 81 89 96103107107104 97 88 77 65 55 49 45 45 46 47 49 5218 210AS 9361079999999999999999999991847 45999999999999999999999
 55 59 64 68 72 77 83 91 98105109110106 99 89 76 62 51 42 38 38 40 43 4718 211AS10441109999999999999999999991939 38999999999999999999999
 53 58 63 67 71 74 78 84 91 99107111113110101 88 73 57 44 35 32 33 36 4218 212AS11501139999999999999999999992016 32999999999999999999999
 49 56 62 66 69 71 73 77 84 92101109115116112101 86 68 50 37 29 27 30 3718 213AS12461179999999999999999999992048 27999999999999999999999
 45 53 60 65 68 69 70 72 76 83 93103113119119112 99 80 61 43 30 24 25 3118 214AS13351209999999999999999999992118 24999999999999999999999
 40 50 59 65 67 68 67 67 69 74 83 94106116121120110 93 73 53 35 25 23 2718 215AS14191219999999999999999999992147 22999999999999999999999
 36 47 57 65 68 68 66 65 64 66 73 83 96108118121117104 85 64 45 30 23 2618 216AS 425 6915 012199999999999999 749 642214 2399999999999999
 34 45 56 65 70 70 67 64 61 60 64 72 84 97109117118111 95 76 55 38 28 2618 217AS 430 71153811999999999999999 845 602239 2699999999999999
 33 44 56 66 73 74 71 66 61 57 57 61 72 84 97108114112101 85 66 48 35 3018 218AS 443 75161611499999999999999 937 5623 2 3099999999999999
 34 44 56 68 76 79 77 70 63 57 53 53 60 71 83 95104107102 90 74 58 45 3718 219AS 5 1 791654107999999999999991026 522325 3699999999999999
 38 46 58 69 79 85 84 78 69 61 53 49 51 58 69 80 90 97 97 90 78 66 54 4518 220AS 523 851733 98999999999999991116 492345 4399999999999999
 43 49 60 71 82 89 91 86 77 67 58 50 47 49 56 65 74 82 86 85 78 69 60 5318 221AS 548 911815 869999999999999912 9 47999999999999999999999
 50 53 62 73 84 92 97 95 88 77 67 57 49 45 47 52 59 66 71 74 72 67 61 5718 222AS 616 9719 2 7499999999999999 0 2 501311 4599999999999999
 56 57 64 74 85 94100102 98 89 78 67 57 48 44 44 46 50 55 59 61 60 58 5718 223AS 64910220 8 6199999999999999 0 6 551431 4323 7 579999999
 58 60 65 74 84 94101106106101 92 81 70 59 49 42 39 39 41 44 47 49 51 5318 224AS 7321079999999999999999999991634 39999999999999999999999
 56 60 65 71 80 89 98106110110105 97 86 75 62 50 40 33 31 31 33 37 42 4618 225AS 8291109999999999999999999991829 30999999999999999999999
 52 57 63 68 74 82 91 99107112113110103 93 80 65 49 36 27 23 22 25 31 3818 226AS 9481139999999999999999999991937 22999999999999999999999
 46 53 59 64 68 73 79 88 97106113116115109 99 84 66 48 32 22 17 17 22 3118 227AS11191169999999999999999999992022 16999999999999999999999
 41 50 57 61 64 65 68 73 82 93104113119120114102 86 65 45 28 17 14 17 2518 228AS12401209999999999999999999992058 14999999999999999999999
 36 47 56 61 62 62 60 61 65 75 87100112120122116103 84 63 41 25 17 17 2318 3 1AS 4 3 62134712299999999999999 624 602129 1699999999999999
 33 46 57 64 65 63 58 54 53 57 67 82 96110119121114 99 79 58 38 24 20 2418 3 2AS 346 65144312199999999999999 749 522157 2099999999999999
 33 46 59 69 72 69 62 55 48 45 49 61 76 92106115115107 91 73 53 36 27 2718 3 3AS 356 72153311699999999999999 855 452224 2699999999999999
 36 47 61 73 79 78 71 61 51 42 39 44 57 72 87100108106 96 81 65 48 36 3318 3 4AS 418 80161910899999999999999 953 392249 3399999999999999
 39 50 63 76 85 87 82 71 59 47 38 35 42 54 68 82 93 97 93 83 71 58 46 4018 3 5AS 445 8817 1 97999999999999991046 352312 4099999999999999
 43 53 65 77 88 94 92 83 70 57 45 36 35 42 53 65 76 84 85 80 71 62 54 4818 3 6AS 514 941739 86999999999999991137 342331 4799999999999999
 48 55 66 78 89 97 99 93 82 69 56 43 36 36 43 52 62 70 74 73 67 61 56 5318 3 7AS 544 991815 74999999999999991227 352339 5299999999999999
 52 57 66 78 88 97101100 92 80 67 55 44 38 39 44 51 58 63 64 62 58 55 5418 3 8AS 6151011850 64999999999999991321 3823 8 5499999999999999
 55 59 66 76 86 94100102 98 90 79 67 55 46 41 41 45 49 53 55 55 53 53 5318 3 9AS 6501021929 55999999999999991426 4122 5 5399999999999999
 56 60 65 73 82 90 96100100 96 88 78 67 57 48 43 42 43 45 47 48 49 49 5118 310AS 7311019999999999999999999991558 42999999999999999999999
 55 59 65 70 77 84 90 95 98 98 94 88 79 68 58 49 43 40 39 40 41 43 46 4918 311AS 828 989999999999999999999991750 39999999999999999999999
 53 58 63 68 73 77 83 88 93 96 97 95 89 81 70 59 48 40 36 34 35 38 42 4618 312AS 947 9799999999999999999999919 0 34999999999999999999999
 52 57 62 66 69 72 75 80 85 91 95 97 96 91 82 70 57 45 36 31 30 32 37 4318 313AS1113 989999999999999999999991941 30999999999999999999999
 50 56 61 64 66 67 68 71 76 82 90 96 99 99 93 82 68 53 40 30 27 28 33 4018 314AS12241009999999999999999999992013 26999999999999999999999
 48 56 61 64 64 63 62 63 66 72 81 90 97102101 93 80 64 48 34 26 25 29 3718 315AS 344 64132010299999999999999 625 622042 2599999999999999
 47 56 62 65 65 62 59 56 56 61 69 80 90 99103101 91 75 58 42 30 25 28 3518 316AS 318 6514 810399999999999999 728 5621 8 2599999999999999
 46 56 64 68 67 63 57 52 49 50 56 67 79 91100103 98 85 69 52 37 29 28 3518 317AS 318 69145210399999999999999 819 492133 2799999999999999
 45 57 67 73 73 67 60 51 44 41 44 53 65 79 91 99100 92 78 62 47 35 31 3618 318AS 330 73153410199999999999999 9 5 412157 3199999999999999
 46 58 70 78 80 75 65 55 44 37 34 39 50 63 77 89 96 94 84 70 56 44 37 3918 319AS 347 801615 9699999999999999 951 342219 3799999999999999
 47 60 72 82 87 84 74 62 49 37 30 29 36 48 61 75 85 89 84 75 63 52 44 4318 320AS 4 9 871656 89999999999999991036 282241 4399999999999999
 50 61 74 85 92 93 85 72 58 44 32 25 26 34 46 58 70 78 79 74 66 58 51 4818 321AS 434 941739 79999999999999991123 242259 4899999999999999
 52 63 75 87 96100 96 85 70 55 40 28 23 25 33 43 53 63 68 68 64 59 55 5318 322AS 5 21001825 69999999999999991212 2323 8 5399999999999999
 55 63 75 87 97103103 96 83 68 53 39 28 23 25 31 39 47 54 57 57 55 55 5518 323AS 5331041923 579999999999999913 9 232221 5499999999999999
 57 62 73 85 95103106104 95 83 68 54 40 30 26 26 29 34 40 44 47 49 50 5318 324AS 6 91069999999999999999999991422 25999999999999999999999
 56 61 69 79 89 98104106103 95 83 70 57 44 34 28 26 27 29 32 36 40 44 4818 325AS 6551069999999999999999999991615 26999999999999999999999
 53 58 64 72 80 89 96101103101 95 86 74 62 49 38 30 25 23 24 27 32 38 4418 326AS 75910399999999999999999999918 9 23999999999999999999999
 50 55 60 65 70 77 84 91 96100100 96 89 79 67 53 40 30 23 21 22 26 33 4118 327AS 9321009999999999999999999991910 20999999999999999999999
 48 54 58 61 62 64 69 75 83 90 95 99 98 92 83 70 55 41 29 22 20 23 30 3918 328AS1118 999999999999999999999991949 20999999999999999999999
 48 55 59 60 58 56 56 58 65 74 83 92 98 99 94 85 71 55 39 28 22 23 29 3918 329AS 249 601245 9999999999999999 546 552019 2299999999999999
 49 59 64 64 60 54 48 45 47 55 65 77 88 96 99 94 84 69 53 38 28 26 31 4018 330AS 232 641351 9999999999999999 7 9 452046 2699999999999999
 51 62 70 71 67 59 49 39 35 37 46 58 72 85 94 96 90 79 65 49 37 31 33 4118 331AS 242 721446 9699999999999999 811 342112 3099999999999999
 53 66 76 80 77 68 55 42 31 26 29 40 53 68 81 90 91 84 73 60 47 38 36 4318 4 1AS 3 4 811534 9199999999999999 9 6 262137 3699999999999999
 55 68 80 88 88 80 66 51 36 24 19 25 36 50 65 78 84 83 76 66 55 46 41 4518 4 2AS 331 891618 8599999999999999 956 1922 2 4199999999999999
 56 69 81 92 96 91 79 63 46 30 19 17 24 36 49 63 73 77 73 67 60 52 47 4818 4 3AS 4 0 961658 77999999999999991042 162223 4799999999999999
 56 69 81 92100 99 90 76 59 41 26 17 18 26 37 49 60 67 68 64 60 55 52 5118 4 4AS 4291011737 68999999999999991127 162237 5199999999999999
 57 67 80 91 99103 98 87 71 54 38 25 19 21 29 39 49 57 61 60 57 55 53 5418 4 5AS 4581031814 61999999999999991211 182225 5399999999999999
 57 66 77 88 97102102 94 82 66 51 36 26 22 26 33 41 48 53 54 53 52 53 5418 4 6AS 5281031855 54999999999999991257 222111 5299999999999999
 58 64 73 83 92 98100 97 89 77 63 49 36 29 27 30 35 41 45 48 49 49 50 5318 4 7AS 5591009999999999999999999991348 27999999999999999999999
 57 63 70 78 86 92 96 96 92 84 73 61 49 39 33 31 33 36 39 42 44 46 48 5218 4 8AS 636 969999999999999999999991455 31999999999999999999999
 56 61 67 73 79 84 89 91 91 87 80 71 61 50 41 35 33 33 35 37 40 43 46 5018 4 9AS 726 919999999999999999999991628 32999999999999999999999
 55 60 64 69 73 76 80 83 86 86 84 79 71 62 52 43 36 32 31 33 36 40 45 5018 410AS 842 869999999999999999999991751 31999999999999999999999
 55 59 63 65 67 69 71 74 78 81 83 83 79 72 63 53 43 35 31 30 32 37 43 4918 411AS1022 839999999999999999999991842 30999999999999999999999
 55 60 62 63 63 62 62 63 67 72 78 82 83 80 73 63 52 41 33 29 30 35 42 5018 412AS 311 631150 8399999999999999 544 621918 2999999999999999
 57 62 64 63 61 57 54 53 55 61 68 76 82 84 81 74 62 50 39 32 30 34 41 5018 413AS 216 641259 8499999999999999 651 531948 3099999999999999
 59 65 68 66 61 55 48 44 43 47 55 65 75 82 85 81 72 60 47 37 32 34 41 5118 414AS 2 6 681356 8599999999999999 739 432014 3299999999999999
 62 70 74 72 66 57 46 38 33 33 40 51 63 74 82 84 79 69 57 45 38 37 42 5318 415AS 215 741445 8499999999999999 823 322039 3699999999999999
 64 74 81 81 74 63 50 37 27 22 25 34 47 61 74 81 81 75 65 54 45 41 44 5418 416AS 232 821532 8299999999999999 9 6 2221 4 4199999999999999
 66 78 87 90 86 74 58 42 27 16 13 19 30 44 59 71 78 76 70 61 53 47 47 5518 417AS 256 901618 7899999999999999 950 132127 4699999999999999
 68 81 92 98 97 87 71 53 35 19  9  8 15 27 42 56 67 71 69 64 58 53 51 5618 418AS 323 9917 5 71999999999999991036  72147 5199999999999999
 68 81 94103106100 87 68 49 29 13  5  6 14 26 40 52 61 63 61 58 55 54 5718 419AS 3541061755 63999999999999991123  422 1 5499999999999999
 66 79 93103110109100 84 65 45 27 12  5  7 15 26 37 47 53 55 55 54 55 5618 420AS 4281109999999999999999999991213  5999999999999999999999
 63 74 88100108112109 98 81 63 44 27 14  9 11 17 25 34 42 46 48 50 52 5518 421AS 5 511299999999999999999999913 8  9999999999999999999999
 60 68 80 92102108109105 94 79 63 45 30 19 15 16 19 25 31 37 41 45 49 5318 422AS 5481109999999999999999999991416 15999999999999999999999
 57 62 71 81 91 98103104 99 90 77 63 49 35 26 21 20 22 25 30 36 41 46 5018 423AS 6401049999999999999999999991549 20999999999999999999999
 55 59 63 70 77 84 90 94 96 93 86 77 65 53 41 32 26 23 24 27 32 38 45 5018 424AS 750 969999999999999999999991722 23999999999999999999999
 55 58 60 61 64 69 74 80 84 87 87 83 77 67 57 46 36 29 26 27 31 38 46 5218 425AS 927 889999999999999999999991817 26999999999999999999999
 57 60 60 58 56 55 57 62 68 74 80 82 81 77 69 59 48 38 32 30 33 39 48 5618 426AS 134 601115 8299999999999999 449 551853 3099999999999999
 63 66 65 61 55 48 44 45 50 57 65 73 78 80 77 70 60 49 39 34 35 41 50 6018 427AS 117 661247 8099999999999999 623 441922 3499999999999999
 69 74 74 69 59 49 38 33 33 39 48 59 68 76 78 75 68 59 48 41 38 43 51 6218 428AS 127 751356 7899999999999999 726 321949 3899999999999999
 73 82 84 79 69 55 41 28 22 23 31 42 54 65 73 75 72 65 57 48 43 45 52 6418 429AS 150 841451 7699999999999999 818 222017 4399999999999999
 76 86 92 91 81 67 49 32 19 14 17 26 39 52 64 71 72 68 62 55 49 47 53 6418 430AS 219 931539 7299999999999999 9 6 142043 4799999999999999
 76 88 97100 94 80 62 43 25 12  9 14 25 38 51 62 68 67 64 59 54 51 53 6218 5 1AS 2491001622 6899999999999999 950  921 8 5199999999999999
 75 87 98105103 92 75 56 36 19  8  8 15 26 39 52 61 64 62 59 57 54 55 6118 5 2AS 32110517 4 64999999999999991033  72125 5499999999999999
 72 85 96105108102 88 70 50 30 15  8 10 19 30 42 52 58 59 58 56 56 56 6018 5 3AS 3521081746 59999999999999991114  72120 5699999999999999
 69 81 93102108106 97 82 63 44 26 14 10 15 24 34 44 51 54 55 54 55 57 6018 5 4AS 4221089999999999999999999991154 10999999999999999999999
 66 76 87 97104106102 91 75 57 39 25 16 15 21 29 38 45 50 51 52 53 56 5918 5 5AS 4531069999999999999999999991235 15999999999999999999999
 64 72 81 91 98102101 95 83 68 52 37 26 20 21 27 33 40 45 48 50 51 54 5818 5 6AS 5241029999999999999999999991318 20999999999999999999999
 62 68 76 84 90 95 97 94 88 77 63 49 37 28 25 27 31 36 41 45 48 50 53 5718 5 7AS 559 9799999999999999999999914 8 25999999999999999999999
 61 66 71 77 82 86 89 90 87 81 71 60 48 38 32 30 31 34 38 42 46 50 53 5718 5 8AS 642 909999999999999999999991510 30999999999999999999999
 60 64 67 71 74 77 80 82 82 81 76 68 58 49 41 35 33 33 36 40 45 50 54 5818 5 9AS 748 839999999999999999999991622 33999999999999999999999
 61 63 65 66 67 68 69 72 74 76 76 72 67 59 51 43 38 35 35 39 44 51 56 6118 510AS 922 769999999999999999999991721 35999999999999999999999
 64 65 65 63 61 59 58 59 63 67 71 73 71 67 60 52 45 39 37 39 44 51 59 6518 511AS 115 6511 5 7399999999999999 552 5818 4 3799999999999999
 69 70 68 63 57 52 47 46 49 55 61 67 71 71 68 62 54 46 41 41 45 53 62 7018 512AS 046 701235 7299999999999999 646 461837 4099999999999999
 75 77 74 67 58 48 40 34 34 39 47 56 65 71 72 69 62 54 48 45 47 54 64 7418 513AS 052 771346 7299999999999999 731 3419 6 4599999999999999
 82 86 84 76 65 51 37 27 21 23 30 41 53 63 70 72 68 62 55 50 50 56 66 7818 514AS 112 861445 7299999999999999 815 211933 4999999999999999
 88 95 96 89 77 60 42 26 14 10 14 23 36 50 62 69 70 66 61 56 54 57 66 7918 515AS 139 961539 7099999999999999 859 101958 5499999999999999
 91101106103 92 75 55 34 16  4  2  8 19 33 48 59 65 66 63 60 57 58 65 7718 516AS 2111061633 6699999999999999 946  12021 5799999999999999
 92104112115108 93 72 50 27  9 -2 -3  5 17 31 46 56 61 61 60 59 59 63 7318 517AS 2471151736 61999999999999991033 -32035 5899999999999999
 87102113120119109 91 69 46 23  5 -4 -2  5 17 31 43 52 55 56 57 58 60 6718 518AS 3271219999999999999999999991122 -4999999999999999999999
 80 95108118123119107 89 67 44 22  6 -1  2  9 20 31 42 48 51 53 55 58 6218 519AS 4 91239999999999999999999991212 -1999999999999999999999
 70 84 98109117120115103 85 64 43 24 11  6  9 15 23 33 41 46 50 53 55 5818 520AS 45412099999999999999999999913 4  6999999999999999999999
 63 72 84 96106112113108 96 80 62 44 28 18 15 17 22 28 36 43 48 51 54 5718 521AS 54411399999999999999999999914 0 15999999999999999999999
 59 64 71 81 90 97102103 98 89 76 61 46 34 26 24 25 29 35 42 48 53 56 5818 522AS 64110399999999999999999999915 3 24999999999999999999999
 60 60 63 67 73 80 85 90 91 88 81 71 60 49 40 34 32 33 36 42 50 56 61 6318 523AS 750 912350 649999999999999916 7 32999999999999999999999
 64 63 60 59 60 63 67 72 77 80 79 75 68 61 53 45 40 38 40 45 52 60 66 7018 524AS 916 802346 7199999999999999 312 591659 3899999999999999
 71 69 64 58 53 50 51 54 60 65 70 71 70 67 62 55 49 45 44 48 54 63 72 7818 525AS11 2 71999999999999999999999 517 501738 4499999999999999
 81 79 73 64 54 44 39 39 43 49 56 62 66 67 66 62 57 51 48 50 56 65 75 8418 526AS 0 4 811255 6799999999999999 632 381811 4899999999999999
 89 89 84 74 61 46 35 28 28 33 41 50 58 63 66 65 62 58 53 52 56 65 76 8618 527AS 033 901415 6699999999999999 728 281843 5299999999999999
 95 99 96 86 72 55 38 25 19 21 27 36 47 56 63 65 64 62 58 55 57 64 75 8618 528AS 1 5 991514 6599999999999999 816 191913 5599999999999999
 97104106 99 85 67 48 29 17 13 16 24 35 46 56 62 64 63 61 59 58 62 72 8418 529AS 14010616 3 6499999999999999 9 0 131940 5899999999999999
 96106111109 98 81 61 40 22 11  9 15 25 36 48 57 62 63 62 61 60 62 69 8018 530AS 2151111649 6399999999999999 942  920 0 6099999999999999
 93104112115109 95 75 54 33 16  8  9 17 28 40 51 58 60 61 61 61 62 66 7518 531AS 2501159999999999999999999991022  8999999999999999999999
 87100110116115105 89 68 47 27 13  9 12 21 33 44 52 57 59 59 60 61 64 7118 6 1AS 32511699999999999999999999911 1  9999999999999999999999
 81 93104112115111 99 81 61 41 23 13 12 18 28 38 47 54 57 58 59 60 63 6818 6 2AS 3581159999999999999999999991138 11999999999999999999999
 76 87 97106112112105 91 73 54 36 22 16 18 25 34 43 50 55 57 58 59 62 6618 6 3AS 4321139999999999999999999991214 16999999999999999999999
 72 80 90 99105108105 97 83 66 48 33 24 21 25 32 40 47 53 56 58 59 61 6418 6 4AS 5 51089999999999999999999991250 21999999999999999999999
 68 75 82 90 96100101 97 88 74 59 44 33 27 27 32 39 46 52 56 58 60 61 6418 6 5AS 5401019999999999999999999991327 27999999999999999999999
 67 71 76 81 87 91 93 93 88 79 67 54 43 35 32 34 38 44 51 56 60 62 64 6518 6 6AS 621 9399999999999999999999914 7 32999999999999999999999
 66 68 70 74 77 80 83 85 84 80 72 62 53 44 39 38 40 44 50 57 62 66 68 6818 6 7AS 716 8523 9 68999999999999991452 38999999999999999999999
 68 68 67 67 67 69 71 73 76 76 73 68 61 54 48 44 44 46 51 58 64 70 73 7418 6 8AS 834 762250 7499999999999999 252 671541 4399999999999999
 73 70 67 63 59 57 57 60 63 67 69 68 66 61 56 52 49 49 53 59 67 74 80 8218 6 9AS1018 6923 9 8299999999999999 525 571629 4999999999999999
 81 77 70 63 55 48 44 45 48 54 60 64 66 66 63 60 56 54 55 61 69 78 86 9018 610AS1219 662338 9199999999999999 626 4417 9 5499999999999999
 91 87 79 68 56 44 35 31 32 37 45 53 60 65 66 65 62 60 59 62 70 80 90 9818 611AS1358 66999999999999999999999 716 301742 5999999999999999
102100 93 80 64 48 32 22 18 20 28 38 49 58 64 66 66 64 62 64 70 80 9210318 612AS 0131021512 6699999999999999 8 4 1818 9 6299999999999999
111113109 97 80 60 39 22 10  7 11 21 33 46 56 63 65 65 64 64 68 77 9010318 613AS 0531131623 6599999999999999 853  71829 6499999999999999
115122123115100 79 55 32 13  2  0  6 17 30 44 55 61 63 63 64 66 72 83 9818 614AS 137123999999999999999999999 942  0999999999999999999999
112123130129119100 77 52 27  8 -2 -2  5 16 30 44 53 58 60 62 63 66 74 8718 615AS 2241319999999999999999999991031 -3999999999999999999999
103117128134131119 99 75 49 25  7 -1  0  8 20 33 45 53 57 59 60 62 66 7518 616AS 3131349999999999999999999991118 -2999999999999999999999
 89105118129133129115 95 72 47 25  9  4  7 15 26 38 48 54 57 58 59 61 6518 617AS 4 313399999999999999999999912 4  4999999999999999999999
 75 88103115124127121108 89 68 46 27 15 13 17 25 35 45 53 57 59 60 60 6118 618AS 4541279999999999999999999991247 13999999999999999999999
 64 73 85 97107114116111 98 82 64 46 32 24 24 29 36 45 54 60 63 64 63 6218 619AS 54711621 3 64999999999999991328 232355 6199999999999999
 61 63 70 79 88 96102103 98 87 74 61 47 38 34 36 41 48 56 63 69 70 70 6818 620AS 6421032110 709999999999999914 8 34999999999999999999999
 64 61 61 65 70 77 83 87 88 84 77 68 59 50 45 44 47 52 59 67 74 78 79 7618 621AS 742 882141 7999999999999999 134 611445 4499999999999999
 72 67 61 58 58 60 64 69 73 75 73 69 64 59 54 52 52 56 62 69 78 84 87 8718 622AS 853 752219 8899999999999999 330 571523 5199999999999999
 83 76 68 59 52 49 50 53 57 62 64 65 64 62 60 58 57 58 63 70 79 88 94 9618 623AS1043 6523 1 9699999999999999 517 4916 1 5799999999999999
 94 88 78 66 54 45 40 40 43 48 53 57 60 62 63 62 61 61 64 70 79 88 9710318 624AS1413 63234410499999999999999 630 391640 6199999999999999
104100 91 77 62 47 36 31 32 36 42 48 55 59 63 64 64 64 64 68 76 86 9610518 625AS9999999999999999999999999999 724 31999999999999999999999
110110103 91 74 56 40 28 24 26 31 39 47 55 61 64 65 65 65 67 73 82 9310418 626AS 027111999999999999999999999 810 24999999999999999999999
112116114104 88 69 49 32 22 19 23 30 39 49 57 62 65 66 66 67 70 77 8810018 627AS 1 9116999999999999999999999 852 19999999999999999999999
110118120115102 83 62 41 25 17 16 22 31 42 52 60 64 65 66 66 68 73 82 9318 628AS 149120999999999999999999999 931 16999999999999999999999
105116122122113 97 76 55 35 20 15 17 25 36 47 56 62 64 65 66 67 69 76 8618 629AS 22912399999999999999999999910 9 15999999999999999999999
 98110119123120109 90 69 47 29 18 16 21 31 41 52 59 63 64 65 66 67 71 7918 630AS 3 71239999999999999999999991045 15999999999999999999999
 90102113120122116101 82 61 41 26 18 20 28 38 48 57 62 64 64 65 66 68 7418 7 1AS 3441229999999999999999999991118 18999999999999999999999
 82 94104113118117108 92 73 53 36 25 22 27 36 46 55 62 65 65 65 65 67 7018 7 2AS 4201189999999999999999999991150 22999999999999999999999
 76 85 95104111113109 98 82 64 47 34 27 29 36 45 54 61 66 68 67 66 66 6818 7 3AS 45511319 4 68999999999999991219 272127 6699999999999999
 71 77 86 94101105105 99 88 73 57 44 35 33 37 45 54 62 68 71 71 69 68 6718 7 4AS 5301061928 71999999999999991247 332254 6799999999999999
 68 72 77 84 90 94 97 95 89 78 65 53 44 39 41 47 54 62 69 74 75 74 72 6918 7 5AS 610 971956 75999999999999991314 39999999999999999999999
 68 68 70 73 78 82 86 87 85 79 70 61 52 47 46 50 56 64 71 77 81 81 78 7418 7 6AS 659 872028 8199999999999999 034 681342 4699999999999999
 70 67 65 65 66 69 72 75 77 76 71 65 60 55 53 54 59 65 73 80 86 88 86 8218 7 7AS 8 5 7721 4 8899999999999999 240 651410 5399999999999999
 77 71 64 59 56 56 57 60 64 67 68 66 64 62 60 60 62 67 75 83 90 95 96 9318 7 8AS 945 682145 9699999999999999 446 551435 6099999999999999
 87 79 70 60 51 45 43 44 48 54 58 62 64 64 65 65 66 69 75 84 9310110510618 7 9AS2233106999999999999999999999 6 4 43999999999999999999999
101 93 81 67 53 41 33 30 32 37 44 52 58 63 66 67 68 70 75 82 9310311111618 710AS2325116999999999999999999999 7 4 30999999999999999999999
115109 98 82 64 46 31 21 18 21 28 37 47 56 62 66 68 70 72 78 8810011212118 711AS9999999999999999999999999999 758 18999999999999999999999
126125117102 83 61 40 22 12 10 14 22 34 46 56 62 66 68 69 73 80 9210611918 712AS 021126999999999999999999999 850  9999999999999999999999
129134132122105 83 58 35 16  6  5 10 21 34 47 56 62 64 66 67 71 80 9310818 713AS 118134999999999999999999999 938  4999999999999999999999
123133139137125105 81 55 31 13  4  5 13 24 38 50 58 62 63 64 65 69 78 9218 714AS 2141399999999999999999999991023  4999999999999999999999
108123134140136123103 78 53 29 13  8 11 20 32 45 56 62 63 63 62 62 65 7518 715AS 3 914018 9 639999999999999911 4  82036 6299999999999999
 90106120131136131117 97 74 50 29 17 15 21 31 43 55 63 66 65 63 61 59 6218 716AS 4 31361812 66999999999999991142 1522 0 5999999999999999
 72 86100113123127121107 89 68 48 32 25 27 35 45 56 66 71 72 69 65 61 5818 717AS 4541271834 72999999999999991215 252312 5899999999999999
 60 68 80 93104112113107 95 80 63 48 38 36 41 49 59 69 77 80 78 74 68 6218 718AS 54411419 4 80999999999999991245 36999999999999999999999
 58 58 65 74 83 92 98 98 92 82 71 60 50 46 48 54 63 72 81 87 88 84 78 7118 719AS 633 991940 8899999999999999 023 571311 4699999999999999
 64 58 57 61 66 73 79 83 83 78 71 65 59 55 54 59 66 74 83 91 95 94 90 8318 720AS 724 842022 9599999999999999 141 571332 5499999999999999
 74 65 58 55 55 59 63 67 70 70 67 64 62 60 60 63 68 75 83 92 98101100 9518 721AS 823 7021 910199999999999999 317 551340 6099999999999999
 87 77 66 57 51 49 51 53 57 59 60 61 61 63 64 66 69 74 82 90 9810410710518 722AS22 2107999999999999999999999 5 2 49999999999999999999999
 99 89 78 65 53 46 43 43 46 49 53 56 59 62 65 67 70 73 79 86 9510310911118 723AS2259111999999999999999999999 622 42999999999999999999999
109102 90 76 61 48 40 36 37 40 45 50 55 60 65 68 70 72 75 81 90 9910811318 724AS2354116999999999999999999999 718 36999999999999999999999
115112103 90 73 56 42 33 30 32 37 44 51 58 64 67 70 71 73 76 83 9310311218 725AS9999999999999999999999999999 8 2 30999999999999999999999
118119114103 87 68 50 35 27 26 30 37 46 54 62 67 69 70 71 73 77 85 9610618 726AS 045120999999999999999999999 840 26999999999999999999999
116122122115100 82 61 43 29 23 25 31 40 50 59 65 69 69 70 70 72 78 87 9918 727AS 132123999999999999999999999 916 23999999999999999999999
110119124123112 95 75 54 36 25 22 27 35 46 56 64 68 69 69 68 69 72 79 8918 728AS 2161251658 6999999999999999 950 2219 9 6899999999999999
102113122125120107 88 67 47 31 23 24 32 42 53 63 68 70 69 68 67 68 72 8018 729AS 25712517 0 70999999999999991022 2320 9 6799999999999999
 92104115122122114 99 79 59 41 29 26 31 40 51 62 69 72 71 69 67 66 67 7218 730AS 3351231713 72999999999999991051 2521 4 6699999999999999
 82 93105114118116105 89 69 51 37 30 32 40 51 61 70 75 75 72 68 65 64 6618 731AS 4121191731 75999999999999991118 302157 6499999999999999
 73 83 94103110112107 95 78 61 46 37 35 41 51 62 71 77 79 77 72 67 64 6318 8 1AS 4471121751 79999999999999991142 352251 6399999999999999
 66 73 82 91 99104103 96 83 69 55 45 41 44 52 63 72 80 84 83 78 72 67 6318 8 2AS 5241051815 849999999999999912 5 412348 6299999999999999
 62 65 71 79 87 93 95 93 85 74 63 54 48 49 55 64 74 82 88 89 85 79 72 6618 8 3AS 6 4 951842 89999999999999991225 48999999999999999999999
 61 60 62 67 73 79 83 85 82 75 67 60 56 55 59 67 76 84 91 95 93 88 80 7218 8 4AS 650 851914 9599999999999999 054 601242 5599999999999999
 65 59 57 57 60 64 69 72 74 72 68 64 61 61 63 69 77 86 94 99101 98 91 8318 8 5AS 751 74195210199999999999999 218 571247 6199999999999999
 74 65 57 52 50 51 53 57 61 63 63 63 64 65 67 71 78 86 94102106107104 9618 8 6AS2041107999999999999999999999 4 9 50999999999999999999999
 87 76 64 54 45 41 40 42 46 50 55 58 62 65 68 72 77 83 9210110911311411118 8 7AS2141114999999999999999999999 549 40999999999999999999999
103 92 78 64 50 38 31 29 31 36 42 49 56 62 67 70 74 79 86 9510511412012118 8 8AS2252122999999999999999999999 7 1 29999999999999999999999
118110 97 81 63 45 31 22 20 22 29 38 47 56 63 67 71 73 78 85 9610711812518 8 9AS9999999999999999999999999999 757 20999999999999999999999
128126117102 82 61 41 25 16 14 18 27 38 49 58 64 67 69 70 74 82 9410712018 810AS 0 5128999999999999999999999 844 14999999999999999999999
129134131121104 82 59 37 20 13 13 20 30 43 54 62 65 66 65 65 68 77 9010518 811AS 1131341645 6699999999999999 926 121832 6599999999999999
119130136133122103 80 56 34 19 14 18 27 39 52 62 67 67 65 62 60 62 71 8518 812AS 2141361629 679999999999999910 3 1420 5 6099999999999999
101116128134131118 99 76 53 33 22 21 27 38 51 63 71 72 69 64 58 54 56 6518 813AS 3111341641 73999999999999991036 202117 5499999999999999
 80 96111122127123110 91 71 50 35 28 32 41 53 66 76 80 77 71 63 55 50 5118 814AS 4 312717 5 809999999999999911 6 282222 5099999999999999
 60 74 89103113117111 98 82 65 49 39 39 46 57 68 80 87 88 82 73 64 54 4818 815AS 4511171733 88999999999999991133 382322 4799999999999999
 49 57 69 82 94102103 96 85 73 61 51 47 51 61 72 83 92 96 93 85 75 64 5418 816AS 53710318 5 96999999999999991157 47999999999999999999999
 48 48 55 65 75 84 89 88 82 74 66 59 55 57 64 74 84 94100102 96 88 77 6618 817AS 621 89184110299999999999999 023 471215 5599999999999999
 55 49 49 54 60 67 73 76 74 70 66 63 61 61 66 75 84 93101105104 98 89 7918 818AS 7 5 76192010699999999999999 128 481220 6099999999999999
 67 57 51 49 52 55 60 63 65 64 62 62 63 64 68 74 82 91 98105107106100 9118 819AS 758 6520 710799999999999999 247 491042 6299999999999999
 80 69 59 51 48 48 50 53 55 57 58 59 62 66 69 74 80 86 9410110610810710118 820AS21 5108999999999999999999999 429 48999999999999999999999
 93 82 70 59 50 45 44 45 47 50 53 56 60 65 69 73 77 82 88 9410110610910818 821AS2216109999999999999999999999 6 2 44999999999999999999999
103 95 83 70 57 47 41 39 40 43 48 53 58 64 69 72 75 77 81 87 9410110711118 822AS2327111999999999999999999999 7 3 39999999999999999999999
111106 96 82 67 53 42 36 35 37 42 49 56 63 68 71 73 74 76 79 85 9310210918 823AS9999999999999999999999999999 745 34999999999999999999999
114113107 95 80 63 47 36 31 32 37 44 53 61 67 71 72 72 72 73 77 84 9410318 824AS 028114999999999999999999999 820 31999999999999999999999
112116115107 93 75 57 41 31 29 33 40 50 59 67 71 72 71 69 68 69 74 83 9418 825AS 1201171550 7299999999999999 852 2919 8 6899999999999999
105114118115104 87 68 50 36 29 30 37 47 57 67 72 74 72 68 65 64 66 73 8418 826AS 2 61181548 7499999999999999 922 2920 1 6499999999999999
 96107115118112 98 80 61 44 33 30 35 45 56 67 74 77 74 70 65 61 60 63 7218 827AS 2481181559 7799999999999999 950 302049 6099999999999999
 84 97108115114105 90 71 54 40 34 36 44 56 67 76 81 79 74 67 61 56 56 6218 828AS 3271151615 81999999999999991015 332134 5699999999999999
 72 84 97107111107 96 80 64 49 40 38 45 56 68 78 85 85 80 71 63 56 52 5318 829AS 4 51111634 86999999999999991038 382220 5299999999999999
 61 72 84 95103104 98 86 72 58 47 43 47 57 69 80 88 91 87 79 69 60 52 4918 830AS 4421051655 919999999999999911 0 4323 6 4999999999999999
 52 60 70 81 91 96 95 88 77 65 56 50 51 59 71 82 91 96 95 87 77 66 56 4918 831AS 521 971720 96999999999999991120 502354 4799999999999999
 47 50 58 68 77 84 87 84 77 69 62 57 56 62 72 84 93 99101 96 87 75 64 5418 9 1AS 6 2 871747101999999999999991136 56999999999999999999999
 47 45 49 55 62 70 75 76 74 69 65 62 62 65 74 84 94101105104 97 87 75 6418 9 2AS 649 76181810699999999999999 050 451139 6199999999999999
 53 46 44 46 50 55 60 64 66 65 64 63 65 68 74 83 93101107109106 99 88 7718 9 3AS 757 66185710999999999999999 2 0 441032 6399999999999999
 65 54 46 42 42 43 46 50 54 56 58 61 64 68 74 81 89 98105110112109102 9218 9 4AS1951112999999999999999999999 342 41999999999999999999999
 81 68 56 46 39 36 35 37 41 46 50 56 61 66 71 77 83 91 9910611211411210718 9 5AS21 6114999999999999999999999 542 35999999999999999999999
 98 86 72 58 45 35 30 28 30 35 41 49 56 63 68 72 76 81 88 9610411111511618 9 6AS2238116999999999999999999999 657 28999999999999999999999
112104 91 76 59 43 31 25 23 26 33 42 51 59 65 68 70 72 75 81 9110111011718 9 7AS9999999999999999999999999999 747 23999999999999999999999
120117109 95 78 59 41 28 22 22 28 37 48 58 65 68 67 66 65 66 73 83 9510718 9 8AS 0 61201527 6899999999999999 826 2118 3 6599999999999999
117122120112 96 77 57 39 27 23 26 35 46 58 67 71 69 65 60 56 57 63 75 9018 9 9AS 1181221512 7199999999999999 859 231926 5699999999999999
104115122120110 94 74 54 38 29 29 36 47 59 71 77 76 70 62 54 47 47 55 6818 910AS 2191221524 7799999999999999 929 282033 4699999999999999
 84 99112118115104 88 70 52 39 34 39 49 62 74 84 86 80 70 59 48 40 40 4818 911AS 3131181546 8699999999999999 957 342132 3999999999999999
 62 78 93106111106 95 81 65 51 43 44 52 65 77 89 95 92 83 70 56 43 35 3518 912AS 4 21111614 95999999999999991023 422227 3499999999999999
 45 58 73 87 98100 95 85 73 62 52 50 56 67 80 91100102 96 83 69 54 40 3318 913AS 4481001644103999999999999991047 502319 3299999999999999
 34 44 56 69 81 88 88 83 75 67 60 56 59 69 81 92102108106 96 82 68 53 4018 914AS 531 8917161089999999999999911 7 56999999999999999999999
 34 36 45 55 65 74 78 76 72 68 64 61 63 69 80 91101108110105 94 81 67 5318 915AS 612 78174911099999999999999 011 341117 6199999999999999
 42 37 40 46 54 61 66 68 66 64 64 64 65 70 78 88 98105109109103 92 80 6718 916AS 656 68182511099999999999999 1 6 371017 6399999999999999
 54 45 41 43 47 52 56 59 60 60 61 63 66 70 77 84 93100105107106100 90 7918 917AS19 8108999999999999999999999 2 8 41999999999999999999999
 67 56 48 44 44 46 49 52 54 56 58 61 66 70 75 81 87 93 98102104103 98 9018 918AS20 5104999999999999999999999 332 44999999999999999999999
 80 69 59 50 45 43 44 46 48 51 55 59 64 69 74 78 81 85 90 95 99101101 9818 919AS2128101999999999999999999999 515 43999999999999999999999
 91 82 71 60 50 44 41 41 43 47 52 58 63 69 73 75 77 79 81 85 91 9610010118 920AS2257101999999999999999999999 627 41999999999999999999999
 99 93 83 71 59 48 41 38 39 43 49 56 63 68 72 74 74 74 74 76 81 87 9410018 921AS1537 74999999999999999999999 711 381732 7499999999999999
102101 94 83 69 56 44 37 36 40 46 54 62 69 73 74 73 70 68 67 70 76 85 9418 922AS 0 91021454 7499999999999999 744 361843 6799999999999999
101104102 93 80 65 51 40 36 37 44 53 62 70 75 76 73 69 64 60 60 65 74 8418 923AS 1 71041443 7699999999999999 814 351933 6099999999999999
 95102105101 91 76 60 47 38 37 42 52 62 72 78 80 77 70 63 56 53 54 61 7218 924AS 1561051448 8099999999999999 841 362016 5399999999999999
 84 95103104 98 85 70 55 44 39 42 51 62 73 82 85 82 75 65 55 48 45 49 5818 925AS 24010515 2 8599999999999999 9 6 392058 4599999999999999
 71 84 96102101 92 79 64 52 44 44 52 63 75 85 91 90 82 70 58 48 41 39 4618 926AS 3211031520 9199999999999999 930 432139 3999999999999999
 57 71 84 94 99 95 85 72 60 51 48 53 64 77 88 96 97 91 79 65 52 41 34 3518 927AS 4 1 991542 9899999999999999 952 482221 3499999999999999
 44 56 70 82 91 92 87 77 67 59 54 56 65 78 90 99104100 90 75 60 46 35 3018 928AS 441 9316 7104999999999999991013 5423 5 3099999999999999
 34 43 55 68 79 85 84 78 71 64 60 60 67 78 91101108108101 87 71 56 42 3218 929AS 523 851633109999999999999991030 592351 2999999999999999
 29 33 43 53 64 72 76 75 71 67 64 64 68 78 91102109113109 99 84 68 53 4018 930AS 6 9 7617 3113999999999999991038 63999999999999999999999
 31 30 34 42 50 58 64 67 66 65 65 66 69 77 88 99108113114108 97 83 68 531810 1AS 7 8 67173611499999999999999 043 29 934 6599999999999999
 41 33 32 35 40 45 51 56 58 60 62 65 69 75 84 94103110114113106 96 83 691810 2AS1819114999999999999999999999 147 32999999999999999999999
 56 45 37 34 34 36 40 45 49 53 57 62 67 72 78 86 95102108111110105 96 851810 3AS1918111999999999999999999999 321 34999999999999999999999
 73 61 49 40 35 33 33 36 40 46 52 58 64 69 73 78 84 90 97102106107104 981810 4AS2048107999999999999999999999 523 33999999999999999999999
 89 78 66 53 43 35 31 31 34 40 48 55 62 67 70 72 74 77 82 88 941001041041810 5AS2239105999999999999999999999 634 31999999999999999999999
101 94 83 70 56 44 35 31 32 37 45 54 62 68 70 70 68 66 66 70 77 86 941011810 6AS1420 70999999999999999999999 716 311724 6599999999999999
105103 97 86 72 57 44 35 34 37 45 55 65 72 74 73 67 61 55 53 58 66 77 891810 7AS 01310514 1 7499999999999999 748 331847 5399999999999999
 98104104 97 86 71 56 44 38 40 47 57 69 78 82 80 73 63 52 44 41 46 57 701810 8AS 1261051410 8299999999999999 816 381949 4199999999999999
 84 95102102 94 83 69 55 45 44 49 60 72 83 91 91 84 72 57 43 33 31 38 501810 9AS 2261031432 9299999999999999 842 432044 3199999999999999
 65 80 92 98 97 89 78 66 55 49 52 62 74 87 97102 97 85 69 51 36 25 24 33181010AS 317 9915 010299999999999999 9 9 492135 2499999999999999
 46 61 76 88 92 90 82 73 64 57 56 63 76 89100108108 99 83 65 46 30 21 22181011AS 4 4 92153110999999999999999 934 552223 2099999999999999
 31 45 59 73 82 85 81 75 69 63 60 65 75 88100110114110 97 79 60 42 27 20181012AS 448 8516 211499999999999999 956 6023 9 2099999999999999
 23 33 46 59 70 76 76 73 70 67 64 66 74 86 98109115116108 93 75 57 39 27181013AS 531 771634117999999999999991012 642355 2399999999999999
 23 27 37 48 58 66 70 69 68 67 67 68 73 83 94105112116113103 88 71 54 39181014AS 615 7017 511699999999999999 947 67999999999999999999999
 30 28 33 41 50 57 62 64 64 64 66 69 73 80 89 99107111112107 97 83 68 53181015AS1738112999999999999999999999 041 28999999999999999999999
 41 34 34 39 45 51 56 59 60 62 64 68 72 78 85 93 99105107106100 91 79 66181016AS1815107999999999999999999999 131 34999999999999999999999
 54 45 40 39 42 46 50 54 57 59 62 67 71 76 81 86 92 96 99101 99 95 87 77181017AS19 5101999999999999999999999 232 39999999999999999999999
 66 56 48 44 43 44 47 50 54 57 61 66 70 75 78 82 84 87 90 93 94 94 91 85181018AS2025 94999999999999999999999 355 43999999999999999999999
 77 68 59 51 46 44 44 47 51 56 61 66 71 74 77 78 78 79 80 82 86 89 90 89181019AS2210 90999999999999999999999 518 43999999999999999999999
 85 78 69 60 52 46 43 44 48 54 61 67 72 75 77 76 74 72 70 72 75 80 85 89181020AS1413 772340 9099999999999999 612 4318 7 7099999999999999
 89 86 79 70 60 51 45 44 47 53 61 68 75 78 79 77 72 67 62 61 63 69 76 83181021AS1341 79999999999999999999999 649 441857 6199999999999999
 89 90 87 79 69 59 50 45 46 52 61 70 78 83 83 80 73 65 57 52 51 56 64 74181022AS 050 901338 8499999999999999 720 451937 5199999999999999
 83 89 91 87 78 67 57 50 48 52 61 72 81 88 90 86 77 66 55 46 41 42 50 61181023AS 146 911349 9099999999999999 746 482016 4199999999999999
 73 83 90 90 85 75 65 56 52 54 62 73 85 93 97 95 85 72 58 44 34 31 36 46181024AS 235 9114 7 9799999999999999 811 522055 3199999999999999
 59 72 83 89 88 82 72 63 57 57 63 74 87 98104104 96 82 65 48 34 25 24 31181025AS 320 90143010599999999999999 835 562135 2399999999999999
 43 57 72 82 86 84 77 70 63 61 65 75 88100109113108 95 77 58 40 25 18 20181026AS 4 4 86145711399999999999999 857 612217 1899999999999999
 29 42 57 70 79 81 78 73 68 65 66 74 87101112118118108 92 72 52 33 20 15181027AS 449 81152711999999999999999 916 6523 1 1599999999999999
 19 29 42 56 67 74 75 72 70 68 68 74 85 99111120123119106 88 67 48 30 18181028AS 539 75155912399999999999999 928 682348 1599999999999999
 15 21 30 42 53 63 67 68 68 68 69 73 81 94107117123124116102 84 65 46 30181029AS16341249999999999999999999999999999999999999999999999999
 20 19 24 32 41 51 58 61 63 65 68 71 77 87 99110118122120112 98 81 64 47181030AS1714122999999999999999999999 038 19999999999999999999999
 33 26 25 28 34 41 48 53 57 61 65 69 73 80 90100109114117114106 94 80 65181031AS18 2117999999999999999999999 137 24999999999999999999999
 50 39 32 31 32 36 41 47 52 57 62 66 71 75 80 88 95101106108106101 91 801811 1AS19 7108999999999999999999999 253 31999999999999999999999
 68 56 45 39 36 36 38 43 49 55 61 66 70 72 74 77 81 86 90 95 98 99 96 901811 2AS2041 99999999999999999999999 430 36999999999999999999999
 81 71 61 51 44 41 40 43 48 56 63 69 72 74 73 71 70 70 73 77 83 88 91 921811 3AS1310 742235 9299999999999999 538 401621 6999999999999999
 89 83 75 65 56 48 45 45 50 57 66 74 78 80 77 72 65 59 57 59 64 71 79 851811 4AS1248 80999999999999999999999 619 4418 3 5799999999999999
 89 88 84 77 67 58 51 49 53 60 70 79 86 89 86 78 68 56 47 43 45 52 62 721811 5AS 020 891257 8999999999999999 650 4919 6 4399999999999999
 81 86 87 84 77 68 59 55 56 63 72 83 93 98 97 89 77 61 46 35 31 35 44 551811 6AS 139 871320 9999999999999999 718 541959 3199999999999999
 67 78 84 85 82 75 68 61 59 64 74 86 97106109103 90 73 54 36 25 22 28 381811 7AS 240 86134910999999999999999 746 592047 2299999999999999
 51 65 76 82 82 79 73 67 63 65 74 86 99110116115104 87 67 46 28 17 17 251811 8AS 332 83142211799999999999999 813 632132 1699999999999999
 37 51 64 75 79 79 76 72 68 67 73 84 97109119122117102 82 60 39 22 14 161811 9AS 419 79145512299999999999999 838 672216 1499999999999999
 25 38 52 65 73 75 75 73 71 69 72 81 94106117124124114 97 76 54 34 19 14181110AS 5 5 75152912599999999999999 857 692258 1499999999999999
 19 29 42 54 65 70 72 71 71 71 72 78 89101113121125121108 90 69 49 31 20181111AS 556 7216 212599999999999999 838 712338 1899999999999999
 19 25 35 46 57 64 68 68 69 71 73 76 84 95106115121121114101 83 63 45 31181112AS16341229999999999999999999999999999999999999999999999999
 24 25 32 41 51 59 63 66 67 69 72 75 81 89 99108114117115106 92 76 59 44181113AS17 5117999999999999999999999 018 23999999999999999999999
 33 30 33 39 47 54 60 63 65 67 71 74 79 85 92100106109110106 97 85 70 56181114AS1739110999999999999999999999 059 30999999999999999999999
 44 37 36 39 45 51 57 61 64 67 70 73 77 82 87 92 96100102101 97 89 79 67181115AS1818102999999999999999999999 144 36999999999999999999999
 56 47 42 42 45 49 55 59 64 67 71 74 77 80 83 85 88 90 92 93 93 89 83 75181116AS1918 93999999999999999999999 235 42999999999999999999999
 66 57 51 47 47 49 53 58 64 69 73 76 78 80 81 80 80 80 81 82 84 85 84 80181117AS1421 812055 8599999999999999 337 471640 8099999999999999
 73 66 59 54 51 50 53 58 64 70 76 80 82 82 80 78 74 71 69 70 73 77 79 80181118AS1238 822247 8099999999999999 439 5018 8 6999999999999999
 78 74 68 62 57 54 54 58 64 72 79 84 87 86 83 78 71 64 59 58 60 65 71 76181119AS1220 87999999999999999999999 527 531852 5899999999999999
 79 78 75 70 64 59 57 59 65 73 82 90 94 94 89 81 71 60 51 46 46 51 58 67181120AS 027 791230 9499999999999999 6 4 571930 4599999999999999
 74 79 79 77 71 66 61 61 66 75 85 95101103 99 90 77 62 48 38 33 36 43 53181121AS 142 80125010399999999999999 634 6120 9 3399999999999999
 64 74 79 80 77 72 67 65 67 75 87 98107112110102 87 70 51 35 25 23 28 37181122AS 240 80131611299999999999999 7 1 652049 2399999999999999
 50 63 73 79 79 76 72 69 69 75 86 99111119121115102 83 62 41 24 15 15 22181123AS 333 80134812199999999999999 725 682131 1499999999999999
 34 48 62 73 77 77 75 72 71 75 84 98112123129128118100 78 54 33 16  9 11181124AS 426 77142312999999999999999 746 712215  899999999999999
 20 33 48 61 70 74 74 73 72 74 81 93108121131135131117 96 73 49 27 12  7181125AS 529 7415 113599999999999999 756 7223 0  799999999999999
 11 21 34 48 60 67 70 71 71 73 77 86100115128135137129113 92 69 45 25 12181126AS15411379999999999999999999992346  9999999999999999999999
  9 15 25 37 49 59 64 67 69 71 73 79 90105118129135134125108 88 65 44 26181127AS16251359999999999999999999999999999999999999999999999999
 16 16 21 30 40 50 58 63 65 68 71 74 81 92105117125129127117102 83 63 45181128AS1711129999999999999999999999 033 15999999999999999999999
 31 24 25 30 37 45 54 60 64 67 70 72 75 81 91101110116119116107 94 79 63181129AS18 4119999999999999999999999 123 24999999999999999999999
 48 38 33 34 38 44 52 59 65 68 71 73 74 75 79 85 92 98103106104 97 87 76181130AS19 7106999999999999999999999 215 33999999999999999999999
 64 53 46 43 44 47 53 60 67 72 76 77 77 75 74 74 76 80 85 89 92 92 88 811812 1AS1122 772028 9299999999999999 311 431425 7499999999999999
 74 66 59 53 51 52 56 63 70 77 83 85 84 81 75 70 66 65 66 70 75 79 81 801812 2AS1113 852214 8199999999999999 4 6 511651 6599999999999999
 77 74 69 63 59 58 60 66 73 82 89 94 94 90 83 73 63 55 52 52 57 62 68 731812 3AS1132 94999999999999999999999 452 581817 5199999999999999
 75 76 74 71 67 64 64 68 76 85 94102105102 94 83 68 54 44 39 40 46 53 611812 4AS 039 7612 310599999999999999 531 631915 3999999999999999
 68 73 75 75 73 69 67 69 76 86 97106113114108 96 80 61 44 33 29 31 38 481812 5AS 225 75123811499999999999999 6 5 6720 3 2999999999999999
 58 67 72 75 75 73 71 71 75 84 96107117122120110 94 74 53 35 24 22 26 351812 6AS 331 75131512299999999999999 637 702047 2199999999999999
 46 57 67 73 75 75 74 72 74 81 92105116125128123109 89 67 45 27 18 18 241812 7AS 429 75135312899999999999999 7 5 722129 1799999999999999
 35 47 59 68 73 74 74 74 74 78 87100113124131131121104 82 59 37 21 15 181812 8AS143113299999999999999999999922 9 15999999999999999999999
 27 38 51 62 69 72 73 74 74 76 83 93106119128133129117 97 75 52 32 19 161812 9AS15 71339999999999999999999992247 16999999999999999999999
 21 32 44 56 65 70 72 73 74 76 79 87 99112122130131124109 89 67 45 28 19181210AS15431319999999999999999999992324 19999999999999999999999
 20 28 39 50 60 67 70 71 73 75 77 83 92103114123128126116100 80 59 41 28181211AS16171289999999999999999999992359 23999999999999999999999
 23 27 36 46 56 64 69 71 72 74 76 80 86 95105114120122118106 90 71 53 38181212AS16501229999999999999999999999999999999999999999999999999
 30 30 36 45 54 62 68 71 72 73 75 78 82 89 97105111114113107 96 80 64 49181213AS1722114999999999999999999999 032 29999999999999999999999
 39 35 38 45 53 61 67 72 74 75 76 78 80 84 89 95100104105103 96 85 72 59181214AS1756105999999999999999999999 1 4 35999999999999999999999
 49 43 42 46 53 60 67 73 76 78 78 79 80 82 84 87 90 93 95 95 92 86 77 67181215AS1839 95999999999999999999999 136 42999999999999999999999
 57 51 48 49 54 60 68 74 79 82 83 83 82 81 80 80 80 81 83 84 85 83 78 72181216AS10 8 831946 8599999999999999 2 9 4815 8 8099999999999999
 65 59 55 54 57 61 68 75 82 87 89 88 86 83 80 76 72 70 70 71 73 75 75 73181217AS1020 892129 7599999999999999 246 541740 7099999999999999
 70 66 62 60 60 63 69 76 84 91 95 96 94 89 83 75 67 61 57 57 59 63 67 70181218AS1045 96999999999999999999999 328 601835 5799999999999999
 71 70 69 67 65 66 70 77 86 95102105104 99 90 80 67 56 47 44 44 49 55 62181219AS 0 3 71111710599999999999999 411 651919 4399999999999999
 67 71 72 72 70 70 72 78 87 97106113115111103 90 74 57 43 34 30 33 40 49181220AS 214 72115311599999999999999 448 7020 1 3099999999999999
 58 66 71 74 74 73 74 78 86 97108118124124118105 87 67 47 31 21 19 24 33181221AS12331259999999999999999999992045 19999999999999999999999
 44 56 66 71 74 74 75 77 83 93106119129134132122105 84 60 38 21 12 12 18181222AS13161349999999999999999999992130 11999999999999999999999
 29 43 56 65 71 73 74 75 79 87100115128138142138124104 79 54 30 13  6  8181223AS14 21429999999999999999999992215  6999999999999999999999
 17 29 44 57 65 69 71 73 75 80 90105121134143146139124101 75 49 26 10  6181224AS14501469999999999999999999992258  6999999999999999999999
 10 20 33 47 58 65 68 70 71 74 80 92107123136144145137119 96 71 45 24 12181225AS15381469999999999999999999992340 10999999999999999999999
 10 16 27 39 52 61 66 68 69 70 73 79 91107121133140139130112 90 66 44 26181226AS16271419999999999999999999999999999999999999999999999999
 18 19 26 36 48 59 66 69 70 70 70 71 78 89103115125130129118102 83 63 44181227AS1717131999999999999999999999 020 18999999999999999999999
 32 28 31 39 48 58 67 72 73 73 72 70 71 76 85 96105113117114105 91 76 60181228AS 8 6 7318 911799999999999999 057 281124 7099999999999999
 47 40 40 45 52 61 70 77 80 80 78 75 72 70 73 79 86 93 98101 98 91 81 70181229AS 825 8019 210199999999999999 131 391255 7099999999999999
 60 52 49 52 57 64 73 81 87 89 87 84 79 73 69 68 70 74 79 83 85 83 78 73181230AS 859 8920 4 8599999999999999 2 3 491443 6899999999999999
 67 62 58 58 62 68 76 84 92 97 98 95 90 82 73 66 61 60 62 65 68 71 71 69181231AS 942 982131 7199999999999999 231 581651 6099999999999999
