 19 20 20 18 15 10  4 -1 -4 -6 -5 -2  3  9 15 19 22 22 21 20 19 18 18 1818 1 1B2 130 201654 2299999999999999 911 -622 4 1899999999999999
 20 21 22 22 20 15  9  3 -3 -6 -7 -6 -2  4 11 17 21 24 24 23 21 20 19 1918 1 2B2 218 231736 2499999999999999 958 -72246 1999999999999999
 20 21 23 24 24 21 15  8  2 -4 -7 -7 -6 -1  5 12 18 22 24 24 22 21 20 1918 1 3B2 310 241816 24999999999999991047 -72322 1999999999999999
 19 20 22 24 25 24 21 15  8  1 -4 -6 -7 -4  0  7 14 19 23 24 23 21 19 1818 1 4B2 4 2 251856 24999999999999991136 -7999999999999999999999
 18 18 20 22 24 25 23 20 14  7  1 -3 -5 -5 -2  3  9 14 19 22 22 20 18 1718 1 5B2 455 251935 2299999999999999 0 3 181224 -599999999999999
 16 16 17 18 20 22 23 21 18 12  6  1 -2 -3 -2  0  5 10 15 18 20 19 18 1618 1 6B2 549 232014 2099999999999999 053 1613 9 -399999999999999
 15 14 14 14 16 18 19 19 18 15 10  6  2  0  0  1  3  7 11 15 17 18 17 1518 1 7B2 646 192052 1899999999999999 152 141350  099999999999999
 13 12 11 11 11 13 14 15 16 15 12  9  6  4  3  3  4  6  9 12 14 16 16 1418 1 8B2 752 162129 1699999999999999 3 3 111424  399999999999999
 13 11 10  9  8  8  9 10 11 12 12 10  9  7  6  6  6  8  9 11 13 14 14 1418 1 9B2 920 1222 2 1499999999999999 429  81445  699999999999999
 13 11  9  7  6  5  5  5  6  8  9 10 10  9  9  9  9 10 10 11 12 13 14 1418 110B21121 102231 1499999999999999 558  51441  999999999999999
 13 11  9  7  5  4  2  2  2  4  6  8  9 10 11 11 11 12 12 12 13 13 14 1418 111B22255 14999999999999999999999 7 3  2999999999999999999999
 13 12 10  8  6  3  1  0  0  1  3  5  8 10 12 13 13 13 14 14 14 14 14 1418 112B22320 14999999999999999999999 748  0999999999999999999999
 14 14 12 10  7  4  2  0 -2 -1  0  3  6 10 12 14 15 15 15 15 15 15 15 1518 113B22119 15999999999999999999999 822 -2999999999999999999999
 15 15 14 12  9  6  3  0 -2 -3 -2  1  5  9 12 15 16 16 16 16 16 16 16 1618 114B21712 16999999999999999999999 853 -32110 1699999999999999
 16 17 16 14 12  9  5  1 -2 -3 -3 -1  3  7 11 15 17 18 18 17 16 16 16 1618 115B2 044 171716 1899999999999999 923 -32114 1699999999999999
 17 18 18 17 15 12  8  3  0 -3 -4 -3  0  5 10 14 17 18 19 18 17 16 16 1618 116B2 133 181731 1999999999999999 955 -42139 1699999999999999
 17 18 19 18 17 14 11  6  1 -2 -4 -4 -2  2  7 12 16 18 19 18 17 16 15 1518 117B2 220 191752 19999999999999991028 -422 8 1599999999999999
 16 17 18 19 18 17 13  9  4  0 -3 -4 -3  0  4  9 14 17 19 18 17 15 14 1418 118B2 3 2 191816 199999999999999911 3 -42239 1499999999999999
 15 16 17 19 19 18 15 11  6  1 -2 -4 -4 -3  1  6 11 15 17 18 16 15 13 1318 119B2 342 191841 18999999999999991137 -52311 1399999999999999
 13 14 15 17 18 18 16 13  8  3 -1 -3 -4 -4 -1  3  8 12 15 16 16 14 12 1118 120B2 421 1819 8 16999999999999991210 -42346 1199999999999999
 11 11 13 14 16 17 16 14 10  6  1 -2 -3 -4 -2  1  5  9 12 14 15 13 11  918 121B2 5 1 171936 15999999999999991241 -4999999999999999999999
  9  9 10 11 13 14 14 13 11  7  3  0 -2 -3 -2  0  3  6 10 12 13 12 11  818 122B2 544 1420 4 1399999999999999 026  913 8 -399999999999999
  7  7  7  8  9 11 12 12 11  9  6  3  0  0  0  0  2  5  8 10 12 12 10  818 123B2 637 122031 1299999999999999 114  71329 -199999999999999
  6  5  4  5  5  7  8  9  9  9  7  5  3  2  2  3  4  5  7  9 11 11 11  918 124B2 751  92059 1199999999999999 212  41343  299999999999999
  6  4  3  2  2  3  4  6  7  8  8  7  6  5  5  5  6  7  8  9 11 11 11 1018 125B2 941  82127 1199999999999999 323  21353  599999999999999
  8  5  3  1  0  0  0  2  3  5  7  8  8  8  8  9  9 10 10 11 11 12 12 1218 126B222 1 12999999999999999999999 447  0999999999999999999999
 10  8  4  2 -1 -2 -3 -2 -1  1  4  7  9 11 11 12 12 13 13 13 13 13 13 1418 127B22250 14999999999999999999999 6 9 -3999999999999999999999
 13 11  8  4  1 -2 -4 -5 -5 -3  0  4  8 11 13 15 15 15 15 15 14 14 14 1518 128B217 9 152355 1599999999999999 716 -52059 1499999999999999
 15 15 13  9  5  0 -3 -6 -7 -7 -4  0  5 10 14 16 17 17 17 16 16 15 15 1618 129B21641 17999999999999999999999 813 -72138 1599999999999999
 17 17 17 14 10  5  0 -5 -7 -9 -8 -5  0  6 12 16 18 19 18 17 16 16 15 1518 130B2 1 4 171658 1999999999999999 9 6 -922 7 1599999999999999
 17 18 19 19 16 11  5 -1 -6 -9-10 -8 -4  1  8 13 17 19 19 18 16 15 14 1418 131B2 210 191724 2099999999999999 955-102235 1499999999999999
 15 17 19 21 20 17 12  5 -2 -6 -9-10 -8 -3  3 10 15 18 19 18 16 14 13 1218 2 1B2 311 211753 19999999999999991043-1023 6 1299999999999999
 13 14 17 20 21 20 17 11  4 -2 -6 -9 -9 -6 -1  5 11 16 18 18 16 13 11 1018 2 2B2 4 9 211823 18999999999999991128 -92342 1099999999999999
 10 11 13 16 19 20 19 15  9  3 -2 -6 -7 -6 -3  2  7 12 16 17 15 13 10  818 2 3B2 5 4 201854 17999999999999991210 -7999999999999999999999
  8  8  9 12 15 17 18 17 13  8  2 -2 -4 -5 -3  0  5  9 13 15 15 12  9  718 2 4B2 558 181923 1599999999999999 025  71247 -599999999999999
  6  5  5  7  9 12 14 15 14 10  6  2  0 -2 -1  1  4  7 11 13 13 12 10  718 2 5B2 652 151950 1399999999999999 112  51317 -299999999999999
  5  4  3  3  5  7  9 11 12 11  8  5  3  2  2  3  5  7  9 11 12 12 10  718 2 6B2 752 122011 1299999999999999 2 5  31335  299999999999999
  5  3  2  1  2  3  5  6  8  9  8  7  5  5  5  5  6  8  9 11 11 11 10  818 2 7B2 9 6  92022 1199999999999999 3 7  11332  599999999999999
  6  4  2  1  0  0  1  2  4  5  7  7  7  7  7  8  9 10 10 11 11 11 10  918 2 8B220 5 11999999999999999999999 425  0999999999999999999999
  7  5  3  1  0 -1 -1 -1  0  2  4  6  7  8  9 10 10 11 12 12 12 11 11 1018 2 9B21858 12999999999999999999999 554 -1999999999999999999999
  8  7  5  3  1 -1 -2 -2 -2  0  2  4  7  8 10 11 12 12 13 13 13 12 12 1118 210B21838 13999999999999999999999 7 0 -2999999999999999999999
 10  9  7  5  3  0 -2 -3 -3 -2  0  2  6  8 10 12 13 13 13 13 13 13 12 1218 211B218 2 13999999999999999999999 748 -3999999999999999999999
 11 11  9  7  5  2 -1 -3 -4 -4 -2  0  4  8 10 13 14 14 14 13 13 13 12 1218 212B21658 14999999999999999999999 828 -4999999999999999999999
 12 12 11 10  8  5  1 -2 -4 -5 -4 -2  2  6 10 13 14 15 14 13 12 12 12 1218 213B21653 15999999999999999999999 9 4 -52145 1299999999999999
 13 13 13 12 10  7  4  0 -3 -5 -6 -4 -1  4  8 12 14 15 14 13 12 11 11 1118 214B2 125 1317 3 1599999999999999 940 -62149 1199999999999999
 12 13 14 14 12 10  6  2 -2 -5 -6 -6 -3  1  6 10 13 15 14 13 11 10  9  918 215B2 222 141719 15999999999999991015 -62210  999999999999999
 10 12 14 14 14 12  9  4  0 -4 -6 -7 -5 -2  3  8 11 14 14 12 10  8  7  718 216B2 310 141738 14999999999999991049 -72235  799999999999999
  8 10 12 14 14 13 11  7  2 -2 -5 -7 -7 -4  0  5  9 12 13 12 10  7  6  518 217B2 354 1418 0 13999999999999991122 -723 3  599999999999999
  6  7  9 12 14 14 12  9  4  0 -4 -6 -6 -5 -2  2  7 10 12 12 10  7  4  318 218B2 437 141822 12999999999999991154 -62333  399999999999999
  3  4  6  9 12 13 13 11  7  3 -1 -4 -5 -5 -3  0  5  8 11 11 10  6  3  118 219B2 522 131844 11999999999999991222 -5999999999999999999999
  1  1  3  5  8 11 12 11  9  5  2 -1 -3 -3 -2  0  3  7  9 10 10  7  4  118 220B2 612 1219 6 1099999999999999 0 7  11246 -399999999999999
 -1 -1  0  1  4  7  9 10 10  8  5  2  0  0  0  2  4  6  9 10 10  8  5  118 221B2 7 9 101927 1099999999999999 048 -113 0  099999999999999
 -1 -3 -3 -2  0  3  6  8  9  8  7  5  4  3  4  4  6  7  9 10 10  9  7  318 222B2 819  91945 1099999999999999 137 -313 3  399999999999999
  0 -2 -4 -4 -3 -1  1  4  6  7  8  7  7  7  7  7  8  9 10 10 11 10  9  618 223B2 957  81957 1199999999999999 236 -41258  799999999999999
  3  0 -3 -4 -5 -4 -3  0  2  5  7  8  9  9 10 10 11 11 12 12 11 11 11  918 224B21849 12999999999999999999999 352 -5999999999999999999999
  6  3  0 -3 -4 -5 -5 -4 -2  1  4  7  9 11 12 13 13 13 13 13 12 12 12 1118 225B217 8 13999999999999999999999 527 -5999999999999999999999
 10  8  4  1 -2 -4 -6 -6 -6 -4  0  4  7 11 13 14 14 15 14 14 13 12 12 1318 226B21641 15999999999999999999999 655 -6999999999999999999999
 13 12 10  6  2 -2 -5 -7 -8 -7 -4  0  4  9 12 14 15 15 14 13 12 12 12 1218 227B21618 15999999999999999999999 8 3 -82137 1299999999999999
 14 14 14 12  8  3 -1 -5 -8 -9 -8 -4  0  6 10 14 15 15 14 13 11 10 10 1118 228B2 1 8 141628 1599999999999999 859 -92155 1099999999999999
 12 14 16 15 13  9  4 -2 -6 -8 -9 -7 -4  2  7 12 15 15 14 12 10  8  7  818 3 1B2 221 161648 1599999999999999 949 -92218  799999999999999
  9 12 15 17 17 14  9  3 -2 -6 -8 -8 -6 -2  4  9 13 15 14 12  9  6  5  518 3 2B2 324 171713 15999999999999991033 -82247  599999999999999
  6  8 12 15 17 17 14  8  2 -3 -6 -7 -7 -4  1  6 11 14 14 12  8  5  3  218 3 3B2 421 171739 14999999999999991113 -72320  299999999999999
  2  4  8 12 15 17 16 12  7  2 -2 -5 -5 -4  0  4  9 12 13 12  9  5  2  018 3 4B2 514 1718 4 13999999999999991149 -52357  099999999999999
  0  0  3  7 11 14 15 14 10  6  2 -1 -2 -2  0  3  7 10 12 12 10  6  2  018 3 5B2 6 4 151828 12999999999999991219 -2999999999999999999999
 -2 -2 -1  2  6  9 12 13 12  9  5  2  1  1  2  4  7  9 11 11 10  7  3  018 3 6B2 655 131846 1199999999999999 036 -21241  199999999999999
 -2 -3 -3 -1  2  5  8 10 11 10  7  5  4  4  4  6  7  9 11 11 10  8  5  218 3 7B2 750 111853 1199999999999999 117 -31249  499999999999999
 -1 -2 -3 -2 -1  1  4  6  8  9  8  7  6  6  7  8  9 10 11 11 10  9  6  318 3 8B2 856  91841 1199999999999999 2 2 -31240  699999999999999
  1 -1 -2 -3 -2 -1  1  3  5  7  8  8  8  8  9 10 10 11 12 11 11  9  7  518 3 9B218 8 12999999999999999999999 255 -3999999999999999999999
  3  1 -1 -2 -2 -2 -1  0  2  4  6  8  8  9 10 11 12 12 12 12 11 10  9  718 310B21749 12999999999999999999999 4 6 -2999999999999999999999
  5  3  1  0 -1 -2 -2 -1  0  2  4  6  8 10 11 12 12 12 12 12 11 10  9  818 311B21731 12999999999999999999999 537 -2999999999999999999999
  7  5  4  2  0 -1 -2 -3 -2  0  2  5  7 10 11 12 12 12 12 12 11 10 10  918 312B21621 12999999999999999999999 654 -3999999999999999999999
  8  8  6  5  3  0 -2 -3 -3 -2  0  3  6  9 11 12 12 12 11 11 10  9  9  918 313B21557 12999999999999999999999 750 -3999999999999999999999
  9  9  8  7  5  2  0 -3 -4 -4 -3  0  4  7 10 12 12 12 11  9  8  8  8  818 314B216 0 12999999999999999999999 836 -42136  899999999999999
  9 10 10  9  7  5  2 -1 -4 -5 -5 -2  1  5  9 11 12 12 10  8  7  6  6  718 315B2 135 101612 1299999999999999 917 -52139  699999999999999
  8 10 11 11 10  7  4  0 -3 -5 -6 -4 -2  3  7 10 12 12 10  8  5  4  4  418 316B2 234 111628 1299999999999999 954 -62156  499999999999999
  6  8 10 11 11 10  7  3 -1 -4 -5 -5 -3  0  5  8 11 11 10  7  4  2  1  218 317B2 322 121647 11999999999999991029 -62218  199999999999999
  3  6  9 11 12 12  9  5  1 -2 -4 -5 -4 -2  3  7 10 11 10  8  4  1 -1 -118 318B2 4 8 1217 7 119999999999999911 3 -52244 -199999999999999
  0  3  6 10 12 13 12  9  4  1 -2 -3 -4 -2  1  5  9 11 11  8  4  0 -2 -318 319B2 454 131728 11999999999999991135 -42313 -399999999999999
 -3 -1  3  7 10 13 13 11  8  4  1 -1 -1 -1  1  5  8 10 11  9  6  1 -3 -518 320B2 541 131749 119999999999999912 5 -12348 -599999999999999
 -5 -4 -1  3  7 11 13 13 11  8  5  3  2  2  3  5  8 10 11 11  8  3 -1 -518 321B2 632 1318 9 11999999999999991230  2999999999999999999999
 -6 -6 -4 -1  3  7 10 12 12 11  8  6  5  5  6  7  9 10 12 11 10  6  1 -318 322B2 729 131827 1299999999999999 028 -61243  599999999999999
 -5 -7 -6 -4 -1  3  7 10 11 12 11  9  9  9  9  9 10 11 12 12 11  9  5  118 323B2 838 121839 1299999999999999 116 -71234  899999999999999
 -3 -5 -6 -6 -4 -1  2  5  8 10 11 11 11 11 12 12 12 13 13 13 12 11  8  518 324B21825 13999999999999999999999 213 -6999999999999999999999
  1 -2 -4 -5 -5 -4 -2  1  4  7 10 11 12 13 13 14 14 14 13 13 12 12 11  918 325B216 4 14999999999999999999999 324 -5999999999999999999999
  6  2 -1 -3 -4 -5 -4 -3  0  3  6  9 12 13 14 14 15 14 14 13 12 12 11 1118 326B21548 15999999999999999999999 457 -5999999999999999999999
 10  7  4  1 -1 -3 -4 -4 -3 -1  2  6 10 12 14 14 14 14 13 12 11 10 11 1118 327B21520 142355 1299999999999999 634 -521 1 1099999999999999
 12 11  9  6  3  0 -3 -4 -5 -4 -1  3  7 10 13 14 14 13 11 10  9  8  8 1018 328B21520 14999999999999999999999 749 -52112  899999999999999
 12 13 13 11  8  4  0 -2 -4 -5 -3  0  4  8 12 13 14 12 10  8  6  5  5  718 329B2 127 131536 1499999999999999 847 -52132  599999999999999
  9 12 14 14 12  9  5  1 -2 -4 -4 -2  1  6 10 13 14 12 10  7  4  3  2  318 330B2 237 141557 1499999999999999 934 -42157  299999999999999
  6  9 13 15 15 13  9  5  1 -2 -3 -3  0  4  8 11 13 13 10  7  3  1 -1  018 331B2 336 151622 13999999999999991015 -32225 -199999999999999
  2  5 10 14 16 16 13  9  5  1 -1 -1  0  3  7 10 13 13 12  8  3  0 -2 -318 4 1B2 430 161646 13999999999999991051 -12256 -399999999999999
 -2  1  5 10 14 16 15 13  8  5  2  1  1  3  6  9 12 13 12  9  5  1 -2 -418 4 2B2 519 1617 9 13999999999999991122  12329 -499999999999999
 -4 -2  1  6 11 14 16 15 12  8  6  4  4  5  7  9 12 13 13 11  7  2 -1 -418 4 3B2 6 7 161727 13999999999999991147  4999999999999999999999
 -5 -4 -1  2  7 11 14 15 14 11  9  7  7  7  8 10 12 13 13 12  9  5  1 -218 4 4B2 655 151738 1399999999999999 0 3 -512 3  799999999999999
 -4 -4 -3  0  4  8 11 13 14 13 11 10  9  9 10 11 13 13 14 13 10  7  3  018 4 5B2 745 141736 1499999999999999 038 -41211  999999999999999
 -2 -3 -3 -1  1  5  8 11 12 13 12 11 11 11 12 13 14 14 14 13 11  9  5  218 4 6B2 845 131723 1499999999999999 116 -312 9 1199999999999999
  0 -2 -2 -2  0  2  5  8 10 12 12 12 12 12 13 14 14 14 14 13 12 10  7  518 4 7B217 9 14999999999999999999999 2 0 -2999999999999999999999
  2  0 -1 -1  0  1  3  5  8 10 11 12 13 13 13 14 14 14 14 13 12 11  9  718 4 8B21657 14999999999999999999999 255 -1999999999999999999999
  5  3  1  0  0  0  1  3  5  7  9 11 12 13 14 14 14 14 13 13 12 11  9  818 4 9B21526 14999999999999999999999 4 9  0999999999999999999999
  7  5  4  2  1  0  0  1  2  5  7  9 11 13 13 13 13 13 12 11 10 10  9  918 410B21437 13999999999999999999999 541  0999999999999999999999
  8  7  6  5  3  2  0  0  1  2  4  7 10 12 13 13 12 11 10  9  9  8  8  818 411B21439 13999999999999999999999 658  0999999999999999999999
  9  9  8  7  5  3  1  0 -1  0  2  5  8 11 12 13 12 11  9  7  6  6  6  718 412B21450 13999999999999999999999 757 -121 2  699999999999999
  9  9 10  9  7  5  3  1 -1 -1  0  3  6  9 12 12 12 10  8  6  4  4  4  518 413B2 140 1015 6 1299999999999999 843 -12110  499999999999999
  7  9 11 11 10  8  5  2  0 -1 -1  1  4  8 11 12 12 10  8  5  2  1  1  318 414B2 239 111525 1299999999999999 924 -12128  199999999999999
  5  8 11 12 12 11  8  5  2  1  0  1  3  7 10 12 13 11  8  4  1 -1 -1  018 415B2 328 131546 139999999999999910 2  02152 -199999999999999
  2  6 10 13 14 14 12  8  5  3  2  2  3  6  9 12 13 13 10  5  1 -2 -4 -318 416B2 416 1416 8 13999999999999991038  22220 -499999999999999
 -1  3  8 12 15 16 15 12  9  6  5  4  4  6  9 12 14 14 12  7  2 -2 -5 -518 417B2 5 3 161631 14999999999999991114  42253 -599999999999999
 -4 -1  4  9 14 17 18 16 13 10  8  7  7  8 10 13 15 15 14 11  5  0 -4 -618 418B2 553 181655 15999999999999991148  72332 -799999999999999
 -6 -4  0  5 10 15 18 18 17 14 12 11 10 11 11 13 15 16 16 14  9  3 -2 -518 419B2 645 181718 17999999999999991221 10999999999999999999999
 -7 -6 -4  0  6 11 15 18 18 17 15 14 14 14 14 15 16 17 17 16 13  8  3 -218 420B2 743 181740 1799999999999999 017 -71246 1399999999999999
 -5 -6 -5 -3  1  6 11 15 17 18 17 16 16 16 16 16 17 17 18 17 15 12  7  318 421B2 854 181758 1899999999999999 1 7 -61225 1699999999999999
 -1 -4 -4 -4 -2  2  6 10 14 16 17 17 17 17 17 17 17 17 17 17 16 14 11  818 422B21240 17999999999999999999999 2 5 -4999999999999999999999
  4  1 -2 -2 -2 -1  2  6  9 12 15 16 17 17 18 17 17 16 16 16 15 15 14 1218 423B214 7 18999999999999999999999 314 -3999999999999999999999
  9  6  3  1 -1 -1  0  2  5  8 12 14 16 17 17 17 16 15 14 13 13 13 14 1318 424B21348 17999999999999999999999 436 -1999999999999999999999
 12 10  7  5  3  1  1  1  3  5  8 12 14 16 16 16 15 14 12 11 10 10 11 1318 425B21356 16999999999999999999999 6 8  12018 1099999999999999
 14 13 12  9  7  4  3  2  2  3  6  9 12 15 16 15 14 12 10  8  7  7  8 1018 426B2 017 141414 1699999999999999 725  22041  799999999999999
 13 14 14 13 11  8  6  4  3  3  4  7 10 13 15 15 14 11  9  6  4  4  4  618 427B2 141 151435 1599999999999999 824  321 7  499999999999999
 10 13 15 16 14 12  9  7  5  4  5  6  9 12 15 16 15 12  8  5  3  1  1  318 428B2 248 161459 1699999999999999 911  42135  199999999999999
  6 10 14 16 17 16 13 10  8  6  6  7  9 12 14 16 16 14 10  6  2  0 -1  018 429B2 345 171524 1699999999999999 949  622 4 -199999999999999
  2  7 11 15 18 18 16 13 11  9  8  8 10 12 14 16 17 15 12  7  3  0 -2 -218 430B2 436 181547 17999999999999991021  82234 -299999999999999
  0  3  8 13 17 19 19 17 14 12 11 11 11 13 15 17 18 17 14 10  5  1 -2 -318 5 1B2 523 1916 8 18999999999999991046 1123 4 -399999999999999
 -2  1  5 10 15 18 20 19 17 15 13 13 13 14 16 17 18 18 16 13  8  3  0 -218 5 2B2 6 8 201623 189999999999999911 5 132337 -299999999999999
 -2  0  3  7 12 16 19 20 19 17 16 15 15 16 17 18 19 19 18 15 11  6  2  018 5 3B2 652 201632 19999999999999991122 15999999999999999999999
 -1 -1  2  5 10 14 17 19 20 19 17 17 17 17 18 19 20 20 19 17 13  9  5  218 5 4B2 738 201636 2099999999999999 011 -11139 1799999999999999
  0  0  1  4  7 11 15 18 19 19 18 18 18 18 18 19 20 20 19 18 15 12  8  518 5 5B2 831 191640 2099999999999999 049  01158 1899999999999999
  3  2  1  3  5  8 12 15 17 18 18 18 18 18 18 19 19 19 19 18 16 13 10  818 5 6B21643 19999999999999999999999 130  1999999999999999999999
  5  4  3  3  4  6  9 12 15 17 18 18 18 18 18 18 18 18 18 17 16 14 12 1018 5 7B21411 18999999999999999999999 219  3999999999999999999999
  7  6  4  4  4  5  7  9 12 14 16 17 17 18 17 17 17 16 16 15 15 14 12 1118 5 8B21235 18999999999999999999999 316  4999999999999999999999
  9  8  6  5  5  5  5  7  9 11 14 16 17 17 17 16 15 14 14 13 13 12 12 1118 5 9B21255 17999999999999999999999 427  5999999999999999999999
 11 10  8  7  6  5  5  6  7  9 12 14 16 16 16 15 14 13 12 11 10 10 11 1118 510B21313 162358 1199999999999999 548  52021 1099999999999999
 11 11 10  9  8  7  6  6  6  7 10 12 15 16 16 15 13 11 10  8  8  8  9 1018 511B21333 16999999999999999999999 659  62016  899999999999999
 12 12 12 12 10  9  8  7  6  7  8 11 14 16 16 15 13 11  8  6  5  5  6  818 512B2 130 131354 1699999999999999 757  62032  599999999999999
 11 13 14 14 14 12 10  9  8  7  8 10 13 15 17 16 14 11  8  5  3  2  3  618 513B2 234 151417 1799999999999999 845  72055  299999999999999
  9 13 16 17 17 16 14 12 10  9  9 11 13 16 18 18 16 13  9  5  2  0  0  218 514B2 329 171442 1899999999999999 929  92124  099999999999999
  6 11 15 18 20 20 18 16 14 12 12 12 14 16 19 20 19 16 11  6  2 -1 -2 -118 515B2 420 2015 8 20999999999999991010 122159 -299999999999999
  2  7 13 18 21 23 22 20 18 16 15 15 15 17 20 21 21 20 16 10  4  0 -3 -318 516B2 510 231538 22999999999999991050 152239 -399999999999999
 -1  3  9 15 20 23 24 24 21 19 18 18 18 19 21 22 23 23 20 15  8  2 -2 -318 517B2 6 1 2416 9 23999999999999991130 182324 -499999999999999
 -3 -1  4 10 16 21 25 25 24 23 21 21 20 21 21 23 24 25 23 20 14  7  2 -218 518B2 654 251642 25999999999999991211 20999999999999999999999
 -3 -2  0  5 11 17 22 25 25 24 23 23 22 22 22 23 24 25 25 23 19 13  7  318 519B2 751 251718 2599999999999999 013 -313 1 2299999999999999
  0 -2 -1  2  7 12 17 21 24 24 24 23 23 23 23 23 23 24 24 24 22 18 13  818 520B2 858 241759 2499999999999999 1 7 -21420 2399999999999999
  4  1  1  1  4  8 12 17 20 23 23 23 23 23 22 22 22 22 22 22 22 20 17 1318 521B21020 231852 2299999999999999 2 4  11613 2299999999999999
  9  6  4  3  4  6  9 12 16 19 21 22 22 22 21 21 20 19 19 19 20 20 19 1718 522B21132 222030 2099999999999999 3 6  31759 1999999999999999
 14 11  8  6  6  6  7 10 13 16 19 20 21 21 20 19 18 17 16 16 16 17 18 1818 523B21212 212239 1899999999999999 413  61856 1699999999999999
 17 15 12 10  9  8  8  9 11 13 16 19 20 20 19 18 16 15 13 12 12 13 14 1618 524B21241 20999999999999999999999 528  81937 1299999999999999
 17 17 16 14 12 11 10 10 11 12 15 17 19 20 19 18 15 13 11  9  8  9 10 1318 525B2 025 1713 7 2099999999999999 643 102012  899999999999999
 16 18 18 17 16 14 13 13 12 13 14 17 19 20 20 19 16 13 10  7  6  6  7 1018 526B2 150 181332 2099999999999999 746 122044  599999999999999
 13 16 19 20 19 18 16 15 15 15 15 17 19 20 21 20 18 14 10  7  5  4  4  618 527B2 3 1 201357 2199999999999999 834 142115  499999999999999
 10 14 18 20 21 20 19 18 17 17 17 18 19 21 22 22 20 17 12  8  5  3  3  418 528B2 358 211421 2299999999999999 9 8 172144  399999999999999
  7 12 16 20 22 23 22 20 19 19 19 19 20 22 23 23 22 19 15 11  7  4  2  318 529B2 446 231444 2399999999999999 932 192214  299999999999999
  5  9 14 19 23 24 24 23 22 21 21 21 22 23 24 25 24 22 19 14  9  5  3  318 530B2 529 2515 6 2599999999999999 951 212245  399999999999999
  4  7 12 17 22 25 26 25 24 23 22 22 23 24 25 26 26 24 21 17 12  8  5  318 531B2 6 9 261526 26999999999999991015 222318  399999999999999
  4  6 10 15 20 24 26 26 26 24 23 23 24 24 25 26 27 26 24 20 16 11  7  518 6 1B2 648 261546 27999999999999991042 232354  499999999999999
  4  5  8 12 17 21 25 26 26 25 24 24 24 25 25 26 27 26 25 22 18 14 10  718 6 2B2 728 2616 7 27999999999999991113 24999999999999999999999
  5  5  7 10 14 19 22 25 26 25 25 24 24 24 25 26 26 26 25 23 20 16 13  918 6 3B2 811 261630 2699999999999999 032  51150 2499999999999999
  7  6  7  9 12 16 19 22 24 25 24 24 23 23 24 24 25 25 24 23 21 18 15 1218 6 4B2 9 0 251653 2599999999999999 113  61244 2399999999999999
  9  8  7  8 10 13 16 19 22 23 24 23 23 22 22 22 22 23 22 22 21 19 16 1418 6 5B2 954 24999999999999999999999 155  7999999999999999999999
 11 10  9  8  9 11 14 17 19 21 22 22 22 21 21 20 20 20 20 20 19 18 17 1518 6 6B21043 22999999999999999999999 238  8999999999999999999999
 13 11 10 10 10 11 12 14 17 19 21 22 21 21 20 19 18 17 17 17 17 17 17 1618 6 7B21120 22999999999999999999999 325 10999999999999999999999
 15 13 12 11 11 11 12 13 15 17 19 21 21 20 19 18 16 15 14 14 14 15 16 1618 6 8B21150 212333 1699999999999999 419 1119 2 1499999999999999
 16 16 15 14 13 13 13 13 15 16 18 20 21 21 19 17 15 13 12 11 11 12 14 1618 6 9B21216 21999999999999999999999 530 131924 1199999999999999
 17 18 18 17 16 15 15 15 15 16 18 20 22 22 21 18 15 12 10  9  8  9 11 1418 610B2 116 181242 2299999999999999 650 151952  899999999999999
 17 19 20 20 20 19 18 18 17 18 19 21 22 23 23 21 17 13 10  7  6  6  8 1118 611B2 233 201310 2399999999999999 757 172024  699999999999999
 15 19 22 23 24 23 22 21 20 20 20 22 24 25 25 24 21 16 11  7  5  4  4  718 612B2 335 241341 2599999999999999 852 2021 2  499999999999999
 12 17 22 25 27 27 26 24 23 23 23 23 25 27 28 27 25 21 15  9  5  3  2  418 613B2 429 271417 2899999999999999 939 232144  299999999999999
  8 13 19 24 28 30 29 28 27 26 25 25 26 28 30 30 29 26 21 14  8  4  1  118 614B2 519 301457 30999999999999991022 252230  199999999999999
  4  9 15 21 27 30 31 31 29 28 27 27 27 28 30 32 32 30 26 20 13  7  3  118 615B2 6 7 311541 329999999999999911 3 272320  199999999999999
  2  5 10 16 23 28 31 32 31 30 29 28 28 29 30 31 33 33 30 26 20 13  7  418 616B2 656 321628 33999999999999991148 28999999999999999999999
  2  3  6 11 17 23 28 31 31 30 29 29 28 28 29 30 31 32 32 30 25 19 13  818 617B2 745 311719 3299999999999999 012  21246 2899999999999999
  5  4  5  8 13 19 24 28 30 30 29 28 27 27 27 27 28 30 30 30 28 24 19 1418 618B2 836 301816 3199999999999999 1 5  41357 2799999999999999
 10  7  6  7 10 15 19 24 27 28 28 27 26 26 25 25 25 26 27 28 27 26 23 1918 619B2 927 281924 2899999999999999 157  61517 2599999999999999
 15 12 10  9 10 13 16 20 23 26 27 27 26 24 23 22 22 21 22 23 24 24 24 2218 620B21014 272054 2499999999999999 248  91642 2199999999999999
 19 16 14 13 13 14 15 18 21 23 25 26 25 24 22 21 19 18 18 18 19 21 22 2218 621B21055 262242 2299999999999999 338 1318 0 1899999999999999
 21 20 18 17 16 16 17 18 20 22 24 25 25 24 22 20 18 16 15 14 15 16 18 2018 622B21130 25999999999999999999999 426 1619 0 1499999999999999
 21 21 21 20 19 19 19 19 20 22 23 25 25 25 23 20 18 15 13 12 11 12 15 1718 623B2 031 2212 0 2599999999999999 514 191946 1199999999999999
 20 22 23 22 22 22 22 22 22 23 24 25 26 26 24 22 19 16 13 11  9 10 11 1418 624B2 215 231226 2699999999999999 6 7 222024  999999999999999
 18 21 23 24 24 24 24 24 24 24 25 26 27 27 26 24 21 18 14 11  9  8  9 1218 625B2 342 251252 2799999999999999 7 6 242057  899999999999999
 16 20 23 25 26 27 26 26 26 26 26 27 28 28 28 27 24 21 16 13 10  8  8 1018 626B2 432 271318 2899999999999999 750 262127  899999999999999
 14 18 22 26 28 29 28 28 27 27 28 28 29 30 30 29 27 24 20 15 11  9  8  918 627B2 5 6 291347 3099999999999999 826 272158  899999999999999
 12 16 21 25 28 30 30 29 29 28 28 29 30 31 31 31 30 27 23 18 14 10  9  918 628B2 535 301419 3199999999999999 9 3 282230  899999999999999
 11 14 19 24 28 30 31 31 30 29 29 29 30 31 32 32 31 29 26 22 17 13 10  918 629B2 6 5 311452 3299999999999999 939 2923 5  999999999999999
 10 12 17 21 26 30 31 32 31 29 29 29 30 31 32 32 32 31 29 25 20 15 12 1018 630B2 635 321527 32999999999999991016 292341  999999999999999
  9 11 14 19 23 28 30 31 31 30 29 28 29 30 31 32 32 32 30 27 22 18 14 1118 7 1B2 7 7 3116 1 32999999999999991054 28999999999999999999999
 10 10 12 16 20 25 28 30 30 29 28 28 28 28 29 30 31 31 30 28 24 20 16 1318 7 2B2 740 301636 3199999999999999 018 101137 2899999999999999
 11 10 11 14 18 22 25 28 29 29 28 27 26 26 27 27 28 29 29 27 25 22 18 1518 7 3B2 815 291713 2999999999999999 055 101232 2699999999999999
 13 11 12 13 16 19 23 25 27 28 27 26 25 25 24 25 25 26 26 26 25 22 20 1718 7 4B2 850 281755 2699999999999999 130 111344 2499999999999999
 15 13 13 13 15 17 20 23 25 26 26 25 24 23 22 22 22 23 23 24 23 22 21 1918 7 5B2 925 271858 2499999999999999 2 2 1315 6 2299999999999999
 17 15 14 15 15 17 19 21 24 25 26 25 24 22 21 20 20 20 20 21 21 21 21 2018 7 6B2 958 262057 2199999999999999 229 141627 2099999999999999
 19 18 17 17 17 18 19 21 23 25 26 26 24 23 21 19 18 17 17 17 18 20 21 2118 7 7B21030 262317 2199999999999999 251 171737 1799999999999999
 21 20 20 20 20 20 21 22 23 24 26 26 26 24 21 19 17 15 14 14 15 17 19 2118 7 8B211 1 26999999999999999999999 313 201830 1499999999999999
 23 23 23 23 23 23 23 24 24 25 27 28 28 26 24 20 17 14 13 12 12 14 16 2018 7 9B21133 289999999999999999999991916 12999999999999999999999
 23 25 26 26 26 26 26 26 26 27 28 29 30 29 27 24 20 16 12 10  9 10 13 1618 710B21210 3099999999999999999999920 1  9999999999999999999999
 21 25 28 29 30 30 29 29 29 29 29 30 32 32 31 28 24 19 14 10  8  7  9 1218 711B2 4 6 301254 3299999999999999 826 292047  799999999999999
 17 23 27 31 32 33 32 31 31 31 31 32 33 34 34 33 30 25 19 13  9  6  6  818 712B2 446 331343 3499999999999999 917 312135  699999999999999
 13 18 24 30 33 35 34 33 33 32 32 32 33 35 36 36 35 31 25 18 12  8  6  618 713B2 523 351437 3799999999999999 956 322225  599999999999999
  8 13 20 26 31 35 36 35 34 32 32 32 33 34 36 38 38 36 31 25 17 11  7  618 714B2 6 1 361533 38999999999999991035 322316  699999999999999
  6  9 15 21 28 32 35 35 34 32 31 31 31 32 34 36 38 38 35 31 24 17 12  818 715B2 639 351630 38999999999999991121 31999999999999999999999
  7  8 11 17 23 29 33 34 34 32 31 30 29 30 31 33 35 36 36 34 29 23 17 1218 716B2 716 341728 3799999999999999 0 6  71218 2999999999999999
 10  9 10 14 19 24 29 32 33 32 30 28 28 27 27 28 30 32 34 34 32 27 22 1718 717B2 754 331829 3499999999999999 054  91322 2799999999999999
 14 12 12 14 17 21 26 29 31 31 30 28 26 25 24 24 25 27 29 30 31 29 26 2218 718B2 831 311936 3199999999999999 138 121430 2499999999999999
 19 16 15 16 17 20 23 27 29 30 29 28 26 24 23 22 22 22 24 25 27 27 27 2518 719B2 9 7 302056 2799999999999999 218 151545 2299999999999999
 22 20 19 19 20 21 23 25 27 29 29 28 26 24 22 20 19 19 19 20 22 24 25 2518 720B2 941 292238 2599999999999999 248 1917 8 1999999999999999
 24 23 23 22 23 23 24 26 27 28 29 28 27 25 23 21 19 17 16 16 18 20 22 2418 721B21012 29999999999999999999999 259 221822 1699999999999999
 25 25 25 25 25 26 26 27 28 28 29 29 28 27 24 22 19 17 15 14 15 16 19 2218 722B21040 299999999999999999999991918 14999999999999999999999
 24 26 27 27 28 28 28 29 29 29 30 30 30 29 27 24 21 18 16 14 13 14 16 1918 723B211 8 3099999999999999999999920 1 13999999999999999999999
 23 25 28 29 29 30 30 30 30 30 31 31 31 30 29 27 24 20 17 15 13 13 14 1718 724B21141 319999999999999999999992037 13999999999999999999999
 21 25 28 30 31 31 31 31 31 31 32 32 32 32 31 29 27 23 19 16 14 13 13 1518 725B21225 329999999999999999999992110 12999999999999999999999
 19 23 27 30 32 32 32 32 32 32 32 32 33 33 33 32 30 26 22 18 15 13 12 1418 726B2 511 321313 3399999999999999 8 8 322143 1299999999999999
 17 21 26 30 32 33 33 32 32 32 32 32 33 34 34 34 32 29 25 21 17 14 12 1318 727B2 523 3314 0 3499999999999999 851 322216 1299999999999999
 15 19 24 28 32 33 34 33 32 31 31 32 32 34 35 35 34 32 28 24 19 15 13 1218 728B2 543 341445 3599999999999999 929 312251 1299999999999999
 13 17 21 26 30 33 34 33 32 30 30 30 31 32 34 35 35 33 30 26 22 17 14 1218 729B2 6 6 341526 359999999999999910 6 302326 1299999999999999
 12 14 18 23 27 31 33 33 31 30 29 29 29 30 32 33 34 33 32 28 24 19 16 1318 730B2 631 3316 7 34999999999999991044 29999999999999999999999
 12 13 16 20 25 28 31 32 31 29 28 27 27 28 29 31 32 33 32 29 26 21 17 1518 731B2 657 321647 3399999999999999 0 0 121124 2799999999999999
 13 13 15 18 22 26 29 31 30 29 27 26 25 25 26 28 29 31 31 29 27 23 20 1718 8 1B2 723 311731 3199999999999999 032 131210 2599999999999999
 15 14 15 17 20 24 27 29 30 29 27 25 24 23 24 25 26 28 28 28 27 25 22 1918 8 2B2 750 301823 2999999999999999 1 0 1413 3 2399999999999999
 17 16 17 18 20 23 25 28 29 28 27 25 23 22 21 22 23 24 25 26 26 25 24 2118 8 3B2 817 291933 2699999999999999 123 1614 3 2199999999999999
 20 19 19 19 21 23 25 27 28 28 27 25 23 21 20 19 20 21 22 23 24 25 25 2418 8 4B2 843 282111 2599999999999999 134 191510 1999999999999999
 23 22 22 22 23 24 25 27 28 29 28 27 24 22 20 18 18 18 18 20 22 23 25 2518 8 5B2 911 29999999999999999999999 139 221624 1799999999999999
 25 25 25 25 26 26 27 28 29 29 30 29 27 24 21 18 17 16 15 16 18 20 23 2518 8 6B2 942 309999999999999999999991740 15999999999999999999999
 27 28 28 28 29 29 29 30 30 31 31 31 30 27 24 21 17 15 14 13 14 17 20 2318 8 7B21025 319999999999999999999991846 13999999999999999999999
 27 29 30 31 31 32 32 32 32 32 32 33 33 31 29 25 21 17 14 12 12 13 16 2018 8 8B21123 339999999999999999999991944 11999999999999999999999
 24 28 31 33 34 34 33 33 33 33 33 34 35 35 33 30 26 20 16 12 10 10 12 1518 8 9B2 441 341229 3599999999999999 843 332038 1099999999999999
 20 26 30 33 35 35 35 34 33 33 33 34 35 37 37 35 31 26 20 15 11  9  9 1118 810B2 442 351335 3799999999999999 915 332129  999999999999999
 16 22 27 32 35 36 35 34 33 32 32 33 34 36 38 38 37 32 26 20 14 10  8  918 811B2 5 4 361438 3999999999999999 943 322219  899999999999999
 12 17 23 29 33 36 36 34 32 31 30 31 32 34 37 39 39 37 33 26 19 14 10  918 812B2 532 361539 39999999999999991018 3023 6  999999999999999
 10 13 19 25 30 34 35 34 32 30 28 28 29 30 33 36 38 39 37 32 25 19 14 1118 813B2 6 2 351638 399999999999999911 0 282351 1199999999999999
 11 12 16 21 27 31 34 34 32 29 27 26 25 26 28 31 35 37 37 35 30 24 19 1518 814B2 632 341736 37999999999999991151 25999999999999999999999
 13 13 15 19 24 28 32 33 32 29 26 24 23 23 24 26 29 32 34 34 32 28 23 2018 815B2 7 3 331835 3599999999999999 033 131246 2399999999999999
 17 16 17 19 23 26 30 32 32 30 27 24 22 21 21 22 24 27 29 31 31 30 27 2418 816B2 733 321937 3199999999999999 1 9 161345 2199999999999999
 21 20 20 21 23 26 28 30 31 30 28 25 23 21 20 19 20 22 24 26 28 29 28 2618 817B2 8 0 312051 2999999999999999 137 201450 1999999999999999
 25 24 23 24 25 27 28 30 30 30 29 27 24 22 20 19 18 19 20 22 24 26 27 2718 818B2 822 302238 2799999999999999 146 2316 5 1899999999999999
 27 26 26 27 27 28 29 30 30 30 30 28 26 24 21 20 18 17 17 18 20 22 24 2618 819B2 833 30999999999999999999999 116 261729 1799999999999999
 27 28 28 29 30 30 31 31 31 31 30 29 28 26 24 21 19 18 17 16 17 19 22 2518 820B2 751 319999999999999999999991839 16999999999999999999999
 27 28 30 30 31 31 32 32 32 31 31 31 30 28 26 24 21 19 17 16 16 17 20 2318 821B2 629 329999999999999999999991931 16999999999999999999999
 26 28 30 31 32 32 32 32 32 32 32 31 31 30 29 26 24 21 18 16 15 16 17 2118 822B2 611 329999999999999999999992013 15999999999999999999999
 24 27 30 32 32 32 32 32 32 32 32 32 32 32 31 29 27 23 20 17 15 15 16 1818 823B2 440 339999999999999999999992050 15999999999999999999999
 22 26 29 32 33 33 32 31 31 31 31 32 32 33 33 31 29 26 22 18 16 14 14 1618 824B2 433 331312 3399999999999999 845 312125 1499999999999999
 20 24 28 31 33 33 32 31 30 30 30 31 32 33 33 33 31 29 25 20 17 14 14 1418 825B2 444 3314 6 3399999999999999 9 1 302159 1499999999999999
 17 21 26 29 32 33 32 30 29 28 28 29 30 32 33 34 33 31 27 23 18 15 13 1318 826B2 5 1 331452 3499999999999999 929 282233 1399999999999999
 15 19 23 27 31 32 32 30 28 27 26 27 28 30 32 33 33 32 29 25 21 17 14 1318 827B2 521 321536 339999999999999910 0 2623 6 1399999999999999
 14 17 21 25 29 31 31 30 28 25 24 24 25 27 29 32 33 33 31 27 23 19 16 1418 828B2 542 311619 33999999999999991033 242337 1499999999999999
 14 15 19 23 27 30 31 30 27 25 23 22 23 24 26 29 31 32 31 29 25 21 18 1618 829B2 6 4 3117 3 329999999999999911 7 22999999999999999999999
 15 16 18 21 25 28 30 30 28 25 22 21 20 21 23 26 28 30 31 30 27 24 20 1818 830B2 627 301751 3199999999999999 0 6 151145 2099999999999999
 17 17 18 21 24 27 29 29 28 25 22 20 19 19 20 22 25 27 29 29 28 26 23 2118 831B2 649 291847 2999999999999999 031 171227 1999999999999999
 20 20 20 22 24 26 28 29 29 26 23 20 18 17 18 19 21 24 26 28 28 27 26 2418 9 1B2 710 291953 2899999999999999 045 201318 1799999999999999
 23 23 23 24 25 27 28 29 29 28 25 22 19 17 16 17 18 20 22 25 26 27 27 2618 9 2B2 730 292122 2799999999999999 045 231418 1699999999999999
 26 26 26 27 27 28 29 30 30 29 27 25 21 19 17 16 16 17 18 21 23 25 27 2818 9 3B2 749 30999999999999999999999 040 261532 1699999999999999
 28 28 29 29 30 30 30 31 31 31 30 28 25 22 19 17 15 15 15 17 19 22 25 2718 9 4B2 8 8 319999999999999999999991659 15999999999999999999999
 29 30 31 31 32 32 32 31 31 31 31 31 29 26 23 19 17 15 14 14 15 18 21 2518 9 5B2 7 6 329999999999999999999991824 14999999999999999999999
 28 30 32 32 33 33 32 32 32 32 32 32 32 30 27 24 20 16 14 12 12 14 17 2118 9 6B2 436 3311 5 3299999999999999 831 321933 1299999999999999
 25 29 32 33 33 33 32 32 31 31 31 33 34 34 32 29 25 20 16 13 11 11 13 1718 9 7B2 357 331234 3499999999999999 848 312031 1199999999999999
 22 26 30 33 33 33 32 31 30 29 30 31 33 35 35 34 30 26 20 15 12 10 11 1318 9 8B2 4 2 331346 3599999999999999 9 7 292121 1099999999999999
 18 23 28 31 33 33 31 29 28 27 27 28 30 33 36 37 35 31 26 20 15 12 11 1118 9 9B2 422 331451 3799999999999999 931 2722 8 1199999999999999
 14 19 25 29 32 33 31 28 26 24 24 24 26 30 33 36 37 35 31 25 19 15 12 1218 910B2 446 331550 379999999999999910 3 242251 1299999999999999
 13 17 22 27 30 32 31 29 25 23 21 21 22 25 29 33 36 37 35 30 24 19 16 1418 911B2 513 321647 37999999999999991042 212330 1499999999999999
 14 16 20 24 29 31 32 30 26 22 20 19 19 20 24 28 32 35 35 33 29 24 20 1718 912B2 541 321742 35999999999999991125 18999999999999999999999
 17 17 20 23 27 30 31 30 27 23 20 18 17 17 19 23 27 30 33 33 31 27 24 2118 913B2 6 7 311836 3399999999999999 0 5 171211 1799999999999999
 20 20 21 23 26 29 30 30 28 25 21 18 17 16 17 19 22 26 29 31 31 29 27 2418 914B2 631 311934 3199999999999999 033 2013 0 1699999999999999
 23 23 24 25 27 29 30 30 29 27 23 20 18 16 16 17 19 21 24 27 28 29 28 2718 915B2 647 302042 2999999999999999 049 231353 1699999999999999
 26 26 26 27 28 29 30 30 29 28 25 22 20 18 17 16 17 18 20 23 25 27 28 2818 916B2 649 30999999999999999999999 042 261454 1699999999999999
 28 28 28 29 30 30 30 30 30 29 27 25 22 20 19 17 17 17 18 20 22 24 26 2718 917B2 610 309999999999999999999991611 17999999999999999999999
 28 29 29 30 31 31 31 30 30 29 28 26 25 23 21 19 18 17 17 18 19 21 24 2618 918B2 524 319999999999999999999991739 17999999999999999999999
 28 29 30 31 31 31 31 30 30 29 28 28 27 25 23 21 19 18 17 16 17 19 21 2418 919B2 5 2 319999999999999999999991849 16999999999999999999999
 27 29 30 31 31 30 30 30 29 29 29 28 28 27 26 24 21 19 17 16 16 17 19 2218 920B2 347 319999999999999999999991941 16999999999999999999999
 25 28 29 30 30 30 29 28 28 28 28 28 28 28 28 26 24 21 18 16 15 15 17 1918 921B2 328 301217 2899999999999999 913 282024 1599999999999999
 23 26 29 30 30 29 28 27 26 26 26 27 28 29 29 28 26 23 20 17 15 14 15 1718 922B2 334 301327 2999999999999999 849 2621 2 1499999999999999
 20 24 27 29 29 29 27 25 24 24 24 25 27 29 29 29 28 25 22 18 15 14 13 1518 923B2 348 291419 2999999999999999 859 242137 1399999999999999
 18 22 26 28 29 28 26 24 22 21 22 23 25 27 29 30 29 27 24 20 17 14 13 1418 924B2 4 5 2915 5 3099999999999999 921 212211 1399999999999999
 16 20 24 27 28 28 26 24 21 19 19 20 22 25 28 30 30 29 26 22 19 16 14 1418 925B2 425 291548 3099999999999999 947 192243 1499999999999999
 15 18 22 25 28 28 27 24 20 18 17 17 19 22 25 29 30 30 29 25 21 18 16 1518 926B2 445 281632 30999999999999991015 172314 1599999999999999
 15 17 21 24 27 28 27 24 21 17 15 15 16 19 22 26 29 31 30 28 24 21 18 1718 927B2 5 6 281718 31999999999999991046 152342 1799999999999999
 17 18 20 24 26 28 28 26 22 18 15 14 14 15 19 23 27 29 30 30 27 24 21 2018 928B2 527 2818 7 30999999999999991121 13999999999999999999999
 20 20 21 24 26 28 28 27 24 19 16 13 12 13 15 19 23 26 29 30 29 27 25 2318 929B2 547 2919 1 3099999999999999 0 6 2012 2 1299999999999999
 23 23 23 25 27 28 29 28 26 22 18 14 12 12 13 15 19 22 26 28 29 28 27 2618 930B2 6 6 2920 6 2999999999999999 016 231250 1299999999999999
 25 26 26 27 28 29 29 29 28 25 21 17 14 12 12 13 15 18 21 25 27 28 28 281810 1B2 622 292135 2899999999999999 0 7 251348 122355 289999999
 28 28 28 29 29 29 30 30 29 27 24 21 17 15 13 13 13 15 17 20 23 26 27 281810 2B2 628 3099999999999999999999915 0 13999999999999999999999
 29 29 30 30 30 30 30 30 29 29 27 25 22 18 16 14 13 13 14 16 19 22 25 271810 3B2 355 309999999999999999999991630 13999999999999999999999
 29 29 30 30 30 30 30 29 29 29 28 28 26 23 20 17 15 13 12 13 15 17 21 241810 4B2 334 3099999999999999999999918 5 12999999999999999999999
 27 29 30 30 30 29 28 28 27 27 28 29 29 27 25 21 18 15 13 12 12 14 17 211810 5B2 258 301123 2999999999999999 815 271921 1299999999999999
 24 27 29 29 29 28 27 26 25 25 26 28 29 30 29 26 23 19 15 13 11 12 14 171810 6B2 251 291253 3099999999999999 829 252020 1199999999999999
 21 25 28 29 28 27 25 23 22 22 22 25 28 30 31 30 27 23 19 15 13 12 12 151810 7B2 3 6 2914 3 3199999999999999 850 2221 9 1299999999999999
 19 23 26 28 28 26 24 21 19 18 19 21 24 28 31 32 31 28 23 19 15 13 13 141810 8B2 328 2915 5 3299999999999999 916 182152 1399999999999999
 17 21 25 28 28 27 24 20 17 15 15 16 19 24 28 31 33 31 28 23 19 16 15 151810 9B2 353 2816 1 3399999999999999 948 152230 1499999999999999
 16 20 23 27 28 28 25 21 17 14 13 13 15 19 24 28 32 33 31 27 23 19 17 17181010B2 419 281654 33999999999999991024 1323 5 1799999999999999
 17 19 23 26 28 29 27 23 18 14 12 11 12 15 19 24 29 31 32 30 27 23 21 20181011B2 445 291745 329999999999999911 1 112334 1999999999999999
 20 21 23 26 28 29 28 25 21 16 13 11 11 12 15 20 24 28 31 31 29 26 24 23181012B2 5 7 291835 31999999999999991141 112354 2299999999999999
 22 23 24 26 28 29 29 27 23 19 15 12 11 11 13 16 20 24 28 30 30 28 26 25181013B2 524 291927 30999999999999991221 11999999999999999999999
 25 25 26 27 28 29 29 28 25 21 18 15 13 12 13 14 17 21 24 27 28 28 27 27181014B2 530 292028 2899999999999999 0 3 2513 5 1299999999999999
 26 27 27 28 29 29 29 28 26 23 20 17 15 14 13 14 16 18 21 24 26 27 27 27181015B2 518 29999999999999999999999 0 2 261354 1399999999999999
 27 28 28 28 29 29 29 28 27 25 22 20 18 16 15 14 15 16 18 20 23 25 26 27181016B2 451 299999999999999999999991455 14999999999999999999999
 27 28 28 28 29 29 28 27 26 25 23 22 20 18 17 16 15 15 16 18 20 22 24 26181017B2 430 299999999999999999999991614 15999999999999999999999
 27 27 28 28 28 27 27 26 26 25 24 23 22 20 19 17 16 15 15 16 17 19 22 24181018B2 242 289999999999999999999991744 15999999999999999999999
 26 27 27 27 26 26 25 24 24 24 23 23 23 22 21 19 17 16 15 14 15 17 19 22181019B2 2 8 279999999999999999999991855 14999999999999999999999
 24 25 26 26 25 24 23 22 22 22 22 23 23 23 22 21 19 17 15 14 14 14 16 19181020B2 213 261227 2399999999999999 839 221948 1499999999999999
 22 24 25 25 24 23 21 20 19 19 20 21 22 23 23 23 21 19 16 14 13 13 14 17181021B2 226 251337 2399999999999999 829 192032 1399999999999999
 20 23 24 25 24 22 20 18 16 16 17 19 21 23 24 24 23 21 18 16 14 13 13 15181022B2 243 251428 2499999999999999 842 162110 1399999999999999
 18 21 24 25 24 22 19 16 14 14 14 16 19 22 24 25 25 23 20 18 15 14 14 15181023B2 3 1 251513 2599999999999999 9 3 142145 1399999999999999
 17 20 23 25 24 22 19 15 13 11 11 13 16 20 24 26 27 26 23 20 18 16 15 15181024B2 322 251558 2799999999999999 928 112219 1599999999999999
 17 20 23 25 25 24 20 16 12 10  9 10 13 17 22 25 28 28 26 24 21 18 17 17181025B2 343 251642 2899999999999999 956  92251 1799999999999999
 18 20 23 25 26 25 22 18 13  9  8  8 10 13 18 23 27 29 29 27 24 21 20 19181026B2 4 6 261728 29999999999999991028  72323 1999999999999999
 19 21 23 25 27 27 25 21 15 10  7  6  7 10 14 19 24 28 30 29 27 25 23 22181027B2 429 271817 309999999999999911 5  62350 2299999999999999
 22 22 24 26 27 28 27 24 19 13  9  7  6  7 10 15 20 25 28 30 29 27 26 25181028B2 453 281911 30999999999999991148  6999999999999999999999
 24 25 25 26 28 29 28 26 22 17 12  9  7  6  8 11 16 20 24 27 29 28 27 27181029B2 516 292015 2999999999999999 0 1 241238  62349 269999999
 26 26 27 27 28 29 29 28 25 21 17 12  9  8  7  9 12 15 20 23 26 27 28 27181030B2 539 299999999999999999999991335  7999999999999999999999
 27 27 28 28 28 28 28 28 27 24 21 17 13 10  9  9 10 12 15 18 22 24 26 27181031B2 554 289999999999999999999991444  9999999999999999999999
 27 27 27 27 27 27 26 26 26 25 24 21 18 15 12 10 10 10 12 14 17 20 23 251811 1B2 214 2799999999999999999999916 6 10999999999999999999999
 26 26 26 26 26 25 24 24 24 24 24 23 22 19 16 14 12 11 11 12 14 16 20 221811 2B2 125 269999999999999999999991738 11999999999999999999999
 24 25 25 25 24 23 21 21 20 21 22 24 24 23 21 18 15 13 12 11 12 14 16 201811 3B2 126 251143 2499999999999999 739 2019 0 1199999999999999
 22 24 24 24 22 20 19 17 17 17 19 21 24 25 24 22 19 16 14 13 12 13 15 181811 4B2 144 241310 2599999999999999 8 4 1720 2 1299999999999999
 21 23 24 23 21 19 16 14 13 13 15 17 21 24 26 25 23 20 17 15 14 13 14 161811 5B2 2 6 241419 2699999999999999 833 132052 1399999999999999
 19 22 24 24 22 19 15 12 10 10 10 13 17 21 25 27 26 24 21 18 16 15 15 161811 6B2 230 241518 2799999999999999 9 3 102133 1599999999999999
 19 22 24 24 23 20 16 12  9  7  7  9 13 18 23 26 28 27 25 21 19 17 17 171811 7B2 256 241612 2899999999999999 936  722 8 1799999999999999
 19 21 24 25 25 23 19 14 10  7  6  6  9 14 19 24 27 29 27 25 22 20 19 191811 8B2 322 2517 1 299999999999999910 9  62236 1999999999999999
 20 22 24 26 26 25 21 17 12  8  6  5  7 10 15 21 25 28 29 27 25 23 22 211811 9B2 347 261748 29999999999999991043  52257 2199999999999999
 22 23 24 26 27 26 24 20 15 10  7  6  6  8 12 17 22 26 28 29 27 25 24 23181110B2 4 8 271833 29999999999999991118  52313 2399999999999999
 23 24 25 26 27 27 25 22 18 13  9  7  6  7 10 14 19 23 27 28 28 26 25 24181111B2 423 271919 28999999999999991155  62329 2499999999999999
 24 25 26 27 27 27 26 24 20 16 12  9  8  8  9 12 16 20 24 26 27 27 26 25181112B2 431 2720 9 27999999999999991233  82348 2599999999999999
 25 25 26 26 27 27 26 25 22 19 15 12 10  9  9 11 13 17 20 23 25 26 25 25181113B2 433 272112 26999999999999991316  9999999999999999999999
 25 25 25 26 26 26 26 24 23 20 17 14 12 11 10 10 12 14 17 20 22 24 24 24181114B2 434 26999999999999999999999 014 2514 4 1099999999999999
 24 24 24 24 24 24 24 23 22 20 18 16 14 12 11 11 11 12 14 17 19 21 22 23181115B2 135 2499999999999999999999915 2 11999999999999999999999
 23 23 23 23 22 22 22 21 20 20 18 17 16 14 13 12 11 12 13 14 16 18 20 21181116B2 0 1 239999999999999999999991614 11999999999999999999999
 22 22 22 21 20 20 19 18 18 18 18 17 16 16 14 13 12 12 12 12 14 16 18 20181117B2 030 229999999999999999999991738 12999999999999999999999
 21 21 21 20 18 17 16 15 15 15 16 17 17 17 16 15 14 13 12 12 12 14 16 18181118B2 051 211210 1799999999999999 759 151852 1299999999999999
 20 20 20 19 17 15 14 12 12 13 14 15 17 17 17 17 16 14 13 12 12 13 14 17181119B2 111 201334 1899999999999999 758 121949 1299999999999999
 19 20 20 19 17 14 12 10  9  9 11 13 16 18 19 19 18 17 15 14 13 13 14 16181120B2 132 201432 1999999999999999 816  92036 1399999999999999
 18 20 21 20 17 14 11  8  7  7  8 11 14 17 20 21 21 20 18 16 15 14 15 16181121B2 154 211521 2199999999999999 840  62117 1499999999999999
 18 20 22 21 19 16 11  8  5  4  5  7 11 16 20 22 23 23 21 19 18 17 16 17181122B2 218 2216 7 2399999999999999 9 8  42155 1699999999999999
 19 21 23 23 21 18 13  9  5  3  2  4  8 13 18 22 25 26 25 23 21 19 19 19181123B2 244 231652 2699999999999999 940  22231 1899999999999999
 20 21 23 25 24 21 17 11  6  2  1  1  4  9 14 20 24 27 27 26 24 22 21 21181124B2 313 251738 27999999999999991017  123 5 2199999999999999
 21 22 24 26 26 25 21 15  9  4  1  0  1  5 10 16 22 26 28 28 26 24 23 23181125B2 344 261826 28999999999999991058  02337 2399999999999999
 23 23 25 26 27 27 25 20 14  8  3  1  0  2  5 11 17 22 26 28 27 26 25 24181126B2 418 271918 28999999999999991145  0999999999999999999999
 24 24 25 26 27 28 27 24 19 13  7  3  1  1  3  7 12 17 22 25 27 26 25 25181127B2 454 282015 2799999999999999 0 3 241236  199999999999999
 24 24 24 25 26 27 27 25 22 18 12  8  4  3  2  4  8 12 17 21 24 25 25 24181128B2 535 272121 2599999999999999 036 241331  299999999999999
 24 24 23 23 24 24 25 25 23 21 17 13  9  6  4  4  6  9 12 16 20 22 23 23181129B2 626 252233 2399999999999999 247 231431  499999999999999
 23 22 22 21 21 21 21 22 22 21 19 17 13 10  8  7  7  8 10 12 16 18 20 21181130B2 749 222327 2199999999999999 445 211536  699999999999999
 21 21 20 19 18 17 17 17 18 19 19 18 17 14 12 10  9  9  9 11 13 15 18 201812 1B2 954 19999999999999999999999 6 9 171652  999999999999999
 20 20 19 17 16 14 13 13 13 15 16 18 18 17 16 14 12 11 11 11 12 14 16 181812 2B2 0 4 201151 1899999999999999 7 1 131817 1199999999999999
 19 20 18 16 14 12 10  9  9 10 12 15 17 19 18 17 16 14 13 13 13 14 15 171812 3B2 035 201324 1999999999999999 742  91933 1399999999999999
 19 20 19 17 14 11  8  6  5  6  8 11 15 18 20 20 19 17 16 15 15 15 15 171812 4B2 1 3 201439 2099999999999999 819  52032 1599999999999999
 19 20 20 19 16 12  8  5  3  3  4  7 11 16 19 21 21 20 19 18 17 16 17 181812 5B2 131 201541 2199999999999999 854  32115 1699999999999999
 19 21 21 20 18 14 10  6  3  1  2  4  8 13 17 21 23 23 22 20 19 18 18 191812 6B2 159 211630 2399999999999999 927  12146 1899999999999999
 20 21 22 22 21 17 13  8  4  2  1  2  5 10 15 20 23 24 24 22 21 20 20 201812 7B2 227 221713 2499999999999999 959  122 5 2099999999999999
 21 22 23 24 23 20 16 11  6  3  1  1  3  7 12 17 22 25 25 24 23 21 21 211812 8B2 254 241752 25999999999999991031  12221 2199999999999999
 21 22 24 24 24 23 19 15 10  5  2  1  2  5  9 15 20 23 25 25 24 23 22 211812 9B2 320 241830 269999999999999911 5  12242 2199999999999999
 22 23 24 25 25 24 22 18 13  8  4  2  2  4  7 12 17 21 24 25 25 23 22 22181210B2 344 2519 7 25999999999999991139  223 9 2199999999999999
 22 22 23 24 25 24 23 20 16 11  7  4  3  3  5  9 13 18 21 23 24 23 22 21181211B2 4 7 251946 24999999999999991216  32342 2199999999999999
 21 21 22 23 24 24 23 20 17 13  9  6  4  4  5  7 10 14 18 21 22 22 21 20181212B2 429 242027 22999999999999991253  4999999999999999999999
 20 20 20 21 22 22 21 20 18 15 11  8  6  5  5  6  8 11 15 18 20 20 20 19181213B2 453 222112 2099999999999999 025 201332  499999999999999
 19 18 18 19 19 19 19 18 17 15 12 10  7  6  5  6  7  9 12 14 17 18 19 18181214B2 517 192158 1999999999999999 133 181410  599999999999999
 17 17 16 16 16 16 16 16 15 14 12 11  9  8  7  6  7  8 10 12 14 16 17 17181215B22240 179999999999999999999991450  6999999999999999999999
 17 16 15 14 13 13 13 13 13 12 12 11 10  9  8  8  8  8  9 11 12 14 15 16181216B22316 169999999999999999999991533  8999999999999999999999
 16 15 14 12 11 10 10  9 10 10 11 11 11 11 10 10  9  9 10 10 11 13 14 16181217B21126 112347 1699999999999999 650  91640  999999999999999
 16 15 14 12 10  8  7  6  6  7  9 10 12 12 12 12 12 11 11 11 12 13 14 15181218B21334 12999999999999999999999 715  61839 1199999999999999
 16 16 14 12  9  7  5  4  3  4  6  9 11 13 14 15 15 14 14 13 13 13 14 16181219B2 016 161454 1599999999999999 743  31958 1399999999999999
 17 17 16 14 11  7  4  2  1  1  3  6 10 14 16 17 18 17 16 16 15 15 15 17181220B2 045 171544 1899999999999999 815  12054 1599999999999999
 18 19 19 17 13  9  5  1 -1 -2  0  3  7 12 16 19 20 20 20 19 18 17 17 18181221B2 118 191625 2199999999999999 850 -22139 1799999999999999
 19 21 21 20 17 13  7  2 -1 -3 -3 -1  3  9 15 19 22 23 23 21 20 19 19 19181222B2 154 2117 6 2399999999999999 928 -42217 1999999999999999
 20 22 23 23 21 17 12  6  0 -3 -5 -4 -1  4 11 17 21 24 25 24 22 21 20 20181223B2 235 231747 25999999999999991011 -52251 2099999999999999
 20 22 24 25 24 22 17 11  4 -1 -5 -6 -4  0  6 12 18 23 25 25 23 22 21 20181224B2 319 251828 25999999999999991056 -62323 2099999999999999
 21 21 23 25 26 25 22 17 10  3 -2 -5 -5 -3  1  7 13 19 23 24 24 22 21 20181225B2 4 6 261911 24999999999999991145 -5999999999999999999999
 20 20 21 23 25 25 24 21 15  9  3 -2 -4 -4 -2  2  8 14 19 22 23 22 20 19181226B2 457 251955 2399999999999999 0 0 201234 -499999999999999
 19 18 19 20 22 23 24 22 19 14  8  3 -1 -2 -2  0  4  9 14 18 20 20 19 18181227B2 551 242039 2099999999999999 054 181324 -299999999999999
 17 16 16 16 17 19 20 21 20 17 13  8  4  1  0  1  3  6 10 14 17 18 18 17181228B2 653 212122 1899999999999999 2 7 161412  099999999999999
 16 14 14 13 13 14 15 16 17 17 15 12  8  6  4  4  4  6  8 11 14 16 17 16181229B2 812 1722 4 1799999999999999 331 131458  499999999999999
 15 13 12 11 10  9 10 11 12 13 14 13 12 10  8  7  7  7  9 10 12 14 15 16181230B2 956 142243 1699999999999999 5 1  91542  799999999999999
 15 13 11  9  7  6  5  6  7  9 11 12 12 12 11 10 10 10 10 11 12 13 15 15181231B21156 122319 1599999999999999 621  51622 1099999999999999
