 25 25 25 22 18 13  8  3  0 -1  1  4  9 15 19 23 25 25 24 23 22 22 22 2418 1 1B5 1 4 251639 2599999999999999 853 -12051 2299999999999999
 26 27 28 27 24 19 13  6  1 -1 -2  0  4 10 16 21 25 26 26 25 23 22 22 2318 1 2B5 153 281721 2699999999999999 942 -22135 2299999999999999
 25 27 29 30 28 25 19 12  6  1 -2 -2  0  5 11 17 22 25 26 25 24 22 22 2218 1 3B5 247 301758 26999999999999991032 -22217 2199999999999999
 23 25 28 30 30 29 24 18 11  5  0 -2 -1  2  7 13 18 22 25 25 24 22 20 2018 1 4B5 341 301835 25999999999999991121 -223 2 2099999999999999
 20 22 24 27 29 29 27 23 17 10  5  1 -1  0  3  8 14 19 22 23 23 21 19 1818 1 5B5 436 291910 239999999999999912 8 -12354 1799999999999999
 17 18 20 23 25 27 27 25 20 15  9  5  2  1  2  6 10 15 19 21 21 20 18 1618 1 6B5 530 271946 21999999999999991252  1999999999999999999999
 15 15 16 17 20 22 23 23 21 17 13  8  5  3  3  5  8 12 15 18 19 19 18 1618 1 7B5 624 232022 2099999999999999 054 151332  399999999999999
 14 13 12 13 14 16 18 19 18 17 14 11  8  6  5  6  8 10 13 16 18 18 17 1618 1 8B5 724 192059 1899999999999999 2 5 1214 6  599999999999999
 14 12 11 10 10 11 12 13 14 14 14 12 10  9  8  8  9 10 12 14 16 17 17 1618 1 9B5 842 142137 1799999999999999 330 101433  899999999999999
 15 13 11  9  8  7  8  8 10 11 11 12 11 11 10 10 10 11 12 14 15 16 17 1718 110B51049 122217 1799999999999999 5 9  71446 1099999999999999
 16 14 12 10  8  6  5  5  6  7  9 10 11 12 12 12 12 13 13 14 15 16 17 1718 111B52257 17999999999999999999999 633  5999999999999999999999
 17 16 14 11  9  6  4  3  3  4  6  8 11 12 13 14 14 15 15 15 16 17 17 1818 112B52335 18999999999999999999999 729  3999999999999999999999
 18 17 16 13 10  7  5  3  2  2  4  7 10 12 14 16 16 16 16 16 17 17 18 1918 113B59999999999999999999999999999 8 8  2999999999999999999999
 19 19 18 16 13  9  6  3  2  1  3  5  8 12 15 17 18 18 18 17 18 18 19 2018 114B5 012 19999999999999999999999 841  1999999999999999999999
 20 21 20 18 16 12  8  5  2  1  1  4  7 11 14 17 19 19 19 18 18 18 19 2018 115B5 050 211659 1999999999999999 911  12014 1899999999999999
 21 22 22 21 18 15 11  6  3  1  1  2  5  9 13 17 19 20 20 19 18 18 18 1918 116B5 129 221713 2099999999999999 941  12054 1899999999999999
 21 22 23 22 20 17 13  9  4  1  0  1  3  7 12 16 18 20 20 19 18 17 17 1818 117B5 2 9 231731 20999999999999991012  02133 1799999999999999
 19 21 22 23 22 19 16 11  6  2  0  0  1  5  9 13 17 19 20 19 17 16 15 1618 118B5 250 231753 20999999999999991043  02213 1599999999999999
 17 19 21 22 22 20 17 13  8  4  0 -1  0  2  6 11 15 18 19 19 17 15 14 1418 119B5 330 221817 19999999999999991115 -12256 1499999999999999
 14 16 18 20 21 20 18 14 10  5  1 -1 -1  0  3  8 12 15 18 18 17 15 13 1218 120B5 4 9 211845 18999999999999991145 -12340 1299999999999999
 12 13 14 17 18 19 18 15 11  7  3  0 -1 -1  1  5  9 13 16 17 16 15 13 1118 121B5 448 191913 17999999999999991214 -1999999999999999999999
 10 10 11 13 15 16 16 15 12  8  4  1  0 -1  1  3  7 10 13 15 16 14 12 1018 122B5 530 161942 1699999999999999 026 101242 -199999999999999
  9  8  8 10 11 13 14 14 12 10  6  4  2  1  1  3  6  9 12 14 15 14 13 1018 123B5 618 1420 9 1599999999999999 114  813 7  199999999999999
  8  7  6  7  8 10 11 12 12 10  9  6  5  4  4  5  6  9 11 13 14 14 13 1118 124B5 720 122035 1499999999999999 2 7  61329  399999999999999
  9  7  5  5  5  6  8  9 10 10 10  9  8  7  7  7  8 10 12 13 14 15 14 1318 125B5 854 102059 1599999999999999 3 9  51346  799999999999999
 11  8  6  4  3  3  4  6  8  9 10 11 11 11 11 11 12 12 13 14 15 16 16 1518 126B52130 16999999999999999999999 424  3999999999999999999999
 13 11  8  5  3  2  2  2  4  6  9 11 13 14 14 15 15 15 16 16 17 18 18 1818 127B52217 18999999999999999999999 543  1999999999999999999999
 17 15 12  8  5  2  0  0  0  3  6  9 12 15 17 18 18 18 18 18 18 19 20 2018 128B52325 20999999999999999999999 653  0999999999999999999999
 20 19 16 13  9  4  1 -2 -2 -1  2  6 10 14 17 19 20 20 20 19 19 20 20 2218 129B51631 20999999999999999999999 753 -21958 1999999999999999
 23 23 21 19 14  9  4  0 -3 -4 -2  1  6 11 16 19 21 22 21 20 19 19 20 2118 130B5 038 231646 2299999999999999 848 -42045 1999999999999999
 23 24 25 23 20 15  9  3 -1 -4 -4 -2  2  7 13 18 20 22 21 20 18 17 17 1918 131B5 146 2517 9 2299999999999999 940 -52127 1799999999999999
 21 23 25 26 25 21 15  9  2 -2 -5 -4 -2  3  9 14 18 21 21 19 17 16 15 1518 2 1B5 249 261734 21999999999999991027 -52211 1599999999999999
 17 20 23 25 26 24 20 14  7  2 -3 -4 -3  0  5 11 15 19 20 19 16 14 12 1218 2 2B5 348 2618 0 20999999999999991111 -42257 1299999999999999
 12 15 18 22 24 24 22 18 12  6  1 -2 -3 -1  2  7 12 16 18 18 16 13 11  918 2 3B5 443 241827 18999999999999991151 -32347  999999999999999
  9 10 12 16 19 21 21 19 15 10  5  1 -1 -1  1  5 10 14 16 17 16 13 10  818 2 4B5 536 211854 17999999999999991226 -1999999999999999999999
  6  6  7 10 13 16 17 17 15 12  8  4  2  1  2  5  8 12 14 16 16 14 11  818 2 5B5 629 181920 1699999999999999 039  61255  199999999999999
  6  4  4  5  8 10 12 13 13 12  9  6  4  3  4  5  8 11 13 15 15 14 12  918 2 6B5 725 141945 1599999999999999 136  41316  399999999999999
  6  4  3  3  4  5  7  9 10 10  9  8  6  6  6  7  8 11 12 14 14 14 13 1018 2 7B5 834 1020 6 1499999999999999 240  31323  699999999999999
  8  6  4  3  2  3  4  5  6  7  8  8  8  8  8  9 10 11 13 14 14 14 13 1218 2 8B52024 14999999999999999999999 359  2999999999999999999999
 10  8  5  4  2  1  1  2  3  5  6  7  8  9 10 11 11 12 13 14 14 15 14 1318 2 9B52041 15999999999999999999999 534  1999999999999999999999
 12 10  8  6  3  2  1  0  1  2  4  6  8 10 11 12 13 14 14 15 15 15 15 1518 210B52115 15999999999999999999999 649  0999999999999999999999
 14 12 10  8  6  3  1  0  0  1  3  5  8 10 12 13 14 14 15 15 15 15 16 1618 211B52248 16999999999999999999999 740  0999999999999999999999
 15 15 13 11  8  5  2  0 -1 -1  1  3  7 10 12 14 15 15 15 15 15 15 16 1618 212B59999999999999999999999999999 820 -1999999999999999999999
 17 16 15 14 11  8  4  1 -1 -2 -1  2  5  9 12 14 15 15 15 14 14 14 15 1618 213B5 014 171644 1599999999999999 855 -22011 1499999999999999
 17 17 17 16 13 10  6  3  0 -2 -2  0  3  7 11 13 15 15 15 14 13 13 13 1418 214B5 116 171648 1599999999999999 928 -22050 1399999999999999
 16 17 18 17 16 13  9  4  1 -2 -3 -2  1  5  9 12 14 15 15 13 12 11 11 1218 215B5 2 7 1817 1 159999999999999910 0 -32129 1199999999999999
 13 16 17 18 17 14 11  6  2 -1 -3 -3 -1  2  7 11 13 15 14 13 11  9  8  918 216B5 254 181718 15999999999999991030 -422 8  899999999999999
 10 13 15 17 17 16 13  8  4  0 -3 -4 -3  0  4  9 12 14 14 13 10  8  6  618 217B5 338 171738 14999999999999991059 -42248  699999999999999
  7  9 12 14 16 16 14 10  5  1 -2 -4 -4 -2  2  6 10 13 14 13 10  8  5  418 218B5 421 1618 0 14999999999999991127 -42328  499999999999999
  4  5  8 11 13 14 14 11  7  3  0 -2 -3 -2  1  5  9 12 13 13 11  8  5  318 219B5 5 5 141823 13999999999999991153 -3999999999999999999999
  2  2  4  7 10 12 13 12  9  6  2  0 -1 -1  1  4  7 11 13 13 12  9  5  318 220B5 552 131845 1399999999999999 0 8  21217 -199999999999999
  1  0  1  4  7  9 11 11 10  8  5  3  1  1  2  4  7 10 12 13 12 10  7  418 221B5 645 1119 6 1399999999999999 050  01237  199999999999999
  1  0  0  1  3  6  8 10 10  9  8  6  5  4  5  6  8 11 12 13 13 12  9  618 222B5 749 101925 1499999999999999 136 -11251  499999999999999
  3  0 -1 -1  0  2  5  7  9  9  9  9  8  8  8  9 10 12 13 14 14 14 12  918 223B5 920  91943 1599999999999999 231 -11249  899999999999999
  6  3  0 -1 -1  0  1  3  6  8  9 10 11 11 11 12 13 14 15 15 16 15 14 1218 224B520 6 16999999999999999999999 342 -1999999999999999999999
 10  6  3  1 -1 -2 -1  0  2  5  7 10 12 13 14 15 15 16 16 16 17 17 16 1618 225B521 0 17999999999999999999999 512 -2999999999999999999999
 14 11  8  4  1 -1 -2 -3 -2  1  4  7 11 13 15 16 17 17 17 17 17 17 17 1818 226B523 3 18999999999999999999999 638 -3999999999999999999999
 17 16 13 10  6  2 -1 -3 -4 -3  0  4  8 12 15 17 17 17 17 16 16 16 17 1818 227B51613 17999999999999999999999 747 -42011 1699999999999999
 19 19 18 15 11  6  2 -2 -4 -5 -3  0  5  9 13 16 17 17 16 14 14 13 14 1618 228B5 040 191617 1799999999999999 843 -52046 1399999999999999
 18 20 21 19 17 12  6  1 -3 -5 -5 -3  1  6 11 15 16 17 15 13 11 10 10 1218 3 1B5 155 211632 1799999999999999 931 -52124 1099999999999999
 15 18 20 21 20 17 12  6  0 -3 -5 -4 -1  3  8 13 15 16 15 12  9  7  7  718 3 2B5 259 211651 16999999999999991014 -522 5  799999999999999
 10 13 17 20 21 19 16 10  4  0 -3 -4 -3  1  6 10 14 15 15 12  9  6  4  318 3 3B5 357 211713 15999999999999991051 -42248  399999999999999
  5  8 12 16 18 19 17 14  8  3 -1 -2 -2  0  4  9 12 15 15 13  9  5  2  118 3 4B5 450 191736 15999999999999991125 -32332  199999999999999
  1  3  6 10 14 16 17 15 11  6  3  0 -1  1  4  7 11 14 14 13 10  6  3  018 3 5B5 541 171759 14999999999999991153 -1999999999999999999999
 -1 -1  1  5  9 12 14 14 12  9  5  3  2  2  4  7 10 13 14 14 12  8  4  118 3 6B5 632 141819 1499999999999999 017 -11215  299999999999999
 -1 -2 -1  1  4  7 10 11 11  9  7  5  4  4  5  8 10 12 14 14 12 10  6  318 3 7B5 725 111835 1499999999999999 1 3 -21229  499999999999999
  0 -1 -2 -1  1  3  6  8  9  9  8  7  6  6  7  9 10 12 13 14 13 11  8  518 3 8B5 829  91845 1499999999999999 152 -21229  699999999999999
  2  0 -1 -1 -1  1  3  5  6  7  8  8  8  8  9 10 11 13 13 14 13 12 10  718 3 9B51851 14999999999999999999999 249 -1999999999999999999999
  5  3  1  0 -1  0  1  2  4  5  7  8  9  9 10 11 12 13 14 14 13 13 11  918 310B51856 14999999999999999999999 4 3 -1999999999999999999999
  7  5  3  2  0  0 -1  0  1  3  5  7  9 10 11 12 13 13 13 14 13 13 12 1118 311B519 4 14999999999999999999999 535 -1999999999999999999999
 10  8  6  4  2  0 -1 -1  0  1  3  6  8 10 12 12 13 13 13 13 13 13 13 1218 312B51754 13999999999999999999999 650 -1999999999999999999999
 12 10  9  7  4  2  0 -1 -2 -1  1  4  7  9 11 12 13 13 12 12 12 12 12 1318 313B516 3 132347 1399999999999999 744 -21953 1299999999999999
 13 12 11  9  7  4  1 -1 -2 -2 -1  2  5  8 11 12 12 12 11 10 10 10 11 1218 314B51555 12999999999999999999999 827 -32018 1099999999999999
 13 13 13 12  9  6  3  0 -2 -3 -2  0  3  7 10 11 12 12 10  9  8  7  8  918 315B5 112 1316 0 1299999999999999 9 4 -32048  799999999999999
 11 13 14 13 12  9  5  1 -2 -3 -3 -2  1  5  8 11 12 11 10  8  6  5  5  618 316B5 211 141611 1299999999999999 937 -42121  599999999999999
  9 11 13 14 13 11  8  4  0 -3 -4 -3  0  3  7 10 12 12 10  7  4  3  2  318 317B5 3 2 141627 129999999999999910 7 -42155  299999999999999
  5  8 11 13 14 13 10  6  2 -1 -3 -3 -1  2  6  9 12 12 11  8  4  1  0  018 318B5 350 141645 12999999999999991035 -32231  099999999999999
  1  5  8 12 13 14 12  9  5  1 -1 -2 -1  1  5  9 12 13 12  9  5  1 -1 -318 319B5 437 1417 5 139999999999999911 2 -223 8 -399999999999999
 -2  1  5  9 12 13 13 11  8  4  1  0  0  2  5  8 11 13 13 11  7  2 -1 -318 320B5 524 141726 13999999999999991128  02347 -499999999999999
 -4 -3  1  5  9 12 13 13 10  7  5  3  3  3  6  9 12 13 14 13  9  5  0 -318 321B5 614 131747 14999999999999991152  3999999999999999999999
 -5 -4 -3  1  5  9 12 13 12 10  8  6  6  6  7  9 12 14 15 14 12  8  3 -118 322B5 7 9 1318 7 1599999999999999 028 -51212  699999999999999
 -3 -5 -4 -2  1  5  9 11 12 12 11  9  9  9 10 11 13 15 15 15 14 11  7  318 323B5 815 121825 1699999999999999 114 -51222  999999999999999
 -1 -3 -4 -4 -2  1  5  8 10 12 12 12 12 12 12 13 14 15 16 16 15 14 11  718 324B51843 16999999999999999999999 2 8 -4999999999999999999999
  3  0 -2 -3 -3 -1  1  4  7  9 11 12 13 14 14 15 15 16 16 16 16 15 14 1118 325B51858 16999999999999999999999 317 -3999999999999999999999
  8  5  2 -1 -2 -2 -2  0  3  6  9 11 13 14 15 16 16 16 16 16 16 16 15 1418 326B51625 16999999999999999999999 447 -2999999999999999999999
 12 10  7  3  1 -1 -2 -2  0  2  5  9 12 14 15 16 16 15 14 14 14 14 15 1518 327B51516 162317 1599999999999999 618 -21947 1499999999999999
 15 14 12  8  5  2 -1 -2 -2 -1  2  6 10 13 15 15 15 14 13 12 11 11 12 1418 328B51510 15999999999999999999999 729 -32013 1199999999999999
 16 16 15 13 10  6  2 -1 -3 -2  0  3  7 11 14 15 15 13 11  9  8  8  9 1118 329B5 058 161520 1599999999999999 824 -32043  899999999999999
 14 16 17 16 14 10  6  2 -1 -2 -2  1  5  9 12 14 15 13 10  7  5  4  4  618 330B5 211 171536 1599999999999999 9 9 -22118  499999999999999
 10 13 16 17 17 14 10  5  2 -1 -1  0  4  8 11 14 15 13 11  7  3  1  1  218 331B5 312 181555 1599999999999999 947 -12155  199999999999999
  5  9 13 16 17 16 14  9  5  2  1  1  3  7 10 13 15 14 12  8  3  0 -2 -218 4 1B5 4 8 171616 15999999999999991021  02234 -299999999999999
  0  4  8 13 16 17 15 12  8  5  3  2  4  6 10 13 15 15 13 10  5  1 -2 -418 4 2B5 459 171637 15999999999999991050  22313 -499999999999999
 -3  0  4  8 12 15 16 14 11  8  6  5  5  7 10 13 15 15 14 12  7  3 -1 -418 4 3B5 548 161656 16999999999999991115  52351 -499999999999999
 -4 -3  0  4  9 12 14 14 13 10  8  7  7  8 10 13 15 16 15 13  9  5  1 -218 4 4B5 636 141712 16999999999999991135  7999999999999999999999
 -4 -4 -2  1  5  9 12 13 13 12 10  9  9 10 11 13 15 16 16 14 11  7  3  018 4 5B5 727 131723 1699999999999999 029 -41150  999999999999999
 -2 -3 -3 -1  2  6  9 11 12 12 12 11 11 11 12 13 15 16 16 15 13 10  6  318 4 6B5 828 121732 1699999999999999 1 8 -31156 1199999999999999
  0 -2 -2 -1  1  3  6  9 10 11 12 12 12 12 13 14 15 16 16 15 13 11  8  518 4 7B51739 16999999999999999999999 151 -2999999999999999999999
  3  1 -1 -1  0  1  4  6  8 10 11 12 13 13 13 14 15 15 15 15 14 12 10  818 4 8B51744 15999999999999999999999 244 -1999999999999999999999
  5  3  2  1  0  1  2  3  5  8 10 11 12 13 14 14 14 14 14 14 13 12 11  918 4 9B51721 14999999999999999999999 358  0999999999999999999999
  8  6  4  2  1  1  1  1  3  5  7 10 11 13 13 13 13 13 13 12 12 12 11 1118 410B51443 13999999999999999999999 529  0999999999999999999999
 10  8  7  5  3  1  0  0  1  3  5  8 10 12 13 13 12 12 11 10 10 10 10 1118 411B51436 132327 1199999999999999 643  020 4 1099999999999999
 11 10  9  7  5  3  1  0  0  1  3  6  9 11 12 12 12 10  9  8  7  8  8 1018 412B51441 13999999999999999999999 738  02010  799999999999999
 11 11 11 10  8  6  3  1  0  0  2  4  7 10 12 12 11 10  8  6  5  5  6  718 413B5 112 111451 1299999999999999 821  02033  499999999999999
 10 11 12 12 11  8  6  3  1  1  1  4  7 10 12 13 12 10  7  4  2  2  2  418 414B5 218 1215 4 1399999999999999 858  121 1  299999999999999
  7 10 13 14 13 11  9  6  3  2  2  3  6  9 12 13 13 11  8  4  1 -1 -1  118 415B5 312 141520 1399999999999999 930  22133 -199999999999999
  4  8 12 14 15 14 12  9  6  4  3  4  6 10 12 14 15 13 10  5  1 -2 -3 -218 416B5 4 2 151539 159999999999999910 1  322 8 -399999999999999
  0  5  9 13 16 16 15 13 10  7  6  6  7 10 13 15 16 15 12  8  3 -2 -4 -518 417B5 451 1616 1 16999999999999991031  62245 -599999999999999
 -3  1  6 11 15 17 18 16 13 11  9  8  9 11 14 16 18 18 15 11  6  1 -3 -518 418B5 540 181625 189999999999999911 1  82326 -699999999999999
 -5 -3  2  7 12 16 18 18 16 14 12 11 11 13 15 17 19 19 18 15 10  4 -1 -418 419B5 631 181650 19999999999999991131 11999999999999999999999
 -5 -5 -2  3  8 13 16 18 18 17 15 14 14 14 16 17 19 20 20 18 14  9  4 -118 420B5 728 181716 2099999999999999 010 -51158 1499999999999999
 -3 -4 -3  0  4  9 13 16 18 18 17 17 16 16 17 18 19 20 20 19 17 13  9  418 421B5 837 181743 2099999999999999 058 -41220 1699999999999999
  0 -2 -3 -2  1  5  9 12 15 17 18 18 18 18 18 18 19 19 20 19 18 16 13  918 422B51810 20999999999999999999999 153 -3999999999999999999999
  5  2  0 -1  0  2  5  8 12 14 16 17 18 18 18 18 18 18 18 18 18 17 15 1318 423B516 2 18999999999999999999999 259 -1999999999999999999999
 10  7  4  2  1  1  3  5  8 11 14 16 17 18 18 17 17 16 16 16 16 16 16 1518 424B51322 18999999999999999999999 419  1999999999999999999999
 14 11  9  6  4  2  2  3  5  8 11 14 16 17 17 17 15 14 13 12 12 13 14 1518 425B51336 172348 1599999999999999 544  21928 1299999999999999
 15 15 13 10  7  5  4  3  4  6  9 12 15 16 17 16 15 12 11  9  9  9 11 1318 426B51352 17999999999999999999999 654  31959  999999999999999
 15 16 16 14 12  9  6  5  4  5  7 10 14 16 17 16 15 12  9  6  5  5  6  918 427B5 120 161411 1799999999999999 749  42032  599999999999999
 12 15 17 17 15 12 10  7  6  6  7 10 13 16 17 17 15 12  9  5  3  2  2  518 428B5 229 171430 1799999999999999 832  621 6  299999999999999
  9 13 16 18 18 16 13 10  8  7  8 10 13 15 18 18 17 14 10  6  2  0  0  118 429B5 328 181451 1899999999999999 9 9  72141 -199999999999999
  5  9 14 17 18 18 16 14 11 10 10 11 13 16 18 19 18 16 12  7  3  0 -2 -118 430B5 421 191511 1999999999999999 941 102215 -299999999999999
  1  6 10 15 18 19 19 17 14 12 12 12 14 16 18 20 20 18 15 10  5  1 -2 -218 5 1B5 5 9 191531 209999999999999910 9 122249 -299999999999999
 -1  3  7 12 16 19 20 19 17 15 14 14 15 17 19 20 21 20 17 13  8  3  0 -218 5 2B5 554 201549 21999999999999991035 142322 -299999999999999
 -2  1  5  9 14 18 20 20 19 17 16 16 16 17 19 21 21 21 19 15 11  6  2  018 5 3B5 639 2016 5 219999999999999911 1 162355 -199999999999999
 -1  0  3  7 11 15 18 20 20 19 18 17 17 18 19 21 21 21 20 17 13  9  5  218 5 4B5 725 201621 21999999999999991126 17999999999999999999999
  0  0  2  5  9 13 16 18 19 19 19 18 18 18 19 20 21 21 20 18 15 11  7  418 5 5B5 818 191636 2199999999999999 030  01154 1899999999999999
  2  1  2  4  6 10 13 16 18 19 19 19 18 18 19 19 20 20 20 18 16 13 10  718 5 6B5 932 191651 2099999999999999 1 8  11232 1899999999999999
  4  3  2  3  5  7 10 13 16 17 18 18 18 18 18 18 19 19 18 18 16 14 11  918 5 7B51656 19999999999999999999999 152  2999999999999999999999
  7  5  4  3  4  6  8 10 13 15 17 18 18 18 17 17 17 17 16 16 15 14 12 1118 5 8B51215 18999999999999999999999 245  3999999999999999999999
  9  7  6  5  4  5  6  8 10 13 15 16 17 17 17 16 15 15 14 14 14 13 13 1218 5 9B51242 17999999999999999999999 354  4999999999999999999999
 11  9  8  7  6  5  5  6  8 10 13 15 16 17 16 15 14 13 12 11 11 12 12 1218 510B513 1 172320 1299999999999999 515  51926 1199999999999999
 12 12 11  9  8  7  6  6  7  9 11 14 15 16 16 15 13 11  9  8  8  9 10 1218 511B51316 16999999999999999999999 625  61938  899999999999999
 13 14 13 12 11 10  8  8  8  9 11 13 15 17 17 15 13 10  8  6  5  6  8 1018 512B5 115 141331 1799999999999999 721  720 2  599999999999999
 13 15 16 16 14 13 11 10  9 10 11 14 16 18 18 17 14 11  7  5  3  3  5  818 513B5 224 161347 1899999999999999 8 6  92031  399999999999999
 11 15 17 18 18 17 15 13 12 12 13 14 17 19 20 19 17 13  9  4  2  1  1  418 514B5 321 1814 7 2099999999999999 846 1221 5  199999999999999
  9 13 17 20 21 21 19 17 15 15 15 16 18 20 22 22 20 17 12  6  2 -1 -1  118 515B5 412 211431 2299999999999999 923 142143 -199999999999999
  5 10 15 20 23 24 23 21 19 18 17 18 19 22 24 25 24 21 16 10  5  0 -2 -218 516B5 5 1 2415 1 259999999999999910 0 172224 -299999999999999
  1  6 12 18 22 25 26 25 23 21 20 20 21 23 25 26 26 25 21 15  9  3  0 -218 517B5 551 261534 26999999999999991037 2023 9 -299999999999999
 -1  2  8 14 19 24 26 26 25 24 22 22 22 23 25 27 28 27 25 20 15  8  3  018 518B5 641 271612 28999999999999991116 222357 -199999999999999
 -1  0  4  9 15 20 24 26 26 25 24 23 23 23 25 26 27 28 27 24 20 14  8  418 519B5 736 271652 28999999999999991159 23999999999999999999999
  1  1  2  6 11 16 20 24 25 26 25 24 24 23 24 25 26 26 27 25 23 19 14  918 520B5 838 261737 2799999999999999 048  11256 2399999999999999
  5  3  3  4  8 12 16 20 23 24 25 24 24 23 23 23 23 24 24 24 23 21 18 1418 521B5 949 251832 2499999999999999 143  31426 2399999999999999
 10  7  6  5  6  9 12 16 19 22 23 23 23 22 22 21 20 20 21 21 21 21 20 1718 522B51054 231955 2199999999999999 242  51631 2099999999999999
 15 12  9  8  8  8 10 13 16 19 21 22 23 22 21 19 18 17 17 17 18 19 19 1918 523B51138 2322 8 1999999999999999 347  81759 1799999999999999
 18 16 13 12 10 10 10 12 14 17 19 21 22 22 20 18 16 15 13 13 13 15 16 1818 524B51211 22999999999999999999999 457 101854 1399999999999999
 18 18 17 15 14 12 12 12 14 16 18 20 22 22 21 19 16 13 11 10  9 11 13 1518 525B5 011 181238 2299999999999999 6 3 121937  999999999999999
 18 19 19 18 17 15 14 14 14 16 18 20 22 23 22 20 17 13 10  8  7  7  9 1218 526B5 141 1913 3 2399999999999999 659 142015  799999999999999
 15 18 20 21 20 19 17 16 16 17 18 20 22 23 23 22 19 15 11  7  5  5  6  918 527B5 251 211326 2499999999999999 745 162049  599999999999999
 13 17 20 22 22 22 20 19 18 18 19 21 23 24 25 24 21 17 13  9  6  4  4  618 528B5 349 221348 2599999999999999 824 182122  499999999999999
 10 15 19 22 24 24 23 22 21 20 21 22 24 25 26 26 24 20 16 11  7  4  4  518 529B5 436 241410 2699999999999999 858 202153  499999999999999
  8 13 17 22 24 26 25 24 23 22 22 23 24 26 27 27 26 23 19 14  9  6  4  418 530B5 517 261432 2799999999999999 930 222224  499999999999999
  7 11 15 20 24 26 27 26 25 24 23 24 25 26 28 28 27 25 22 17 12  8  5  518 531B5 555 271456 289999999999999910 2 232255  599999999999999
  6  9 13 18 23 26 27 28 27 25 25 24 25 26 28 28 28 27 24 20 15 11  7  618 6 1B5 631 281521 28999999999999991036 242327  599999999999999
  6  8 11 16 20 24 27 28 27 26 25 25 25 26 27 28 28 27 25 22 18 13 10  718 6 2B5 7 8 281548 28999999999999991115 25999999999999999999999
  6  7  9 13 18 22 25 27 27 26 25 25 24 25 26 26 27 27 25 23 19 15 12  918 6 3B5 749 271617 2799999999999999 0 2  612 0 2499999999999999
  7  7  8 11 15 19 22 25 26 26 25 24 24 24 24 25 25 25 25 23 20 17 14 1118 6 4B5 835 261647 2599999999999999 038  71258 2499999999999999
  9  8  8 10 12 16 19 22 24 25 25 24 23 23 22 22 23 23 23 22 20 18 15 1318 6 5B5 927 251720 2399999999999999 118  81417 2299999999999999
 11  9  9  9 11 13 16 19 21 23 23 23 23 22 21 20 20 20 20 20 20 18 17 1518 6 6B51019 23999999999999999999999 159  9999999999999999999999
 13 11 10 10 11 12 14 17 19 21 22 23 22 21 20 19 18 18 18 18 18 18 17 1618 6 7B51059 23999999999999999999999 246 10999999999999999999999
 15 14 13 12 12 12 14 15 18 20 21 22 22 21 20 18 16 15 15 15 16 16 17 1718 6 8B51128 222312 1799999999999999 341 121814 1599999999999999
 17 17 16 15 14 14 15 16 17 19 21 22 22 22 20 18 16 14 12 12 13 14 16 1818 6 9B51150 22999999999999999999999 450 141847 1299999999999999
 19 19 19 19 18 17 17 17 18 20 21 23 24 23 22 19 16 13 11 10 10 12 14 1718 610B5 112 191211 2499999999999999 6 4 171920 1099999999999999
 20 22 23 23 22 21 20 20 20 21 23 24 26 26 24 22 18 14 11  8  8  8 11 1518 611B5 229 231234 2699999999999999 7 9 201957  899999999999999
 19 22 25 26 26 25 24 23 23 23 25 26 28 28 28 26 22 17 12  8  6  6  8 1218 612B5 328 2613 4 2899999999999999 8 2 232038  699999999999999
 16 21 26 28 30 29 28 27 26 26 26 28 30 31 31 30 27 22 16 11  7  5  5  818 613B5 419 301340 3199999999999999 848 262123  599999999999999
 13 18 24 28 31 32 32 30 29 28 28 29 31 32 34 34 31 28 22 16 10  6  4  518 614B5 5 6 321424 3499999999999999 931 282210  499999999999999
  9 14 20 26 30 33 34 33 31 30 29 30 31 33 34 35 35 32 28 22 15 10  6  518 615B5 551 341512 36999999999999991014 2923 0  599999999999999
  6 10 16 22 27 31 34 34 33 31 30 30 30 31 33 35 36 35 32 28 21 15 10  718 616B5 636 3416 5 369999999999999911 0 302351  699999999999999
  6  8 12 17 23 28 31 33 33 31 30 29 29 29 31 33 34 35 34 31 27 21 15 1118 617B5 721 3317 0 35999999999999991152 29999999999999999999999
  8  8 10 14 19 24 28 31 32 31 30 28 28 27 28 29 31 32 33 32 30 25 21 1618 618B5 8 6 321759 3399999999999999 042  81255 2799999999999999
 12 10 10 12 16 20 24 27 29 30 29 28 26 25 25 25 26 28 29 30 29 27 24 2018 619B5 851 3019 5 3099999999999999 133 101411 2599999999999999
 17 14 13 13 15 18 21 24 27 28 28 27 26 24 23 22 22 23 24 25 26 26 25 2318 620B5 935 282030 2699999999999999 223 131537 2299999999999999
 20 18 16 15 16 17 20 22 25 27 28 27 26 24 22 21 19 19 19 20 22 23 24 2418 621B51017 282224 2499999999999999 312 1517 4 1999999999999999
 23 21 20 19 18 18 20 22 24 26 27 27 27 25 23 20 18 16 16 16 17 19 21 2218 622B51057 27999999999999999999999 4 3 181816 1699999999999999
 23 23 22 22 21 21 21 22 23 25 27 28 28 27 24 22 19 16 14 13 14 15 18 2018 623B5 023 231132 2899999999999999 457 211911 1399999999999999
 23 24 25 24 24 23 23 23 24 26 27 28 29 28 27 24 20 17 14 12 12 13 15 1818 624B5 2 7 2512 4 2999999999999999 556 231955 1299999999999999
 21 24 26 26 26 26 26 25 26 26 28 29 30 30 29 26 23 19 16 13 11 11 13 1618 625B5 323 271233 3099999999999999 653 252031 1199999999999999
 20 23 26 28 29 28 28 27 27 28 29 30 31 31 31 29 26 22 18 15 12 11 12 1418 626B5 410 2913 2 3199999999999999 741 2721 4 1199999999999999
 18 22 26 29 30 31 30 29 29 29 29 31 32 33 33 31 29 25 21 17 14 12 12 1318 627B5 444 311331 3399999999999999 821 292135 1199999999999999
 17 21 25 29 31 32 32 31 30 30 30 31 32 33 34 33 31 28 24 20 16 13 12 1318 628B5 512 3214 2 3499999999999999 858 3022 6 1299999999999999
 15 19 24 28 31 33 33 32 31 30 30 31 32 33 34 34 33 31 27 23 18 15 13 1218 629B5 539 331437 3499999999999999 935 302238 1299999999999999
 14 17 22 26 30 32 33 33 31 30 30 30 31 32 34 34 34 32 29 25 21 16 14 1218 630B5 6 6 331513 34999999999999991014 302311 1299999999999999
 13 15 19 23 28 31 32 33 32 30 29 29 29 30 32 33 33 33 30 27 23 18 15 1318 7 1B5 636 331551 33999999999999991056 292346 1299999999999999
 12 14 17 21 25 28 31 32 31 30 29 28 28 28 29 31 32 32 30 28 24 20 17 1418 7 2B5 7 8 321630 32999999999999991143 28999999999999999999999
 13 13 15 18 22 25 28 30 30 30 28 27 26 26 27 28 29 30 29 28 25 22 18 1618 7 3B5 742 301711 3099999999999999 021 131236 2699999999999999
 14 13 14 16 19 23 26 28 29 29 28 26 25 24 24 25 26 27 27 27 25 23 20 1718 7 4B5 818 291757 2799999999999999 055 131335 2499999999999999
 15 14 14 15 18 20 23 26 27 28 27 26 25 23 23 23 23 24 25 25 25 23 22 2018 7 5B5 854 281858 2599999999999999 129 141440 2399999999999999
 18 16 16 16 18 20 22 24 26 27 27 26 25 23 22 21 21 21 22 23 23 23 23 2218 7 6B5 928 272033 2499999999999999 2 3 161547 2199999999999999
 20 19 19 19 19 20 22 24 26 27 27 27 25 23 22 20 19 19 19 20 21 23 23 2418 7 7B5 958 272253 2499999999999999 238 191651 1999999999999999
 23 23 22 22 22 22 23 25 26 27 28 28 27 25 23 20 18 17 17 17 19 21 23 2518 7 8B51027 28999999999999999999999 320 221748 1799999999999999
 26 26 26 26 26 26 26 26 27 29 30 30 30 28 25 22 19 17 15 15 16 18 21 2418 7 9B5 1 8 261058 3099999999999999 432 251840 1599999999999999
 27 29 30 30 29 29 29 29 30 30 32 33 33 32 29 26 22 18 15 13 13 15 18 2218 710B5 242 301137 3399999999999999 616 291930 1399999999999999
 26 30 32 33 33 33 32 32 32 32 33 35 36 35 34 31 26 22 17 14 12 12 15 1918 711B5 339 331225 3699999999999999 728 322022 1299999999999999
 23 28 32 35 36 36 35 34 33 34 34 36 37 38 38 36 32 27 22 16 13 11 12 1518 712B5 421 361319 3899999999999999 819 332114 1199999999999999
 19 25 30 34 36 37 37 35 34 34 34 36 37 39 41 40 38 34 28 22 16 12 11 1218 713B5 5 0 371417 4199999999999999 9 3 3422 6 1199999999999999
 15 20 26 31 35 37 37 36 35 34 33 34 36 38 40 42 41 39 34 28 21 16 12 1118 714B5 536 381516 4299999999999999 948 332258 1199999999999999
 13 16 22 27 32 35 37 36 35 33 32 32 33 35 38 40 42 41 38 34 27 21 16 1318 715B5 611 371616 42999999999999991035 322347 1299999999999999
 12 14 18 23 28 33 35 35 34 32 30 30 30 31 33 36 39 40 40 37 32 26 21 1718 716B5 645 361715 40999999999999991129 29999999999999999999999
 14 14 16 20 25 29 32 34 34 32 30 28 27 27 28 31 34 36 37 37 34 30 25 2118 717B5 719 341815 3799999999999999 034 141228 2799999999999999
 18 16 17 19 22 26 30 32 33 32 30 27 26 25 24 26 28 30 32 34 33 31 28 2418 718B5 753 331919 3499999999999999 118 161334 2499999999999999
 21 19 19 19 22 25 28 30 31 31 30 28 26 24 23 22 23 25 27 29 30 30 29 2718 719B5 828 322035 3099999999999999 158 191448 2299999999999999
 24 23 22 22 23 24 27 29 30 31 31 29 27 25 23 21 20 21 22 24 25 27 27 2718 720B5 9 5 312218 2799999999999999 233 211611 2099999999999999
 26 25 25 24 25 25 27 28 30 31 31 30 29 26 24 22 20 19 19 20 21 23 25 2618 721B5 945 31999999999999999999999 3 3 241736 1999999999999999
 27 27 27 27 27 27 28 29 30 31 32 32 31 29 26 24 21 19 18 18 18 20 22 2518 722B51028 329999999999999999999991845 18999999999999999999999
 27 28 29 29 29 29 29 30 31 31 32 33 32 31 29 27 24 21 19 17 17 18 20 2318 723B51114 339999999999999999999991937 17999999999999999999999
 26 29 30 31 31 31 31 31 31 32 33 34 34 33 32 30 27 23 20 18 17 17 19 2218 724B51158 349999999999999999999992018 17999999999999999999999
 25 28 31 32 33 33 32 32 32 33 33 34 35 35 34 32 30 26 23 20 18 17 18 2018 725B5 416 331240 3599999999999999 714 322053 1799999999999999
 24 27 31 33 34 34 33 33 32 33 33 34 36 36 36 35 33 29 25 22 19 17 17 1918 726B5 431 341321 3699999999999999 757 322125 1799999999999999
 22 26 30 33 34 34 34 33 32 32 33 34 35 37 37 37 35 32 28 24 20 18 17 1818 727B5 448 3414 2 3799999999999999 833 322158 1799999999999999
 20 24 28 32 34 35 34 33 32 31 31 33 34 36 37 38 36 34 30 26 22 19 17 1718 728B5 5 8 351443 3899999999999999 910 312230 1799999999999999
 19 22 26 30 33 34 34 33 31 30 30 30 32 34 36 37 37 35 32 28 24 20 17 1618 729B5 531 341523 3799999999999999 949 3023 3 1699999999999999
 17 20 23 27 31 33 34 33 31 29 28 28 29 31 33 35 36 35 33 30 25 21 18 1618 730B5 555 3416 3 36999999999999991030 282335 1699999999999999
 16 18 21 25 28 31 32 32 31 29 27 26 27 28 30 32 34 34 33 31 27 23 19 1718 731B5 622 331644 34999999999999991114 26999999999999999999999
 16 17 19 22 26 29 31 31 31 29 27 25 25 25 27 29 31 32 32 31 28 24 21 1818 8 1B5 651 321728 3299999999999999 0 6 1612 1 2599999999999999
 17 17 18 21 24 27 29 31 30 29 27 25 24 23 24 26 28 29 30 30 29 26 23 2018 8 2B5 719 311816 3099999999999999 035 171249 2399999999999999
 19 18 19 20 23 26 28 30 30 29 27 25 23 22 22 23 25 26 28 29 29 27 25 2318 8 3B5 747 301917 2999999999999999 1 3 181340 2299999999999999
 21 21 21 21 23 25 27 29 30 30 28 26 24 22 21 21 22 23 25 27 28 28 27 2618 8 4B5 813 302038 2899999999999999 129 201437 2199999999999999
 25 24 24 24 25 26 28 29 30 30 30 28 26 23 21 20 20 21 22 24 26 27 28 2818 8 5B5 839 302240 2899999999999999 153 241543 2099999999999999
 28 27 27 27 28 28 29 30 31 32 32 30 28 26 23 21 20 19 20 21 23 25 28 2918 8 6B5 910 32999999999999999999999 212 271659 1999999999999999
 30 31 31 31 31 31 32 32 33 34 34 33 32 30 27 23 21 19 18 18 20 22 25 2818 8 7B5 956 349999999999999999999991814 18999999999999999999999
 31 32 33 34 34 34 34 34 34 35 36 36 36 34 31 28 24 20 18 17 17 19 22 2618 8 8B511 2 369999999999999999999991920 17999999999999999999999
 29 33 35 36 36 36 35 35 35 36 37 38 39 38 37 33 29 24 20 17 15 16 18 2218 8 9B5 349 361214 3999999999999999 711 352019 1599999999999999
 26 31 34 36 37 37 36 35 35 35 36 38 40 41 41 39 35 30 25 20 16 14 15 1818 810B5 412 371322 4199999999999999 759 352113 1499999999999999
 22 27 32 35 37 37 36 35 34 34 34 36 39 41 43 43 41 36 30 24 19 15 14 1518 811B5 437 371426 4399999999999999 842 3422 4 1499999999999999
 18 23 28 33 36 37 36 34 32 31 31 33 35 39 42 44 43 41 36 30 24 18 15 1418 812B5 5 3 371526 4499999999999999 927 312252 1499999999999999
 16 20 25 30 33 35 35 34 31 29 28 29 30 34 37 41 43 43 40 35 29 23 18 1618 813B5 531 361625 43999999999999991015 282336 1599999999999999
 16 18 22 27 31 34 35 34 31 28 26 25 26 28 32 36 39 41 40 38 33 27 22 1918 814B5 559 351721 419999999999999911 7 25999999999999999999999
 17 18 20 24 28 32 33 33 31 28 25 24 23 24 26 29 33 36 38 37 35 30 26 2218 815B5 627 341818 3899999999999999 016 1712 2 2399999999999999
 20 20 21 23 27 30 32 33 32 29 26 24 22 21 22 24 27 30 33 34 34 32 29 2618 816B5 656 331917 3499999999999999 051 1913 1 2199999999999999
 23 22 22 24 26 29 31 32 32 31 28 25 23 21 20 21 23 25 28 30 31 31 29 2818 817B5 725 322025 3199999999999999 122 2214 5 2099999999999999
 26 25 25 25 27 29 31 32 32 32 30 27 25 23 21 20 20 21 23 25 27 28 29 2818 818B5 754 3222 2 2999999999999999 144 251520 2099999999999999
 28 27 27 27 28 29 31 32 32 32 31 30 28 25 23 22 20 20 21 22 24 25 27 2818 819B5 825 32999999999999999999999 152 271652 2099999999999999
 29 29 29 29 30 30 31 32 32 33 32 32 30 28 26 24 22 20 20 20 21 23 25 2718 820B5 9 5 339999999999999999999991818 20999999999999999999999
 29 30 30 31 31 31 32 32 32 33 33 33 32 31 29 27 24 22 20 19 20 21 23 2618 821B51012 339999999999999999999991919 19999999999999999999999
 28 30 31 32 32 32 32 32 32 33 34 34 34 33 32 30 27 24 22 20 19 19 21 2418 822B51132 3499999999999999999999920 5 19999999999999999999999
 27 29 31 32 33 32 32 32 32 33 33 34 35 35 34 32 30 27 23 21 19 19 20 2218 823B5 356 331233 3599999999999999 7 2 322043 1899999999999999
 25 28 31 32 33 33 32 31 31 32 33 34 35 36 36 35 32 29 25 22 19 18 18 2018 824B5 4 2 331323 3699999999999999 741 312117 1899999999999999
 23 27 30 32 33 32 31 30 30 30 31 32 34 36 37 36 34 31 27 23 20 18 17 1818 825B5 414 3314 7 3799999999999999 817 302149 1799999999999999
 21 25 28 31 32 32 31 29 28 28 28 30 32 34 36 37 36 33 29 25 21 18 17 1718 826B5 430 321448 3799999999999999 853 282219 1799999999999999
 19 23 26 29 31 32 31 29 27 26 26 27 29 32 34 36 36 34 31 27 23 19 17 1618 827B5 449 321529 3699999999999999 931 262248 1699999999999999
 18 21 24 28 30 31 31 29 26 24 24 24 26 28 31 34 35 34 32 29 24 20 18 1618 828B5 510 311611 35999999999999991011 242316 1699999999999999
 17 19 22 26 29 31 31 29 27 24 22 22 23 25 28 31 33 34 33 30 26 22 19 1718 829B5 533 311653 34999999999999991052 222343 1799999999999999
 17 18 21 25 28 30 31 30 27 24 22 20 20 22 24 28 30 32 32 31 28 24 21 1918 830B5 557 311738 32999999999999991133 20999999999999999999999
 18 19 21 24 27 29 30 30 28 25 22 20 19 20 21 24 27 30 31 31 29 27 24 2218 831B5 621 301828 3199999999999999 0 8 181216 1999999999999999
 21 21 22 24 26 29 30 31 29 27 24 21 19 19 19 21 24 27 29 30 30 29 27 2518 9 1B5 644 311926 3099999999999999 032 2113 3 1999999999999999
 24 23 24 25 27 29 30 31 31 29 26 23 21 19 19 19 21 23 26 28 29 29 29 2818 9 2B5 7 5 312043 2999999999999999 051 231357 1999999999999999
 27 27 27 28 29 30 31 32 32 31 29 26 23 21 19 19 19 20 22 25 27 28 29 3018 9 3B5 728 32999999999999999999999 1 2 2715 5 1999999999999999
 29 29 30 30 31 32 32 33 33 33 32 30 27 24 22 20 19 19 19 21 23 26 28 3018 9 4B5 759 339999999999999999999991633 18999999999999999999999
 31 32 32 32 33 33 33 34 34 34 34 33 31 28 25 22 20 18 18 18 20 22 25 2818 9 5B5 9 4 3499999999999999999999918 4 18999999999999999999999
 31 32 33 34 34 34 34 34 34 35 36 36 35 33 31 27 23 20 17 16 17 18 21 2518 9 6B51049 369999999999999999999991918 16999999999999999999999
 29 32 33 34 34 34 33 33 33 34 35 37 38 37 36 32 28 24 20 16 15 15 18 2118 9 7B5 334 341219 3899999999999999 713 332017 1599999999999999
 26 29 32 34 34 33 32 31 31 32 33 35 38 39 39 38 34 29 24 19 16 14 15 1818 9 8B5 342 341331 4099999999999999 753 3121 8 1499999999999999
 22 27 30 33 34 33 31 29 28 28 29 32 35 38 40 41 38 34 29 23 18 15 14 1618 9 9B5 359 341434 4199999999999999 834 282153 1499999999999999
 19 24 28 31 33 33 31 28 26 25 25 27 30 34 38 40 41 38 34 28 22 18 15 1518 910B5 420 331532 4199999999999999 918 252234 1599999999999999
 17 21 26 30 32 32 31 28 24 22 21 22 25 29 33 37 39 39 37 32 26 21 18 1718 911B5 443 331628 409999999999999910 4 212310 1799999999999999
 17 20 24 28 31 32 31 29 25 21 19 19 20 23 27 32 36 37 37 34 30 25 21 1918 912B5 5 8 321721 38999999999999991053 192343 1999999999999999
 19 20 23 27 30 32 32 30 27 23 19 17 17 19 22 26 30 33 35 34 32 28 25 2218 913B5 533 321814 35999999999999991143 17999999999999999999999
 21 22 24 27 29 32 32 31 29 25 21 18 17 17 18 21 25 28 31 32 31 29 27 2518 914B5 558 3219 9 3299999999999999 011 211234 1799999999999999
 24 24 25 27 29 31 32 32 30 27 24 21 18 17 17 19 21 24 27 29 30 29 28 2718 915B5 620 322012 3099999999999999 033 241328 1799999999999999
 26 26 26 28 29 31 32 32 31 29 26 24 21 19 18 18 19 21 23 25 27 28 28 2818 916B5 640 32999999999999999999999 044 261430 1899999999999999
 27 28 28 29 30 31 32 32 31 30 28 26 24 22 20 19 19 19 20 22 24 25 27 2818 917B5 656 329999999999999999999991553 19999999999999999999999
 28 29 29 30 30 31 31 32 31 31 30 28 27 25 23 21 20 19 19 20 21 23 25 2718 918B5 713 329999999999999999999991732 19999999999999999999999
 28 29 30 30 30 31 31 31 31 31 31 30 29 27 26 23 21 20 19 18 19 21 23 2518 919B5 759 319999999999999999999991846 18999999999999999999999
 27 29 30 30 30 30 30 30 30 31 31 31 30 30 28 26 23 21 19 18 17 18 20 2318 920B51038 319999999999999999999991938 17999999999999999999999
 26 28 29 30 30 29 29 29 29 29 30 31 31 31 30 28 26 23 20 18 16 17 18 2118 921B5 318 301216 3199999999999999 7 6 292019 1699999999999999
 24 27 28 29 29 28 27 27 27 27 28 30 31 32 32 30 28 25 21 18 16 16 16 1918 922B5 321 291316 3299999999999999 738 272054 1699999999999999
 22 25 27 29 29 28 26 25 24 25 26 28 30 31 32 32 30 27 23 19 17 15 15 1718 923B5 331 2914 4 3299999999999999 811 242125 1599999999999999
 20 23 26 28 28 27 25 23 22 22 23 25 27 30 32 32 31 29 25 21 18 16 15 1618 924B5 344 281448 3299999999999999 845 222154 1599999999999999
 19 22 25 27 28 27 25 23 20 19 19 21 24 27 30 32 32 30 27 23 19 17 15 1618 925B5 4 0 281532 3299999999999999 921 192220 1599999999999999
 18 21 24 27 28 28 26 23 20 18 17 18 20 24 28 30 32 31 29 25 22 19 17 1618 926B5 419 281615 3299999999999999 958 172245 1699999999999999
 18 20 24 27 29 29 27 24 20 17 16 15 17 20 24 28 30 31 30 28 24 21 19 1818 927B5 439 2917 0 31999999999999991036 152310 1899999999999999
 18 20 23 27 29 30 29 26 22 18 15 14 15 17 21 25 28 30 31 30 27 24 21 2018 928B5 5 1 301747 31999999999999991115 142333 2099999999999999
 20 21 24 27 29 30 30 28 25 20 17 14 14 15 17 21 25 28 30 30 29 27 24 2318 929B5 523 301838 30999999999999991157 142354 2399999999999999
 23 23 25 27 29 31 31 30 27 23 19 16 14 14 15 18 21 25 28 29 30 28 27 2618 930B5 545 311938 30999999999999991243 14999999999999999999999
 25 26 26 28 30 31 32 31 30 26 23 19 16 15 14 16 18 21 24 27 28 29 28 281810 1B5 6 7 3221 1 2999999999999999 0 8 251338 1499999999999999
 28 28 28 29 31 32 32 32 31 29 26 23 19 17 15 15 16 18 20 23 25 27 28 291810 2B5 630 32999999999999999999999 0 2 281447 1599999999999999
 29 30 30 31 31 32 32 32 32 31 29 27 24 21 18 16 15 16 17 19 21 24 26 281810 3B5 7 2 329999999999999999999991618 15999999999999999999999
 29 30 31 31 31 31 32 32 32 32 31 30 28 25 22 19 17 15 15 16 17 20 23 261810 4B5 832 329999999999999999999991753 15999999999999999999999
 28 30 31 31 31 30 30 30 30 31 32 32 31 30 27 23 20 17 15 14 14 17 20 231810 5B5 257 311051 3299999999999999 642 3019 6 1499999999999999
 26 29 30 30 30 29 28 27 27 28 30 32 33 33 31 28 24 20 17 14 13 14 17 201810 6B5 245 301228 3399999999999999 721 2720 2 1399999999999999
 24 27 29 30 29 27 26 24 24 24 26 29 32 34 34 32 29 25 20 16 14 13 15 181810 7B5 254 301340 3499999999999999 757 242048 1399999999999999
 22 25 28 29 29 27 24 22 20 20 22 25 28 32 34 35 33 29 24 20 16 14 15 171810 8B5 3 9 291441 3599999999999999 835 202128 1499999999999999
 20 24 27 29 29 27 24 20 18 16 17 19 23 28 32 34 35 32 29 24 20 17 16 171810 9B5 328 291538 3599999999999999 916 1622 3 1699999999999999
 19 23 27 29 30 28 25 21 17 15 14 15 18 22 27 31 34 34 31 27 23 20 18 18181010B5 350 301631 3499999999999999 959 142233 1899999999999999
 20 23 26 29 30 30 27 23 18 15 12 12 14 17 22 27 31 33 32 30 26 23 21 20181011B5 414 311722 33999999999999991042 1223 0 2099999999999999
 21 23 26 29 31 31 29 26 21 17 13 12 12 14 18 22 27 30 31 31 28 26 24 22181012B5 437 311812 31999999999999991126 112323 2299999999999999
 23 24 26 29 31 31 31 28 24 20 16 13 12 12 15 18 22 26 29 30 29 27 26 24181013B5 458 3119 4 309999999999999912 9 122340 2499999999999999
 24 25 27 29 31 31 31 29 26 22 19 15 13 13 14 16 19 22 25 27 28 27 27 26181014B5 517 3220 3 28999999999999991254 132348 2699999999999999
 26 26 27 29 30 31 31 30 28 25 21 18 16 14 14 15 17 19 22 24 26 27 27 27181015B5 532 319999999999999999999991344 14999999999999999999999
 27 27 28 29 30 30 31 30 29 26 24 21 18 17 15 15 16 17 19 21 23 25 26 26181016B5 544 319999999999999999999991446 15999999999999999999999
 27 27 28 28 29 29 30 29 28 27 25 23 21 19 17 16 16 16 17 18 20 22 24 25181017B5 554 309999999999999999999991612 16999999999999999999999
 26 27 27 28 28 28 28 28 28 27 26 24 23 21 19 18 16 15 15 16 17 19 21 23181018B5 556 289999999999999999999991742 15999999999999999999999
 25 26 27 27 26 26 26 26 26 26 26 25 24 23 21 19 17 16 14 14 15 17 19 21181019B5 230 279999999999999999999991847 14999999999999999999999
 24 25 26 26 25 24 24 23 23 24 24 25 25 25 23 21 19 17 15 14 13 15 17 19181020B5 221 261143 2599999999999999 715 231936 1399999999999999
 22 24 25 25 24 23 21 21 21 21 22 24 25 25 25 23 21 19 16 14 13 13 15 18181021B5 227 2513 3 2599999999999999 738 212014 1399999999999999
 21 23 24 25 23 22 20 18 18 18 19 22 24 25 26 25 23 21 18 15 14 13 14 17181022B5 236 2514 0 2699999999999999 8 6 182046 1399999999999999
 20 22 24 25 24 22 19 16 15 15 16 19 22 24 26 27 26 23 20 18 15 14 15 17181023B5 248 251449 2799999999999999 836 152115 1499999999999999
 19 22 25 25 25 22 19 16 13 12 13 15 19 22 25 27 27 26 23 20 18 16 16 17181024B5 3 3 251536 2799999999999999 9 9 122141 1699999999999999
 20 23 25 27 26 24 21 17 13 11 10 12 15 19 24 27 28 28 26 23 20 18 18 18181025B5 321 271622 2899999999999999 944 1022 7 1899999999999999
 20 23 26 28 28 27 23 19 14 11  9  9 12 16 21 25 28 29 29 26 23 21 20 20181026B5 342 2817 9 29999999999999991021  92233 2099999999999999
 21 24 26 29 30 29 26 22 17 12  9  8  9 12 17 22 26 29 30 29 26 24 23 22181027B5 4 6 301758 309999999999999911 1  82258 2299999999999999
 23 24 27 29 31 31 29 26 20 15 11  9  8 10 13 18 23 26 29 29 28 27 25 25181028B5 432 311851 29999999999999991145  82320 2499999999999999
 25 26 27 29 31 32 31 29 24 19 14 11  9  9 11 14 18 23 26 28 29 28 27 26181029B5 5 0 321953 29999999999999991233  92336 2699999999999999
 26 27 28 29 31 32 32 30 28 23 19 14 11 10 10 11 15 18 22 25 27 28 28 27181030B5 529 329999999999999999999991328 10999999999999999999999
 27 28 28 29 30 31 31 31 29 26 23 19 15 12 11 11 12 14 17 21 23 25 27 27181031B5 6 3 319999999999999999999991434 11999999999999999999999
 27 28 28 28 29 29 30 30 29 28 26 23 19 16 14 12 12 12 14 16 19 22 24 261811 1B5 651 309999999999999999999991556 12999999999999999999999
 27 27 27 27 27 27 27 27 27 27 27 26 23 21 18 15 13 12 12 13 16 19 21 241811 2B5 141 27 838 2899999999999999 521 271723 1299999999999999
 26 26 26 26 25 24 24 24 24 25 26 26 26 24 22 19 16 14 12 12 14 16 19 221811 3B5 128 2611 1 2699999999999999 636 241835 1299999999999999
 24 26 26 25 23 22 20 20 20 21 23 25 26 27 25 23 20 17 14 13 13 14 17 201811 4B5 138 261239 2799999999999999 719 201931 1399999999999999
 23 25 26 25 23 20 18 16 16 16 19 22 25 27 27 26 24 21 17 15 14 14 16 191811 5B5 154 261352 2799999999999999 757 162015 1499999999999999
 22 25 26 26 23 20 17 14 12 12 14 17 21 25 27 28 27 24 21 18 16 16 17 191811 6B5 213 261454 2899999999999999 836 122052 1699999999999999
 22 25 27 27 25 22 18 14 11  9 10 12 17 21 25 28 29 27 24 21 19 18 18 201811 7B5 234 271549 2999999999999999 914  92124 1899999999999999
 22 25 27 28 27 24 20 15 11  8  8  9 12 17 22 26 28 29 27 25 22 20 20 211811 8B5 257 281640 2999999999999999 953  82152 2099999999999999
 23 25 28 29 29 27 23 18 13  9  7  7  9 13 18 23 27 29 29 27 25 23 22 221811 9B5 321 291727 29999999999999991031  72217 2299999999999999
 23 26 28 30 30 29 26 21 16 12  8  7  8 11 15 20 24 27 28 28 26 25 23 23181110B5 344 301813 299999999999999911 8  72240 2399999999999999
 24 26 28 30 31 30 28 24 19 14 11  8  8  9 12 17 21 25 27 28 27 26 25 24181111B5 4 6 311859 28999999999999991145  823 2 2499999999999999
 25 26 28 29 30 30 29 26 22 17 13 10  9  9 11 14 18 21 24 26 27 26 25 25181112B5 426 301950 27999999999999991223  92322 2599999999999999
 25 26 27 28 29 30 29 27 23 20 16 13 10 10 10 12 15 18 21 24 25 25 25 25181113B5 445 302059 259999999999999913 4 102342 2599999999999999
 25 25 26 27 28 28 28 27 24 21 18 15 12 11 10 11 13 15 18 20 22 23 24 24181114B5 5 5 289999999999999999999991351 10999999999999999999999
 24 24 25 25 26 26 26 25 24 22 19 16 14 12 11 11 11 13 15 17 19 21 22 23181115B5 524 269999999999999999999991448 11999999999999999999999
 23 23 23 23 23 24 24 23 23 21 20 18 16 14 12 11 11 11 12 14 16 18 20 21181116B5 3 6 2499999999999999999999916 2 11999999999999999999999
 22 22 22 22 21 21 21 21 20 20 19 18 17 16 14 13 12 11 11 12 14 16 18 20181117B5 049 229999999999999999999991722 11999999999999999999999
 21 21 21 20 19 18 18 18 18 18 18 18 18 18 16 15 13 12 12 12 13 14 16 19181118B5 1 2 211053 1899999999999999 7 1 181827 1299999999999999
 20 21 21 20 18 16 15 14 15 15 17 18 19 19 18 17 16 14 13 12 13 14 16 18181119B5 115 211254 1999999999999999 722 141916 1299999999999999
 20 21 21 20 18 15 13 12 11 12 14 16 18 20 20 20 19 17 15 14 14 14 16 18181120B5 127 2114 3 2099999999999999 749 111956 1499999999999999
 20 22 22 21 19 15 12 10  9  9 11 14 17 20 22 22 22 20 18 17 16 16 17 19181121B5 141 221458 2299999999999999 818  92030 1699999999999999
 21 23 24 23 21 17 13  9  7  7  8 11 15 19 22 24 24 23 22 20 18 18 18 20181122B5 159 241547 2499999999999999 851  721 1 1899999999999999
 22 25 26 26 24 20 15 11  7  5  5  7 11 16 21 24 26 26 25 23 21 20 20 21181123B5 222 261634 2699999999999999 928  52132 2099999999999999
 23 26 28 28 27 24 19 14  9  5  4  5  8 13 18 23 26 28 28 26 24 23 22 23181124B5 250 281721 289999999999999910 7  422 2 2299999999999999
 24 27 29 30 30 28 24 18 12  7  4  3  5  9 14 20 24 27 29 28 26 25 24 24181125B5 323 3018 8 29999999999999991050  32234 2499999999999999
 25 27 29 31 32 31 28 23 17 11  6  4  3  6 10 15 20 25 27 28 28 26 25 25181126B5 359 321859 28999999999999991137  323 6 2599999999999999
 25 26 28 30 31 32 30 27 21 16 10  6  4  4  7 11 16 20 24 27 27 27 26 25181127B5 439 321956 27999999999999991227  42343 2599999999999999
 25 25 26 28 30 31 30 29 25 20 15 10  7  5  6  8 12 16 20 23 25 26 25 25181128B5 522 3121 2 26999999999999991320  5999999999999999999999
 24 24 25 25 27 28 28 28 26 23 19 15 11  8  7  7  9 12 16 19 22 23 24 24181129B5 611 282217 2499999999999999 037 241417  799999999999999
 23 23 23 23 23 24 25 25 25 24 21 18 15 12 10  9  9 10 13 15 18 21 22 23181130B5 716 252315 2399999999999999 224 231521  899999999999999
 23 22 21 21 20 20 20 21 22 22 22 20 18 16 13 11 10 10 11 13 16 18 20 221812 1B5 9 0 222352 2299999999999999 443 201631 1099999999999999
 22 22 20 19 18 16 16 16 17 18 20 20 20 19 17 15 13 12 12 13 15 17 19 211812 2B51114 20999999999999999999999 611 161741 1299999999999999
 22 22 21 19 16 14 13 12 12 14 16 18 20 20 20 18 17 15 14 14 15 16 18 211812 3B5 022 221257 2099999999999999 7 7 121842 1499999999999999
 22 23 22 20 17 14 11  9  8  9 12 15 18 20 21 21 20 18 17 16 16 17 19 211812 4B5 049 231417 2199999999999999 752  81932 1699999999999999
 23 24 23 21 18 15 11  8  6  6  8 11 15 19 21 23 22 21 20 18 18 18 19 211812 5B5 116 241520 2399999999999999 832  62012 1899999999999999
 23 25 25 24 21 17 13  9  6  4  5  8 12 16 20 23 24 24 22 21 20 20 20 221812 6B5 143 251611 2499999999999999 9 9  42046 2099999999999999
 24 26 27 26 24 20 15 11  7  4  4  6  9 14 18 22 25 25 25 23 22 21 21 221812 7B5 210 271655 2599999999999999 944  42116 2199999999999999
 24 26 27 28 26 23 19 14  9  6  4  4  7 11 16 21 24 26 26 25 23 22 22 231812 8B5 236 281733 26999999999999991018  42146 2299999999999999
 24 26 28 28 28 25 22 17 12  8  5  4  6  9 13 18 22 25 26 26 24 23 23 231812 9B5 3 3 281810 26999999999999991051  42215 2299999999999999
 24 25 27 28 28 27 24 19 15 10  6  5  5  7 11 15 20 23 25 26 25 24 23 22181210B5 330 281846 26999999999999991124  52247 2299999999999999
 23 24 26 27 28 27 25 21 17 12  8  6  5  6  8 12 17 20 23 24 24 23 22 22181211B5 358 281924 25999999999999991158  52322 2299999999999999
 22 23 24 25 26 26 25 22 18 14 10  7  5  5  7 10 13 17 20 22 23 23 22 21181212B5 426 2620 7 23999999999999991233  5999999999999999999999
 21 21 22 23 24 24 24 22 19 15 12  8  6  5  6  8 10 14 17 19 21 21 21 20181213B5 456 242056 2199999999999999 0 5 211310  599999999999999
 19 19 19 20 21 21 21 20 18 16 13 10  8  6  6  7  8 11 14 16 18 19 19 19181214B5 528 212150 1999999999999999 1 2 191349  699999999999999
 18 18 17 17 18 18 18 18 17 16 13 11  9  8  7  7  8  9 11 14 16 17 18 18181215B5 6 5 182238 1899999999999999 227 171430  799999999999999
 18 17 16 15 15 15 15 15 15 15 14 12 11 10  9  8  8  9 10 12 14 16 17 17181216B52313 179999999999999999999991517  8999999999999999999999
 17 16 15 14 13 12 12 12 13 13 13 13 13 12 11 10 10 10 11 12 13 15 16 17181217B510 3 132339 1899999999999999 556 121618 1099999999999999
 17 17 15 13 12 10  9  9 10 11 12 13 14 14 14 13 13 13 13 13 14 15 17 18181218B51255 14999999999999999999999 640  91738 1399999999999999
 19 18 16 14 12  9  7  6  7  8 10 12 15 16 17 17 16 16 15 15 15 16 18 19181219B5 0 1 191426 1799999999999999 716  61849 1599999999999999
 20 20 19 16 13 10  7  5  4  5  8 11 14 17 19 20 20 19 18 18 18 18 19 21181220B5 025 201523 2099999999999999 752  41942 1899999999999999
 22 23 22 20 16 12  8  4  2  2  4  8 12 16 20 22 23 22 21 20 20 20 21 22181221B5 055 2316 8 2399999999999999 831  22026 2099999999999999
 24 25 25 24 20 16 11  6  2  1  1  4  9 14 19 22 24 25 24 23 22 21 22 23181222B5 131 261650 2599999999999999 913  121 5 2199999999999999
 25 27 28 27 25 21 15  9  4  1  0  1  5 10 16 21 24 26 26 25 24 23 22 23181223B5 213 281730 2699999999999999 957  02143 2299999999999999
 25 27 29 30 29 26 21 14  8  3  0 -1  1  6 11 17 22 25 26 26 24 23 22 22181224B5 3 0 301810 26999999999999991044 -12223 2299999999999999
 23 25 28 30 30 29 25 20 13  7  2  0  0  2  7 12 18 22 25 26 25 23 22 21181225B5 349 301851 26999999999999991132 -123 7 2199999999999999
 22 23 25 28 29 30 28 24 18 12  6  2  0  1  3  8 13 18 22 24 24 23 21 20181226B5 440 301932 24999999999999991220  0999999999999999999999
 20 20 21 24 26 27 27 26 22 17 11  6  3  2  2  5  9 14 18 21 22 22 20 19181227B5 533 282013 2299999999999999 0 0 2013 7  299999999999999
 18 17 18 19 21 23 24 24 22 19 15 10  7  4  4  5  7 11 15 18 20 20 20 18181228B5 631 242054 2099999999999999 1 5 171353  499999999999999
 17 15 15 15 16 17 19 20 20 19 17 14 10  8  6  6  7 10 13 15 18 19 19 18181229B5 740 202137 1999999999999999 225 151438  699999999999999
 17 15 13 12 12 12 13 15 16 16 16 15 13 11 10  9  9 10 12 14 16 18 19 18181230B5 916 172219 1999999999999999 4 0 121522  999999999999999
 17 15 13 11 10  9  9  9 11 12 14 14 14 14 13 12 12 12 13 14 16 17 18 19181231B51127 1423 1 1999999999999999 536  816 7 1299999999999999
