 69 95112121123117106 97 94 97105117132143143133114 86 53 22  1 -7 -2 1518 1 1C8 342123133314599999999999999 752 9421 6 -799999999999999
 43 75102119128128119106 97 96100109123140149147133110 78 42 10 -8-12 -418 1 2C8 431129141715099999999999999 841 962149-1399999999999999
 17 49 83109124130127116102 94 95101112128145153147129104 70 33  4-10-1118 1 3C8 51513015 215399999999999999 926 942231-1299999999999999
  1 26 60 93115126129124110 96 90 92100113131147151142123 96 62 28  3 -618 1 4C8 5541291547152999999999999991010 902310 -699999999999999
 -2 13 40 74102119126126117102 89 85 89 97112130144144133113 88 56 26  818 1 5C8 6291271632146999999999999991054 852347  499999999999999
  4 12 29 57 88111122125121109 93 82 80 85 94109125135133121103 79 52 2918 1 6C8 6571251718136999999999999991142 80999999999999999999999
 18 19 29 48 75101117124123116102 86 77 76 80 89102116123119108 93 73 5218 1 7C8 72112418 712399999999999999 023 171236 7599999999999999
 37 32 36 48 67 90111122124120110 96 81 73 72 75 82 93104108105 97 86 7218 1 8C8 74712419 110899999999999999 058 321342 7299999999999999
 57 48 47 53 65 82102118124124117106 92 78 70 67 68 74 82 91 95 93 89 8318 1 9C8 8211252014 9599999999999999 136 461510 6799999999999999
 75 66 61 62 69 79 94110121125123115104 90 76 66 61 60 63 70 78 84 86 8718 110C8 9 21252249 8799999999999999 219 611645 6099999999999999
 86 82 77 74 75 80 90102114123125122114103 88 73 60 53 50 52 59 69 78 8518 111C8 953126999999999999999999999 317 7418 2 5099999999999999
 90 93 92 88 85 84 88 96106116124126123114101 85 67 52 42 39 42 51 64 7818 112C8 115 93105212699999999999999 435 8419 0 3999999999999999
 89 98102102 97 92 90 92 99108118126128124114 99 79 58 41 31 30 35 48 6518 113C8 224103115312899999999999999 556 901945 2999999999999999
 83 97107111109102 95 92 94100109120129131125113 94 70 47 30 21 22 32 4918 114C8 3 9111124713199999999999999 7 5 922023 2199999999999999
 71 92107116117112103 94 91 94101112125134134125108 85 59 35 19 14 19 3418 115C8 345118133313599999999999999 8 0 912058 1499999999999999
 56 81102116122120111100 91 89 94103117131138135122100 74 46 23 10 10 2118 116C8 415122141313999999999999999 845 892130  999999999999999
 40 66 93112122124118106 94 87 87 95107123137141133115 90 61 33 13  6 1218 117C8 443124145114199999999999999 924 8622 2  699999999999999
 27 52 80104119124122112 99 87 83 87 97113129140140127104 77 47 22  8  818 118C8 5 912515271429999999999999910 0 832233  699999999999999
 18 39 66 93113123124117104 90 81 80 87101118134140134117 92 63 35 16  918 119C8 53512416 1140999999999999991035 7923 2  999999999999999
 14 30 54 81105119124120109 95 82 76 79 89104122134135125105 79 51 28 1518 120C8 6 212416361369999999999999911 9 762331 1499999999999999
 15 26 45 70 95114122122114101 85 75 73 79 90106122130127113 93 68 44 2718 121C8 6271231712130999999999999991144 732358 2199999999999999
 21 26 40 61 86107119122118107 91 77 70 71 78 90106118122116102 83 61 4218 122C8 6511221752122999999999999991223 70999999999999999999999
 32 32 41 57 78 99115122120112 99 83 71 66 69 76 87101111112105 92 76 6018 123C8 716122183911399999999999999 026 3113 9 6699999999999999
 47 43 47 58 74 92109120122116106 92 77 66 62 64 70 81 92100101 96 87 7618 124C8 742122193810299999999999999 057 431410 6299999999999999
 65 58 57 64 74 88103116122120113101 87 72 62 57 57 61 70 81 89 92 91 8718 125C8 81512221 9 9299999999999999 132 571531 5699999999999999
 81 75 72 73 79 88 99111120123120111 99 84 69 56 48 46 49 57 68 79 86 9018 126C8 856123999999999999999999999 214 721659 4699999999999999
 92 91 88 86 87 91 98106116122125121112100 84 66 49 38 33 35 43 57 71 8418 127C8 0 8 92 95112599999999999999 317 861815 3399999999999999
 94100102101 98 97 99103110118125128125117103 84 62 41 25 19 20 31 48 6818 128C8 2 610211 312899999999999999 455 971918 1899999999999999
 87101110113111105102101104110119128133131122106 83 56 31 13  6  9 23 4518 129C8 3 3113121713399999999999999 6321012012  699999999999999
 71 93109119121115107100 99102109120132140138127108 81 49 21  3 -3  3 2118 130C8 345121132014099999999999999 746 992059 -399999999999999
 49 78102118125124114102 95 93 97107121137146143129107 76 41 12 -3 -6  418 131C8 423126141414699999999999999 841 932142 -699999999999999
 26 58 90112124127122108 93 86 86 92105124142149144127102 69 33  7 -4 -218 2 1C8 45512715 314999999999999999 926 852220 -599999999999999
 12 39 73102120127126115 98 82 76 79 87104126143148139121 95 61 28  8  218 2 2C8 52312815481489999999999999910 8 762254  299999999999999
  9 27 57 90115126128121105 85 71 67 73 84103125140141130112 85 53 27 1318 2 3C8 5431281633143999999999999991049 672325 1299999999999999
 14 26 47 78107124129125113 94 74 62 61 69 82102122133130118100 76 49 3018 2 4C8 5591291716133999999999999991131 602354 2599999999999999
 25 31 46 69 97120130128120104 83 65 56 58 66 80 99115121117106 90 69 5018 2 5C8 62013018 1121999999999999991216 56999999999999999999999
 39 40 50 66 89112128131125113 95 75 60 54 57 65 77 93105108104 94 82 6818 2 6C8 647131185010899999999999999 024 3813 7 5499999999999999
 56 52 57 68 84104121130129119106 88 71 59 54 56 63 73 85 94 96 93 87 8018 2 7C8 7191311949 9699999999999999 054 5214 7 5499999999999999
 72 66 66 73 84 98113125129124114100 85 70 59 54 54 59 66 76 83 86 86 8518 2 8C8 7551292140 8799999999999999 126 651528 5499999999999999
 83 80 78 80 86 94105116124125120110 98 84 70 59 53 50 53 58 67 75 81 8618 2 9C8 840125999999999999999999999 2 4 7817 1 5099999999999999
 89 91 90 90 90 94100107115120121117109 98 85 71 58 48 44 45 50 60 70 8118 210C8 120 91 93912199999999999999 315 901820 4499999999999999
 90 97100100 98 96 97100106112118120117110100 85 68 52 41 36 37 44 56 7118 211C8 22710111 012099999999999999 516 961918 3599999999999999
 86 98106109106101 96 95 97103110117122120113100 83 62 44 31 27 30 41 5818 212C8 3 2109121912299999999999999 650 9520 3 2799999999999999
 77 95107114114108 99 92 90 93100110120126125115 98 77 53 33 22 20 28 4318 213C8 330115131712799999999999999 752 902040 2099999999999999
 65 87105116119114104 93 86 85 90100114126132127113 92 67 42 23 15 17 3018 214C8 35411914 313299999999999999 837 842114 1499999999999999
 51 76 99115121119110 96 84 78 80 89103120133135126108 83 55 30 15 12 2018 215C8 416121144313699999999999999 914 782145 1199999999999999
 38 63 90110121122115101 85 74 71 77 90109127137135121 99 71 43 21 12 1518 216C8 438123152113899999999999999 948 712215 1199999999999999
 29 52 79104119124120107 89 73 65 66 76 94115132138131113 88 59 33 17 1518 217C8 4591241556138999999999999991021 642242 1499999999999999
 24 43 69 96116124123113 95 76 62 58 64 78 98120133134123103 76 49 28 2018 218C8 5201251632135999999999999991052 5823 8 2099999999999999
 24 38 61 87111124125118102 82 63 53 54 63 80102121130126112 92 67 44 3018 219C8 5381261710130999999999999991125 522333 2999999999999999
 30 39 56 80104121126122109 90 69 53 48 52 64 82103119123116102 83 62 4518 220C8 55712617501239999999999999912 0 482358 3999999999999999
 39 45 57 76 98117127125115 99 79 59 47 45 51 64 82100112113106 94 78 6218 221C8 6191271836114999999999999991240 45999999999999999999999
 53 54 62 76 93112125127120107 90 70 53 44 44 50 62 78 93102102 97 88 7818 222C8 644128193210399999999999999 025 521330 4399999999999999
 69 66 70 80 92107120127125115101 84 66 51 43 42 47 56 70 83 91 93 91 8818 223C8 71512721 1 9399999999999999 054 661438 4299999999999999
 83 80 80 86 94104114123126121111 98 82 66 52 43 39 41 48 59 71 80 87 9018 224C8 753126999999999999999999999 125 791611 3999999999999999
 92 93 92 93 97103109116121123119111100 86 70 54 41 34 32 37 47 61 74 8518 225C8 8471239999999999999999999991746 32999999999999999999999
 94100103103102102104108112117120120115106 92 74 55 37 26 22 26 38 54 7318 226C8 220103102012199999999999999 41510219 1 2299999999999999
 89101109112109104101100102106113120124122114 99 77 53 31 18 13 18 33 5518 227C8 25411212 912499999999999999 6461001959 1399999999999999
 78 97111117117109 99 93 91 93 99111123131130121103 77 49 25 11  8 16 3518 228C8 324118132413199999999999999 8 0 912046  899999999999999
 62 88108119122116103 89 80 79 83 94111128137136124103 74 43 19  8  9 2118 3 1C8 351122142013899999999999999 846 792126  799999999999999
 45 76102118124122110 91 74 67 67 75 91113133141137123 99 68 37 17 10 1618 3 2C8 41412515 714199999999999999 924 662159 1099999999999999
 33 62 93116126126117 99 76 59 54 58 70 91117136141133117 92 60 33 19 1918 3 3C8 43012715511419999999999999910 0 542229 1899999999999999
 30 52 82111127130123108 84 61 47 45 53 69 93119134135125108 83 54 33 2718 3 4C8 4441301633136999999999999991036 452256 2799999999999999
 33 48 73102125133128116 96 70 48 38 41 52 71 96118128126115 98 74 52 3918 3 5C8 5 41331714129999999999999991113 382323 3899999999999999
 41 51 69 94119133133123106 83 58 40 36 41 54 74 96114119114104 88 69 5418 3 6C8 5291351756119999999999999991152 352351 5099999999999999
 50 56 69 88110129135129114 95 71 50 38 37 45 58 76 95107108103 94 82 6918 3 7C8 5571351841109999999999999991233 36999999999999999999999
 62 63 72 86103121132131121104 85 64 48 40 41 49 60 76 90 98 98 95 89 8118 3 8C8 6281331935 9999999999999999 020 611320 4099999999999999
 74 72 77 86 98112124129124112 96 79 62 50 45 46 51 61 72 83 89 90 90 8818 3 9C8 7 112921 5 9199999999999999 049 721418 4499999999999999
 85 83 83 88 95105114121122116105 91 77 64 54 49 48 51 58 67 75 82 87 9018 310C8 738122999999999999999999999 119 831541 4899999999999999
 91 92 92 92 95 99105111115115110101 91 80 68 58 50 47 48 53 61 70 79 8718 311C8 8271159999999999999999999991717 47999999999999999999999
 94 98100 99 97 96 98101105108109108102 94 83 71 59 48 42 42 47 56 68 8118 312C8 2 9100 95710999999999999999 456 961834 4199999999999999
 92101106106102 97 93 92 94 98104108110107 99 86 71 55 42 35 35 42 54 7018 313C8 233106115111099999999999999 645 921929 3499999999999999
 87101109111108100 91 85 84 87 94103112115112102 87 67 48 34 28 31 41 5818 314C8 25411213 311599999999999999 744 832011 2899999999999999
 78 97110115113105 92 81 74 75 82 93107118122116103 83 60 40 27 24 31 4618 315C8 313116135412299999999999999 825 742046 2499999999999999
 68 90108118118110 96 80 68 64 68 79 96114126127117 99 76 51 31 22 24 3618 316C8 332119143612899999999999999 859 642118 2299999999999999
 57 82104118122116102 83 65 55 55 64 81103122131128115 93 67 42 27 23 3118 317C8 352122151513299999999999999 931 532148 2399999999999999
 48 73 98117124121108 88 66 50 44 49 63 86110128133126109 85 58 37 28 3118 318C8 41012415531339999999999999910 1 442215 2899999999999999
 43 65 91114126125115 96 72 49 37 36 46 66 92117131131120101 77 52 38 3518 319C8 4281271631132999999999999991032 352240 3599999999999999
 44 60 84109125129121105 82 55 35 28 33 47 70 97119128125113 93 70 52 4418 320C8 44612917101289999999999999911 4 2823 5 4499999999999999
 49 61 79103123131127113 93 66 41 26 25 33 50 74100117122116104 87 68 5618 321C8 5 71311752122999999999999991138 242331 5599999999999999
 56 65 79 98118131131120103 80 54 33 23 25 36 53 76 98111113107 97 84 7118 322C8 5311331839113999999999999991217 232358 6699999999999999
 66 71 82 95112127133127112 93 70 47 31 25 28 38 55 75 93102103100 93 8418 323C8 55913319411039999999999999913 4 25999999999999999999999
 78 78 85 95107119129129120104 86 66 47 34 29 32 40 53 70 84 92 95 95 9318 324C8 6321302139 9599999999999999 027 7714 5 2999999999999999
 89 87 90 96104112120125122113100 85 68 52 40 34 34 38 49 62 75 84 90 9518 325C8 710125999999999999999999999 058 871536 3399999999999999
 97 97 96 98101105110114117115109100 89 75 60 47 38 33 35 42 54 68 81 9118 326C8 8 71179999999999999999999991716 33999999999999999999999
 99103104102100 99100101105108110109105 97 84 68 51 38 30 30 37 50 67 8318 327C8 14010410 811099999999999999 512 991835 2999999999999999
 97106110109102 95 90 88 89 94102109113113106 93 74 53 36 27 26 34 51 7218 328C8 212110122111499999999999999 711 881934 2599999999999999
 91106114115109 96 84 76 73 76 85 98112120121114 98 75 51 33 25 26 38 5818 329C8 239116133512299999999999999 8 2 732020 2499999999999999
 83104116120116103 85 68 60 59 65 79 99117127127118 99 73 47 31 26 32 4718 330C8 3 0120142812899999999999999 839 582057 2699999999999999
 72 98117124122111 92 68 51 45 47 58 78103123132129117 96 68 44 32 33 4218 331C8 316125151413299999999999999 912 442129 3199999999999999
 62 89114127128119102 76 51 36 33 40 56 81109127132127113 90 63 44 38 4418 4 1C8 332129155513299999999999999 945 332157 3899999999999999
 57 80108128133127112 88 60 35 25 27 38 59 87113128129121106 83 60 48 4818 4 2C8 3531331635129999999999999991018 242225 4799999999999999
 58 75 99123136133120100 73 44 25 20 26 41 65 93115124122113 98 77 61 5518 4 3C8 4181371714124999999999999991052 202254 5599999999999999
 61 74 93115133137128110 86 59 34 20 21 31 48 72 97114118114105 91 75 6518 4 4C8 4461381755118999999999999991127 192324 6499999999999999
 66 75 89107126136133118 98 73 48 29 22 26 38 56 78 98109110106 98 86 7618 4 5C8 51513718391119999999999999912 4 222354 7299999999999999
 72 77 87101117130133124107 86 64 43 30 28 34 46 63 81 96103103 99 93 8618 4 6C8 5461331932103999999999999991244 27999999999999999999999
 81 81 87 97108120127125113 97 78 59 44 36 35 41 52 66 80 91 96 97 96 9218 4 7C8 6171272050 9799999999999999 026 801331 3499999999999999
 89 87 89 94101110117119115104 89 74 59 48 43 42 47 55 66 77 86 92 95 9618 4 8C8 65111923 5 9699999999999999 1 1 871434 4299999999999999
 95 94 93 94 97101106110110106 97 86 75 64 54 48 46 48 54 63 73 82 90 9618 4 9C8 733111999999999999999999999 2 7 9316 2 4699999999999999
 99100 99 97 94 94 95 98101102100 96 88 79 69 59 51 46 46 51 60 71 82 9318 410C8 056100 85510299999999999999 446 941729 4699999999999999
101105105101 96 90 86 86 89 93 97100 99 94 85 74 62 50 44 43 48 59 72 8718 411C8 132105111510099999999999999 629 861836 4299999999999999
 99107110107 99 89 80 75 76 80 88 97104105100 90 76 60 47 40 40 48 61 7818 412C8 156110124310599999999999999 724 751926 3999999999999999
 95108114112104 91 77 66 62 65 75 88102111113106 93 75 56 43 37 41 52 6918 413C8 217114134111399999999999999 8 2 6220 6 3799999999999999
 89107117118111 96 77 60 50 50 58 73 93110120119109 92 71 52 40 38 46 6118 414C8 237119142712199999999999999 835 492041 3899999999999999
 82103118123117103 82 59 43 36 40 54 76100119126123110 90 67 49 41 44 5618 415C8 257123151012699999999999999 9 6 362113 4199999999999999
 75 98118127124112 91 64 40 26 25 34 54 82108125130123108 86 64 50 48 5518 416C8 316127155113099999999999999 938 242142 4799999999999999
 70 92115129130120101 75 46 23 14 18 33 58 89115128129120103 82 63 55 5918 417C8 3361311633130999999999999991010 142210 5599999999999999
 69 87109129135129112 88 58 29 11  8 17 36 64 95118126125115 98 79 66 6518 418C8 3591351717127999999999999991044  82237 6499999999999999
 72 85104124137136123102 75 44 18  6  8 20 41 70 98116121118109 94 79 7318 419C8 42513818 4121999999999999991121  523 6 7399999999999999
 76 86100117133139131114 91 63 35 14  7 12 25 47 74 97110113111104 92 8218 420C8 45513919 11139999999999999912 2  72337 8199999999999999
 81 88 98110125135135123105 82 57 33 17 14 19 32 52 75 93103106105100 9218 421C8 5281372018106999999999999991250 14999999999999999999999
 88 90 96105115125131126114 97 78 56 37 25 23 27 37 54 73 88 9610110210018 422C8 6 5131215410299999999999999 012 881350 2399999999999999
 95 93 95100106113119122117106 93 78 61 45 35 32 33 41 54 70 83 93 9910218 423C8 650122232510399999999999999 059 931511 3299999999999999
102 99 97 97 98100104108110108102 94 83 70 56 45 39 38 43 54 68 82 9410218 424C8 759110999999999999999999999 238 961640 3799999999999999
106106102 97 92 89 89 91 95100102102 99 92 80 65 52 43 40 44 55 70 86 9918 425C8 029107102510399999999999999 544 891756 4099999999999999
108112110102 91 82 75 73 76 83 93101106106101 88 72 56 45 42 46 58 76 9418 426C8 1 9112123110799999999999999 659 731855 4299999999999999
108116117110 97 80 67 59 57 62 74 90104112114108 94 75 57 46 45 51 66 8618 427C8 137117134311499999999999999 745 571941 4499999999999999
106119123119106 87 65 50 42 44 53 70 92110119120112 96 75 57 49 50 60 7718 428C8 159123143612199999999999999 822 422020 4999999999999999
100119128126116 98 72 48 33 29 34 49 72 98116124123113 95 73 58 54 59 7118 429C8 220129152212599999999999999 855 292054 5499999999999999
 92114130133125109 85 56 32 20 21 31 50 78105122127123111 91 72 61 61 7018 430C8 24413416 312799999999999999 927 192126 6099999999999999
 85107128138134119 98 69 40 19 13 18 33 57 87112124126120106 87 71 66 7118 5 1C8 311138164212699999999999999 959 132157 6699999999999999
 82 99120137139128109 84 54 27 12 11 21 40 67 95115123122115101 84 73 7318 5 2C8 3401401720123999999999999991032 102230 7299999999999999
 81 94112130140135119 97 69 41 19 11 15 29 50 77101116120117108 95 83 7718 5 3C8 41114017591209999999999999911 6 1123 3 7799999999999999
 81 91105121135138127108 84 57 33 18 15 23 39 61 85104113115111103 92 8418 5 4C8 4421381842115999999999999991141 152337 8299999999999999
 83 89 99112126134130116 96 73 49 30 21 23 33 49 69 89103109110106 99 9118 5 5C8 5131341931110999999999999991219 21999999999999999999999
 87 88 95104115125127120105 86 65 46 33 29 32 43 58 75 90101105105102 9718 5 6C8 546127203110699999999999999 014 8613 1 2999999999999999
 92 90 92 98105114119118109 95 79 62 48 39 37 41 50 63 77 90 9810310410218 5 7C8 621119214510499999999999999 059 901351 3799999999999999
 98 95 93 94 97102107110108100 89 76 63 53 46 44 47 54 65 78 89 9710310418 5 8C8 7 511023 210499999999999999 215 931456 4499999999999999
103100 96 92 90 91 94 98100 99 95 88 78 68 59 52 49 50 56 66 78 89 9910518 5 9C8 819100999999999999999999999 416 901616 4999999999999999
107106101 94 87 83 81 84 88 92 95 95 91 84 75 65 57 52 52 58 68 81 9310418 510C8 0 11071028 9699999999999999 550 811729 5199999999999999
110111107 99 88 77 70 68 72 80 88 96100 98 92 82 70 59 53 53 60 72 8610118 511C8 040112121410099999999999999 647 681828 5299999999999999
112116114105 91 75 62 55 55 62 75 89101108107 99 87 73 61 55 56 65 79 9618 512C8 110116132410899999999999999 728 541916 5499999999999999
111120121113 98 78 58 44 39 43 55 74 94109116115105 90 74 62 58 62 74 9018 513C8 135121141811799999999999999 8 4 391957 5899999999999999
108122127122108 87 61 39 26 24 33 52 77101118124121109 92 75 65 64 71 8518 514C8 15912715 712499999999999999 839 242034 6399999999999999
104122132131120 99 72 43 21 11 14 29 53 83109124128123110 92 76 70 73 8318 515C8 224133155412899999999999999 914 1121 8 7099999999999999
 99118134139131113 87 56 25  6  2  9 29 58 90115127129123108 91 79 77 8318 516C8 251139164313099999999999999 951  12140 7799999999999999
 95112131143141127104 75 41 13 -2 -2 10 32 64 96117126127120106 90 83 8518 517C8 3211441734127999999999999991029 -42213 8399999999999999
 94106124140146138120 95 63 31  6 -3  1 15 39 71 99116123122115102 91 8818 518C8 3541461829123999999999999991110 -32248 8799999999999999
 93102115131144144131111 86 55 26  7  2  8 23 48 77100113118117110 99 9218 519C8 4311461927118999999999999991154  22327 9199999999999999
 92 98107119133140136122103 79 52 28 14 12 18 33 56 80 99109113113107 9818 520C8 5111412027114999999999999991243 11999999999999999999999
 93 94100107117128132126113 97 76 54 34 24 23 29 43 63 83 9810711111010518 521C8 555132212511199999999999999 014 931338 2399999999999999
 97 93 94 97102110117120115106 93 77 59 45 36 35 40 51 68 86 9910711111018 522C8 650120222111199999999999999 120 931443 3599999999999999
105 97 92 90 90 92 98104107106101 93 82 68 56 48 46 49 59 74 9010211011318 523C8 811107231111399999999999999 326 891555 4699999999999999
112105 96 87 81 78 79 83 90 97100100 97 89 78 66 57 54 57 66 80 9510811618 524C81030100235311899999999999999 520 7817 4 5499999999999999
118114105 92 79 69 64 64 69 79 90 98103103 97 87 74 64 60 63 73 8710311618 525C81232103999999999999999999999 630 6318 3 6099999999999999
122122116102 84 67 54 48 50 58 72 88101108110105 93 79 69 66 70 80 9511218 526C8 028123134711099999999999999 720 481855 6699999999999999
125129125114 96 73 52 39 35 39 51 70 91107115117111 97 82 72 71 77 8810518 527C8 1 0129144211799999999999999 8 0 351939 7199999999999999
122133133125108 85 59 37 26 25 33 50 74 98114122121113 98 83 75 77 84 9818 528C8 132134152912299999999999999 836 242020 7599999999999999
115132139134120 99 72 44 24 16 20 32 55 82106120126123113 97 83 79 83 9218 529C8 2 4139161112699999999999999 9 9 162058 7999999999999999
107126140141131112 87 57 30 15 12 20 37 63 92114124127122110 94 84 83 8918 530C8 237142164912799999999999999 942 122135 8299999999999999
101117134144139124101 73 44 21 10 13 25 47 74101119125125118105 92 85 8818 531C8 3111441725126999999999999991016 102212 8599999999999999
 96109126140143133114 89 60 33 16 11 18 34 58 85108120124121112100 90 8718 6 1C8 34514418 0124999999999999991050 112248 8799999999999999
 92102116131141138124102 76 50 27 16 17 27 46 70 94112120121116107 96 8918 6 2C8 4181411837121999999999999991124 152325 8899999999999999
 90 96107121133137130113 91 66 43 26 20 25 38 58 80100113118117111102 9318 6 3C8 45213719171189999999999999912 0 20999999999999999999999
 90 92 99110122130129119102 81 59 40 29 28 35 49 68 87103113115113107 9918 6 4C8 52713120 111599999999999999 0 5 901237 2799999999999999
 92 91 93100109118123119108 92 74 55 42 36 37 45 59 76 9310511211411110418 6 5C8 6 5123204911499999999999999 052 901318 3599999999999999
 97 92 90 92 97105111113109100 86 71 57 47 44 46 54 67 82 9610711211310918 6 6C8 651113213911399999999999999 158 9014 5 4499999999999999
103 96 90 87 87 91 97102104101 95 85 73 62 55 53 55 62 74 8710010911411418 6 7C8 758104222911499999999999999 328 8715 4 5399999999999999
109102 93 85 80 78 81 86 92 97 98 94 88 79 71 64 61 62 69 80 9210511311718 6 8C8 942 98231411799999999999999 454 781613 6099999999999999
116109 99 87 76 68 65 68 75 85 93 98 99 95 88 80 72 68 69 75 86 9911111918 6 9C81138 99235312199999999999999 559 651720 6799999999999999
121118108 93 77 62 52 50 55 66 80 94103107105 98 88 79 74 75 82 9310711918 610C813 8107999999999999999999999 649 501818 7499999999999999
126126118104 84 62 45 35 35 43 60 80 98111116114106 95 84 80 82 9010211718 611C8 029127141411699999999999999 732 341910 8099999999999999
129134130117 97 71 46 27 19 22 35 57 83105119124122112 99 89 86 89 9811218 612C8 1 3134151012499999999999999 814 191955 8699999999999999
127139140131114 88 58 29 11  6 13 31 58 88112125130126115101 92 91 9610718 613C8 13914116 313099999999999999 855  62037 9099999999999999
122138147144130108 78 44 16  0 -1  9 31 63 94117129132127114101 94 9510218 614C8 216148165413299999999999999 937 -22117 9499999999999999
114131147152145127101 68 33  7 -4 -3 11 36 70100120129131124111 99 95 9918 615C8 2561531744131999999999999991021 -52157 9599999999999999
107120137151153141121 94 60 27  5 -3  2 18 45 78105121127128120106 96 9518 616C8 33715418321289999999999999911 4 -32239 9499999999999999
100109123140151148135114 87 55 25  8  5 12 29 57 87109120125123114101 9318 617C8 4201521917125999999999999991148  42326 9299999999999999
 93 99108122137145140126106 81 53 29 17 16 25 43 69 95112120123119108 9618 618C8 5 61451956123999999999999991232 15999999999999999999999
 90 91 96104117130134129116100 78 54 37 29 31 40 58 8110211512112111510418 619C8 556134203212199999999999999 020 901317 2999999999999999
 92 87 86 90 97108118121117108 95 78 60 47 43 46 55 71 9110911912212011318 620C8 65412121 712299999999999999 130 8614 5 4399999999999999
101 89 82 80 81 87 96104108107102 93 81 69 60 57 60 69 8310011412212412018 621C8 811108214712499999999999999 3 7 801459 5799999999999999
111 99 86 77 71 71 74 82 91 98100 99 96 88 79 72 69 71 80 9210712012612618 622C81017100223112799999999999999 441 7016 0 6999999999999999
121111 97 81 69 61 59 62 70 81 91 98102102 97 89 81 78 81 8810011312513018 623C81229102231913099999999999999 555 5917 5 7899999999999999
129122110 93 74 58 49 47 51 61 76 90101108109105 97 89 85 87 9410511913018 624C81350109999999999999999999999 653 4718 8 8599999999999999
134132122107 86 64 47 38 36 43 57 76 94107115117112102 93 89 92 9911012418 625C8 0 7134144711799999999999999 739 3619 4 8999999999999999
135138133120101 77 53 35 28 29 39 58 81101116123123116104 94 91 9510311518 626C8 053138153212499999999999999 819 271955 9199999999999999
130140141132115 92 65 41 25 21 26 41 64 89110123128125116103 94 93 9810718 627C8 134142161112899999999999999 854 212040 9299999999999999
122136145141128107 81 53 30 18 18 28 47 73100118128130124113100 93 9410118 628C8 214145164513099999999999999 929 172121 9299999999999999
113128142147139121 97 69 41 22 15 20 34 57 85109124130128120107 95 91 9518 629C8 25114717161309999999999999910 2 152159 9199999999999999
105119134146145132111 85 57 32 18 16 26 44 70 96117127129124114101 92 9118 630C8 3281471746129999999999999991036 152236 9099999999999999
 97109124139145140123100 73 47 27 18 22 36 57 83106121127126118106 95 8918 7 1C8 4 314518161279999999999999911 9 182313 8999999999999999
 91 99112127139141131112 88 63 40 26 24 32 48 71 94113124126121112 99 9018 7 2C8 4391411847126999999999999991141 232352 8799999999999999
 87 92101114128135132120101 78 55 38 30 33 44 62 84104118124123116105 9418 7 3C8 5151351920125999999999999991213 30999999999999999999999
 87 86 92101114124128122109 91 71 52 40 38 44 57 75 9511112112412011110018 7 4C8 554128195312499999999999999 035 861246 3899999999999999
 90 84 85 90 99109117119112100 85 68 55 48 49 57 70 8710411612312211610618 7 5C8 640119202712399999999999999 127 841321 4799999999999999
 95 86 81 81 85 92102108109105 95 83 71 62 59 61 69 82 9711112012412111418 7 6C8 74011021 312499999999999999 234 8014 2 5999999999999999
103 91 81 75 73 76 83 92 99102101 95 87 79 73 71 73 81 9210511612412512118 7 7C8 9 6102214312599999999999999 353 731455 7199999999999999
112100 86 74 65 62 64 72 82 92 98101100 96 90 84 82 84 9010011112212712718 7 8C811 9101222912899999999999999 5 6 6216 3 8299999999999999
122111 96 79 64 53 48 50 59 73 87 98105108106101 95 92 93 9810711712713218 7 9C813 6108232113399999999999999 6 9 481717 9299999999999999
131124111 92 71 51 38 33 37 49 66 86102113118117111104 99 9910411212313318 710C81421118999999999999999999999 7 4 331825 9999999999999999
139137127110 87 61 38 23 19 25 40 63 8810812112612511710810310310811712918 711C8 015139151812799999999999999 754 19192510299999999999999
140146142129108 81 50 25 10  8 17 37 65 9311512713212911910810310411012018 712C8 1 614616 713299999999999999 842  8201810399999999999999
134148153146130105 74 40 15  2  3 15 39 7110012113213512911710510010311018 713C8 156153165113599999999999999 928  121 510099999999999999
123140154157147128101 67 33  9  0  3 19 46 80108126134134125110 99 9610018 714C8 2441571732135999999999999991012 -12151 9699999999999999
109124143156156144124 95 60 28  9  4 10 29 59 92116129133130118102 91 9018 715C8 33115818 7133999999999999991054  42236 9099999999999999
 96107124143154151138117 88 55 28 14 13 23 45 75104123131131124109 93 8418 716C8 4171551835132999999999999991132 122323 8399999999999999
 85 91103121139147142128109 82 54 33 25 28 41 63 91115128131128117100 8518 717C8 5 514718571319999999999999912 9 25999999999999999999999
 78 80 87 99116131135130118101 78 56 42 39 46 60 81106124132131124110 9318 718C8 554136192113299999999999999 014 781244 3999999999999999
 79 74 75 81 93107119122117108 95 78 62 54 56 64 78 9811713013312912010518 719C8 649122195113399999999999999 113 731320 5499999999999999
 88 76 70 70 75 85 97106109107101 93 81 72 68 71 80 9311012513313312711718 720C8 758109203013499999999999999 226 7014 0 6899999999999999
102 86 74 67 65 68 75 86 95 99100 99 95 89 83 82 85 9210311712813413212618 721C8 958100211613499999999999999 354 651452 8299999999999999
115100 85 71 62 58 59 66 76 86 94 99102102 99 95 92 9410010912012913413218 722C81231102221313499999999999999 516 5816 3 9299999999999999
125115100 83 67 56 50 51 57 69 82 93103109111108103 9910010411112112913418 723C81355111231913599999999999999 623 501727 9999999999999999
133126115 98 78 60 47 42 43 51 66 83 9811011711911510810210110511212113118 724C81446119999999999999999999999 717 41184210199999999999999
136135127113 94 72 51 38 34 38 49 68 8810611912512511810810110010411212318 725C8 021137152612699999999999999 8 1 34194210099999999999999
134140138127110 87 62 41 30 28 36 52 74 98116126130126116105 98 9810311318 726C8 114140155813099999999999999 839 282030 9799999999999999
127139144139124103 77 51 32 23 26 38 59 84108124131131123110 99 93 9510318 727C8 159144162613299999999999999 914 232111 9399999999999999
117132144146136118 94 66 40 25 21 29 45 70 97118130133128117102 92 89 9418 728C8 239147165113399999999999999 947 212148 8999999999999999
106122138147145131109 82 54 32 22 24 36 57 84109126133131122108 93 85 8618 729C8 3171481715133999999999999991019 212223 8499999999999999
 95109127142147139121 97 70 44 28 24 31 48 72 98119131132126113 97 85 8118 730C8 3531471739132999999999999991049 232258 8199999999999999
 85 97113131142142130110 85 59 38 29 31 43 63 88112127132129118103 88 7818 731C8 42914418 4132999999999999991117 282333 7799999999999999
 78 85 99116131138134120 99 75 53 38 35 43 58 80103122131131123110 93 8018 8 1C8 5 61381828132999999999999991145 35999999999999999999999
 74 76 85100116128131124109 89 68 52 44 47 58 75 96116128132127116100 8418 8 2C8 545131185113299999999999999 010 741212 4499999999999999
 74 71 75 85 99113122122114100 84 67 57 55 62 74 91109124131130121108 9218 8 3C8 629123191713299999999999999 052 711240 5599999999999999
 78 69 68 72 81 94107113113106 96 84 73 67 69 77 8910411912913112611610218 8 4C8 723114194713299999999999999 143 681312 6799999999999999
 87 73 65 63 67 75 86 98104105102 96 89 83 81 84 9210211412513113112411318 8 5C8 841105202413299999999999999 252 631351 8199999999999999
 99 83 70 60 57 58 65 76 87 96101102101 98 95 94 9710311112012813213012418 8 6C811 4102211213299999999999999 414 561445 9499999999999999
113 98 82 66 54 47 47 53 64 78 9110010711011010710510610911512212913313318 8 7C81323110222013499999999999999 534 46161610599999999999999
126116100 81 61 45 36 34 40 54 72 8910411411912011611111011111612213013618 8 8C81431120234113899999999999999 642 3418 011099999999999999
138132121103 79 55 35 24 22 30 47 70 9211012212812611911210810911312113218 8 9C81516128999999999999999999999 740 22191910899999999999999
141144139126104 77 48 26 14 14 25 46 73 9911913013312811710710210310912018 810C8 052145155413399999999999999 831 13201710299999999999999
135147151144128104 72 41 18  9 11 26 51 83109126134134124109 97 93 9610418 811C8 151151162713599999999999999 917  821 4 9399999999999999
119138153156146128100 66 35 15  9 15 34 64 96120133136131116 98 85 83 8818 812C8 243156165413699999999999999 957  92146 8399999999999999
100119141155155144124 94 60 32 17 16 27 49 81111130136134124105 85 74 7418 813C8 3311571715136999999999999991034 152228 7399999999999999
 82 96118141152150137116 87 56 33 25 29 44 69 99125136137130114 92 73 6518 814C8 41715317321389999999999999911 6 252310 6599999999999999
 68 77 94117137145140127107 81 55 40 38 47 64 90117135140134122103 80 6418 815C8 5 21451753140999999999999991136 382355 5999999999999999
 59 64 75 92114130134128116 99 77 59 51 55 67 85108130141139129114 93 7318 816C8 54913418191419999999999999912 6 51999999999999999999999
 60 57 63 73 90108119121116106 93 78 67 66 73 85102122137141135123107 8718 817C8 639121185114199999999999999 043 571236 6599999999999999
 69 59 58 62 71 85100108109106101 92 83 78 81 8810011412913813813011710118 818C8 741110192813999999999999999 140 571310 7899999999999999
 84 69 61 59 61 68 79 91 98101101100 96 92 91 9310010912013013513312511318 819C8 941101201113699999999999999 254 581350 9099999999999999
 99 84 71 62 58 58 64 72 82 91 9710110310410210110210611312012813112912218 820C8123310421 813199999999999999 423 5815 210199999999999999
113100 86 72 61 55 54 57 66 77 88 9810611111211010710610711111712312712718 821C81353112223112899999999999999 546 5317 310699999999999999
123114103 87 71 58 49 47 51 61 75 9010311311911911510910510410711312012618 822C81434120235812999999999999999 650 47183810499999999999999
129126117104 86 67 51 42 41 47 60 78 96112122125123115105 99 9810211012018 823C815 5126999999999999999999999 739 401939 9899999999999999
129133130119102 81 59 42 35 36 46 63 85106121128128121109 98 92 92 9911018 824C8 1 2133153012999999999999999 819 342023 9199999999999999
124135138132117 96 72 49 34 30 36 50 72 96117129131127115100 88 84 88 9818 825C8 151138155113299999999999999 854 3021 0 8499999999999999
113130141141131112 88 61 40 28 29 40 60 85110126133130120104 88 78 77 8518 826C8 232142161213399999999999999 925 272133 7699999999999999
100119136145140125103 76 51 33 28 34 50 74100122133133125110 91 76 69 7318 827C8 3 9145163213499999999999999 955 2822 5 6999999999999999
 86104125141144135117 92 65 43 32 33 45 65 91115131135129116 96 77 65 6418 828C8 3461451652135999999999999991023 312237 6399999999999999
 72 88110131142140127107 82 57 41 37 44 60 83108128136133122104 82 65 5818 829C8 4211431712136999999999999991049 3723 9 5899999999999999
 61 73 92115132138132117 97 73 54 45 47 59 78101123135135127111 90 69 5618 830C8 4581381732137999999999999991114 442342 5499999999999999
 54 61 76 96117130131123108 89 69 56 55 63 77 96117132137131118 99 78 6018 831C8 5371321753137999999999999991138 54999999999999999999999
 51 53 62 77 97115124122114101 85 71 65 69 79 94111128137135124109 89 6918 9 1C8 620124181813799999999999999 019 5112 4 6599999999999999
 55 50 53 62 77 94109115113107 97 86 78 78 85 95108122133136130117101 8318 9 2C8 714115184713699999999999999 1 3 501233 7799999999999999
 65 53 50 52 60 73 88100105106103 98 93 90 92 99108118128134133125112 9718 9 3C8 834106192313499999999999999 2 2 5013 4 9099999999999999
 81 65 54 49 49 55 65 78 90 9710110410410210210410911412112713112912211218 9 4C81129104201113199999999999999 327 49134310299999999999999
 99 84 68 55 47 44 46 55 68 81 9310210811211211111111211511912312712712318 9 5C81337112213412899999999999999 5 4 44153911199999999999999
116105 90 72 55 42 36 37 45 60 77 9310611612011911511110910911211812412918 9 6C81420120233312999999999999999 624 35182110999999999999999
129124113 96 74 53 36 28 28 38 56 78 9811412412612211310510010010311212318 9 7C81452126999999999999999999999 726 271935 9999999999999999
133137132120100 74 48 30 22 24 37 60 86108123130129119104 92 87 88 9510818 9 8C8 057137151913199999999999999 816 212021 8699999999999999
126140144139124101 71 43 25 20 26 43 70 99120131133126109 90 77 73 76 8818 9 9C8 157144154213399999999999999 858 202059 7399999999999999
107129145149141124 98 66 39 25 24 35 56 86114131136131118 96 74 61 60 6818 910C8 247149155913699999999999999 934 232136 6099999999999999
 84108133148149139120 92 61 39 31 35 50 75105129139136126106 80 58 49 5218 911C8 33315016151399999999999999910 5 312213 4999999999999999
 63 83110135146144132112 85 58 43 42 51 69 96124140142133116 92 65 46 4218 912C8 4171461635143999999999999991034 412250 4199999999999999
 48 62 85112133139135123104 80 60 52 57 70 90115137145139125105 78 53 4018 913C8 45913917 11459999999999999911 2 522330 3899999999999999
 40 49 64 87112127130124113 97 78 66 65 74 88108129144144133115 93 68 4818 914C8 5431301730145999999999999991131 64999999999999999999999
 39 42 52 68 89109119119114105 93 80 75 79 90103121137143138124105 84 6318 915C8 63012018 214399999999999999 011 3912 1 7599999999999999
 48 43 47 57 71 88103110110107101 93 87 86 92102114127136137129115 98 7918 916C8 729110183613899999999999999 057 431233 8699999999999999
 63 52 49 53 60 72 85 96101103103101 98 95 97102109117126131129120108 9418 917C8 922103191513199999999999999 154 491310 9599999999999999
 80 67 58 55 56 61 70 80 89 9610010410510410310410611011512012312111510618 918C812 910520 612399999999999999 314 54142210399999999999999
 95 83 72 63 57 55 58 65 75 85 9410210811111110910610510610911311511611318 919C81327112214011699999999999999 451 5517 210599999999999999
107 99 88 76 64 55 52 54 60 71 84 97108115118115109103 99 9810110511111518 920C814 1118234011699999999999999 610 521840 9899999999999999
116112104 92 76 61 51 46 49 58 72 89104116122121115105 95 89 89 9310111118 921C81426122999999999999999999999 7 6 461933 8899999999999999
119122118107 91 73 55 44 41 47 59 77 97114124126120109 95 83 78 80 8910218 922C8 053122144612699999999999999 749 412010 7899999999999999
116126128121107 87 66 48 39 39 49 66 88109124129125114 97 81 70 68 74 8818 923C8 14312815 512999999999999999 825 382042 6799999999999999
106123133132122103 80 57 42 37 42 57 78102121131130120103 82 65 57 60 7218 924C8 225134152313199999999999999 857 372113 5799999999999999
 91113131138133118 96 71 50 39 40 51 70 94117131133125109 87 65 51 48 5718 925C8 3 3138154213499999999999999 926 382143 4899999999999999
 74 98122137139130112 88 64 47 42 49 64 87111130136131116 95 69 49 40 4318 926C8 34014016 113699999999999999 953 422213 4099999999999999
 57 79106128139136124104 80 59 50 52 63 81105126137136123104 78 53 37 3418 927C8 4161391620138999999999999991018 492244 3399999999999999
 42 60 86112131136130116 96 75 60 58 65 79 99121137139130113 89 62 40 3018 928C8 4541361641140999999999999991043 572316 3099999999999999
 33 45 65 91115129130122109 91 74 67 70 81 96115133141135121100 76 51 3318 929C8 53413117 51419999999999999911 8 672352 2999999999999999
 29 35 49 70 94114122121114103 89 78 78 85 96111127138139128111 90 66 4518 930C8 6191231732140999999999999991135 77999999999999999999999
 33 32 39 53 72 93108114113108100 91 87 90 98109120132137132119102 83 621810 1C8 71711418 313799999999999999 034 3112 4 8799999999999999
 45 36 36 43 54 70 87 99105106105101 97 96101108115123130131125113 98 821810 2C8 9 1106184013299999999999999 129 361237 9699999999999999
 65 51 43 41 44 52 65 80 91 98103106106104105107111115119123123118110 991810 3C81127106193112499999999999999 251 41132510499999999999999
 86 72 59 49 43 43 48 59 73 86 961051101121111091071071081101141161151121810 4C813 0112211811699999999999999 435 42165110799999999999999
105 95 82 66 52 43 39 43 54 69 85 99110117117113106100 96 95 981041111161810 5C81339118235011899999999999999 6 0 391846 9599999999999999
118115105 90 71 53 41 36 40 52 71 91107118123120110 97 87 81 80 85 961101810 6C814 6123999999999999999999999 7 2 361936 8099999999999999
121126124114 96 72 51 38 35 41 57 79102118127126117101 82 69 64 66 75 931810 7C8 112127142812799999999999999 751 352013 6499999999999999
113128134131119 97 71 49 38 38 48 67 93116129132125109 86 64 51 48 54 701810 8C8 2 8135144513299999999999999 830 372047 4899999999999999
 93118135139134119 95 68 49 42 46 60 83110130137133119 96 69 46 36 37 481810 9C8 25613915 313799999999999999 9 4 422121 3599999999999999
 69 97124138140132115 90 65 52 51 59 76101127141140128108 81 51 31 26 32181010C8 339141152514299999999999999 934 502155 2599999999999999
 47 73103128138137127109 85 66 58 63 75 94119139145137119 95 65 37 22 22181011C8 42013915511459999999999999910 3 582229 2099999999999999
 32 51 79108128134130120102 82 69 68 77 91111133146143128107 81 51 28 20181012C8 5 11341620147999999999999991033 6723 5 2099999999999999
 25 38 59 86111125127122112 97 82 75 80 90105124140145136117 95 68 43 27181013C8 54312716501459999999999999911 3 752342 2399999999999999
 24 32 46 67 91111119119115106 94 85 84 91102115130140138125106 84 60 41181014C8 6281201722141999999999999991136 83999999999999999999999
 31 32 41 55 74 93107112112109102 95 90 92 99109120130134128114 96 77 58181015C8 724113175513499999999999999 023 301211 9099999999999999
 44 39 41 49 62 77 92102106107106102 98 96 99104111118124124117104 90 74181016C8 849107183012599999999999999 1 9 391254 9699999999999999
 61 51 47 49 55 65 77 89 97102105106105103101101104108112115113108 99 88181017C81049106191611599999999999999 210 47142010199999999999999
 77 67 59 54 54 58 65 75 85 95102107109109106102 99 98100102104105103 98181018C81220109204610599999999999999 336 531654 9899999999999999
 91 83 73 65 58 55 57 63 73 84 96105111114112106 99 92 89 89 92 96101103181019C813 2114231110399999999999999 5 7 551825 8899999999999999
102 97 89 79 67 58 53 54 61 73 87101112117117111101 90 80 76 78 84 92102181020C81329118999999999999999999999 616 531913 7699999999999999
108109104 94 80 66 55 50 53 63 77 94109119122117106 91 76 66 63 68 79 94181021C8 038109135112299999999999999 7 6 501948 6399999999999999
107116116109 96 79 63 52 49 55 68 86105120126123112 95 75 59 51 52 63 80181022C8 134117141112699999999999999 746 492019 5099999999999999
100116124122112 95 75 59 50 52 62 79 99118128129119101 78 56 41 38 45 62181023C8 218125143113099999999999999 821 502049 3899999999999999
 85109125131125111 91 71 57 53 59 73 93114130134127110 86 59 37 27 29 42181024C8 259131145113499999999999999 852 532119 2699999999999999
 65 93118132133125108 87 68 59 60 70 87109128138134120 97 68 40 22 17 25181025C8 338134151213899999999999999 921 582150 1799999999999999
 44 72102125135133122103 83 68 65 71 84103124139140129108 81 50 24 12 13181026C8 417135153514199999999999999 949 652222 1199999999999999
 26 50 80110128133129117 99 81 73 75 84 99118136143137119 95 66 36 15  8181027C8 45813316 0143999999999999991016 722257  899999999999999
 15 31 57 88113126128123111 95 83 80 86 98112130142142129108 83 54 27 12181028C8 5421281629144999999999999991044 802335 1099999999999999
 11 20 38 64 91112120121116106 94 87 89 97108122135141135119 98 74 47 26181029C8 63412117 1141999999999999991115 87999999999999999999999
 16 18 28 45 68 91107113114111104 96 93 97105114125134135125110 91 69 48181030C8 744114173713699999999999999 018 161150 9399999999999999
 31 25 27 36 50 70 89101107109108104 99 99102108114121126124116103 88 71181031C8 915109181912699999999999999 111 251235 9899999999999999
 54 41 35 36 42 53 69 85 96103108108106102101102104107111114113108100 901811 1C81043109192011599999999999999 224 35135910199999999999999
 77 64 52 45 42 45 54 68 83 95104110111109104 99 95 94 94 971011041041021811 2C81152111213310599999999999999 358 421719 9499999999999999
 97 87 75 62 52 47 48 56 69 85 99109115115110101 91 83 78 78 82 90 991051811 3C81236116999999999999999999999 521 461835 7899999999999999
108106 98 85 69 56 50 50 59 73 91107117121118108 93 77 66 60 61 69 83 981811 4C8 0 610813 612199999999999999 625 491921 6099999999999999
110116115107 91 73 59 52 55 64 81101118126126118101 80 60 47 43 47 60 811811 5C8 124116132912799999999999999 715 521959 4399999999999999
102117124122112 94 74 61 57 61 74 93115129133127113 90 63 41 30 29 38 571811 6C8 221124135213399999999999999 756 572033 2999999999999999
 83108124130127114 94 74 63 63 71 86108128139136124103 75 45 25 17 22 361811 7C8 3 9130141713999999999999999 831 6221 6 1799999999999999
 60 90115129132127112 92 74 68 72 82100122139143134115 90 58 29 13 11 201811 8C8 352132144514499999999999999 9 5 682138 1099999999999999
 39 68 99121131131124108 89 76 75 82 95113134146142126104 75 43 18  8 111811 9C8 432132151614699999999999999 937 742212  799999999999999
 25 47 78107124130128119103 87 79 82 92106125141146135116 90 60 32 13  9181110C8 5111301548146999999999999991010 792246  999999999999999
 17 34 59 88112124126122113 98 87 84 90101115132143140125103 77 49 26 14181111C8 5491261620143999999999999991045 842321 1399999999999999
 15 27 45 70 95113121121116107 95 88 90 97108121134138130113 91 66 43 26181112C8 6301211653138999999999999991121 882358 2099999999999999
 20 25 38 57 79 99112116115111103 95 91 94101111122130129118101 81 60 42181113C8 71711617271319999999999999912 1 91999999999999999999999
 31 29 36 49 66 84100109112111107101 96 94 97103110117121117107 92 75 58181114C8 81311218 312199999999999999 038 291250 9499999999999999
 45 39 39 46 57 72 87 99106110109106101 97 95 96100104109110106 98 86 73181115C8 921110184611099999999999999 125 381410 9599999999999999
 61 52 48 48 54 63 75 88 98106109109107102 97 93 91 92 95 98 99 98 93 85181116C8103211020 0 9999999999999999 225 471612 9199999999999999
 76 67 60 56 55 58 66 77 89 99107111111108102 94 87 82 81 83 87 91 94 93181117C811311122217 9499999999999999 344 541745 8199999999999999
 89 83 75 67 61 58 61 68 79 91103112115114108 98 86 75 68 68 72 79 88 95181118C81213115999999999999999999999 5 2 581839 6799999999999999
 98 96 91 82 72 64 61 63 71 84 97110118120115104 88 72 59 53 54 63 75 89181119C8 010 98124512099999999999999 6 5 611918 5399999999999999
101106105 98 87 75 66 63 67 77 91106119124122112 94 74 54 41 38 44 58 77181120C8 120106131212599999999999999 656 631952 3899999999999999
 96110115113104 90 76 67 66 73 85102118128129121104 80 55 35 24 25 37 57181121C8 212116133713099999999999999 738 662025 2399999999999999
 82105119124119107 91 77 70 72 81 96114129136130115 92 63 35 17 11 17 35181122C8 25812414 313699999999999999 815 702058 1199999999999999
 62 91114127129122107 90 78 75 81 92109127139139127106 77 45 18  3  2 14181123C8 342129142914199999999999999 849 752132  199999999999999
 37 69100121130130121105 90 81 82 90104122139145138121 95 62 29  5 -4  0181124C8 426131145914599999999999999 921 8122 9 -599999999999999
 16 44 77107124130128118103 89 86 90100115133146146133111 83 49 18 -1 -5181125C8 513131153214899999999999999 954 852247 -599999999999999
  3 23 52 85110123127124114100 90 91 97108123139147142125101 72 40 13  0181126C8 6 312716 7147999999999999991028 892327 -199999999999999
  0 11 32 61 90110120122119109 97 92 95102113126139142133115 92 65 37 16181127C8 65612216451439999999999999911 5 92999999999999999999999
  7 10 22 42 69 93109116118114105 96 93 97104113124133133122106 86 62 39181128C8 752118172813499999999999999 011  71150 9399999999999999
 24 19 22 33 52 75 95107113114110102 95 93 96101108116122120111 99 83 64181129C8 848114181812299999999999999 1 0 191249 9399999999999999
 47 35 32 35 45 61 80 97107112113109101 94 91 91 92 97103108108102 95 84181130C8 942113192610899999999999999 158 321433 9099999999999999
 71 57 48 45 47 55 68 85100109114114109100 91 84 81 80 82 88 94 97 97 951812 1C810331142133 9899999999999999 3 7 451650 7999999999999999
 89 80 69 60 56 57 63 75 91104114118116110 98 85 74 67 64 66 73 82 91 971812 2C81117118999999999999999999999 422 5518 7 6499999999999999
 99 97 91 80 70 64 65 71 82 97111120123119110 94 76 60 50 47 50 61 75 891812 3C8 0 9 99115512399999999999999 529 6419 0 4799999999999999
100106107100 89 77 71 71 78 90105120128128121106 86 63 44 34 32 39 54 741812 4C8 134107123112999999999999999 627 701943 3299999999999999
 93107114115107 94 81 76 77 85 98115129135131119100 74 47 29 20 22 33 531812 5C8 23311613 613599999999999999 717 752020 2099999999999999
 78101115122121111 96 84 79 83 92106124137139131114 89 60 32 15 11 17 331812 6C8 322122134114099999999999999 8 1 792055 1199999999999999
 58 87109122127123111 95 85 83 88 99116133143140126105 76 45 19  7  7 181812 7C8 4 4127141614499999999999999 841 832128  599999999999999
 39 68 97117127128122108 93 85 87 94107124140145136118 93 62 31 10  3  91812 8C8 443129145114599999999999999 919 8522 1  399999999999999
 24 49 80106122128127118103 91 86 91100115132144143129107 79 49 22  7  61812 9C8 518128152614599999999999999 956 862234  499999999999999
 16 35 62 91113124126122112 98 89 88 95106121136143136118 94 66 38 17  8181210C8 55112616 1143999999999999991033 8723 8  899999999999999
 13 26 48 75100117123122116105 94 88 90 98110124135137126106 82 56 32 17181211C8 6241241636138999999999999991112 882342 1499999999999999
 15 23 39 61 86106117120118110 99 91 88 92101112124130127113 94 71 49 31181212C8 6581201711130999999999999991152 88999999999999999999999
 22 24 35 52 73 94109117117113105 96 89 88 93100110119121115101 83 64 46181213C8 737118174812199999999999999 017 221239 8899999999999999
 34 31 36 48 64 83 99111115114109101 93 88 87 91 97104110110103 91 77 61181214C8 819116183111199999999999999 053 311340 8799999999999999
 49 42 41 47 59 74 90103111114112107 99 91 86 84 85 90 95 99 99 94 86 75181215C8 9 4114193010099999999999999 133 4115 7 8499999999999999
 64 56 51 52 58 68 81 95106113115112105 97 88 81 76 76 79 84 89 91 89 85181216C8 95311521 7 9199999999999999 221 511639 7699999999999999
 78 71 65 62 62 67 76 87100109115116112104 93 82 71 65 63 66 73 81 87 90181217C810401162322 9099999999999999 326 611749 6399999999999999
 89 86 81 75 71 70 74 82 93105114119119113101 87 71 57 49 48 54 64 77 88181218C81125120999999999999999999999 441 701840 4899999999999999
 95 98 96 91 84 78 77 80 88100111121124121112 96 76 56 40 33 34 43 59 77181219C8 1 6 9812 512499999999999999 549 771922 3299999999999999
 93104108107100 91 84 82 86 95107120128130123109 87 62 38 22 17 22 36 58181220C8 211109124213099999999999999 647 8220 2 1799999999999999
 82102114118115106 95 88 87 92102116129137135123103 76 46 21  6  4 13 34181221C8 3 4118131913799999999999999 736 872042  399999999999999
 61 89110122125120108 97 90 91 98110125139144137121 96 64 31  6 -5 -4 10181222C8 351125135714499999999999999 820 902122 -699999999999999
 36 68 97117127128121108 96 92 95103117134147148137116 87 51 18 -4-11 -6181223C8 438129143614999999999999999 9 1 9222 2-1199999999999999
 13 42 76105121129128118104 94 93 98108123140151148132109 77 41 10 -8-11181224C8 523129151715199999999999999 940 922243-1199999999999999
 -1 20 52 85110123127124113 99 91 92 99110127143150143125100 69 35  8 -5181225C8 6 71271559150999999999999991021 912324 -699999999999999
 -3  9 32 64 94113122124119106 93 88 91 98110127141144134116 92 62 32 12181226C8 64812516431449999999999999911 5 88999999999999999999999
  5  9 23 47 76101116121121113 99 88 84 88 95107122133133122106 85 59 35181227C8 724122172913499999999999999 0 4  51154 8499999999999999
 21 18 25 40 63 88108118120117107 93 83 80 83 90100112120119110 97 80 60181228C8 756120182212199999999999999 044 181253 8099999999999999
 43 34 34 42 56 77 98113119119114102 89 79 76 76 81 89 99105105100 91 79181229C8 827120192610699999999999999 126 331415 7699999999999999
 65 54 49 51 58 72 89107118121119112100 86 75 69 67 69 76 84 91 93 92 89181230C8 9 412121 9 9399999999999999 212 4916 2 6799999999999999
 83 74 67 63 65 72 84 99113122124120112 99 84 70 61 56 56 61 70 79 86 90181231C8 949124999999999999999999999 3 7 631730 5599999999999999
