 -1 18 43 68 89102104 97 84 69 57 52 55 66 81 97107108 98 78 51 23 -1-1518 1 1CC 54310416381099999999999999911 7 522335-1799999999999999
-16 -4 19 47 74 95107108 98 84 68 57 53 58 70 86101109108 95 72 43 14 -918 1 2CC 6331091723110999999999999991156 53999999999999999999999
-20-18 -2 23 53 80100109107 96 80 65 55 53 60 73 90103109105 90 65 36  818 1 3CC 71811018 811099999999999999 020-211243 5399999999999999
-11-19-14  5 31 60 85102108103 91 75 61 53 53 62 76 91103106100 83 58 3118 1 4CC 8 2108185410699999999999999 1 5-191328 5299999999999999
  7 -9-13 -4 15 41 67 89102105 97 84 69 57 51 54 63 76 89 99100 92 75 5218 1 5CC 844105194010199999999999999 149-131414 5199999999999999
 29  9 -2 -2  8 28 52 74 91100 99 90 77 64 54 50 53 62 74 85 91 91 83 6818 1 6CC 9241012028 9299999999999999 231 -415 4 5099999999999999
 48 29 15  9 11 23 41 61 79 92 96 93 84 71 60 52 49 52 59 69 77 82 81 7418 1 7CC10 4 962122 8399999999999999 312  816 0 4999999999999999
 62 47 33 24 21 26 37 53 69 82 91 92 88 78 67 57 50 47 49 54 62 68 73 7218 1 8CC1045 922229 7399999999999999 353 2117 8 4799999999999999
 68 59 49 40 35 34 39 49 61 74 83 89 89 84 75 65 55 47 43 43 47 53 59 6418 1 9CC1130 89999999999999999999999 436 341828 4399999999999999
 66 65 61 55 49 46 46 50 57 67 76 83 87 86 81 73 62 52 43 37 36 39 45 5318 110CC 0 5 661222 8799999999999999 529 451947 3699999999999999
 60 65 66 65 62 58 54 54 56 62 69 77 83 86 86 80 71 59 47 36 29 28 31 3918 111CC 2 4 661320 8799999999999999 644 542049 2899999999999999
 49 59 67 71 72 69 64 60 58 59 63 70 77 84 87 86 79 68 54 39 27 20 20 2518 112CC 335 721416 8799999999999999 815 582136 1999999999999999
 36 50 63 73 78 79 75 68 62 59 59 63 70 79 86 89 87 78 64 47 30 18 12 1418 113CC 432 7915 5 8999999999999999 928 582215 1199999999999999
 23 38 55 70 81 85 84 77 69 61 57 58 64 73 82 90 92 86 74 57 37 20  8  518 114CC 512 851547 92999999999999991020 572251  599999999999999
 11 25 43 63 79 88 90 85 76 66 58 55 58 66 77 87 94 93 84 68 47 26  9  118 115CC 546 901625 949999999999999911 1 552324  099999999999999
  2 12 31 52 72 87 94 92 83 72 60 54 53 59 70 83 93 97 92 79 59 36 15  118 116CC 617 9417 0 97999999999999991135 522356 -499999999999999
 -4  3 18 40 63 82 93 96 90 78 65 55 50 53 63 76 89 97 98 89 72 49 25  618 117CC 646 961734 989999999999999912 6 50999999999999999999999
 -4 -3  8 28 51 73 89 97 95 85 71 58 50 49 56 68 82 94 99 95 82 62 38 1618 118CC 715 9718 7 9999999999999999 027 -51236 4899999999999999
  1 -5  1 17 39 63 83 95 97 90 77 63 52 47 50 60 73 87 96 98 90 74 52 2818 119CC 744 971840 9899999999999999 058 -513 8 4799999999999999
 10 -1 -1 10 29 52 74 90 97 94 84 70 56 47 46 52 64 78 90 96 94 82 64 4218 120CC 813 971915 9699999999999999 129 -21342 4599999999999999
 22  7  2  7 22 42 64 83 94 96 89 77 62 50 45 46 54 66 79 89 92 87 74 5618 121CC 843 961953 9299999999999999 2 0  21419 4499999999999999
 36 19 10 10 19 35 55 74 88 94 92 83 70 56 47 43 46 55 67 78 85 86 79 6718 122CC 915 952036 8799999999999999 232  915 2 4399999999999999
 50 34 22 17 20 31 47 65 81 90 93 88 77 64 52 44 41 45 53 64 74 79 79 7318 123CC 949 932130 8099999999999999 3 7 171553 4199999999999999
 62 49 37 29 27 32 43 57 72 84 90 90 83 73 60 48 41 38 41 48 58 66 72 7318 124CC1027 912245 7399999999999999 347 271658 3899999999999999
 70 62 53 44 39 38 43 52 64 76 85 89 87 81 70 57 46 37 33 34 40 49 58 6618 125CC1115 89999999999999999999999 436 381816 3399999999999999
 70 70 67 61 54 50 49 52 59 68 77 84 88 87 80 69 56 42 31 25 24 29 39 5018 126CC 032 711215 8899999999999999 546 491937 2499999999999999
 61 70 74 74 71 65 60 57 57 61 68 77 84 89 88 82 70 55 38 24 14 12 17 2918 127CC 230 751325 8999999999999999 724 562047 1299999999999999
 44 60 73 82 84 81 74 67 61 58 61 67 77 86 92 92 85 72 53 32 14  3  0  718 128CC 355 841433 9399999999999999 9 0 582147  099999999999999
 22 42 62 80 90 93 89 80 69 61 57 59 66 78 89 97 97 89 72 50 25  5 -8 -918 129CC 454 941534 98999999999999991011 562239-1099999999999999
  0 19 44 68 87 99101 94 81 68 57 53 56 66 80 94102102 91 71 45 18 -4-1618 130CC 54110116291039999999999999911 4 532327-1799999999999999
-15 -2 22 49 75 95105104 93 78 62 51 48 54 67 84 99107105 91 68 39 11 -918 131CC 6231061720107999999999999991150 48999999999999999999999
-19-15  3 29 58 84101108103 89 71 55 45 45 54 70 87102109104 88 63 33  718 2 1CC 7 210818 710999999999999999 011-191233 4499999999999999
-11-16 -8 12 40 68 91105106 97 80 62 47 40 43 55 72 90103107100 81 56 2818 2 2CC 738107185310799999999999999 053-171314 4099999999999999
  5 -8 -8  4 26 53 78 97105101 88 70 53 41 37 43 56 73 89100101 92 73 4918 2 3CC 812105193710299999999999999 133-101354 3799999999999999
 26  8  1  5 20 42 66 86 99101 93 78 61 46 37 36 44 57 73 86 93 92 82 6418 2 4CC 8431022021 9499999999999999 2 9  11435 3599999999999999
 44 26 15 13 21 37 57 77 91 98 95 84 69 53 41 35 36 45 57 70 80 85 82 7218 2 5CC 912 9821 7 8599999999999999 242 131519 3599999999999999
 58 43 31 25 28 37 52 69 83 92 93 87 76 62 48 39 35 37 44 55 65 72 75 7218 2 6CC 941 9422 0 7599999999999999 313 2516 9 3599999999999999
 65 55 45 39 37 42 51 64 76 85 89 87 80 69 57 46 38 35 37 42 50 58 64 6718 2 7CC1013 892314 6799999999999999 344 371710 3599999999999999
 66 62 56 51 48 49 54 61 70 78 83 85 82 75 66 55 46 38 34 34 38 44 51 5718 2 8CC1052 85999999999999999999999 419 481829 3499999999999999
 62 64 63 61 59 58 58 61 66 71 76 80 81 79 73 65 55 45 37 31 29 32 37 4518 2 9CC 116 641150 8199999999999999 516 581955 2999999999999999
 54 61 66 69 69 67 65 63 64 66 69 73 77 79 78 74 66 55 43 33 25 23 25 3218 210CC 325 691314 7999999999999999 724 6321 2 2399999999999999
 43 55 65 73 76 76 73 68 64 62 63 66 71 77 80 80 76 66 53 39 26 18 16 2018 211CC 424 761431 8199999999999999 917 622151 1599999999999999
 30 44 59 72 81 83 81 74 67 61 58 59 64 72 79 84 84 77 65 49 32 18 10 1018 212CC 459 831528 85999999999999991014 582231  999999999999999
 18 32 50 68 81 88 88 82 72 62 55 53 57 65 76 85 89 87 77 61 42 23  9  318 213CC 529 891612 90999999999999991051 5323 6  399999999999999
  7 20 39 59 78 89 93 89 79 66 55 49 50 57 69 82 91 94 88 74 54 32 14  218 214CC 556 931651 94999999999999991123 492339  099999999999999
  0  9 27 49 71 87 96 95 85 71 57 47 44 49 61 76 89 97 96 86 68 45 22  618 215CC 623 961727 98999999999999991152 44999999999999999999999
 -2  2 16 38 62 82 95 99 92 78 62 48 41 42 51 67 83 95100 96 81 59 35 1418 216CC 649 9918 210099999999999999 010 -21221 4099999999999999
  1 -1  9 28 51 75 92100 97 85 68 51 40 36 42 56 73 89 99101 91 73 50 2618 217CC 715100183710199999999999999 040 -21252 3699999999999999
  9  1  5 20 42 66 86 98100 92 76 57 42 34 34 44 60 78 93100 97 84 64 4118 218CC 741101191410099999999999999 110  11324 3399999999999999
 21  9  7 16 34 56 78 94101 97 84 65 47 34 30 35 47 64 81 93 97 91 76 5618 219CC 8 71011953 9799999999999999 140  61359 3099999999999999
 36 21 14 17 30 49 70 87 98 98 89 74 55 39 30 28 36 50 66 81 90 91 84 6918 220CC 834 992036 9299999999999999 211 141438 2899999999999999
 52 36 26 23 30 44 62 79 92 97 93 81 64 47 34 27 28 36 50 65 77 84 84 7718 221CC 9 3 972127 8599999999999999 244 231522 2799999999999999
 65 51 40 35 36 44 57 72 85 92 93 86 74 58 43 32 26 28 35 47 60 71 77 7718 222CC 935 942236 7899999999999999 320 341617 2699999999999999
 73 65 56 49 46 49 56 66 77 85 89 88 81 69 55 42 31 25 26 31 41 52 62 7018 223CC1014 90999999999999999999999 4 3 461729 2599999999999999
 73 73 69 64 60 58 59 63 70 77 83 86 84 78 69 56 43 32 24 21 24 32 43 5418 224CC 020 731113 8699999999999999 510 581858 2199999999999999
 65 73 77 77 74 70 66 65 65 69 74 79 83 84 80 72 60 46 31 20 14 15 22 3418 225CC 231 771244 8499999999999999 713 652025 1499999999999999
 49 64 76 84 86 83 77 71 65 63 64 69 76 83 87 86 78 65 48 30 15  6  5 1418 226CC 355 861418 8799999999999999 9 9 622133  599999999999999
 29 48 67 83 92 94 89 80 69 60 56 58 65 76 86 93 93 85 69 48 26  8 -2 -218 227CC 445 951530 94999999999999991013 562227 -399999999999999
  9 29 52 75 92100100 91 77 62 52 48 52 63 78 92100100 89 70 45 21  2 -718 228CC 52510116291019999999999999911 0 482314 -899999999999999
 -4 11 34 60 84100106101 87 69 52 42 40 48 64 82 98106104 90 68 41 15 -218 3 1CC 6 11061719106999999999999991140 402356 -899999999999999
 -8  0 19 45 72 94106107 96 78 58 41 33 36 48 67 87102109104 87 62 35 1218 3 2CC 63310818 5109999999999999991217 33999999999999999999999
 -2 -3  9 31 58 83101108103 87 66 46 32 27 34 50 70 90104108 99 81 56 3118 3 3CC 7 3108184910899999999999999 034 -41253 2799999999999999
 12  4  8 24 47 72 93105105 94 75 53 35 25 25 36 53 74 92102102 91 72 4918 3 4CC 731107193010499999999999999 110  41329 2499999999999999
 29 16 14 23 41 63 84 99104 98 83 62 42 28 22 26 39 57 76 90 97 94 82 6418 3 5CC 7571042011 9799999999999999 142 1314 5 2299999999999999
 45 31 24 27 39 57 76 92100 99 88 70 51 34 24 23 30 43 60 75 86 89 84 7218 3 6CC 8211012052 8999999999999999 211 241441 2299999999999999
 58 45 36 35 42 55 70 85 94 96 90 77 60 43 31 25 26 34 46 60 72 79 80 7518 3 7CC 844 962139 8199999999999999 238 351521 2499999999999999
 66 56 48 45 47 55 66 78 87 92 89 81 68 53 40 31 27 30 37 47 58 67 72 7318 3 8CC 9 9 922240 7399999999999999 3 5 4516 7 2799999999999999
 70 64 58 55 54 58 64 73 80 85 86 82 73 62 51 41 33 30 32 37 45 54 61 6618 3 9CC 937 86999999999999999999999 335 5417 9 3099999999999999
 69 68 66 64 62 63 65 69 74 78 80 79 76 69 61 52 43 36 32 32 35 41 48 5618 310CC 020 691019 8099999999999999 422 621836 3299999999999999
 63 69 71 72 71 69 68 67 68 70 72 74 75 73 70 63 55 46 37 31 29 30 36 4518 311CC 244 721154 7599999999999999 645 6720 8 2999999999999999
 55 65 72 77 78 77 73 69 65 64 64 67 71 74 75 73 67 58 47 36 27 23 25 3218 312CC 352 781354 7599999999999999 912 642114 2399999999999999
 44 57 70 79 84 84 80 72 65 59 57 59 64 71 77 80 78 71 59 45 31 21 17 2118 313CC 427 8515 7 809999999999999910 2 5722 0 1799999999999999
 32 47 64 78 88 91 87 78 67 58 52 51 56 65 76 84 87 83 72 57 39 24 14 1318 314CC 456 911558 87999999999999991035 512238 1299999999999999
 21 36 55 73 88 95 94 85 72 58 48 44 47 57 70 83 91 93 85 71 51 32 16  918 315CC 522 961640 939999999999999911 4 442312  999999999999999
 12 25 44 66 85 97100 93 79 62 47 38 38 46 61 78 91 99 96 85 66 44 24 1118 316CC 5471001718 99999999999999991132 372344  899999999999999
  8 16 34 57 79 95103100 87 68 49 36 31 35 49 67 86 99103 97 81 59 36 1818 317CC 61210317551039999999999999912 1 31999999999999999999999
  9 12 26 47 70 91103104 95 76 55 36 26 26 36 54 75 93104105 94 75 51 3018 318CC 637105183310699999999999999 016  91231 2499999999999999
 16 13 21 39 61 84100106101 85 63 41 25 19 24 39 60 81 98105102 88 67 4518 319CC 7 2106191210699999999999999 047 1213 4 1999999999999999
 28 19 21 34 53 75 94105104 93 73 50 30 18 16 25 43 65 85 99103 97 81 6218 320CC 728106195310399999999999999 119 181338 1599999999999999
 43 31 27 33 48 67 86100104 98 82 60 39 22 14 16 28 47 68 86 96 97 90 7518 321CC 7541042038 9899999999999999 151 271416 1499999999999999
 59 45 38 38 47 62 78 93100 99 88 71 50 32 19 14 19 31 49 67 82 90 90 8318 322CC 8221012131 9199999999999999 225 3715 0 1499999999999999
 72 60 51 48 51 59 72 84 93 96 91 80 63 45 29 19 17 21 33 48 63 76 83 8418 323CC 852 962241 8499999999999999 3 3 481551 1799999999999999
 80 73 65 60 58 61 68 77 85 90 90 84 74 60 45 32 23 20 23 32 44 57 68 7618 324CC 930 90999999999999999999999 349 581659 2099999999999999
 80 80 77 72 69 67 68 71 76 81 84 84 80 72 61 49 37 27 22 22 28 37 49 6218 325CC 025 801031 8499999999999999 510 671829 2199999999999999
 73 80 83 83 80 76 72 69 69 70 74 78 80 80 76 67 56 43 31 22 19 22 31 4418 326CC 226 841226 8099999999999999 743 6920 2 1999999999999999
 59 73 84 90 90 86 79 71 64 61 62 67 74 80 84 83 76 63 47 32 20 14 16 2618 327CC 335 911417 8499999999999999 917 612114 1499999999999999
 42 61 78 91 97 96 88 76 64 55 51 53 62 73 84 91 91 83 68 49 31 16 10 1418 328CC 419 981531 929999999999999910 7 5122 9 1099999999999999
 26 46 67 86 99103 98 85 68 53 43 40 47 60 76 90 99 98 88 70 48 28 13  918 329CC 4541031628100999999999999991046 402254  999999999999999
 15 32 54 77 96106105 94 76 56 40 31 33 44 62 81 97105103 89 68 45 25 1318 330CC 5261071717105999999999999991122 312334 1199999999999999
 12 23 43 66 89104109102 85 63 42 28 23 29 45 66 87102108102 86 64 41 2418 331CC 55510918 1108999999999999991156 23999999999999999999999
 16 20 35 56 79 98108107 94 73 49 29 18 18 30 49 72 92105107 98 80 58 3818 4 1CC 622109184210899999999999999 010 161230 1799999999999999
 26 23 32 49 71 91105108 99 81 58 36 20 13 19 34 55 77 95104103 91 73 5318 4 2CC 647108192210599999999999999 043 2313 2 1399999999999999
 38 31 34 46 64 83 99106102 88 67 44 25 14 13 23 40 61 81 95100 96 83 6618 4 3CC 71110620 010099999999999999 113 311335 1299999999999999
 51 41 40 46 60 77 92101102 93 76 54 34 20 13 17 29 47 66 83 92 94 87 7518 4 4CC 7331032040 9499999999999999 142 3914 8 1399999999999999
 62 52 47 49 58 72 85 95 99 94 82 64 45 28 19 17 23 36 53 69 81 88 87 8018 4 5CC 756 992123 8899999999999999 210 471443 1699999999999999
 71 61 55 54 59 68 79 88 94 92 85 71 55 39 27 21 22 30 42 56 68 78 82 8118 4 6CC 820 942217 8299999999999999 239 541523 2199999999999999
 76 69 63 61 62 66 74 81 86 88 84 76 64 51 39 30 27 28 35 44 56 66 73 7718 4 7CC 846 882333 7899999999999999 314 611612 2699999999999999
 77 75 71 68 66 67 70 75 79 81 80 77 70 61 51 42 35 32 32 37 44 53 62 7018 4 8CC 921 81999999999999999999999 4 8 661721 3199999999999999
 75 78 77 75 73 71 70 70 71 73 74 74 72 69 62 55 47 40 35 34 36 42 50 6018 4 9CC 124 781036 7499999999999999 619 701852 3499999999999999
 69 77 81 82 80 76 72 68 65 65 66 68 71 72 71 67 60 51 42 35 32 33 39 4918 410CC 249 8213 5 7299999999999999 846 652015 3299999999999999
 61 73 82 87 88 83 76 68 61 57 57 60 66 72 77 77 73 65 53 42 33 28 30 3818 411CC 334 881438 7799999999999999 934 572114 2899999999999999
 51 66 80 90 94 91 83 72 60 52 48 51 58 68 78 84 84 79 67 53 39 28 25 2918 412CC 4 7 941536 859999999999999910 6 482159 2599999999999999
 40 57 74 89 97 98 91 78 62 49 41 40 47 59 74 86 92 91 82 67 49 34 24 2318 413CC 435 991622 93999999999999991035 392237 2299999999999999
 31 47 66 85 98103 99 85 67 49 35 30 34 47 64 82 95100 96 83 64 45 29 2218 414CC 5 110317 41009999999999999911 4 302313 2299999999999999
 25 38 57 78 96106105 94 75 53 34 23 22 32 50 71 91103106 98 81 60 41 2818 415CC 5271071745106999999999999991135 212348 2499999999999999
 24 32 48 70 90105109102 85 61 38 20 13 17 33 55 79 98109108 96 77 56 3918 416CC 55411018261109999999999999912 7 13999999999999999999999
 29 31 42 61 82100110108 95 72 47 24 10  7 17 37 61 85103111107 93 73 5418 417CC 62211119 911199999999999999 023 281242  799999999999999
 40 35 40 55 74 93106110102 84 59 33 13  4  6 20 42 67 89104109102 88 7018 418CC 650110195410999999999999999 059 351319  399999999999999
 54 45 44 52 67 84 99107105 93 72 47 24  8  3  8 24 46 70 90101103 97 8418 419CC 719108204310499999999999999 135 4314 0  399999999999999
 69 58 52 54 63 77 90101103 97 83 62 40 20  8  6 13 29 50 70 86 96 97 9118 420CC 7501042139 9899999999999999 214 521445  699999999999999
 81 71 63 60 63 71 82 92 97 97 89 74 56 37 22 13 12 19 33 50 67 81 90 9218 421CC 825 982250 9299999999999999 258 601538 1199999999999999
 88 82 75 69 68 70 75 82 88 91 89 82 70 55 40 28 20 18 24 34 49 63 76 8518 422CC 9 9 91999999999999999999999 358 681643 1899999999999999
 89 88 85 79 75 72 71 73 77 80 83 82 78 70 59 47 36 27 24 26 34 46 59 7318 423CC 022 891023 8399999999999999 542 7118 6 2499999999999999
 83 89 91 89 83 77 71 67 66 68 72 76 79 79 75 67 55 43 33 27 27 33 44 5818 424CC 154 911228 8099999999999999 751 661933 2699999999999999
 73 85 93 95 92 85 75 65 58 56 58 64 72 80 83 82 75 63 49 37 29 27 32 4418 425CC 255 951415 8399999999999999 9 2 562045 2799999999999999
 60 77 90 99 99 93 82 68 55 47 44 49 60 72 83 90 90 82 69 53 38 29 27 3418 426CC 3381001528 9199999999999999 947 442141 2799999999999999
 48 66 84 98104101 90 74 57 42 34 35 44 59 76 90 97 96 87 71 53 38 29 3018 427CC 4131041624 98999999999999991025 332227 2899999999999999
 39 56 75 93104106 99 83 62 43 29 24 29 43 62 81 96103100 88 70 52 38 3218 428CC 44410717111039999999999999911 0 2423 7 3299999999999999
 35 48 67 86101108105 92 71 48 29 18 17 27 46 68 88102106100 85 67 50 3918 429CC 5121081754106999999999999991133 162343 3699999999999999
 37 44 59 78 96107108 99 80 57 34 18 11 16 30 52 75 94105106 97 81 63 4918 430CC 53910918351079999999999999912 5 11999999999999999999999
 42 44 55 71 89102108103 89 67 43 22 10  9 18 37 60 82 98105103 91 75 6018 5 1CC 6 4108191310699999999999999 016 421237  899999999999999
 50 47 53 66 82 97105105 95 76 53 31 14  7 11 25 45 68 87100103 97 85 7018 5 2CC 629106195010399999999999999 048 4713 9  799999999999999
 59 53 54 63 76 90101104 98 84 63 41 22 11  9 17 33 54 74 90 98 98 91 7918 5 3CC 6531042028 9999999999999999 118 521341  999999999999999
 67 59 57 61 71 83 94100 99 89 73 53 34 19 12 15 25 42 61 78 90 95 92 8518 5 4CC 71910021 9 9599999999999999 149 571415 1299999999999999
 75 66 61 62 68 77 87 94 96 91 79 63 46 30 20 17 22 34 49 65 79 88 90 8718 5 5CC 746 962156 9099999999999999 223 611452 1799999999999999
 81 73 67 65 67 72 80 86 90 89 82 71 57 43 31 25 24 30 40 54 67 78 85 8718 5 6CC 817 902255 8799999999999999 3 3 651536 2399999999999999
 85 80 74 70 68 70 73 78 82 84 81 75 66 55 44 35 30 31 36 45 56 67 77 8318 5 7CC 855 84999999999999999999999 4 1 681629 3099999999999999
 86 84 81 76 72 70 69 71 73 76 77 76 72 65 57 48 41 36 35 39 46 56 67 7618 5 8CC 010 8610 1 7799999999999999 540 691739 3599999999999999
 84 87 87 84 78 73 68 65 65 66 69 72 73 72 68 62 54 46 40 38 40 47 57 6818 5 9CC 127 8712 6 7399999999999999 741 6519 0 3899999999999999
 79 87 91 91 86 78 70 62 57 56 59 64 70 75 77 74 68 59 49 42 38 40 47 5818 510CC 223 911355 7799999999999999 845 562012 3899999999999999
 71 84 93 96 94 86 74 62 52 47 47 53 63 73 81 84 82 74 63 51 41 37 40 4918 511CC 3 4 9615 6 8499999999999999 924 4621 8 3799999999999999
 63 78 91100101 94 81 65 50 39 35 39 50 65 79 89 93 89 79 65 50 40 37 4218 512CC 33810116 0 9399999999999999 958 352155 3799999999999999
 54 70 87100106102 90 72 52 35 25 25 34 51 70 87 98101 95 81 65 49 40 3918 513CC 4 91061648101999999999999991032 242238 3899999999999999
 46 61 80 96107109100 82 59 37 20 13 18 32 54 77 96107107 98 82 64 49 4118 514CC 44011017341089999999999999911 7 132320 4199999999999999
 43 54 71 90105112109 94 71 45 22  7  4 14 34 59 84103112110 99 81 63 5018 515CC 5121121820113999999999999991143  4999999999999999999999
 45 50 63 81 99111113104 85 58 31 10 -1  0 14 38 65 90107114110 97 79 6318 516CC 54411319 711499999999999999 0 1 451223 -299999999999999
 53 51 58 72 90105113110 97 74 47 21  2 -5  1 18 43 70 93108113107 94 7818 517CC 618113195511399999999999999 042 5113 4 -599999999999999
 65 57 58 67 80 96107111104 88 64 38 15  1 -3  5 23 48 73 93106109103 9118 518CC 653111204710999999999999999 125 571349 -399999999999999
 77 67 62 65 73 85 97105105 97 80 57 34 15  4  3 12 30 52 74 92102104 9818 519CC 732106214310499999999999999 211 621437  299999999999999
 88 78 70 67 69 77 86 95100 98 89 74 54 35 19 11 11 20 36 55 74 89 98 9918 520CC 8161002246 9999999999999999 3 4 671530 1099999999999999
 95 87 79 73 70 71 76 83 89 92 90 83 71 55 40 27 20 20 28 41 57 73 86 9418 521CC 912 922355 9799999999999999 412 691630 1999999999999999
 97 94 88 80 73 69 68 71 75 80 84 84 80 71 60 47 36 30 29 34 45 59 73 8518 522CC1034 85999999999999999999999 545 681739 2899999999999999
 94 97 94 88 80 71 65 61 62 66 72 77 81 80 75 66 56 45 38 36 39 48 61 7518 523CC 1 4 971223 8199999999999999 722 611854 3699999999999999
 87 95 98 96 88 77 66 57 52 52 56 65 73 80 83 81 74 63 52 44 41 43 52 6418 524CC 2 1 9814 3 8399999999999999 830 5120 6 4199999999999999
 78 91 99101 96 85 71 57 46 40 42 49 61 73 83 89 87 80 69 57 48 44 47 5618 525CC 2471011519 8999999999999999 920 4021 6 4499999999999999
 70 84 96103102 94 79 62 46 34 30 34 45 61 76 89 95 93 85 72 60 51 47 5218 526CC 3251041617 959999999999999910 0 302156 4799999999999999
 62 77 91102106101 88 70 50 33 23 22 30 46 64 82 95100 97 87 73 60 52 5118 527CC 35910617 6100999999999999991037 212240 5099999999999999
 57 69 84 98106106 97 80 58 37 21 15 18 31 50 71 89101104 98 86 72 60 5418 528CC 4301071748104999999999999991111 142319 5399999999999999
 55 64 78 92103108103 89 68 45 25 13 10 18 35 57 79 96105104 96 82 69 5918 529CC 4591081827106999999999999991143 102354 5699999999999999
 56 61 72 86 99107106 96 78 55 33 16  7 10 23 43 66 87101106102 92 78 6618 530CC 52810719 4106999999999999991215  7999999999999999999999
 59 60 67 79 93103107101 87 67 43 23 10  7 14 31 52 75 93103105 98 86 7318 531CC 556107193910599999999999999 027 591248  799999999999999
 64 61 64 73 86 98104104 94 77 55 34 17  9 10 22 40 62 82 96103101 92 8118 6 1CC 625105201510399999999999999 1 0 611321  899999999999999
 70 63 63 69 79 91 99102 98 85 67 46 28 15 11 17 31 50 70 87 97100 96 8718 6 2CC 655103205210099999999999999 133 621355 1199999999999999
 76 68 64 66 73 83 92 98 98 90 76 59 40 25 17 17 25 40 58 76 89 97 97 9118 6 3CC 727 992132 9899999999999999 2 9 641430 1699999999999999
 82 74 67 66 69 76 84 91 94 91 82 69 53 38 27 22 25 34 49 65 80 90 95 9418 6 4CC 8 2 942217 9599999999999999 250 6615 9 2299999999999999
 88 80 73 68 67 70 76 82 87 88 84 76 64 51 39 31 29 33 42 55 70 82 90 9418 6 5CC 844 8823 9 9499999999999999 342 671552 2999999999999999
 92 87 80 73 68 67 69 73 78 81 82 79 73 63 52 43 37 36 40 48 60 73 84 9118 6 6CC 944 82999999999999999999999 454 671645 3599999999999999
 94 92 87 79 72 66 63 64 67 71 75 78 77 73 66 57 49 43 42 45 53 63 75 8618 6 7CC 0 7 941117 7899999999999999 623 631749 4299999999999999
 93 96 94 87 78 69 61 56 56 59 65 71 76 79 77 71 63 55 49 46 49 56 66 7818 6 8CC 1 4 9613 4 7999999999999999 739 5519 2 4699999999999999
 89 97 99 95 87 75 62 52 46 45 50 59 70 79 84 84 79 71 61 53 49 51 58 7018 6 9CC 154 991431 8599999999999999 833 452011 4999999999999999
 83 94102102 96 84 68 51 39 33 34 43 57 72 84 92 93 87 77 65 56 52 54 6218 610CC 2371031538 9399999999999999 918 332112 5199999999999999
 75 89101107105 95 78 57 38 25 20 25 38 57 76 92101101 94 82 68 58 53 5718 611CC 317107163410299999999999999 959 2022 6 5399999999999999
 67 81 96107111105 90 69 45 24 11  9 18 36 60 82100109108 99 85 70 59 5618 612CC 3561111726110999999999999991041  92256 5699999999999999
 60 72 88103112113104 84 59 32 11  0  2 15 37 64 88106115112101 85 70 6118 613CC 4351141815115999999999999991124 -12343 5899999999999999
 59 65 79 95109116113 99 76 48 22  2 -6 -1 16 41 69 94111117113100 84 7018 614CC 51511619 41179999999999999912 8 -6999999999999999999999
 62 62 70 84100112116110 94 69 40 15 -2 -8  0 20 46 74 97112117111 98 8218 615CC 557116195311799999999999999 030 611254 -899999999999999
 70 64 65 75 88103112114106 87 62 35 12 -2 -4  6 26 52 78 99112114107 9418 616CC 641115204211499999999999999 118 631341 -599999999999999
 80 70 65 68 77 90102110109 99 81 57 33 14  3  4 15 35 59 8210010910910218 617CC 727111213111099999999999999 2 7 651429  299999999999999
 90 78 69 66 69 77 88 98104102 93 76 55 35 20 12 14 26 44 65 85 9910610518 618CC 818104222110699999999999999 3 1 661518 1299999999999999
 97 87 76 68 65 67 74 83 92 96 95 87 73 56 40 29 23 26 37 53 71 87 9810318 619CC 917 96231210399999999999999 4 3 6516 9 2399999999999999
101 94 84 74 66 62 63 69 76 83 88 88 82 73 60 48 39 35 38 47 61 75 89 9818 620CC1031 88999999999999999999999 516 6217 4 3599999999999999
101 99 92 82 71 62 57 57 61 67 75 81 83 81 75 66 56 49 46 48 56 67 79 9018 621CC 0 410112 3 8399999999999999 637 5618 5 4699999999999999
 98101 98 90 79 67 57 50 48 52 59 68 76 82 83 79 73 65 58 55 56 62 72 8318 622CC 0571011344 8399999999999999 749 481915 5599999999999999
 93 99101 97 88 75 61 49 41 39 44 53 64 75 84 87 85 79 72 65 61 61 66 7518 623CC 14810115 9 8799999999999999 848 392025 6099999999999999
 86 95101102 96 84 69 53 40 32 31 38 50 65 78 88 93 91 85 76 68 64 64 6918 624CC 2341021612 9399999999999999 934 312126 6399999999999999
 79 90 99104102 93 78 60 43 30 23 25 36 51 69 84 95 98 95 87 77 69 65 6618 625CC 31610417 1 98999999999999991015 232217 6499999999999999
 73 83 94103105101 88 70 50 32 20 17 23 37 56 76 92101103 97 87 76 68 6518 626CC 3531051742103999999999999991051 1723 0 6599999999999999
 68 76 88 99106106 97 81 60 39 23 13 14 25 43 64 84 99106104 96 84 73 6618 627CC 4291071818106999999999999991125 132338 6599999999999999
 65 71 81 94103108104 91 72 50 29 15 10 15 30 51 73 92104107102 92 79 6918 628CC 5 31081852108999999999999991159 10999999999999999999999
 65 67 75 87 99107107100 83 62 39 21 11 10 20 39 61 82 99107106 98 86 7418 629CC 536108192510899999999999999 012 641231  999999999999999
 66 64 69 80 92103108105 93 74 52 31 16 10 15 29 49 71 91103107103 92 8018 630CC 6 8108195710799999999999999 044 6413 4 1099999999999999
 69 64 65 73 85 97105106100 85 65 43 25 15 14 22 39 60 81 97105105 97 8618 7 1CC 642107202910699999999999999 117 641337 1399999999999999
 74 66 64 68 77 88 99104102 92 76 56 38 23 17 20 32 50 70 88100105101 9218 7 2CC 71610421 210599999999999999 151 631410 1799999999999999
 80 70 64 64 70 79 90 98100 96 85 68 51 35 25 23 30 43 61 79 94102103 9718 7 3CC 753100213710399999999999999 230 631444 2399999999999999
 87 76 67 63 65 71 80 88 94 95 89 78 63 48 36 30 31 40 54 70 85 9710210018 7 4CC 835 95221610299999999999999 315 631521 3099999999999999
 93 83 73 65 62 64 69 77 85 89 89 84 74 62 50 41 38 41 49 63 77 90 9810118 7 5CC 929 90225910199999999999999 411 6216 2 3899999999999999
 98 91 81 70 63 59 60 65 72 79 84 84 81 74 64 55 48 46 49 58 69 82 92 9918 7 6CC1042 85234810199999999999999 518 591654 4699999999999999
101 97 89 78 67 58 53 53 58 65 73 79 83 82 77 70 62 57 54 57 64 74 85 9518 7 7CC1220 83999999999999999999999 632 531759 5499999999999999
101102 97 88 75 62 51 45 44 48 57 68 77 84 87 85 79 71 65 61 62 68 77 8718 7 8CC 04110214 1 8799999999999999 741 431918 6199999999999999
 97103104 98 87 71 55 42 33 32 38 50 64 78 89 94 94 88 79 71 66 65 70 7918 7 9CC 1361041522 9599999999999999 840 322036 6599999999999999
 90101107107 99 85 66 46 30 21 21 29 45 64 82 96103103 96 85 75 68 67 7218 710CC 229108162610499999999999999 932 202144 6699999999999999
 82 94105111110100 82 59 36 18  9 11 23 42 66 87104111110101 89 76 68 6718 711CC 3211121720112999999999999991022  82241 6799999999999999
 73 84 98110116113100 78 52 27  8  0  4 20 43 70 94110117114103 88 75 6718 712CC 4101161810118999999999999991110  02333 6699999999999999
 67 74 88103115119114 98 73 45 19  1 -5  2 21 47 76100116121115101 86 7218 713CC 4591191856121999999999999991158 -5999999999999999999999
 65 66 76 91106118121113 95 68 39 14 -2 -5  5 26 54 82105118120112 97 8118 714CC 548121194012199999999999999 021 641244 -699999999999999
 68 63 66 77 93108118120110 90 63 35 13  0  0 13 36 63 89109119117106 9118 715CC 637120202211999999999999999 1 7 631330 -199999999999999
 75 64 61 66 78 93107116115104 84 59 35 16  7 11 25 48 73 95111116112 9918 716CC 72611721 211699999999999999 154 611414  799999999999999
 84 70 61 59 65 77 91104110108 97 78 57 37 23 19 24 39 60 8210011011210518 717CC 817110214011299999999999999 243 591456 1999999999999999
 92 78 66 59 58 64 75 87 97102 99 90 74 57 42 33 32 39 54 72 8910210810718 718CC 911102221910999999999999999 335 571538 3299999999999999
 99 87 73 63 56 56 61 70 80 89 93 91 84 73 61 51 45 46 54 66 80 9310210518 719CC1014 9323 010599999999999999 435 551621 4599999999999999
102 94 82 70 60 54 53 57 64 73 80 85 85 81 74 67 60 57 59 65 75 85 9510118 720CC1135 86234610299999999999999 544 5317 9 5799999999999999
102 99 90 79 68 58 51 48 51 57 65 73 80 83 82 79 74 70 67 68 72 79 88 9518 721CC1320 83999999999999999999999 7 0 481814 6799999999999999
100100 97 89 77 65 54 46 42 44 50 59 70 79 85 87 85 81 77 74 73 76 81 8818 722CC 04110115 2 8799999999999999 811 421943 7399999999999999
 94 99100 96 87 75 61 48 39 35 37 45 57 70 82 90 93 92 87 81 76 74 76 8118 723CC 1421001610 9399999999999999 9 8 3521 6 7499999999999999
 88 95100101 96 86 71 55 41 31 28 33 44 59 75 88 97 99 96 90 82 75 73 7518 724CC 2391011655 9999999999999999 954 2822 6 7399999999999999
 81 89 98103103 96 83 65 47 32 24 23 31 46 64 82 96103104 98 88 79 72 7018 725CC 3281041732104999999999999991033 222249 7099999999999999
 74 83 93102106104 94 77 57 38 24 18 21 34 52 73 91104108105 96 84 74 6818 726CC 41010618 31089999999999999911 9 182325 6899999999999999
 69 75 86 98107109103 89 70 48 29 17 15 23 40 61 83100109110102 90 77 6818 727CC 4481091833110999999999999991143 152356 6599999999999999
 65 69 79 92104111110100 82 60 39 22 14 17 30 50 72 93107112108 97 83 7018 728CC 52411119 2112999999999999991215 14999999999999999999999
 63 64 71 84 98109113108 94 74 51 31 18 15 23 39 62 84101111111103 89 7518 729CC 559113193011299999999999999 027 631246 1499999999999999
 64 61 65 75 90103111112103 86 64 42 25 17 20 32 52 74 94108112107 95 8018 730CC 633112195811299999999999999 058 611317 1799999999999999
 67 60 60 67 80 94106111107 95 77 56 37 24 21 29 44 65 86102111110101 8718 731CC 7 8111202611299999999999999 130 591347 2199999999999999
 73 62 57 60 70 83 96105107101 87 69 50 35 28 30 40 58 78 95107111106 9418 8 1CC 745108205511199999999999999 2 6 571418 2799999999999999
 80 66 58 56 61 72 85 96102102 94 80 63 48 38 35 40 53 70 8810110910810018 8 2CC 826103212510999999999999999 245 561450 3599999999999999
 87 73 62 55 55 61 71 83 93 97 96 88 76 62 51 44 45 52 65 80 9410410810418 8 3CC 915 9822 010899999999999999 331 541526 4499999999999999
 95 82 69 58 53 53 59 68 79 87 92 91 85 76 66 58 54 56 63 74 87 9710410518 8 4CC1020 92224110599999999999999 427 521610 5499999999999999
100 91 78 66 55 49 49 54 62 72 81 87 88 85 80 73 67 64 66 71 80 90 9810318 8 5CC1151 88233410499999999999999 536 481710 6499999999999999
103 99 89 77 63 52 44 42 45 53 64 75 84 89 90 87 82 77 73 73 76 82 90 9818 8 6CC1344 90999999999999999999999 654 421838 7399999999999999
103104 99 90 77 61 47 37 33 35 44 57 71 84 93 98 97 92 85 79 76 77 82 8918 8 7CC 0421041518 9899999999999999 8 8 332019 7699999999999999
 98104106103 93 77 59 41 28 22 25 35 51 70 88100107106 99 90 81 76 75 8018 8 8CC 155106162310799999999999999 913 222138 7499999999999999
 89 99108112108 96 77 55 34 19 12 16 29 50 73 94109115113103 91 79 72 7118 8 9CC 3 211217131159999999999999910 9 122236 7099999999999999
 77 89102113118113 99 76 51 27 10  4 10 28 52 79101116121115103 87 73 6618 810CC 4 11181756121999999999999991059  42324 6599999999999999
 67 76 91107119123116 99 74 46 21  5  1 11 32 59 87109122123114 98 80 6618 811CC 4551231836124999999999999991146  1999999999999999999999
 60 64 76 93111123126117 97 70 41 17  4  4 17 41 69 96116124121108 89 7118 812CC 545126191312599999999999999 0 8 601230  299999999999999
 59 55 62 77 96113124125114 92 65 38 17  8 12 29 53 81104120123115 99 7918 813CC 634126194812399999999999999 050 551312  899999999999999
 62 53 52 61 78 97113122120107 86 60 37 22 18 26 44 68 92111120118107 8918 814CC 721122202112199999999999999 132 511351 1899999999999999
 70 56 49 51 62 78 96109115112 99 79 58 41 31 32 42 60 81101113117111 9718 815CC 8 8116205211799999999999999 215 491427 3099999999999999
 79 63 52 48 52 63 78 92103107102 90 74 59 47 43 47 59 75 9210511211110218 816CC 857107212111399999999999999 259 4815 2 4399999999999999
 88 72 59 50 48 52 62 75 87 95 97 93 84 73 63 57 56 62 72 85 9710610810418 817CC 952 97215310899999999999999 349 481536 5699999999999999
 94 82 68 57 50 49 52 60 70 80 86 89 87 82 76 70 67 68 73 82 91 9810310318 818CC11 4 89223010399999999999999 447 491614 6799999999999999
 98 89 78 67 57 51 49 51 57 65 73 80 84 85 84 81 78 76 77 80 85 91 96 9918 819CC1252 852325 9999999999999999 559 491713 7699999999999999
 98 94 87 78 67 58 50 46 47 51 59 68 77 84 88 89 88 85 83 82 82 84 88 9218 820CC1454 89999999999999999999999 723 461913 8199999999999999
 95 96 94 88 79 68 56 47 42 41 46 55 66 78 88 94 96 94 90 85 81 80 81 8518 821CC 048 9616 0 9699999999999999 835 4121 4 8099999999999999
 90 95 97 96 90 79 66 53 42 36 36 42 54 69 83 94101101 97 90 83 77 75 7718 822CC 211 97163810299999999999999 930 3522 1 7599999999999999
 83 90 97101 99 91 78 62 47 35 29 32 42 57 75 91102107105 97 87 77 71 7018 823CC 31210117 9107999999999999991012 292238 7099999999999999
 75 84 94103106102 91 75 56 39 28 25 31 45 64 84100109110104 92 80 70 6518 824CC 3591061737111999999999999991049 2423 9 6599999999999999
 67 76 88101109110103 88 68 47 31 22 23 35 53 75 95109114110 99 84 71 6218 825CC 43911018 4114999999999999991122 212338 6099999999999999
 61 68 80 95108114112100 81 59 38 24 20 27 43 65 87105115115105 90 74 6118 826CC 5151141829116999999999999991153 20999999999999999999999
 56 60 71 87102114117110 94 72 50 31 22 23 35 55 78 99113117111 97 79 6318 827CC 550117185411799999999999999 0 6 561223 2199999999999999
 54 53 61 76 93109117116105 86 63 42 28 24 31 47 69 91109117115104 86 6818 828CC 624118191911899999999999999 035 521252 2499999999999999
 54 49 52 65 82 99112117112 98 77 55 38 29 31 42 61 83102115117110 94 7518 829CC 7 0117194411899999999999999 1 6 491321 2999999999999999
 58 48 46 54 69 86102112114105 89 70 51 39 35 42 56 76 95110116113101 8318 830CC 737114201011699999999999999 139 461351 3599999999999999
 65 51 44 46 56 72 89103109108 98 82 65 52 44 45 55 70 88103112113106 9118 831CC 818110203711499999999999999 216 441422 4499999999999999
 74 58 46 43 47 58 73 88 99104101 92 79 66 57 53 57 67 81 96106111108 9818 9 1CC 9 610421 711199999999999999 257 431457 5399999999999999
 83 67 53 45 43 48 58 71 84 94 97 95 89 79 71 65 64 69 78 89 9910610710218 9 2CC10 8 98214310799999999999999 347 431538 6499999999999999
 92 79 65 52 44 42 46 55 66 78 87 92 93 89 84 79 75 75 78 84 91 9810210318 9 3CC1140 93223510399999999999999 452 421638 7599999999999999
 99 90 78 65 53 44 40 42 48 58 70 80 89 93 94 92 88 84 82 82 85 89 94 9918 9 4CC1344 94999999999999999999999 615 401828 8299999999999999
101 99 92 82 69 55 43 36 35 39 49 63 77 89 98102101 96 90 84 81 81 84 9018 9 5CC 0 1101151710299999999999999 744 342031 8199999999999999
 97102103 98 88 73 56 40 30 26 30 42 59 77 94105110108101 91 82 75 74 7918 9 6CC 140103161211199999999999999 858 262142 7499999999999999
 87 98106110106 94 76 55 36 22 18 24 39 60 82101114118113101 87 74 66 6618 9 7CC 259110165411899999999999999 956 182230 6599999999999999
 74 87102113118113 98 76 52 30 16 13 22 41 66 90110121121112 95 77 63 5718 9 8CC 4 01181731123999999999999991045 122312 5799999999999999
 60 72 89107120124117 99 74 48 26 13 13 26 49 75101118125120106 85 66 5218 9 9CC 45412418 5125999999999999991130 112351 4899999999999999
 49 56 72 93112125127118 97 70 44 24 15 19 36 61 88110124125114 95 73 5418 910CC 5421281837126999999999999991210 15999999999999999999999
 43 43 55 74 96115126126114 92 65 42 26 22 31 50 75100117125120104 82 6018 911CC 62812819 612599999999999999 029 421248 2299999999999999
 44 37 42 56 77 99116124121106 85 62 43 33 34 47 67 89109120121111 92 7018 912CC 713124193412299999999999999 1 6 371323 3299999999999999
 50 38 36 44 60 80100113118112 98 78 60 48 43 49 63 82100113118113 99 8018 913CC 75711820 011899999999999999 144 351355 4399999999999999
 60 44 36 37 47 63 82 98107109102 90 75 62 55 56 64 77 93106113112103 8818 914CC 841109202511499999999999999 222 361426 5599999999999999
 70 54 42 38 41 52 66 81 93100100 94 84 74 67 65 68 76 87 98106108104 9418 915CC 931101205010899999999999999 3 3 381456 6599999999999999
 79 65 52 44 42 46 55 66 78 87 92 93 89 83 78 74 74 78 84 92 98102101 9618 916CC1034 93211910299999999999999 351 421530 7499999999999999
 86 75 63 54 47 46 49 55 64 73 81 86 89 88 86 83 81 81 83 87 91 94 95 9418 917CC1214 8922 2 9599999999999999 452 461629 8199999999999999
 90 83 75 65 57 51 48 49 53 60 69 77 84 89 91 91 89 87 85 84 84 86 88 9018 918CC1422 912346 9099999999999999 617 4819 7 8499999999999999
 90 88 84 77 69 60 52 47 46 49 56 65 76 86 93 97 96 93 89 84 80 79 80 8318 919CC1527 97999999999999999999999 748 4621 5 7999999999999999
 87 90 91 88 82 72 61 51 44 41 45 53 66 79 91100103100 94 86 78 73 71 7418 920CC 147 9116 410399999999999999 855 412149 7199999999999999
 80 88 94 96 93 85 73 59 46 38 36 42 54 70 86 99107107101 91 79 70 65 6618 921CC 258 96163310899999999999999 943 362220 6499999999999999
 72 82 93100102 97 86 70 53 39 32 34 43 60 78 96108112108 97 83 69 60 5818 922CC 34710317 0112999999999999991021 322248 5799999999999999
 63 74 88100108107 99 83 64 46 33 29 35 49 69 90106115114104 88 71 57 5118 923CC 4281091725115999999999999991055 292314 5199999999999999
 53 64 80 96109114110 97 77 56 39 29 30 41 60 82101114118111 95 76 58 4718 924CC 5 41141749118999999999999991126 282342 4499999999999999
 45 52 68 87105116117109 91 69 49 34 29 36 52 73 95112119116103 83 62 4618 925CC 5401181813120999999999999991156 29999999999999999999999
 38 42 55 75 95112120117104 84 62 44 34 34 46 65 87106118120110 91 69 4818 926CC 616120183712099999999999999 011 381226 3399999999999999
 36 34 43 60 82102116120113 97 77 57 43 38 44 59 79 99114120115 99 78 5518 927CC 65312019 112099999999999999 041 331256 3899999999999999
 38 30 33 46 66 88106116117107 90 71 55 46 47 56 73 92108117116106 87 6518 928CC 732118192711899999999999999 114 301327 4599999999999999
 45 32 28 35 50 71 91106113111100 85 69 58 54 58 69 85100111115109 95 7618 929CC 815113195311599999999999999 150 2814 0 5499999999999999
 55 39 30 30 38 54 73 90103107104 95 82 71 64 64 69 80 93104110109101 8618 930CC 9 4107202211199999999999999 230 281436 6399999999999999
 68 51 38 31 33 42 56 72 86 97100 98 92 84 77 73 74 79 87 96102105102 931810 1CC10 8101205810599999999999999 319 311520 7399999999999999
 80 65 51 40 35 36 43 54 67 80 90 95 96 93 89 84 81 81 84 88 93 97 98 961810 2CC1142 962152 9999999999999999 422 341634 8199999999999999
 90 80 68 55 45 38 37 41 49 61 73 84 92 97 98 95 91 87 84 83 84 87 90 931810 3CC1342 982343 9499999999999999 547 3719 0 8399999999999999
 94 91 84 74 62 50 41 36 36 43 54 68 82 94102104102 96 88 81 77 76 78 841810 4CC1459104999999999999999999999 723 352045 7599999999999999
 91 96 97 92 83 69 54 40 32 31 37 50 67 85100109111106 96 84 73 66 65 711810 5CC 142 97154611199999999999999 840 302137 6599999999999999
 81 92101105101 90 73 54 38 28 26 35 51 72 92108116115105 90 74 60 54 551810 6CC 3 2105162311799999999999999 938 262218 5399999999999999
 65 81 97109114109 95 75 53 35 25 26 37 57 80101116121114 99 79 60 47 421810 7CC 4 11141656121999999999999991026 242255 4299999999999999
 49 64 84103116120113 96 73 50 33 25 30 45 67 91111122121109 89 65 46 351810 8CC 45212017271239999999999999911 8 252330 3399999999999999
 34 46 66 89109122123113 93 70 48 34 30 39 57 80103118123116 98 74 51 331810 9CC 5381241755123999999999999991146 30999999999999999999999
 26 31 47 70 94113123122109 88 66 47 38 39 52 71 93112121120107 85 60 38181010CC 622124182212299999999999999 0 5 261222 3799999999999999
 25 23 33 52 76 98115121116102 82 63 50 46 52 66 85104116119111 94 70 47181011CC 7 4121184711999999999999999 040 221255 4699999999999999
 29 21 24 38 58 81100113116108 94 77 63 55 56 65 79 96109116112100 80 58181012CC 745116191111699999999999999 114 211326 5499999999999999
 38 26 23 29 44 64 84100108108100 87 74 65 62 66 76 89102110110103 88 69181013CC 827109193511199999999999999 149 221355 6299999999999999
 50 35 27 28 37 51 69 85 97102100 93 83 74 70 70 75 84 94102105102 92 77181014CC 912102195910599999999999999 225 261427 6999999999999999
 61 46 36 32 35 44 57 71 84 92 96 94 89 82 77 75 77 81 88 94 98 98 93 83181015CC10 7 962025 9899999999999999 3 5 3215 5 7599999999999999
 71 58 47 40 38 41 49 59 71 81 88 91 91 88 84 81 80 81 83 87 90 91 89 85181016CC1125 9121 0 9199999999999999 355 3816 9 8099999999999999
 78 69 60 52 46 44 45 51 59 68 77 84 89 91 90 88 85 82 81 81 81 82 83 83181017CC1312 912227 8399999999999999 5 4 441846 8199999999999999
 81 77 72 64 57 51 47 47 50 57 65 75 84 91 95 95 92 87 81 77 74 73 75 78181018CC1430 95999999999999999999999 637 462045 7399999999999999
 81 82 81 77 70 61 53 47 45 47 54 65 77 88 96100 98 93 85 76 69 65 65 69181019CC 1 7 82151310099999999999999 8 0 452124 6599999999999999
 76 82 87 87 83 74 63 52 45 42 45 54 67 82 95103105100 90 78 66 58 56 59181020CC 235 88154610599999999999999 859 422153 5699999999999999
 68 79 88 94 94 88 76 62 49 41 39 45 58 74 91103109107 97 82 66 54 47 48181021CC 329 95161310999999999999999 943 392220 4799999999999999
 57 71 85 97102100 90 75 58 44 37 39 49 65 84101111112104 89 70 52 41 38181022CC 4121021639113999999999999991020 372247 3899999999999999
 45 59 77 94106109103 89 71 53 40 37 42 57 76 96110116111 97 76 54 37 29181023CC 45110917 4116999999999999991054 362316 2999999999999999
 32 45 64 85103113113103 85 65 48 39 40 50 68 89106117117105 85 61 39 25181024CC 5291141729118999999999999991127 382346 2199999999999999
 21 30 48 72 94111118114100 80 61 47 41 47 61 80100114119112 95 70 45 25181025CC 6 811817551199999999999999912 0 41999999999999999999999
 15 18 32 54 79101115119111 95 75 58 48 48 57 73 92109118116103 82 56 32181026CC 648119182211899999999999999 018 151234 4799999999999999
 16 11 19 37 61 85105116116106 90 72 59 53 57 68 84101113116109 92 69 44181027CC 730117185011699999999999999 053 1113 8 5399999999999999
 24 12 12 23 42 66 89105113111100 86 72 63 61 67 78 92105112110 99 81 58181028CC 816113192011299999999999999 131 111345 6199999999999999
 37 21 13 16 28 47 69 88102107104 96 84 74 69 69 75 85 96104107102 90 73181029CC 9 8107195310799999999999999 214 131427 6899999999999999
 53 35 23 18 22 34 51 69 85 96101 99 93 86 79 75 76 80 87 94 99 99 94 83181030CC1013101203410099999999999999 3 3 181523 7599999999999999
 69 53 39 29 25 28 37 51 66 80 91 96 97 94 89 84 80 79 80 84 88 91 91 88181031CC1139 972139 9199999999999999 4 5 251657 7999999999999999
 81 70 58 46 37 32 32 39 49 63 76 87 95 98 97 93 87 81 77 75 75 78 82 851811 1CC1313 982343 8699999999999999 524 311913 7599999999999999
 86 83 76 66 55 44 37 35 38 47 60 74 88 97102101 96 87 77 69 65 64 68 751811 2CC1421102999999999999999999999 654 352033 6499999999999999
 83 88 89 85 75 63 50 40 35 37 46 60 76 92102107104 95 82 68 57 52 53 601811 3CC 142 8915 710799999999999999 812 352120 5199999999999999
 72 84 93 97 93 83 68 53 41 35 37 48 64 82 98109111104 90 72 55 43 39 431811 4CC 3 1 97154411199999999999999 913 3522 0 3999999999999999
 55 72 88100105100 88 71 54 41 36 40 53 72 91106114111 99 80 59 40 29 281811 5CC 4 010516161149999999999999910 2 362236 2799999999999999
 38 55 76 95107111104 89 70 53 42 39 47 62 82100113116108 90 67 44 26 191811 6CC 4501111646116999999999999991044 392311 1899999999999999
 22 37 58 82101112113104 87 68 52 44 45 56 73 92108116113 99 77 52 30 151811 7CC 5351141715116999999999999991123 432344 1299999999999999
 13 22 40 65 88106115113101 83 66 53 49 54 67 84101113115106 87 63 38 191811 8CC 6171151742115999999999999991158 49999999999999999999999
  9 12 25 47 72 94109114108 95 78 64 55 55 63 78 94107113109 95 73 49 271811 9CC 65711418 811399999999999999 018  91231 5499999999999999
 12  8 16 33 56 79 98109110102 88 74 63 59 63 73 87100108109100 83 60 38181110CC 736111183311099999999999999 050  813 2 5999999999999999
 20 11 12 23 42 64 84 99106104 95 82 71 64 64 70 80 92102105101 89 71 50181111CC 815106185910599999999999999 123 101334 6399999999999999
 31 18 14 19 32 51 70 87 98101 97 88 78 71 67 69 76 85 94100 99 92 78 61181112CC 855101192610099999999999999 157 1414 8 6799999999999999
 44 29 21 21 28 41 58 74 87 95 96 92 84 77 72 70 73 79 86 92 94 91 82 70181113CC 941 961956 9499999999999999 234 201449 7099999999999999
 56 42 32 27 28 36 48 62 75 85 91 92 88 83 77 74 73 75 79 83 86 86 82 75181114CC1038 922033 8699999999999999 316 271549 7399999999999999
 65 54 44 37 34 36 42 52 64 75 84 89 90 88 84 79 75 73 73 74 76 78 78 76181115CC1150 902136 7899999999999999 4 7 341736 7399999999999999
 72 65 57 49 43 40 41 46 54 64 74 83 89 91 90 86 80 74 70 67 67 68 71 73181116CC13 7 912355 7499999999999999 516 401942 6799999999999999
 74 72 68 62 55 49 45 44 47 55 65 75 85 92 94 92 87 78 70 63 58 58 60 66181117CC14 4 94999999999999999999999 639 442040 5799999999999999
 71 75 77 74 68 60 52 46 45 48 55 67 79 90 97 98 94 85 73 61 52 47 49 55181118CC 151 771446 9899999999999999 754 452116 4799999999999999
 64 74 81 84 81 74 64 53 46 44 48 58 71 85 97102101 92 78 62 48 38 36 42181119CC 3 1 84151910399999999999999 851 442147 3699999999999999
 53 67 80 89 92 88 78 65 53 45 44 50 63 79 94104107101 86 67 48 33 25 27181120CC 352 92154910799999999999999 938 432218 2599999999999999
 38 55 73 89 99100 92 79 64 51 44 46 55 71 88102110108 96 76 53 32 18 14181121CC 4371001619110999999999999991019 442250 1499999999999999
 22 38 60 82 99107105 94 78 62 50 45 50 63 80 97109113105 87 63 37 17  6181122CC 5191071648113999999999999991059 452324  599999999999999
  7 20 42 67 90106112107 93 76 60 50 49 57 72 90105114112 98 76 48 23  5181123CC 6 11121719114999999999999991137 48999999999999999999999
 -2  4 22 48 75 97111114106 91 74 59 53 55 65 81 98110114107 89 63 35 12181124CC 645114175211499999999999999 0 0 -21216 5299999999999999
 -3 -5  6 27 54 80101112112102 87 72 61 57 62 73 89103111111 99 79 52 26181125CC 730113182611299999999999999 039 -51257 5799999999999999
  6 -4 -2 11 33 60 84102110108 98 84 71 63 62 68 79 93104108104 91 69 45181126CC 81811019 310899999999999999 121 -51340 6299999999999999
 22  6 -1  3 18 40 64 85 99105103 94 82 72 67 67 72 82 93100102 96 82 63181127CC 910105194410299999999999999 2 6 -11429 6699999999999999
 42 23 10  6 12 26 45 66 84 96100 98 91 82 74 69 69 73 81 88 93 94 88 77181128CC10 81012035 9499999999999999 256  61531 6999999999999999
 61 44 29 18 16 21 33 49 67 82 92 97 95 90 82 75 70 68 70 75 80 84 85 82181129CC1114 972147 8599999999999999 352 161657 6899999999999999
 74 62 49 37 28 25 29 38 52 67 81 91 95 95 90 82 74 67 63 62 65 70 75 79181130CC1224 962335 7999999999999999 458 251841 6299999999999999
 79 75 67 57 46 38 34 36 43 54 68 81 91 96 96 91 81 71 61 54 51 54 60 681812 1CC1327 97999999999999999999999 614 3420 1 5199999999999999
 75 79 79 74 66 55 46 41 41 46 57 71 84 94 99 98 90 78 64 51 42 39 43 521812 2CC 129 801417 9999999999999999 731 402056 3999999999999999
 64 75 83 85 82 73 62 52 45 44 50 61 75 88 98102 98 87 71 53 38 29 27 341812 3CC 255 85145910299999999999999 838 442140 2799999999999999
 47 63 78 89 92 88 79 66 55 48 48 54 66 81 94103104 96 80 60 40 25 17 191812 4CC 358 92153610499999999999999 934 472218 1799999999999999
 30 48 67 84 95 98 93 81 68 56 50 51 60 73 88100106102 90 70 48 27 13  91812 5CC 450 9816 9106999999999999991021 502254  999999999999999
 15 31 52 73 91101102 94 81 67 56 52 56 66 81 95104106 98 81 58 34 15  41812 6CC 53410216411079999999999999911 3 522328  399999999999999
  5 16 35 59 81 97104102 92 78 64 56 55 61 73 88100106103 90 69 45 22  61812 7CC 6141051711106999999999999991140 54999999999999999999999
  0  5 21 44 68 88101105 99 87 73 62 56 58 67 81 94103105 97 80 57 33 131812 8CC 652105174010599999999999999 0 1  01214 5699999999999999
  1  0 11 30 53 76 94103102 94 81 68 60 58 63 74 87 98103100 88 68 45 231812 9CC 727104181010399999999999999 034 -11247 5899999999999999
  7  1  5 19 40 63 83 96101 97 87 75 64 59 60 68 79 91 99100 93 78 57 36181210CC 8 2101184010099999999999999 1 6  11319 5999999999999999
 17  6  5 13 29 50 71 87 97 98 91 81 70 62 60 64 72 82 92 96 94 84 68 48181211CC 837 981911 9699999999999999 139  41353 6099999999999999
 30 16  9 12 23 40 59 77 89 95 93 86 76 67 62 61 66 74 83 89 90 86 75 59181212CC 914 951944 9199999999999999 213  91432 6199999999999999
 42 28 18 16 21 33 49 66 80 89 92 89 81 73 66 62 63 67 74 80 84 83 77 67181213CC 955 922023 8499999999999999 249 151521 6299999999999999
 54 40 29 23 24 30 42 56 70 82 88 89 86 79 71 65 62 62 65 70 74 77 76 71181214CC1043 902115 7799999999999999 328 231629 6299999999999999
 63 52 42 34 31 32 38 49 61 73 82 88 88 85 78 71 64 60 58 60 63 67 69 70181215CC1138 892240 7099999999999999 414 3018 0 5899999999999999
 67 62 55 47 41 38 39 45 54 64 75 84 88 89 85 78 69 61 54 51 51 55 59 64181216CC1236 89999999999999999999999 514 381926 5199999999999999
 68 68 66 60 54 48 44 44 49 57 67 77 86 91 91 86 77 65 54 45 41 41 46 54181217CC 041 681330 9199999999999999 628 442024 4099999999999999
 63 70 73 72 68 61 54 49 48 51 59 70 81 90 95 93 85 73 57 43 33 28 31 39181218CC 220 731416 9599999999999999 745 4721 8 2899999999999999
 52 65 75 81 81 76 67 58 51 49 53 62 74 86 95 99 94 83 65 46 29 18 16 22181219CC 329 821457 9999999999999999 851 492147 1699999999999999
 36 53 70 83 90 89 82 71 60 52 50 55 66 80 93101102 94 77 55 33 15  5  5181220CC 423 91153610399999999999999 946 502226  499999999999999
 16 35 57 78 92 99 96 86 73 60 52 52 59 71 87 99106103 90 69 43 19  1 -6181221CC 511 991614106999999999999991035 5123 6 -799999999999999
 -2 14 38 63 86100105100 88 72 60 53 54 63 78 93105109102 85 60 32  7-10181222CC 5571051653109999999999999991121 522348-1499999999999999
-14 -4 16 43 70 92106108100 86 71 58 53 57 68 84 99109109 99 78 50 22 -2181223CC 64310917341109999999999999912 6 53999999999999999999999
-15-16 -3 20 49 76 97108108 98 83 68 58 55 60 73 88102109107 93 70 42 15181224CC 728109181611099999999999999 031-171250 5599999999999999
 -6-16-13  3 28 56 81 99107105 94 79 65 57 56 63 76 90102106101 86 63 37181225CC 81410819 110699999999999999 116-161337 5599999999999999
 12 -5-11 -5 12 36 62 85 99104100 88 75 63 56 57 64 76 89 98100 94 79 58181226CC 9 0104194910099999999999999 2 1-111426 5699999999999999
 35 14  1 -2  6 23 45 68 86 98100 94 83 71 61 56 56 63 73 83 91 92 86 73181227CC 9461002042 9299999999999999 247 -21522 5599999999999999
 55 36 20 11 10 19 34 53 72 87 95 96 90 79 68 59 54 54 59 67 75 81 83 79181228CC1034 962147 8399999999999999 335 101630 5399999999999999
 69 55 41 29 23 24 31 44 60 75 87 93 92 86 77 66 57 51 49 52 58 65 72 75181229CC1125 932314 7599999999999999 426 221751 4999999999999999
 73 68 59 49 40 35 36 42 53 65 77 87 91 90 84 75 63 53 45 41 42 48 55 63181230CC1219 91999999999999999999999 524 351915 4199999999999999
 69 71 70 64 57 50 46 46 50 58 69 79 87 91 90 83 73 60 47 37 32 32 38 47181231CC 1 4 711315 9199999999999999 634 452025 3199999999999999
