 51 79104122130129120109100 96 99109122136145145134111 80 47 19  0 -6  318 1 1CS 419130143114699999999999999 9 5 962153 -699999999999999
 24 53 84111129135132122110101 98102114129143150147131104 70 36  8 -9-1118 1 2CS 5 7135151415099999999999999 954 982238-1299999999999999
  2 27 59 91117132136130118106 98 97104117133147152145126 96 61 28  2-1018 1 3CS 5511361558152999999999999991038 962321-1199999999999999
 -8  8 36 68 98121133133124112100 93 95104119135147149140118 88 55 24  318 1 4CS 6311341643150999999999999991120 93999999999999999999999
 -5  2 21 49 79106124131127117104 93 89 92103119133142142130108 80 50 2518 1 5CS 7 8131172814399999999999999 0 3 -512 3 8999999999999999
 10  7 17 38 64 91113125127120108 96 87 84 89101115127133130118 98 74 5018 1 6CS 742128181413399999999999999 043  61249 8499999999999999
 31 21 23 36 56 80102118125123114101 89 81 80 86 95107116120117106 90 7018 1 7CS 81412519 412099999999999999 121 201340 8099999999999999
 53 40 36 41 55 74 94111121124118108 95 84 77 76 80 88 96103106104 96 8418 1 8CS 84712420 310699999999999999 157 361444 7699999999999999
 71 60 53 52 59 72 88104117123122115104 92 81 73 70 72 77 84 90 94 94 9018 1 9CS 9221232131 9499999999999999 233 5216 6 7099999999999999
 84 76 70 66 68 75 86 99111120123121113102 89 77 68 63 62 65 71 78 84 8818 110CS10 21232359 9099999999999999 314 661739 6299999999999999
 90 88 85 81 79 80 86 95105115122123120112100 86 72 61 53 51 54 61 70 8018 111CS1052123999999999999999999999 410 791856 5199999999999999
 88 94 96 95 92 89 89 93100108117123124121112 98 81 65 51 42 39 44 53 6718 112CS 2 3 96115012599999999999999 530 881951 3999999999999999
 81 94102105103 99 95 93 95101110119125127122111 94 74 54 39 30 29 37 5118 113CS 3 6105124712799999999999999 657 932034 2999999999999999
 69 87102111113109103 96 94 96102112122128129122107 87 63 42 27 20 23 3518 114CS 348113133713099999999999999 8 6 942112 2099999999999999
 54 76 96111119118111102 94 92 95104115126133131120101 77 51 30 16 13 2118 115CS 422119142013399999999999999 858 922146 1399999999999999
 38 62 86107119123118108 98 90 89 95107121132136131115 92 64 38 18  9 1118 116CS 453123145913699999999999999 940 892219  899999999999999
 25 47 73 97115124123114102 91 86 88 97112127137138127107 80 51 26 10  618 117CS 5221251535139999999999999991016 862250  699999999999999
 14 33 59 85108122125119108 95 85 82 88101118132139135120 95 66 39 18  718 118CS 5501251610139999999999999991049 822321  699999999999999
  9 23 46 73 98116125123113 99 86 79 81 90106123135137129109 82 54 30 1418 119CS 6181251645138999999999999991122 792350  999999999999999
 10 18 36 61 87109121124117104 90 79 76 81 93110125133132119 97 70 45 2518 120CS 6451241721134999999999999991156 76999999999999999999999
 15 17 31 52 77100116123120110 96 82 74 74 82 96111124128123107 85 61 4018 121CS 712123175912899999999999999 020 151232 7399999999999999
 26 23 30 46 68 91110120122115102 88 76 71 73 82 96109118120112 97 76 5618 122CS 739122184012099999999999999 049 231313 7099999999999999
 41 33 35 46 63 83102116121118108 94 81 71 67 71 80 92103110110102 89 7318 123CS 8 7121193011199999999999999 119 3314 1 6799999999999999
 58 48 45 50 62 78 96110119120114102 88 75 66 63 66 74 84 93 99100 95 8618 124CS 838120203610099999999999999 152 4515 2 6399999999999999
 75 66 60 60 66 77 91104115119118110 98 84 71 61 57 57 63 72 81 88 92 9218 125CS 9141202222 9299999999999999 229 591621 5699999999999999
 88 82 77 75 76 81 89100110117120117108 96 81 67 54 47 45 49 58 68 79 8818 126CS 958120999999999999999999999 317 741747 4599999999999999
 93 95 94 91 89 89 91 97105113118121118110 96 79 61 45 34 30 34 43 57 7318 127CS 1 4 95105912199999999999999 435 8819 2 3099999999999999
 87 98104106103100 97 97101107114121124122114 98 78 55 35 20 15 19 31 5018 128CS 248106121212499999999999999 627 9720 5 1599999999999999
 71 91106115116112106101 98101107116124130129118100 75 47 23  7  2  8 2418 129CS 342116132113099999999999999 8 0 982058  299999999999999
 48 74 98115123122115106 98 95 98106118130137135122100 70 39 13 -4 -7  318 130CS 424123142013799999999999999 9 3 952146 -899999999999999
 24 52 81106122127123113101 92 89 94106121135143139123 97 64 31  5 -9 -918 131CS 5 0127151314399999999999999 950 892230-1199999999999999
  5 30 61 92115127128119105 91 83 83 91107125139146139120 91 57 25  2 -918 2 1CS 53212916 2146999999999999991032 822311 -999999999999999
 -4 15 43 75103121128123110 94 80 74 77 89107126140144135113 83 50 22  418 2 2CS 6 21281648144999999999999991112 742348 -199999999999999
 -1  9 32 61 90113125125115 99 82 70 66 73 88107125137137125103 74 46 2318 2 3CS 6301271733138999999999999991151 66999999999999999999999
 11 13 28 52 79104121126120105 87 71 61 61 70 86105120128126113 92 67 4518 2 4CS 656126181712999999999999999 022 111231 6099999999999999
 29 25 32 50 73 97115124123112 95 77 63 56 59 69 84100112117112100 82 6418 2 5CS 72012519 211799999999999999 053 241314 5699999999999999
 48 40 41 52 70 91110122124117103 86 70 58 54 58 67 80 92101104 99 90 7718 2 6CS 745124195210499999999999999 121 3914 3 5499999999999999
 65 56 54 59 71 88104117123120111 96 80 66 57 54 56 64 73 83 89 92 89 8418 2 7CS 8121232059 9299999999999999 148 5315 1 5499999999999999
 77 70 67 68 75 86 99111119120115105 92 78 65 57 52 53 58 65 72 79 83 8418 2 8CS 84312123 9 8499999999999999 215 671620 5299999999999999
 84 82 80 79 81 87 95105113117116111102 90 77 65 55 49 48 50 56 63 71 7918 2 9CS 924117999999999999999999999 246 791754 4899999999999999
 85 89 90 90 90 91 94 99105110114113109102 91 78 64 52 44 40 41 47 57 6918 210CS10271149999999999999999999991914 40999999999999999999999
 80 90 97 99 99 96 95 95 98102108112113111104 92 77 60 46 35 31 33 42 5518 211CS 312100115611399999999999999 624 942010 3099999999999999
 71 87 99106107103 98 94 92 94 99106113116114106 92 73 53 36 25 22 27 4018 212CS 341107131211699999999999999 758 922053 2299999999999999
 59 78 96108113110103 95 88 86 90 98108117121118107 88 66 43 26 16 16 2618 213CS 4 811314 712199999999999999 852 862129 1599999999999999
 44 67 89106116116109 98 88 81 81 88100113124127120104 81 56 32 16 10 1518 214CS 432117145112799999999999999 931 8022 2 1099999999999999
 31 54 79101115120114103 89 78 74 77 89105120130130119 98 71 44 22 10  918 215CS 45612015301319999999999999910 4 742233  899999999999999
 20 41 67 92111121119108 93 78 69 68 76 92111127134129113 88 59 34 15  818 216CS 52012116 8134999999999999991036 6723 3  899999999999999
 14 31 56 83106119122114 98 81 67 61 65 78 98117131134124103 76 49 26 1418 217CS 54312216451349999999999999911 7 612331 1299999999999999
 13 25 47 73 98116123118104 86 69 57 56 65 82103121131129115 93 66 41 2418 218CS 6 51231722132999999999999991139 552359 1899999999999999
 18 24 42 65 90111122121110 93 73 58 50 53 66 85105121127121105 82 58 3918 219CS 62812318 1127999999999999991213 50999999999999999999999
 28 29 41 60 83105119123116100 80 62 49 46 53 68 87105117119111 95 75 5618 220CS 651123184412099999999999999 027 271250 4699999999999999
 43 39 45 59 79 99114122119107 89 70 53 44 44 52 67 85100109109101 88 7218 221CS 714122193311099999999999999 055 391332 4399999999999999
 60 53 54 63 77 94109119120113 98 80 62 48 41 42 51 64 78 91 98 99 94 8518 222CS 739121203610099999999999999 123 521423 4199999999999999
 75 69 67 71 80 92105115119116106 92 75 59 47 40 40 46 56 68 80 87 91 9018 223CS 8 71192218 9199999999999999 151 671530 3999999999999999
 87 83 81 81 85 93101110115116112103 90 75 60 47 38 35 38 45 56 68 78 8618 224CS 843117999999999999999999999 222 8117 1 3599999999999999
 91 93 94 94 94 96100104109113113111104 93 79 63 47 35 28 27 33 44 58 7318 225CS 9441149999999999999999999991834 27999999999999999999999
 86 96102104103101100100102105109112113109100 85 66 46 29 19 16 22 35 5318 226CS 3 5104113911399999999999999 629 991949 1699999999999999
 73 91105112112108102 96 94 95100107114119117108 90 67 43 23 10  7 15 3218 227CS 336113131711999999999999999 814 942046  799999999999999
 54 79100113118115106 96 87 84 86 95107119127126114 93 66 38 16  3  2 1418 228CS 4 4118142412899999999999999 9 5 842133  199999999999999
 36 62 89110121121112 98 84 75 73 79 92110125134132117 92 62 33 11  1  518 3 1CS 430122151813599999999999999 945 722214  099999999999999
 21 47 76102119124118103 85 70 61 63 74 93113130138133115 87 56 28 10  518 3 2CS 45612416 6138999999999999991022 612251  599999999999999
 14 35 63 92114124122109 90 70 55 50 56 72 94117133137128108 80 51 27 1518 3 3CS 5201251651137999999999999991058 502324 1399999999999999
 16 31 55 83107123125116 97 75 55 43 43 54 73 97118131131119 98 72 47 3018 3 4CS 5431261734133999999999999991133 412354 2499999999999999
 25 32 51 76101119127121105 83 61 44 36 40 54 75 98116124121108 88 66 4718 3 5CS 6 512718151259999999999999912 9 36999999999999999999999
 38 39 52 72 95115125125113 93 70 50 37 34 41 57 77 96110115109 97 80 6318 3 6CS 626127185811599999999999999 022 371246 3499999999999999
 52 49 56 71 91109122125118102 81 60 44 35 36 45 60 77 92102104 98 88 7618 3 7CS 649126194410499999999999999 047 491325 3499999999999999
 66 61 63 73 88104117123120109 92 73 55 43 37 40 49 61 75 86 93 94 90 8418 3 8CS 7131232041 9499999999999999 112 611410 3799999999999999
 77 72 72 77 86 98110117118112100 84 68 54 45 41 43 50 59 70 78 84 87 8618 3 9CS 7391192223 8799999999999999 136 7115 8 4199999999999999
 85 82 81 83 87 95103110113111104 94 81 68 57 49 44 44 48 55 63 71 78 8418 310CS 811113999999999999999999999 2 0 811631 4499999999999999
 88 90 90 90 91 93 97101105106104100 92 82 72 61 51 45 42 43 48 57 66 7718 311CS 8591069999999999999999999991811 42999999999999999999999
 86 93 97 98 96 94 93 94 96 98100101 99 95 86 76 63 51 42 37 37 42 53 6618 312CS 247 98104910199999999999999 616 931928 3699999999999999
 80 92101104103 98 93 88 87 89 93 98102103100 91 78 62 47 35 29 31 39 5318 313CS 310104124810499999999999999 757 872020 2999999999999999
 71 88101109109103 94 85 79 78 83 91100108110106 94 77 58 40 28 23 28 4118 314CS 333110135511099999999999999 843 7821 0 2399999999999999
 59 80 98110114109 98 85 75 69 71 80 93106116117110 94 72 50 32 21 20 3018 315CS 354114144311899999999999999 916 692135 1999999999999999
 48 70 92109117115104 88 73 62 59 66 80 98114124122110 90 65 42 25 18 2218 316CS 415117152412499999999999999 947 5922 6 1899999999999999
 38 60 85106118119110 93 74 58 50 52 65 85106122129124107 83 57 35 22 2018 317CS 43612016 4129999999999999991017 502237 1999999999999999
 31 51 76100117123116100 78 58 44 41 49 67 91113128131121100 74 50 32 2418 318CS 4571231643131999999999999991047 4023 6 2499999999999999
 29 45 69 93113124121107 86 62 43 33 35 49 72 97118129128114 92 68 47 3418 319CS 5191241723130999999999999991119 322335 3299999999999999
 33 44 63 87109122125114 94 70 47 30 26 34 52 77101119126121106 85 64 4818 320CS 54012518 5126999999999999991153 26999999999999999999999
 42 47 62 82103119126120103 80 55 35 23 23 35 55 79101116119112 98 80 6518 321CS 6 2126185012099999999999999 0 3 421229 2299999999999999
 55 55 64 80 99115124123111 91 67 44 28 20 24 38 58 79 97108110104 92 7918 322CS 625125194111199999999999999 031 5413 9 2099999999999999
 70 66 70 81 96110120123117102 81 59 39 26 22 27 40 57 75 90 99101 97 9018 323CS 649123204710199999999999999 058 661357 2299999999999999
 83 79 79 85 94105115120118109 94 75 57 40 30 26 30 39 53 67 80 89 93 9418 324CS 7151202238 9499999999999999 125 7815 0 2699999999999999
 92 90 89 91 95102108113114111103 90 76 60 46 35 30 30 36 46 59 71 82 9018 325CS 748114999999999999999999999 154 891627 2999999999999999
 95 97 98 98 98 99101104106107105101 93 82 68 54 41 32 28 31 39 51 65 8018 326CS 85110799999999999999999999918 6 28999999999999999999999
 92100105105102 99 95 94 95 97100103103100 91 77 61 44 31 24 25 33 47 6518 327CS 231105113810499999999999999 712 941925 2499999999999999
 83 98108111108101 92 85 82 83 88 96105110109101 85 65 45 29 20 21 32 5018 328CS 257111132511199999999999999 817 822023 2099999999999999
 71 92107115114105 93 80 71 67 71 82 96110119119108 89 66 43 26 19 23 3718 329CS 322116143012099999999999999 856 672110 1999999999999999
 58 82103117119112 97 79 64 54 54 63 80 99117126125111 89 64 41 25 21 3018 330CS 345120152212799999999999999 932 532149 2199999999999999
 48 73 97115123119104 84 63 47 40 45 60 81104123131126109 86 60 39 28 2918 331CS 4 812316 81319999999999999910 6 402223 2799999999999999
 43 65 90112124125112 92 67 45 32 30 40 61 86110126131122104 80 57 40 3518 4 1CS 4311261651131999999999999991039 292255 3599999999999999
 42 60 84107123128120101 76 51 31 22 26 41 65 91113126126115 96 74 55 4518 4 2CS 4531281732128999999999999991112 222324 4499999999999999
 46 59 79101120129126110 87 60 37 21 18 27 46 71 95114122119106 88 70 5818 4 3CS 5151291813122999999999999991146 182352 5499999999999999
 54 60 76 96115127128118 98 72 47 27 18 20 33 53 76 97111115110 97 83 7018 4 4CS 5371291854115999999999999991219 17999999999999999999999
 63 65 75 91108122127122106 84 60 38 24 20 26 40 60 80 96106107101 91 8118 4 5CS 6 1127193810799999999999999 019 631254 2099999999999999
 73 71 76 88102115123122112 94 73 52 36 26 26 34 48 64 80 93 99 99 95 8818 4 6CS 625124203210099999999999999 046 711333 2599999999999999
 82 79 80 86 96107116118113101 84 66 50 38 32 33 41 52 66 78 87 93 94 9218 4 7CS 6511182151 9499999999999999 115 781419 3299999999999999
 89 86 85 88 93100107111110103 92 78 64 52 43 39 40 45 53 64 74 83 89 9218 4 8CS 721111999999999999999999999 150 851521 3999999999999999
 94 93 92 91 92 94 98101103101 96 88 78 67 58 49 44 43 46 52 61 70 80 8918 4 9CS 011 94 8 110399999999999999 3 5 911650 4399999999999999
 95 98 99 97 94 92 91 91 93 94 95 93 89 82 73 63 54 46 43 43 49 58 69 8218 410CS 138 99 940 9599999999999999 6 3 911822 4299999999999999
 93101104103 98 92 86 82 82 84 89 93 95 94 89 80 68 55 45 40 40 46 58 7318 411CS 2131041215 9599999999999999 738 821928 3999999999999999
 88100108109104 94 84 75 71 72 78 87 96101102 96 84 69 54 42 36 38 47 6218 412CS 239109133610399999999999999 819 712016 3699999999999999
 80 97109114110 99 85 71 62 59 64 75 89103110110102 86 67 50 38 34 39 5318 413CS 3 2114142911199999999999999 851 592056 3499999999999999
 72 92109118116106 89 70 55 47 48 59 77 96112119117104 85 64 46 36 36 4618 414CS 323118151512099999999999999 921 462131 3499999999999999
 64 85106119122113 96 74 53 38 34 41 59 82104121126120103 82 60 44 38 4318 415CS 345122155812699999999999999 952 3422 5 3899999999999999
 57 78101118126121105 81 55 34 23 24 38 61 88112127129119100 78 58 46 4518 416CS 4 81261640130999999999999991024 222238 4499999999999999
 55 73 95115127127114 91 64 37 19 12 20 39 66 95117129128115 96 75 60 5318 417CS 4311291724130999999999999991058 1223 9 5399999999999999
 56 70 90110125131123103 76 47 23  8  7 20 43 72 99118127123109 92 75 6418 418CS 45513118 9127999999999999991134  62340 6299999999999999
 63 71 86105122131129114 90 61 34 13  4  8 24 48 75 99115121116104 90 7818 419CS 5201311858121999999999999991212  4999999999999999999999
 72 75 85100116127130122103 78 51 27 11  6 12 29 52 76 96109113108 99 9018 420CS 546130195411399999999999999 011 721255  699999999999999
 83 81 87 97110121127124113 93 70 46 26 14 12 19 34 54 74 91101105103 9818 421CS 61412721 510599999999999999 042 811344 1299999999999999
 92 89 90 95104113119121116104 87 67 48 32 22 20 26 38 54 71 85 9510010118 422CS 646121224510199999999999999 117 891445 2099999999999999
 99 96 95 95 99104109112112107 98 85 70 55 41 32 28 31 40 52 67 80 91 9918 423CS 728112999999999999999999999 213 9516 3 2899999999999999
102102100 98 96 95 97 99101102100 96 89 78 65 52 41 35 35 40 51 65 80 9318 424CS 031103 85810299999999999999 442 951733 3499999999999999
102106106102 96 90 86 84 86 89 94 98 99 96 88 75 61 48 39 36 41 52 68 8418 425CS 1261071150 9999999999999999 7 2 841849 3699999999999999
 99108112108100 89 79 71 69 72 79 90 99105105 97 83 67 51 41 38 44 57 7518 426CS 159112132710699999999999999 756 691948 3899999999999999
 93108116115107 93 77 63 55 54 61 74 90104113113104 88 69 53 43 42 51 6618 427CS 227117143111499999999999999 836 532035 4199999999999999
 86105118122115100 81 61 46 39 42 54 73 94111120119107 89 69 54 46 49 6118 428CS 253122152212199999999999999 912 392115 4699999999999999
 79100117126123110 89 65 43 30 26 35 53 77100117125120106 87 68 55 51 5818 429CS 31812616 712599999999999999 946 262151 5199999999999999
 74 94114127129120100 74 48 28 17 20 34 57 83107122126118103 84 68 58 5918 430CS 3421301650126999999999999991019 172224 5899999999999999
 70 88109125132127111 86 58 33 16 11 19 38 64 90112123124114 98 81 68 6418 5 1CS 4 71321730125999999999999991052 112256 6499999999999999
 70 84103120131132120 98 70 43 21 10 11 24 46 72 97114122118107 92 79 7118 5 2CS 4321331810122999999999999991124  92326 7099999999999999
 71 81 96114128133126109 84 56 32 15  9 16 33 56 80101114117112101 88 7918 5 3CS 4571331851117999999999999991157  92357 7599999999999999
 75 80 91107121129128116 96 70 46 26 15 15 25 43 65 86102111111105 96 8618 5 4CS 5241301933112999999999999991231 13999999999999999999999
 80 81 88 99113123126120104 83 60 40 25 19 23 35 52 71 89101107106101 9318 5 5CS 551126202210799999999999999 028 8013 7 1999999999999999
 87 84 86 94104114119118109 93 74 55 39 29 27 32 44 59 75 89 98103102 9818 5 6CS 621120212110399999999999999 1 3 841348 2799999999999999
 93 89 88 91 97104110112109 99 85 70 55 43 36 35 40 50 63 76 88 9610010118 5 7CS 655112224010199999999999999 149 881438 3599999999999999
 99 95 92 91 92 95 99103103100 92 82 70 58 49 43 42 46 54 65 77 87 9610118 5 8CS 739103999999999999999999999 3 5 911543 4299999999999999
103101 98 93 90 88 89 91 94 95 94 90 83 74 64 56 49 47 49 56 66 78 89 9918 5 9CS 0 0103 9 5 9599999999999999 512 8817 3 4799999999999999
105107104 98 91 84 80 79 81 85 90 92 92 88 81 71 61 53 49 50 57 68 81 9418 510CS 0541071128 9399999999999999 648 791818 4999999999999999
105111111105 95 83 73 67 67 71 79 88 96 99 97 89 78 65 55 50 52 59 72 8818 511CS 13011213 6 9999999999999999 738 661918 5099999999999999
102113117112101 86 70 58 52 54 63 77 91103108106 96 82 68 56 52 55 65 8118 512CS 159117141110899999999999999 815 5220 8 5299999999999999
 98112121120110 92 72 53 41 37 44 59 79 98112117113101 85 69 58 55 61 7418 513CS 22512215 311799999999999999 850 372051 5599999999999999
 92110123127119102 79 54 34 23 25 37 58 83106121125118103 86 70 61 61 7018 514CS 252127155212599999999999999 925 222131 6099999999999999
 86105122131129114 90 62 35 16  9 16 34 61 89113127129120104 86 73 67 7018 515CS 31913216391299999999999999910 1  922 8 6699999999999999
 82100118132135126105 76 45 19  3  1 12 36 65 95117129129118103 87 76 7418 516CS 3471361727130999999999999991040  02245 7499999999999999
 81 95113129138135119 93 62 31  7 -5 -2 14 40 70 98119127125115101 88 8118 517CS 4171381816128999999999999991120 -52321 8199999999999999
 82 92107123135139130110 82 51 22  2 -5  1 19 45 74 99116123120110 99 9018 518CS 44813919 91239999999999999912 3 -52357 8699999999999999
 86 91101115128136135122101 73 44 19  4  0  8 27 51 77 98112117114107 9818 519CS 52213720 5117999999999999991248  0999999999999999999999
 92 91 96106118128132127113 93 68 43 23 11 10 18 35 57 79 9710811211010418 520CS 55913221 611299999999999999 037 911338  999999999999999
 98 94 94 99107115121123117105 87 67 47 31 22 21 29 43 62 80 9510510910818 521CS 643123221310999999999999999 127 931434 2199999999999999
103 98 94 93 96101107111112108 99 86 71 55 42 34 33 39 51 66 82 9610510918 522CS 743112231710999999999999999 242 931539 3399999999999999
108103 97 92 88 88 90 94 98101101 97 89 78 65 54 46 44 48 58 72 86 9910818 523CS 927101999999999999999999999 439 881650 4499999999999999
111110103 95 86 79 76 76 80 86 92 97 98 95 86 75 64 55 52 55 65 78 9210518 524CS 0 91121145 9899999999999999 623 7518 0 5299999999999999
113116111102 89 76 66 61 61 67 77 88 98103102 95 84 71 62 59 62 72 8610118 525CS 051116132110399999999999999 725 6019 1 5999999999999999
113120120111 97 80 63 51 45 48 58 72 88102109109101 89 76 67 64 69 80 9518 526CS 126121142811099999999999999 810 451953 6499999999999999
110122126121108 88 67 48 36 32 39 53 73 92108116115106 92 79 70 69 76 8918 527CS 159126152111799999999999999 850 322038 6999999999999999
106120129129119100 76 52 33 23 23 35 54 77 99115121118107 93 80 73 75 8518 528CS 22913116 712199999999999999 926 222119 7399999999999999
100116129134128112 88 61 37 20 14 20 36 60 85107120124118105 91 80 76 8118 529CS 25913416491249999999999999910 0 142157 7699999999999999
 94110125135135123102 75 47 24 11 11 22 42 68 94113123123115102 89 81 8018 530CS 3291361729125999999999999991034  92232 7999999999999999
 88103119132137131114 89 61 34 16  8 13 28 52 78101117123120110 97 87 8218 531CS 35913718 71239999999999999911 7  823 6 8299999999999999
 85 96111126135135123102 76 48 26 12 10 19 38 62 87107118121115104 93 8518 6 1CS 4291361845121999999999999991141  92340 8499999999999999
 84 90103118129134129113 90 64 39 21 13 16 29 49 73 94110117117109 99 9018 6 2CS 4591341923118999999999999991214 13999999999999999999999
 85 87 96108121129129120102 79 55 35 22 19 25 40 60 81 99111115112105 9618 6 3CS 53213020 411599999999999999 015 851249 1999999999999999
 89 87 90 99110120124121109 91 70 50 35 27 27 36 51 70 8810211011210910218 6 4CS 6 6124204811299999999999999 053 871326 2699999999999999
 94 89 88 92100109115117111100 83 65 50 38 34 37 46 61 77 9210411011110718 6 5CS 644117213711199999999999999 140 8814 7 3499999999999999
100 94 89 89 91 97103108108103 93 79 65 53 45 42 46 55 68 82 9610611111118 6 6CS 732108223011199999999999999 244 881455 4299999999999999
107100 93 88 85 86 90 95 99100 97 90 80 69 60 53 51 54 62 74 87 9910811318 6 7CS 846100232311399999999999999 412 851554 5199999999999999
112107 99 90 83 78 77 80 85 91 95 95 92 85 77 68 61 59 61 68 79 9210411318 6 8CS1040 96999999999999999999999 542 7717 3 5999999999999999
116114107 96 83 73 66 64 68 76 85 93 98 98 94 86 77 69 65 67 74 85 9911118 6 9CS 0 91171233 9999999999999999 647 641812 6599999999999999
119121116105 89 72 58 50 49 56 68 83 96105108104 95 84 75 71 73 81 9310718 610CS 048121135410899999999999999 735 491914 7199999999999999
119126125115 99 77 57 41 33 35 46 63 83101113117113103 91 81 76 79 8810218 611CS 125126145611799999999999999 818 3220 9 7699999999999999
116128132127112 89 63 39 23 17 23 39 62 87108122125119108 95 85 82 86 9718 612CS 2 0132155112599999999999999 9 0 172058 8299999999999999
112126136137127106 78 48 23  7  4 15 36 63 92114128130123110 97 89 87 9318 613CS 236138164213099999999999999 943  42143 8799999999999999
106122136143140124 98 66 34 10 -4 -3 12 37 67 97119130131123110 98 91 9218 614CS 3131431732132999999999999991026 -52226 9099999999999999
100114130143147138118 89 55 24  2 -8 -4 14 41 72101121130129120108 97 9318 615CS 3511471821131999999999999991111 -923 8 9399999999999999
 96106121136146146134111 81 48 19  0 -6  1 21 49 78104121127124115104 9618 616CS 43214719 9128999999999999991157 -62350 9399999999999999
 93 98109124137144141127103 74 44 20  4  2 12 32 58 8510712012411911010018 617CS 5151441955124999999999999991242  1999999999999999999999
 93 92 98109122133137132118 97 71 45 25 14 14 25 45 68 9110911912011410518 618CS 6 1137203912099999999999999 037 921329 1399999999999999
 96 90 90 96105116124127122110 91 70 50 34 27 29 41 58 79 9811111811711118 619CS 653127212211899999999999999 131 891416 2799999999999999
101 92 87 86 90 97106113115112103 89 73 58 46 42 45 56 71 8910411411811618 620CS 75711522 511899999999999999 239 8615 5 4299999999999999
108 98 89 82 79 81 86 93100103103 98 90 78 67 59 56 60 69 83 9711011812018 621CS 927104224912099999999999999 4 6 791558 5699999999999999
116107 96 84 75 70 70 73 80 88 94 98 98 94 86 78 71 69 72 80 9210511512218 622CS1127 99233512399999999999999 537 691658 6999999999999999
122117106 92 78 66 59 57 61 69 79 90 98101100 95 87 81 78 81 88 9911112118 623CS1315102999999999999999999999 649 5718 3 7899999999999999
126125117104 87 70 55 46 45 50 61 75 90101108108102 95 88 84 87 9410511718 624CS 022126143010899999999999999 744 4419 6 8499999999999999
126130127116 99 79 59 43 34 34 43 58 77 94108115114108 99 91 88 91 9911118 625CS 1 6130152411699999999999999 829 3320 3 8899999999999999
123132134128113 92 68 46 31 24 28 41 60 82102116121119110100 92 90 9410418 626CS 14713416 912199999999999999 9 8 242053 9099999999999999
117129136136125106 81 56 34 21 18 26 44 67 91110122125120109 98 91 90 9718 627CS 225137164812599999999999999 945 182136 9099999999999999
109123135140135120 96 69 44 24 14 16 29 51 76100118126125117106 95 90 9218 628CS 3 21401723127999999999999991020 142215 8999999999999999
101115129139140131111 85 57 33 17 12 19 37 61 87109123127123112100 91 8918 629CS 3371411757127999999999999991054 122251 8999999999999999
 94106121134141138123100 73 46 25 14 15 27 48 73 97116125125118106 95 8818 630CS 4111411830126999999999999991127 132326 8799999999999999
 89 97111126137139131113 89 62 38 22 16 22 38 61 85106120125121112100 9018 7 1CS 44614019 2125999999999999991159 16999999999999999999999
 86 90101115128136134122102 77 53 34 23 23 33 51 74 96113122123116105 9518 7 2CS 521136193412399999999999999 0 1 861231 2299999999999999
 87 86 92103116127131126112 91 69 48 34 29 33 46 65 8610511712212011110018 7 3CS 55713120 712299999999999999 039 8613 3 2999999999999999
 91 85 86 93104115122123116102 83 64 48 39 38 45 59 78 9611112012111610718 7 4CS 638124204112299999999999999 122 851337 3799999999999999
 96 88 84 85 91101110115115107 94 79 64 52 47 49 58 72 8910411612112011318 7 5CS 726116211812299999999999999 215 831414 4799999999999999
103 93 84 80 81 86 94102106106101 91 80 69 61 58 61 70 83 9811011912211918 7 6CS 830107215812299999999999999 320 801458 5899999999999999
111100 89 79 74 73 77 84 92 98101 99 93 86 78 72 70 73 81 9210511512212318 7 7CS10 5101224412499999999999999 438 731553 7099999999999999
119110 97 83 71 64 61 65 73 83 92 99101100 95 89 84 81 83 9010011112012618 7 8CS12 7101233312799999999999999 553 6117 3 8199999999999999
126120108 93 75 60 50 47 51 61 75 89100108109106100 94 91 91 9710611612518 7 9CS1349109999999999999999999999 656 471821 9099999999999999
131130122107 87 65 46 34 31 37 51 69 89105116119116110102 97 9710211112218 710CS 02413115 111999999999999999 751 311933 9699999999999999
132137135124104 79 53 32 19 17 26 44 67 9111112412812411610710110010611618 711CS 115137155712899999999999999 841 16203510099999999999999
128139144139124100 71 42 18  6  6 18 41 69 9611813113312711710710110110818 712CS 2 4144164513399999999999999 930  4212810099999999999999
120135146150142123 95 63 32  9 -2  1 17 43 74103124135135127115104 9910118 713CS 2521501729136999999999999991017 -32216 9899999999999999
110124140151153143120 89 55 25  3 -4  2 22 51 82109128135132122109 99 9518 714CS 34015418101369999999999999911 3 -523 0 9599999999999999
 99111127143153152139115 83 50 22  4  0 11 33 62 92116130134127115101 9218 715CS 4281541847134999999999999991146  02344 9099999999999999
 90 97110127142150147132108 78 48 24 11 12 25 48 76102122131130120106 9318 716CS 5161501921132999999999999991228 10999999999999999999999
 86 86 94108124137142138123100 74 49 31 23 28 43 66 91112126130124112 9818 717CS 6 5142195313099999999999999 029 8513 7 2399999999999999
 86 80 81 90103117128131126113 94 73 54 42 39 47 63 8410412012912811910618 718CS 657131202312999999999999999 119 801345 3999999999999999
 92 81 76 77 85 96107116119115105 90 75 62 56 57 66 81 9911512612912511518 719CS 756119205512999999999999999 216 751421 5599999999999999
101 88 77 72 72 78 86 96103107105 99 90 81 73 70 74 83 9611012212912912318 720CS 911107213213099999999999999 325 7115 0 7099999999999999
112 98 85 74 67 66 69 76 84 92 98100 99 95 90 85 84 87 9510611712513012818 721CS11 7100221613099999999999999 447 661548 8499999999999999
122111 97 82 70 61 58 59 66 75 85 94100103102 99 96 95 9710211112012713018 722CS1319103231213099999999999999 6 9 581657 9599999999999999
129122110 95 79 64 53 49 50 57 68 82 9410411011110810410110110511312112818 723CS1440111999999999999999999999 716 48182410199999999999999
131130123109 92 73 56 44 39 42 52 67 8410011211811811410710310210611312218 724CS 015132152811999999999999999 8 8 39194110299999999999999
130134132123107 86 65 47 35 32 37 51 70 9110912112512211510710110010511418 725CS 11313416 512599999999999999 851 31204010099999999999999
125134138134122102 78 55 37 27 27 37 55 78100118128129123113103 97 9810518 726CS 2 3138163812999999999999999 930 252125 9799999999999999
117129139141134117 94 68 44 28 21 26 41 63 88110126132129119107 97 93 9618 727CS 24614117 71329999999999999910 5 2122 3 9399999999999999
107121135143142131110 83 57 35 22 20 31 50 75100120131132124112 99 91 9018 728CS 3251441735133999999999999991038 202238 8999999999999999
 97111127140146140124100 72 47 28 21 25 40 63 89112128133129117103 91 8518 729CS 4 214618 21339999999999999911 9 202311 8599999999999999
 88 99116132143144134114 88 62 39 26 24 34 54 79103122132132123109 94 8418 730CS 4381451828133999999999999991139 242345 8299999999999999
 82 89103120135142139125103 77 54 36 29 34 48 70 94115129133127115100 8618 731CS 51414218531339999999999999912 8 29999999999999999999999
 79 81 91106122134137131114 92 69 50 39 38 47 65 86108124132130121106 9118 8 1CS 552137191913399999999999999 020 791236 3799999999999999
 80 76 81 92107121130130121104 84 65 52 46 50 63 81101119130132126113 9818 8 2CS 632131194513299999999999999 059 7613 5 4699999999999999
 84 76 74 80 91105116122121112 97 81 67 59 58 65 79 9611312613212912010618 8 3CS 719123201313299999999999999 143 741335 5899999999999999
 91 79 72 71 77 87 99109114113106 95 83 75 71 73 81 9410812112913112611518 8 4CS 819114204513199999999999999 236 7114 9 7199999999999999
101 86 75 67 66 70 79 90 99105107103 97 91 86 84 87 9510511612613113012318 8 5CS 946107212313199999999999999 343 661451 8499999999999999
112 98 83 70 61 58 61 68 79 90 98104106105102 99 9810010511312112813113018 8 6CS12 3106221613299999999999999 5 2 581554 9899999999999999
124112 97 80 65 53 47 48 55 67 81 9510511211511411110810811111612312913318 8 7CS14 9115232813499999999999999 621 46173710899999999999999
133127115 98 78 58 43 34 34 43 57 76 9511012112512411911411111211612313118 8 8CS1513125999999999999999999999 729 33192111199999999999999
137139133119 99 74 50 32 22 22 33 52 75 9911813013313012211410910911412318 8 9CS 044139155713399999999999999 827 20203210999999999999999
134143146140123 99 70 42 22 12 14 28 52 7910612613713713011910910310411118 810CS 151146163413899999999999999 918 11212510399999999999999
124139150153145125 96 64 35 15  6 12 31 58 88115133140137126112100 95 9818 811CS 24815317 81419999999999999910 5  622 9 9599999999999999
109126143155157146123 92 59 31 12  8 18 40 70100125139140132117101 89 8618 812CS 3401571738141999999999999991048  82250 8699999999999999
 92107127145156156143118 87 55 30 16 17 31 56 86114133141136123105 89 7918 813CS 43015818 7141999999999999991127 152331 7799999999999999
 79 88106126144153151135111 81 54 34 26 32 50 76103126138139129112 93 7818 814CS 51715418331409999999999999912 4 26999999999999999999999
 70 73 86104124139146141125103 78 56 43 42 52 72 96119135140134120101 8318 815CS 6 5146185814099999999999999 013 701237 4199999999999999
 70 65 71 84101119131135129115 96 77 63 56 60 74 93113130139138128111 9218 816CS 653135192314099999999999999 056 6513 7 5699999999999999
 76 65 63 70 82 97111120122117106 93 81 73 72 79 9311012513613913312010418 817CS 747123194913999999999999999 144 631336 7199999999999999
 87 72 64 63 69 79 91102109111108102 94 88 85 87 9510712013113713612811518 818CS 854111201913899999999999999 239 6314 4 8599999999999999
100 84 72 65 63 66 74 83 92 99103104103100 97 9710010711612513213413112318 819CS1050104205813499999999999999 350 631439 9799999999999999
112 99 85 73 65 61 62 67 75 84 9310010610810810710710811211812412913012818 820CS1336108215513099999999999999 517 61155010799999999999999
122112100 86 73 63 57 56 60 68 80 9210311111611711511311111211612112512818 821CS1444117232512899999999999999 640 5518 411199999999999999
128123114101 86 70 58 50 49 54 65 79 9511012012412311911310910811111712418 822CS1518124999999999999999999999 742 48194110899999999999999
129131127117101 83 65 50 42 42 51 65 8410311912813012511710910310310711618 823CS 050131154513099999999999999 829 41203710299999999999999
126133135130117 98 77 57 42 36 39 52 71 93113128134132123111101 96 9810618 824CS 151136161113499999999999999 9 9 362116 9699999999999999
118131139140132115 92 68 48 35 33 41 59 82105124135136128115102 92 89 9518 825CS 237141163513799999999999999 943 322150 8999999999999999
107123137145143130108 83 58 40 31 34 48 70 95118134139134121105 90 83 8418 826CS 3181451658139999999999999991015 312222 8299999999999999
 95111130143148141124 99 73 50 35 33 42 61 86110130139138126109 92 80 7618 827CS 3561481721140999999999999991044 322253 7699999999999999
 82 97117136147147136115 89 64 45 36 40 55 77102124138141132116 97 80 7118 828CS 4321491743141999999999999991113 362324 7099999999999999
 72 83102123139147143127104 79 58 45 43 53 72 95118135142137123103 84 7018 829CS 5 914718 4142999999999999991140 422357 6599999999999999
 65 71 86106126139143135117 95 74 58 51 55 69 90112131141140129111 91 7318 830CS 54814318261429999999999999912 7 51999999999999999999999
 63 63 72 89109126136136126109 89 73 63 62 71 88107125138141134119 99 8018 831CS 630137184914199999999999999 032 611234 6199999999999999
 65 59 62 73 90108122129127117103 88 78 74 77 89104121134140137126109 9018 9 1CS 717129191314099999999999999 111 5913 1 7499999999999999
 73 61 57 62 73 88103115120119111102 93 87 87 9310411712913713813211910218 9 2CS 816120193913999999999999999 158 571329 8799999999999999
 85 70 60 56 60 69 82 9510511111311010510110010210711612513213613412711518 9 3CS 944113201213699999999999999 258 5614 110099999999999999
100 84 70 59 54 55 62 72 85 9610511011311311211211311612112713113313112518 9 4CS123711321 413399999999999999 419 54145211299999999999999
115102 87 72 59 50 48 52 62 75 8910211311912312312111911912012312713013118 9 5CS1428123224813199999999999999 551 48174011999999999999999
128121109 92 74 57 44 39 42 52 67 8610411912813112912411911511411712312918 9 6CS15 4131999999999999999999999 710 39194111499999999999999
134135130116 97 74 53 37 30 33 46 66 8811012713613713112111210610511012018 9 7CS 040136153413899999999999999 812 30203810499999999999999
131141144139123100 73 48 31 25 30 46 70 97120136142137126112 99 93 9410418 9 8CS 15514416 214299999999999999 9 3 252120 9299999999999999
119135148152145126 99 70 44 28 24 34 54 82109131143143132115 98 85 80 8518 9 9CS 253152162814499999999999999 947 242158 8099999999999999
100120140154157147125 96 66 42 29 30 45 69 98123141146138121101 82 70 6918 910CS 3441581653146999999999999991026 282235 6899999999999999
 79 99122143156157143120 91 64 44 37 44 62 88115136147144129108 85 67 5918 911CS 43215817171479999999999999911 1 372312 5899999999999999
 62 77100124144154151136113 87 64 51 50 62 83108131145147137117 93 71 5618 912CS 5171541740148999999999999991133 492349 5299999999999999
 52 60 78101124141147141126105 84 68 62 67 82104126142149143127104 81 6118 913CS 6 214718 21499999999999999912 3 62999999999999999999999
 50 51 62 80102121134137130117100 85 76 76 85102121137147146135115 93 7218 914CS 648137182514899999999999999 028 491230 7599999999999999
 56 50 53 65 82101116125126120110 99 90 87 91102117132142145139125105 8518 915CS 738127184914599999999999999 1 8 501257 8799999999999999
 68 57 53 58 69 83 98110116117114108101 97 98104114126135141139130116 9918 916CS 840117191614199999999999999 154 531323 9799999999999999
 82 69 60 58 62 71 82 9310210911111111010710610811312012813313513112211018 917CS1027112194813599999999999999 250 58135510699999999999999
 97 84 73 65 62 64 69 78 87 9710411011411511511411511712012412712712411818 918CS1317115203712799999999999999 4 9 62151611499999999999999
109 99 88 77 69 64 63 66 73 83 9410411312012212111911611411511711912112118 919CS1413122223012199999999999999 544 62181711499999999999999
118113104 93 80 69 61 58 61 69 81 9510912012712812411811210810710911411918 920CS1442128999999999999999999999 7 2 58194610799999999999999
123123118109 95 80 66 56 53 57 68 84101117129133131122112103 98 9810311218 921CS 03512315 713399999999999999 756 532029 9799999999999999
122128130124111 94 76 60 51 49 57 72 92111127136136128115102 91 87 9110118 922CS 143130152913799999999999999 838 4921 1 8799999999999999
115128136136127110 89 69 54 46 49 62 81103123137140134120103 88 79 79 8818 923CS 231137155114099999999999999 913 462131 7899999999999999
103121136143140126106 82 62 49 46 54 72 95118135143139126107 88 74 68 7418 924CS 312144161114399999999999999 945 4622 0 6899999999999999
 89109129144148140122 98 75 57 48 51 65 87111132144144133114 91 72 61 6118 925CS 3501481632145999999999999991015 482230 5999999999999999
 73 93116137149148136115 91 70 56 53 62 81104127142147139121 98 75 58 5218 926CS 4281501653147999999999999991043 5323 0 5299999999999999
 58 75 99123142150145129107 85 68 60 64 78 99121139148144129106 81 60 4718 927CS 5 71501714148999999999999991112 602332 4699999999999999
 47 59 80105128143147138121101 83 71 70 78 95116135146147137116 91 67 4918 928CS 5471471735148999999999999991139 69999999999999999999999
 42 47 62 85109129140140130115 98 85 80 83 95112130143148142126103 78 5718 929CS 631141175814899999999999999 0 7 4212 7 8099999999999999
 44 41 49 66 88109125133132123111 99 92 91 98110125138145144133114 92 7018 930CS 720134182114699999999999999 045 411234 9199999999999999
 53 44 44 53 69 88105119125124118111104102104111122133140142137124106 871810 1CS 822125184714299999999999999 129 4213 310299999999999999
 68 54 47 48 55 68 84 991101171191171141121121151201271331371361291181031810 2CS 958119191813799999999999999 226 46133511299999999999999
 87 72 60 52 51 55 65 77 911031121181201211201201201221251281291281241171810 3CS124512120 912999999999999999 345 50145912099999999999999
107 94 80 67 57 52 52 59 70 84 981111211261281261231191171171181211231241810 4CS1354128224712499999999999999 523 51184011799999999999999
121115104 89 73 59 50 48 53 65 82 991151271331331271191111061041071131211810 5CS1425134999999999999999999999 647 48195010499999999999999
127130125114 97 77 59 48 45 51 65 85106124135138133122109 97 90 90 971091810 6CS 053130145113899999999999999 750 452031 8999999999999999
123135140135122101 78 58 46 44 53 71 94117134142140128111 93 80 74 78 901810 7CS 2 4140151514399999999999999 839 4421 6 7499999999999999
108128143148142125102 77 57 47 49 62 84108130144146136117 95 75 62 60 691810 8CS 3 0148153914699999999999999 921 472141 5999999999999999
 88111134149153144125100 76 59 53 59 77100124142149143126102 77 57 48 501810 9CS 34815316 314999999999999999 958 532216 4799999999999999
 65 89116139152153141120 96 75 63 63 74 94118139151150136112 85 60 43 39181010CS 4331541626152999999999999991032 612251 3899999999999999
 47 67 93120141151148135114 93 77 71 76 92113134149153144124 97 69 47 35181011CS 51715216491539999999999999911 3 712325 3499999999999999
 36 50 72 99123140146141127109 93 82 82 92109128145153149133110 82 57 40181012CS 6 01461712153999999999999991132 81999999999999999999999
 33 39 56 79103124136139132119105 94 90 94106122138149150140121 96 71 51181013CS 644139173615199999999999999 0 0 3312 1 9099999999999999
 39 38 47 64 85106122130130124114105 98 98105117131142146142128108 86 65181014CS 73113118 114699999999999999 036 371230 9899999999999999
 50 43 45 56 71 89106118124123119113107104107114124133139139131117 99 81181015CS 827124182714099999999999999 115 4313 210499999999999999
 65 54 51 54 63 76 91104113118119117114111110113118124130132129121108 94181016CS 948119185713299999999999999 2 1 51134611099999999999999
 81 69 62 59 61 68 78 89100109115118119118116115115117119122122119113105181017CS1147119193712299999999999999 3 1 59152311499999999999999
 95 85 76 69 65 65 70 77 87 98108116121123122119115112110111112113113111181018CS13 5123212711399999999999999 426 65181711099999999999999
107100 92 82 74 68 66 69 76 86 99111121127128125118110104100100103107111181019CS1344128999999999999999999999 558 66193110099999999999999
114112107 98 87 76 68 64 67 75 88103117128133131123111100 91 88 90 97106181020CS 012114141213399999999999999 7 5 6420 7 8899999999999999
115120120114103 88 75 65 62 67 78 94112127136136129116100 86 77 76 83 95181021CS 130121143613799999999999999 754 622037 7699999999999999
110123129128119104 87 72 63 62 70 86105123136141136122103 83 69 63 67 80181022CS 222130145814199999999999999 834 6121 6 6399999999999999
 99118132138134120102 83 69 63 66 79 97118135144142129109 85 65 53 52 62181023CS 3 5138151914599999999999999 9 9 622135 5199999999999999
 82105127141144136119 98 80 68 66 74 91112132145147137117 91 66 47 40 45181024CS 345144154114899999999999999 942 6622 6 4099999999999999
 62 87114136147146134115 95 79 71 74 87106127144151145127101 73 48 33 32181025CS 42614816 4151999999999999991014 712237 3199999999999999
 43 66 95122141149145130111 93 81 78 86102122140151150137113 84 55 34 24181026CS 5 71491627152999999999999991045 782311 2499999999999999
 29 46 72101127143147140125108 94 86 89100117135148152144125 98 68 42 26181027CS 5501471652152999999999999991116 862347 2299999999999999
 22 31 52 79106128140142134120107 97 95101113129143151148135112 85 57 36181028CS 6371421718151999999999999991147 95999999999999999999999
 24 25 37 58 83107125135135128117108103104112124136145147140124101 76 53181029CS 729136174514899999999999999 027 23121910399999999999999
 36 29 32 44 63 85105120128128124117112110112119129137141139130115 95 74181030CS 834129181514199999999999999 113 29125511099999999999999
 55 42 37 40 51 66 84101114122124122119116115117121127131133130122109 94181031CS10 1124185313399999999999999 2 8 37135011599999999999999
 78 63 52 47 48 55 68 82 971101191231241221191171161161181201211201161091811 1CS114412420 412199999999999999 320 4616 611699999999999999
 99 87 74 63 56 54 58 68 81 961091201261271251191131081051041061101131151811 2CS124812823 611599999999999999 448 54183810499999999999999
114108 98 85 72 62 58 60 69 82 98114125131131125115103 94 89 88 931011111811 3CS1326132999999999999999999999 611 581934 8899999999999999
118122118109 94 79 67 61 63 72 88105122133137132120104 88 76 71 73 82 971811 4CS 1 1122135613799999999999999 716 612013 7199999999999999
112125131128117100 83 70 64 68 80 97116132141140129110 89 70 58 54 61 771811 5CS 211131142314299999999999999 8 7 642049 5499999999999999
 97117133139135121103 85 72 69 76 90110129143146138120 96 71 51 41 42 551811 6CS 3 5139144914699999999999999 850 692124 4099999999999999
 76101124140144137122103 86 76 76 86104124141150147131107 79 53 35 29 361811 7CS 352144151515099999999999999 929 752158 2999999999999999
 54 80108131144146136119101 87 81 86 99118137150152142120 92 62 38 24 241811 8CS 43614615411539999999999999910 4 812232 2299999999999999
 37 59 88115136145143132115 99 89 88 96112131146153149131105 75 48 28 201811 9CS 51814616 7154999999999999991037 8723 6 2099999999999999
 25 43 68 96121137143138126111 98 93 96107124140151151140118 90 62 38 24181110CS 55914316331529999999999999911 9 932339 2199999999999999
 22 32 52 78104124136138131120107 99 97104117132144149144128104 77 52 34181111CS 64113817 1149999999999999991141 97999999999999999999999
 26 29 42 63 87109125132132125115106101103111123135143143133115 92 68 48181112CS 723133172914499999999999999 013 25121510199999999999999
 35 32 39 54 73 94112123128126120112106104107115125133137133121103 83 64181113CS 810128175913799999999999999 048 32125310499999999999999
 49 42 42 50 64 81 98112121124122117112108107110116122127127121110 95 79181114CS 9 6124183112899999999999999 127 41134310799999999999999
 65 55 50 52 60 72 86100111119122121117113109108109112115117116111103 92181115CS1016122191311799999999999999 212 5015 610899999999999999
 80 70 62 59 61 67 77 88101111118122122119114109105103103105107107105100181116CS1129122203810799999999999999 312 59171810399999999999999
 93 85 77 71 67 67 71 79 90102113121125125120113104 97 93 92 94 97101103181117CS1224125232110399999999999999 430 661848 9299999999999999
103 99 93 85 77 72 70 74 82 93106118126129127119107 95 85 79 79 84 91100181118CS13 3129999999999999999999999 549 701932 7899999999999999
107110108101 92 82 75 72 76 85 99113125133133126113 96 80 69 64 67 77 90181119CS 1 6110133313499999999999999 654 7220 6 6499999999999999
104115119117108 96 84 76 75 80 92107122134138134120101 80 62 51 50 58 74181120CS 2 811914 013899999999999999 745 742038 4999999999999999
 94112124129124113 98 85 78 78 86101118133142141130110 85 61 43 35 39 54181121CS 257129142714399999999999999 829 772110 3599999999999999
 76100121134136129115 99 87 81 84 95112130143147140121 95 66 41 25 22 32181122CS 342137145414799999999999999 9 9 812144 2299999999999999
 54 81109130141140130115 99 89 86 93107125141150148134109 78 48 24 12 15181123CS 426142152215199999999999999 946 862219 1199999999999999
 31 57 88116136144141129113100 92 93103119136149153145124 95 62 32 12  6181124CS 5101441551153999999999999991023 912257  599999999999999
 14 34 63 95121138143138126112101 97101113129144153151137112 81 49 23  7181125CS 5561431622154999999999999991059 972337  499999999999999
  5 18 41 70100123137139133122110103102109121136148152145127101 71 42 20181126CS 6451401655152999999999999991135101999999999999999999999
  9 11 26 49 77103122133134128118109105106114126137145145136117 92 65 41181127CS 736134173114699999999999999 020  8121410599999999999999
 24 17 21 36 58 82104120128128123116109106109116125133138135125108 87 65181128CS 832129181213899999999999999 1 6 1713 210699999999999999
 46 33 28 34 47 66 86105118124125120114109106107112118123126124116103 87181129CS 93212519 412699999999999999 157 28141010699999999999999
 70 55 45 42 46 57 73 90106117123123119113107103101102106110112113109102181130CS1033124203111399999999999999 256 4216 010199999999999999
 91 79 67 58 55 58 66 80 95109119124124120112103 95 90 88 90 951001041061812 1CS112912523 210699999999999999 4 4 551756 8899999999999999
104 98 89 79 71 66 67 75 86100114124128127119108 95 83 75 72 74 81 901001812 2CS1215128999999999999999999999 518 6619 4 7299999999999999
108110108100 90 80 75 75 82 94108121130133128117101 83 68 58 55 60 71 861812 3CS 1 1110125413399999999999999 627 741952 5599999999999999
101113118117109 98 87 81 82 89101116129137137128111 90 68 51 41 41 50 661812 4CS 216119133013899999999999999 726 802032 4099999999999999
 86106120126124115102 91 86 87 96110125138143138124102 76 52 35 27 31 451812 5CS 31212714 314399999999999999 816 8521 9 2799999999999999
 67 91113128133128117104 93 89 93104119134144145135115 88 60 37 22 18 281812 6CS 359133143614699999999999999 9 0 892145 1899999999999999
 47 73 99121134136128116103 94 92 99112128142148144128103 74 45 24 13 161812 7CS 44113615 714999999999999999 941 922219 1399999999999999
 30 54 82108128137135126112100 94 96105120136147148138117 89 59 33 16 111812 8CS 5201371539149999999999999991018 942252 1199999999999999
 19 38 65 93116132137132121108 98 95100112127141148144129104 75 47 25 131812 9CS 5581371610148999999999999991053 952325 1299999999999999
 14 27 49 76102122133133126115103 96 96104118132143144136116 90 63 38 22181210CS 6341341642145999999999999991128 952358 1699999999999999
 16 22 39 62 87110125131128120109 99 95 99108121133140137124103 78 54 34181211CS 71013117141409999999999999912 4 95999999999999999999999
 24 23 34 52 75 97115125128123114104 97 96101111122131133127112 92 69 49181212CS 747128174713399999999999999 031 221242 9699999999999999
 35 30 34 46 65 85104117124124118109101 96 96102110119124123115101 83 65181213CS 826125182312499999999999999 1 4 301328 9699999999999999
 50 41 40 46 59 76 93108119122121115107100 96 96100106112114112105 93 78181214CS 9 812319 711499999999999999 140 391429 9599999999999999
 65 55 49 50 58 70 85 99112119122119113105 98 93 92 93 97102104103 97 89181215CS 956122201110499999999999999 220 491555 9299999999999999
 79 70 63 59 61 68 78 91104114121122119112103 94 87 83 83 86 91 94 96 95181216CS104612222 6 9699999999999999 310 591731 8399999999999999
 91 85 78 72 69 70 76 85 97108118123124119110 99 87 77 71 70 74 80 88 94181217CS1135124999999999999999999999 415 691840 7099999999999999
 98 97 94 88 82 78 78 82 91102113123127126119106 90 74 62 55 55 62 73 86181218CS 024 98121912899999999999999 532 771928 5499999999999999
 97105107104 97 90 85 84 88 96108120129132128116 98 78 58 44 38 41 53 70181219CS 153107125913299999999999999 644 8320 8 3899999999999999
 88104114117114105 96 90 88 93102115128136137128111 87 62 40 26 22 30 48181220CS 254117133613799999999999999 745 882047 2299999999999999
 70 94113124126121110100 93 92 98110124136143140126102 73 44 22  9 10 23181221CS 344127141314399999999999999 837 922127  899999999999999
 46 74101122132132124113102 95 96104117133144148140120 92 59 29  7 -2  3181222CS 431133145014899999999999999 924 9522 8 -299999999999999
 21 49 80108128136134125112101 97100110125140150150137113 80 46 17 -3 -8181223CS 51613715291529999999999999910 7 972250 -899999999999999
  2 25 55 87114131137133122109100 97103116131145152148131104 70 37 10 -5181224CS 6 013716 9153999999999999991048 972333 -899999999999999
 -6  7 32 63 94118132134128116105 97 97105119134146150142123 95 62 32  9181225CS 6441351651150999999999999991130 96999999999999999999999
 -1  2 18 44 73101121130130122110100 94 97106119133142143133114 87 58 32181226CS 726131173614499999999999999 016 -21214 9499999999999999
 15  9 15 32 57 83106122127124115104 95 91 94103115126133132122104 82 58181227CS 8 7127182413399999999999999 059  913 3 9199999999999999
 38 26 23 32 49 71 93111122124119109 99 90 87 90 97106115120119111 97 80181228CS 846124192112099999999999999 142 2314 3 8799999999999999
 62 48 40 41 50 65 84102115122122115105 94 86 82 82 87 94101106106102 93181229CS 925123203710799999999999999 226 391522 8199999999999999
 82 70 60 56 58 66 79 95109119123121113102 91 81 74 72 74 79 86 92 96 97181230CS10 71232238 9799999999999999 313 561659 7299999999999999
 93 87 80 73 70 72 79 90103115123125122113101 87 74 64 59 59 64 73 82 90181231CS1054125999999999999999999999 4 9 701826 5999999999999999
