 52 79102118124120110 99 89 86 89100115129137135122 99 69 37 11 -6 -9  318 1 1D1 4 6124142213799999999999999 9 1 862142 -999999999999999
 26 56 85110125129124112 99 90 87 93105121135141136119 92 59 26  0-14-1318 1 2D1 45512915 414199999999999999 950 872226-1599999999999999
  3 30 63 93116128130122108 95 87 87 95110127139142134114 84 50 19 -4-1418 1 3D1 5381301548143999999999999991034 8623 9-1499999999999999
 -9 11 40 72100120129127116102 90 84 86 96113129139140129107 76 44 16 -318 1 4D1 6181291633141999999999999991117 832351 -899999999999999
 -8  2 24 53 83107123127121109 95 84 80 84 96113127135133120 98 69 41 1718 1 5D1 65512717181359999999999999912 0 80999999999999999999999
  4  4 17 40 68 94113123123114101 87 78 76 82 95110121127123110 89 64 4118 1 6D1 72912418 512799999999999999 031  31245 7699999999999999
 24 16 21 36 58 83104117122118107 93 81 73 73 79 90103112115111 99 82 6218 1 7D1 8 1122185611599999999999999 1 9 161336 7299999999999999
 45 34 31 39 54 75 95111119120113101 88 76 69 69 74 83 92100102 99 90 7818 1 8D1 834121195710299999999999999 146 311436 6899999999999999
 65 53 47 48 56 71 88104115120117109 97 84 73 65 63 66 73 81 87 91 90 8618 1 9D1 9 91202123 9199999999999999 223 461552 6399999999999999
 79 71 64 61 63 71 83 97109117119115106 94 81 69 60 56 57 62 69 76 82 8618 110D1 9511192337 8699999999999999 3 7 611721 5699999999999999
 86 84 79 75 73 75 81 91101111117118114105 93 78 64 53 47 46 50 59 69 7918 111D11042119999999999999999999999 4 5 731839 4699999999999999
 87 91 92 89 85 82 83 87 94103112118119114105 90 73 57 44 36 35 41 53 6718 112D1 140 92114111999999999999999 528 821936 3599999999999999
 81 92 99101 98 92 88 86 89 95105114120121115103 86 66 47 32 25 27 36 5218 113D1 248101123912199999999999999 655 862021 2599999999999999
 70 88101108108103 95 89 86 88 96106117123123115100 79 56 35 21 16 21 3618 114D1 333109132912499999999999999 8 3 862059 1699999999999999
 56 78 97110115113104 94 86 84 88 98110121127124113 93 68 43 23 12 11 2118 115D1 4 9115141212799999999999999 854 842134 1099999999999999
 41 65 88107117119113101 90 82 82 89102116127130124107 83 56 31 13  5 1018 116D1 441120145013099999999999999 935 8122 7  599999999999999
 26 50 76 99115122119108 95 84 78 81 92108123132131119 98 71 43 20  6  418 117D1 5111221526133999999999999991010 782238  399999999999999
 15 36 63 89109121122115101 87 78 76 83 97114128133128112 87 58 31 12  418 118D1 53912316 1133999999999999991044 7523 9  499999999999999
  8 25 50 77100117123119107 92 80 73 75 86103120131131121101 74 46 23  918 119D1 6 71231635132999999999999991117 722339  699999999999999
  7 18 39 65 90110121121113 98 84 73 70 76 90107122129126112 89 62 37 1918 120D1 6341221711129999999999999991151 70999999999999999999999
 12 16 31 55 80102116121117105 89 76 68 69 77 93109120123116100 78 53 3318 121D1 7 1121174912499999999999999 0 9 121228 6799999999999999
 21 20 29 48 71 93110119119110 96 81 70 65 68 78 93106115115106 90 69 5018 122D1 729120183111699999999999999 039 1913 8 6599999999999999
 35 29 32 45 64 85103115119114103 88 74 65 62 66 76 89100106105 96 82 6618 123D1 757119192110699999999999999 110 291356 6299999999999999
 52 43 41 47 61 78 95109116116109 96 82 69 60 57 61 70 80 90 95 95 89 8018 124D1 8281172028 9699999999999999 143 411456 5799999999999999
 69 60 55 56 63 75 89103112116113104 92 78 64 55 51 53 59 69 78 85 88 8718 125D1 9 41162211 8899999999999999 221 541613 5199999999999999
 82 76 71 69 70 76 85 96106113115111102 90 75 60 48 41 41 46 55 66 77 8418 126D1 950115999999999999999999999 3 9 691738 4099999999999999
 89 89 88 85 82 82 86 92100108114115112103 89 72 54 39 29 26 31 42 57 7218 127D1 045 89105111699999999999999 428 821852 2699999999999999
 85 95 99 99 97 93 90 90 94101109116118116106 90 70 48 28 15 11 17 32 5118 128D1 23210012 311899999999999999 625 901954 1199999999999999
 72 90103110110105 98 93 91 93101110119124121110 91 66 39 17  2 -1  8 2618 129D1 329110131112499999999999999 756 912047 -199999999999999
 51 76 98112118116108 98 90 87 91100113125130127113 90 61 31  6 -8 -9  418 130D1 412118141013099999999999999 858 872134-1099999999999999
 27 56 84106120123117105 92 84 82 88101117130136130114 87 54 23 -1-13-1018 131D1 44812315 213699999999999999 946 812218-1399999999999999
  7 35 66 94115125123113 97 84 75 76 86103121134138130110 81 47 17 -4-1118 2 1D1 5221261551138999999999999991028 742259-1199999999999999
 -3 19 49 80105121126119104 87 73 67 71 85104123135137126103 73 41 14 -118 2 2D1 55212616381379999999999999911 8 672336 -499999999999999
 -3 11 36 66 94115125123110 92 75 63 60 68 85105122132130117 94 65 37 1618 2 3D1 6201261723133999999999999991147 60999999999999999999999
  7 12 30 56 84107122125116100 81 65 55 56 67 84103118124120106 84 59 3718 2 4D1 64512518 812499999999999999 010  71227 5499999999999999
 23 21 31 51 76100117124120108 89 71 57 51 54 66 83 99110113108 94 75 5618 2 5D1 710124185311399999999999999 041 2013 9 5199999999999999
 42 35 38 52 72 93111122122114 98 80 64 53 49 54 65 79 91 99101 96 85 7118 2 6D1 735123194410199999999999999 111 351356 4999999999999999
 59 50 49 56 70 88105117122118107 91 75 61 52 49 53 62 72 82 88 90 86 8018 2 7D1 8 21222048 9099999999999999 139 491452 4999999999999999
 72 65 62 64 72 85 98110118118112101 87 72 60 52 48 50 56 64 72 78 82 8218 2 8D1 8351192243 8299999999999999 2 8 6216 7 4899999999999999
 80 78 75 75 77 84 93103111115113107 97 85 72 60 51 45 45 48 55 63 71 7818 2 9D1 917115999999999999999999999 243 741740 4499999999999999
 83 86 86 86 85 86 90 95102108111110106 97 86 73 59 47 40 37 39 47 57 6918 210D1 147 87102211199999999999999 359 8519 0 3799999999999999
 80 89 94 96 94 91 90 90 93 99104109110107 99 87 71 55 41 31 28 32 42 5718 211D1 254 96114811099999999999999 619 891957 2899999999999999
 73 87 98103103 99 93 88 87 89 95103110113110101 86 67 48 31 21 20 27 4218 212D1 32810413 211399999999999999 751 872040 1999999999999999
 61 80 97107110107 98 89 83 81 86 95106114117113101 82 59 37 21 13 15 2718 213D1 356110135711899999999999999 845 812117 1399999999999999
 47 70 91107114113105 93 82 75 76 84 97111120122114 98 74 48 26 12  8 1518 214D1 422115144112399999999999999 924 752151  899999999999999
 33 57 82102115118111 98 84 73 69 73 86103118126124112 90 63 37 16  6  818 215D1 447118152012799999999999999 958 692222  599999999999999
 22 45 71 95112120116104 88 73 64 64 74 91110124129123106 80 51 27 10  618 216D1 5111201557129999999999999991030 622252  599999999999999
 14 34 60 87108119120110 93 75 62 56 62 77 97116128128117 96 68 41 20  918 217D1 53412116341309999999999999911 2 562321  999999999999999
 12 26 51 78101117122116100 81 63 53 52 62 81102119127124109 85 58 34 1918 218D1 5571221712127999999999999991134 512349 1599999999999999
 15 24 43 69 94112121119107 88 68 53 46 50 65 85105119122115 98 74 51 3318 219D1 61912217511239999999999999912 8 46999999999999999999999
 24 27 40 62 86107119121112 96 75 57 45 42 50 67 86104114114105 88 67 4918 220D1 641121183411599999999999999 017 241245 4299999999999999
 37 35 43 59 80100115120116103 84 65 49 40 41 50 66 84 98105104 95 81 6618 221D1 7 4120192310699999999999999 045 351326 3999999999999999
 53 48 50 61 77 95110118118109 94 75 57 44 38 40 49 62 77 89 95 94 88 7918 222D1 7291192024 9599999999999999 113 471417 3799999999999999
 69 63 62 67 77 90104113117113102 87 70 54 42 36 37 44 55 67 78 84 87 8518 223D1 75811722 3 8799999999999999 142 611524 3699999999999999
 81 77 75 76 81 89 98107112113108 98 85 70 55 42 34 32 36 44 55 66 76 8318 224D1 837113999999999999999999999 213 751654 3299999999999999
 87 88 88 88 88 91 95100105109110106 99 88 73 57 42 30 24 25 32 44 58 7218 225D1 9401109999999999999999999991826 24999999999999999999999
 84 93 98 99 98 95 94 94 96101105108108104 94 78 60 40 24 15 14 21 36 5418 226D1 251 99113010999999999999999 624 931938 1399999999999999
 73 90102108107102 95 90 87 89 95103111114111101 83 60 36 17  5  5 15 3418 227D1 32410813 611499999999999999 8 5 872034  499999999999999
 57 80 99111115110100 89 81 77 81 91104116122119107 85 57 30 10 -1  1 1518 228D1 353115141412299999999999999 858 772122 -299999999999999
 39 66 91109118117106 91 77 68 67 75 90108122129125109 83 53 25  5 -3  418 3 1D1 42111915 912999999999999999 940 6622 3 -399999999999999
 23 51 80103118122113 97 78 63 55 58 71 91112127132125106 77 46 20  4  218 3 2D1 4471221557132999999999999991017 552240  199999999999999
 14 39 68 95115124120105 84 64 49 45 53 71 94115129132121 99 70 41 20  918 3 3D1 5111241642132999999999999991053 452313  999999999999999
 14 32 59 87110123124112 92 69 49 38 39 52 73 97117127126112 89 63 39 2318 3 4D1 5341251725128999999999999991128 372344 2099999999999999
 20 31 53 79104120126119101 78 55 39 32 37 54 76 98114121116101 80 58 4018 3 5D1 55612618 61219999999999999912 3 32999999999999999999999
 32 36 51 74 98116125123109 88 65 45 32 31 40 58 78 97109112105 91 73 5718 3 6D1 617126184811299999999999999 012 321240 3099999999999999
 46 45 54 71 92111122124115 98 76 55 39 32 33 44 61 78 92101101 94 83 7018 3 7D1 640125193310299999999999999 038 441318 3199999999999999
 60 56 60 71 87104117122118105 87 68 51 39 34 38 48 61 75 86 91 91 86 7918 3 8D1 7 41222028 9299999999999999 1 3 5614 2 3499999999999999
 72 67 68 74 84 97109116116109 96 80 64 50 42 39 42 49 59 69 78 83 85 8318 3 9D1 7321172159 8599999999999999 129 671458 3999999999999999
 81 78 77 79 84 92101108111109101 90 77 64 53 46 42 42 47 54 63 71 78 8218 310D1 8 6111999999999999999999999 156 771621 4299999999999999
 85 86 86 86 87 90 94 98102104102 97 89 79 68 57 48 42 40 42 48 56 67 7718 311D1 85810499999999999999999999918 0 40999999999999999999999
 85 91 94 94 92 90 89 90 92 95 98 99 97 91 83 71 59 47 38 34 35 42 53 6718 312D1 231 951047 9999999999999999 6 6 891916 3399999999999999
 80 92 99102 99 94 88 83 82 85 90 96100100 96 87 73 57 42 31 26 29 39 5418 313D1 258102123710199999999999999 747 8220 8 2699999999999999
 72 88101107106 99 89 80 74 74 79 88 98105107101 89 71 52 34 23 20 26 4118 314D1 323107134410799999999999999 834 742049 2099999999999999
 61 82 99109112106 93 80 69 64 67 77 91104113113104 88 66 43 26 17 18 2918 315D1 345112143311499999999999999 9 9 642124 1699999999999999
 49 73 94109116112 99 82 67 57 55 63 79 97112120117104 82 57 35 19 14 2118 316D1 4 7116151512099999999999999 940 552156 1499999999999999
 39 63 87106117117106 87 68 52 45 49 63 84105120124117 99 74 48 28 17 1718 317D1 4291181555124999999999999991011 452227 1599999999999999
 31 53 79102117120112 94 72 52 39 37 47 67 91112124125113 92 66 42 25 2018 318D1 4501211634126999999999999991041 362256 2099999999999999
 27 46 71 96114122118102 79 56 37 28 32 48 72 97116125122106 83 59 39 2918 319D1 5111221714125999999999999991113 282325 2799999999999999
 30 43 65 89110121122110 89 63 41 26 22 32 52 77101116121115 98 76 56 4218 320D1 5311231755121999999999999991147 222354 3799999999999999
 37 44 61 83105119123116 98 74 49 29 19 21 34 56 80100112114106 90 72 5718 321D1 5531231840115999999999999991222 18999999999999999999999
 49 51 62 79 99115122119106 86 61 39 23 17 23 37 58 79 96105105 97 85 7218 322D1 615123193010699999999999999 021 4913 2 1799999999999999
 63 61 66 78 94109118120112 96 75 53 35 23 20 26 39 57 74 88 95 96 91 8318 323D1 6391202034 9699999999999999 049 611350 1999999999999999
 76 73 74 81 91103112116114104 88 70 51 36 26 23 28 38 52 67 79 86 89 8918 324D1 7 71172221 8999999999999999 116 721452 2399999999999999
 86 84 83 85 90 97104109110106 97 85 70 55 41 31 26 28 34 45 58 70 80 8718 325D1 743110999999999999999999999 147 831619 2699999999999999
 91 93 93 92 92 94 96 99102103101 95 87 76 62 48 36 27 25 28 38 51 65 7918 326D1 122 93 85010399999999999999 323 921756 2599999999999999
 90 97100100 96 92 89 88 89 92 96 99 98 94 85 71 54 38 26 20 22 32 48 6618 327D1 2171011128 9999999999999999 7 0 881914 2099999999999999
 83 97105107103 94 86 79 76 77 84 93101105103 94 78 57 37 22 16 19 31 5118 328D1 246107131510599999999999999 8 7 752012 1599999999999999
 72 92106112110100 86 73 64 61 67 79 94107114112101 81 57 35 19 14 20 3718 329D1 312113142211499999999999999 849 612058 1499999999999999
 60 84103115116107 90 72 56 48 49 60 78 98113121118103 80 54 32 19 17 2818 330D1 337117151412199999999999999 925 472138 1699999999999999
 50 75 98115121115 98 76 55 40 34 40 58 81103119126119101 76 51 31 22 2618 331D1 4 012116 012699999999999999 959 342213 2199999999999999
 42 67 92112123121107 85 60 38 26 25 38 60 86109123126116 95 70 48 33 3018 4 1D1 4231241643126999999999999991033 242245 2999999999999999
 39 60 85108122125116 95 69 43 25 17 23 40 66 92112123121108 88 65 48 3918 4 2D1 44512617241249999999999999911 6 172315 3899999999999999
 42 57 79102120127122105 80 53 30 16 14 26 47 72 96112119114 99 81 63 5118 4 3D1 5 612718 3119999999999999991138 142343 4899999999999999
 48 57 75 96115126125113 91 65 40 22 14 18 33 54 78 97109112105 91 76 6318 4 4D1 5281271844112999999999999991211 14999999999999999999999
 57 60 73 90108121125118101 78 53 33 20 17 25 41 61 81 96104104 96 85 7518 4 5D1 551125192710599999999999999 011 571246 1799999999999999
 67 66 73 86101114121119107 88 67 46 31 23 24 33 48 65 81 92 97 96 91 8318 4 6D1 6161212018 9899999999999999 038 661323 2299999999999999
 77 74 76 83 94106114115109 96 79 61 45 34 29 32 40 52 66 78 87 91 91 8918 4 7D1 6431152132 9299999999999999 1 8 7414 8 2999999999999999
 85 82 81 84 90 97104108106 99 88 74 60 48 39 36 38 44 53 64 74 82 88 9018 4 8D1 7141082340 9199999999999999 146 811511 3699999999999999
 91 90 88 87 88 91 94 98 99 97 92 83 73 63 53 45 41 40 44 51 60 70 80 8818 4 9D1 758 99999999999999999999999 3 5 871640 4099999999999999
 93 96 95 93 89 87 86 87 89 91 91 89 85 78 69 59 49 42 39 41 47 57 69 8218 410D1 119 96 942 9199999999999999 556 861810 3999999999999999
 92 99101 99 94 86 80 77 77 80 85 89 91 90 84 75 62 50 40 36 37 45 57 7318 411D1 2 010112 7 9199999999999999 728 761917 3599999999999999
 88100106106 99 89 78 69 65 67 74 83 92 98 97 91 78 63 47 36 32 35 46 6318 412D1 2281071327 9899999999999999 811 6520 6 3299999999999999
 81 97108111106 94 78 64 55 53 59 72 87 99106105 95 79 60 43 32 30 37 5218 413D1 253111142210799999999999999 843 532046 2999999999999999
 73 93108115112100 82 63 48 40 43 56 75 94108114110 97 77 56 39 30 32 4418 414D1 31511515 811499999999999999 914 402122 3099999999999999
 64 86105117118108 89 66 45 31 28 37 57 80102116120113 95 73 52 38 33 4018 415D1 337119155112099999999999999 945 282156 3399999999999999
 57 79101117122116 98 73 47 27 17 20 36 61 88110122123111 91 69 51 40 4018 416D1 3591221633124999999999999991017 162229 3999999999999999
 52 73 95114124122108 83 55 29 12  7 17 39 67 94114124121107 87 67 52 4718 417D1 4211251716124999999999999991051  723 1 4799999999999999
 52 68 89110123126116 96 67 38 15  3  4 19 44 73 98115121116102 83 67 5818 418D1 44412618 1121999999999999991126  12332 5699999999999999
 58 67 85104120127123107 82 53 26  7  0  5 23 49 76 99112116109 96 82 7118 419D1 5 812718491169999999999999912 4  0999999999999999999999
 66 70 82 98114124125115 95 70 43 20  5  2 11 29 53 77 96106108103 93 8318 420D1 534126194310899999999999999 0 3 661246  299999999999999
 77 76 82 93107118122118105 85 62 39 20 10  9 18 35 55 75 90 99101 98 9218 421D1 6 3122205210199999999999999 035 751334  899999999999999
 86 83 85 91 99108115115109 96 79 59 41 26 18 17 24 38 54 71 84 93 97 9718 422D1 6361162229 9799999999999999 113 831433 1799999999999999
 94 91 89 90 93 98103106106100 90 78 63 48 35 27 25 29 39 52 67 80 90 9718 423D1 719107999999999999999999999 214 891551 2599999999999999
 99 98 95 92 90 89 90 93 95 96 94 89 82 71 58 45 35 30 31 39 51 66 80 9218 424D1 011 99 850 9699999999999999 449 891720 3099999999999999
100103102 97 90 83 79 77 79 84 89 92 93 89 81 68 53 41 33 33 39 52 68 8518 425D1 1101031141 9399999999999999 653 771836 3299999999999999
 98106108104 94 82 71 64 62 66 75 86 95100 99 90 76 59 44 35 34 42 57 7618 426D1 147108132010099999999999999 747 621936 3399999999999999
 93107113111101 85 68 55 47 47 56 71 87100108107 97 80 61 45 37 37 48 6618 427D1 217114142410999999999999999 828 462025 3699999999999999
 87104116118110 93 72 52 37 31 36 51 71 92108115113100 81 61 46 40 44 5918 428D1 244118151511699999999999999 9 4 3121 6 4099999999999999
 79100116122118103 81 56 35 22 20 31 51 76 99114120114 99 79 60 48 46 5418 429D1 3 912316 012099999999999999 938 192143 4599999999999999
 72 94113124125113 92 65 39 20 11 15 32 57 83105119122113 95 76 60 52 5418 430D1 3331261642122999999999999991011 112217 5199999999999999
 68 88108123128121103 77 49 24  9  6 16 38 65 91111121119108 91 73 61 5818 5 1D1 3571281722121999999999999991043  52249 5899999999999999
 66 82102119128127113 90 61 34 14  4  7 23 47 74 98113119114102 86 72 6518 5 2D1 42212918 1119999999999999991115  42320 6499999999999999
 67 78 95113125128120101 75 48 24  9  6 14 33 58 82102113115108 96 83 7318 5 3D1 4461281840115999999999999991147  52350 7099999999999999
 70 76 89105119126123109 87 62 38 19 10 12 24 44 67 88103110109102 91 8118 5 4D1 5131261921111999999999999991220  9999999999999999999999
 76 77 85 97111120121114 97 75 53 33 20 16 21 35 54 73 90101106104 97 8918 5 5D1 54112220 910699999999999999 023 751255 1699999999999999
 82 80 83 91101111116113103 86 67 48 33 25 24 31 44 60 77 90 99102100 9518 5 6D1 61111621 710299999999999999 059 801335 2399999999999999
 90 85 84 87 93101106108103 93 79 63 48 38 32 33 39 50 64 77 89 96100 9918 5 7D1 645108222210099999999999999 148 841424 3299999999999999
 96 92 88 86 87 91 95 98 98 94 86 76 64 53 44 40 40 44 53 65 77 88 9610018 5 8D1 731 99234010199999999999999 310 861531 3999999999999999
101 99 94 89 85 83 83 86 88 90 88 84 77 69 59 51 45 44 47 55 65 78 89 9918 5 9D1 9 3 90999999999999999999999 512 831652 4499999999999999
104104101 94 85 78 73 73 75 80 85 87 87 83 76 66 57 49 46 48 55 67 81 9418 510D1 0381051125 8899999999999999 642 7218 8 4699999999999999
104109107100 89 76 66 60 60 65 74 84 91 94 91 84 72 60 51 46 49 58 72 8818 511D1 11710913 2 9499999999999999 731 5919 9 4699999999999999
102111113108 95 79 62 50 45 48 58 73 88 99103100 90 76 62 51 47 52 63 8018 512D1 14811314 610399999999999999 8 8 451959 4799999999999999
 97111118115103 85 63 44 32 30 39 55 76 95108112107 94 78 62 53 51 58 7318 513D1 215118145811299999999999999 843 302043 5099999999999999
 92109120122113 94 69 45 26 16 19 34 57 82103116119112 96 78 64 56 57 6718 514D1 241122154612099999999999999 917 162124 5599999999999999
 85105120126122106 81 52 26  9  3 12 33 61 89111123123113 96 79 66 61 6618 515D1 3 8127163212499999999999999 953  322 2 6199999999999999
 80 99117128129118 95 66 35 10 -4 -4 11 36 67 95116125123112 95 80 70 6918 516D1 3351301719126999999999999991030 -62239 6899999999999999
 77 93111126132127110 83 51 22  0-10 -5 14 42 73 99117124120109 94 82 7518 517D1 4 413218 7124999999999999991110-102316 7599999999999999
 77 88104120131132121100 71 40 13 -4 -9  0 21 49 77101115120116105 93 8418 518D1 4351331858120999999999999991151 -92354 8199999999999999
 81 86 97112124130127113 90 62 34 12 -2 -3  8 29 55 80100112115111102 9318 519D1 5 91301953115999999999999991236 -4999999999999999999999
 87 86 92102114123125118104 82 58 34 16  6  7 19 38 60 82 9810811010710018 520D1 546125205311099999999999999 035 851324  699999999999999
 93 89 89 93101110116116109 96 78 58 39 25 18 19 29 46 65 83 9710510810518 521D1 630116215710899999999999999 128 881419 1799999999999999
 99 93 89 88 90 95101105105100 91 78 63 48 36 30 31 39 52 69 85 9710510818 522D1 730105225910899999999999999 248 881523 2999999999999999
105 99 92 86 82 81 84 88 92 95 94 90 82 71 58 48 41 41 47 58 73 8810010818 523D1 919 95235311099999999999999 441 811635 4099999999999999
110106 99 89 79 72 68 69 74 81 88 92 93 88 80 69 58 50 48 53 64 79 9410518 524D11138 93999999999999999999999 615 681746 4899999999999999
112113107 96 82 68 58 53 55 62 73 85 94 98 97 89 77 65 57 55 59 71 8610118 525D1 0371141315 9999999999999999 715 531850 5499999999999999
113118116106 90 71 54 42 38 42 54 70 86 99106105 96 83 70 61 60 66 79 9518 526D1 114118142110699999999999999 8 0 381944 5999999999999999
110120123116101 80 58 39 27 26 34 51 72 92106113111100 86 73 65 65 73 8818 527D1 148123151411399999999999999 840 252032 6499999999999999
105119126124112 92 67 43 24 15 18 32 54 78 99114119114101 86 74 68 70 8118 528D1 219127155911999999999999999 916 152114 6899999999999999
 98115126130122104 79 52 28 13  8 17 36 61 87107120121114100 85 75 71 7718 529D1 249130164012299999999999999 950  82152 7199999999999999
 91108123131129116 93 65 38 17  5  7 21 44 71 96114123121111 97 83 75 7618 530D1 3181321719123999999999999991023  52228 7499999999999999
 85101117129132124106 80 51 26  9  4 11 30 55 82104118123118106 93 82 7718 531D1 3471321756123999999999999991056  423 2 7799999999999999
 81 93109124131129116 94 66 40 19  7  8 20 41 67 91110120120113101 89 8118 6 1D1 4171321833121999999999999991128  62336 7999999999999999
 80 87101116127129122105 81 55 32 16 10 16 31 54 78 98112118116107 96 8618 6 2D1 44713019111189999999999999912 1 10999999999999999999999
 82 84 93106118125124113 94 70 47 28 18 17 26 43 65 86103113116111103 9318 6 3D1 519126195111699999999999999 012 811235 1699999999999999
 85 83 87 96108117120115102 84 63 43 30 24 26 37 54 74 92105112113107 9918 6 4D1 554120203411399999999999999 052 831311 2399999999999999
 91 86 85 89 97106111112105 93 76 59 44 35 32 36 48 64 80 9510611111010518 6 5D1 633112212311199999999999999 141 841352 3299999999999999
 98 90 85 84 87 93 99103103 97 87 74 60 49 42 41 46 56 70 85 9810711111018 6 6D1 724104221611199999999999999 247 841441 4199999999999999
104 97 89 83 80 81 85 90 94 95 92 85 75 65 56 50 49 54 63 75 8910010911218 6 7D1 843 9523 811299999999999999 413 801542 4999999999999999
110104 95 85 76 71 71 74 80 86 90 91 88 81 73 65 59 57 60 68 80 9310411218 6 8D11040 91235511599999999999999 537 711653 5799999999999999
115111102 90 77 65 58 58 62 71 81 90 95 95 90 82 73 66 63 65 73 85 9811018 6 9D11230 95999999999999999999999 639 5718 5 6399999999999999
117118111 98 82 64 50 43 43 51 65 80 93102104100 91 80 72 68 70 79 9210618 610D1 036118134910499999999999999 727 4219 9 6899999999999999
117123120109 91 69 48 33 26 30 43 62 83100111114109 98 86 76 72 76 8610018 611D1 113123145011499999999999999 8 9 2620 5 7299999999999999
115125128121104 81 54 31 16 11 19 38 63 88108119122115103 90 80 77 82 9418 612D1 148128154312299999999999999 851 112054 7799999999999999
110124132131119 97 68 39 15  1  1 14 38 66 94115126127118105 92 83 82 8918 613D1 224133163312899999999999999 932 -12140 8199999999999999
103119132137132115 88 56 25  3 -8 -4 13 41 72100120129128118105 92 86 8718 614D1 3 01371722130999999999999991015 -82223 8599999999999999
 96111127138139129108 78 45 16 -4-11 -3 18 47 78105122130126116103 92 8718 615D1 3381401810130999999999999991058-1123 6 8799999999999999
 91102117132140137124100 70 38 12 -4 -7  4 27 56 85108123127122112 99 9118 616D1 4181401856127999999999999991143 -82350 8899999999999999
 88 93105120132137132117 93 64 36 13  1  2 15 38 65 91111122124117106 9618 617D1 5 11371941124999999999999991228  0999999999999999999999
 88 88 94105118128130124109 87 61 37 20 12 15 29 51 75 9711312012011210218 618D1 548130202412199999999999999 037 871313 1199999999999999
 92 86 85 91101112119121115102 83 62 43 30 25 30 44 64 8510311411911610818 619D1 64112121 611999999999999999 132 8514 0 2599999999999999
 97 88 82 81 85 93102108110106 96 82 66 52 43 40 46 58 76 9310711611811418 620D1 748110214911999999999999999 240 801449 4099999999999999
105 94 84 76 74 76 82 89 96100 99 94 85 74 63 56 54 60 71 8510011211811918 621D1 922100223311999999999999999 4 1 741544 5499999999999999
113103 91 78 69 64 64 69 77 85 92 96 95 90 83 74 68 67 71 80 9310611612118 622D11121 96232112199999999999999 526 631646 6699999999999999
120113101 86 71 59 52 52 57 67 78 89 97100 98 92 84 78 75 79 87 9911112018 623D113 7100999999999999999999999 636 511755 7599999999999999
124122113 98 80 62 48 40 40 48 61 76 91102107106100 91 84 81 84 9210411618 624D1 0 8124142010899999999999999 731 3919 2 8199999999999999
125127123111 93 71 51 36 29 31 42 59 79 97109115113105 95 87 84 87 9610918 625D1 054127151311599999999999999 816 2920 1 8499999999999999
121129130122106 84 60 39 25 20 27 42 63 86105117121117107 96 88 85 9010118 626D1 136131155712199999999999999 856 202051 8599999999999999
115127133131119 99 74 48 28 16 16 27 47 71 95114124125118106 94 87 86 9318 627D1 215133163612699999999999999 932 152134 8599999999999999
107121132135129113 89 62 37 19 12 16 32 56 82105121128125115102 91 85 8818 628D1 25113517121289999999999999910 7 122212 8599999999999999
 98113127136135124104 77 50 27 14 12 22 42 68 93114126129122110 97 87 8518 629D1 3261371745129999999999999991040 112248 8599999999999999
 91104119132137132116 93 65 40 21 13 16 31 55 81104120128126117103 91 8518 630D1 4 01371817128999999999999991112 122323 8499999999999999
 86 95109124134135125106 81 55 33 19 16 25 44 68 93112124127121110 97 8718 7 1D1 4341361849127999999999999991144 162359 8399999999999999
 83 87 99114127133129116 96 71 48 30 22 24 37 58 81103118125124115103 9118 7 2D1 5 91331920126999999999999991216 21999999999999999999999
 84 83 90102115125127121106 86 63 44 32 29 35 51 72 93110121124120109 9718 7 3D1 547128195312499999999999999 037 821249 2999999999999999
 87 82 83 90102113120120112 97 78 60 45 38 39 48 64 8410211512212211510418 7 4D1 628121202712399999999999999 121 811323 3799999999999999
 93 84 80 81 89 98108112111103 91 75 61 51 47 51 61 76 9310811812211911118 7 5D1 71911321 412299999999999999 213 7914 2 4799999999999999
100 89 80 76 77 83 91 99104104 98 89 77 67 60 58 63 73 8610011212012111718 7 6D1 827104214512299999999999999 317 761447 5899999999999999
108 96 84 74 69 69 74 82 90 96 99 97 91 84 76 71 70 74 82 9410611612112118 7 7D110 4 99223112299999999999999 431 681544 7099999999999999
116105 92 78 66 59 57 62 71 81 91 98100 98 93 87 82 80 83 89 9911011912418 7 8D112 2100232212499999999999999 544 571659 8099999999999999
123116103 87 69 54 45 43 48 60 75 89101107108104 98 92 88 89 9410411412318 7 9D11341108999999999999999999999 646 431821 8899999999999999
128126117101 80 59 41 30 28 36 52 71 91106116118114107 99 94 93 9810811918 710D1 014128145011899999999999999 740 281934 9399999999999999
129133129117 97 72 47 27 15 15 27 47 72 95114124127121112102 96 9510111218 711D1 1 4133154512799999999999999 830 142036 9599999999999999
125135139133117 92 63 35 14  4  7 22 47 75102121131132124113102 95 9610318 712D1 153139163313399999999999999 917  32128 9599999999999999
117131142143135115 87 55 25  5 -3  3 23 51 82109127135133123110 99 93 9518 713D1 24114417171369999999999999910 4 -32215 9399999999999999
105121136146146134111 81 48 19  1 -3  7 30 60 91116131136131118104 93 8918 714D1 3291471757136999999999999991049 -42259 8999999999999999
 94107124139147145131106 75 43 18  3  3 16 42 72100122133134125111 96 8718 715D1 4161481833135999999999999991132  12342 8599999999999999
 85 92107125139144140124100 70 42 21 11 15 32 57 86110127133129117102 8918 716D1 5 514419 7133999999999999991214 11999999999999999999999
 81 81 90106122134138132116 93 67 44 29 24 32 50 74 99118130131123109 9418 717D1 555138193813299999999999999 027 801253 2499999999999999
 81 75 77 87101116125128122108 88 68 50 40 40 51 69 9111112513112711710218 718D1 64912820 913199999999999999 116 751331 3999999999999999
 87 76 71 74 82 95107115117112101 87 72 60 55 58 69 8610411912813012311218 719D1 749117204113099999999999999 210 7114 8 5599999999999999
 97 83 72 67 69 76 86 96103106104 98 89 79 72 70 74 85 9911312412912812018 720D1 9 6106211712999999999999999 315 671449 7099999999999999
108 94 80 69 63 63 67 76 85 94 99101 99 94 88 84 83 87 9610611712612912618 721D1105710122 312999999999999999 432 621541 8399999999999999
118106 92 77 65 57 55 58 66 77 87 96102104102 98 95 93 9510111011912612818 722D113 210423 112899999999999999 553 551656 9399999999999999
126118106 90 74 59 50 46 50 59 72 86 98107112111107102 99 9910311011912618 723D11422112999999999999999999999 7 0 461827 9899999999999999
129127118105 87 68 52 41 38 43 55 72 89105115120118112105 99 9810211012018 724D1 0 5129151212099999999999999 753 381943 9899999999999999
128131128118102 81 60 43 33 32 40 56 76 97113124126122113103 97 9610111118 725D1 1 5131155012799999999999999 837 312039 9699999999999999
123132135130117 97 73 51 34 26 28 41 62 85106122130130121109 99 93 9410218 726D1 154135162413199999999999999 916 252123 9299999999999999
114128137138129112 89 63 41 26 22 30 47 71 96117130134128117103 93 89 9318 727D1 237138165413499999999999999 951 2222 0 8999999999999999
104120134141138126104 78 52 32 22 23 36 58 84108126134133123109 95 86 8618 728D1 3161411722135999999999999991024 212234 8599999999999999
 94110126139142136119 94 67 43 27 22 29 47 72 98119132135129115 99 87 8218 729D1 3521431749135999999999999991055 2223 7 8299999999999999
 85 98115132141141130109 83 57 37 26 27 40 62 88111127135132121105 90 8018 730D1 4281421814135999999999999991125 252340 7899999999999999
 79 87102120134140136121 98 73 50 35 30 37 55 78102121133134126112 96 8218 731D1 5 51401840135999999999999991155 30999999999999999999999
 76 78 89106123133135128111 88 66 48 39 40 51 71 94114128134130118102 8718 8 1D1 54313619 513499999999999999 015 761224 3899999999999999
 76 73 78 91107121129128118101 81 63 51 47 53 67 87107123132132124110 9418 8 2D1 624130193113399999999999999 053 731254 4799999999999999
 80 72 71 78 91105116122119110 95 79 66 59 59 68 8310111712813212811710218 8 3D1 712122195913299999999999999 136 701325 5899999999999999
 87 75 68 68 75 87 99109113112104 93 82 74 71 74 83 9611112312913012311118 8 4D1 813113203113099999999999999 228 6714 1 7199999999999999
 97 82 71 64 64 69 79 90100105106103 96 90 85 84 87 9510611612512912712018 8 5D1 940106211212999999999999999 333 631445 8499999999999999
108 94 79 66 58 56 60 68 80 91100105106104101 97 96 9810311111912612812718 8 6D1115110622 712899999999999999 452 561554 9699999999999999
120108 93 76 61 50 45 48 56 69 84 9710711311411210910610510711211912613018 8 7D11351114232213099999999999999 611 45174610599999999999999
129122110 93 73 54 40 33 35 45 61 80 9811312112412111611010610711111912718 8 8D11457124999999999999999999999 718 33192510699999999999999
133134128114 93 69 46 29 21 24 37 58 8110412113013212711810910310310911918 8 9D1 037134154213299999999999999 815 21203210399999999999999
131139141133117 92 64 38 19 12 17 34 59 87111129137136127114103 97 9810618 810D1 142141162013899999999999999 9 6 122123 9699999999999999
121135145147138118 89 58 31 13  8 17 38 67 96121136141134121106 94 89 9218 811D1 239148165414199999999999999 952  822 6 8999999999999999
105123140150151139116 85 53 27 12 10 24 49 80108130140140128111 94 83 8018 812D1 3311521725142999999999999991035  92247 8099999999999999
 88105125143152150136111 80 50 27 16 20 38 66 95120137141134118 99 83 7318 813D1 4211531754142999999999999991115 162326 7299999999999999
 74 85105126143150146130104 75 49 32 27 36 57 85111131140139126107 87 7218 814D1 5 91501820141999999999999991151 27999999999999999999999
 66 70 84105124138143137121 97 73 53 42 43 56 78103124138140132116 95 7718 815D1 557143184514199999999999999 0 7 661225 4199999999999999
 65 61 69 84103120131133126111 92 73 60 56 62 77 98118134140137124106 8718 816D1 646134191014099999999999999 049 611256 5699999999999999
 70 61 60 68 83 99113121122116104 90 78 71 71 80 95113128137138131116 9918 817D1 739123193613999999999999999 134 591326 7099999999999999
 81 68 61 61 68 80 93104111112108101 93 86 84 87 9610912213213613412411018 818D1 84511220 713699999999999999 227 601358 8499999999999999
 95 80 68 62 61 66 75 85 95102105105103 99 96 96 9910611512413113212812018 819D11030106204813299999999999999 334 611439 9699999999999999
108 94 81 69 62 60 62 69 78 88 9710310710910810610510611011612212612812518 820D113 2109214912899999999999999 5 0 60155910599999999999999
118108 96 82 70 60 56 56 62 72 84 9610611311711611311010810911211712212518 821D11420117232112699999999999999 624 55181110899999999999999
125120111 98 82 67 56 49 50 57 69 8410011312212512211610910510410711412118 822D11459125999999999999999999999 727 49194010499999999999999
126128123113 98 79 62 48 42 44 54 71 90108122130130123113104 98 9810311318 823D1 044128153013199999999999999 816 422033 9799999999999999
123131132127114 94 73 54 41 36 42 57 77 99118131135130119106 95 90 9310218 824D1 144133155713599999999999999 856 362111 9099999999999999
116129137137128111 88 64 45 34 34 45 65 88111128137136126111 96 86 84 9118 825D1 230138162313899999999999999 931 332144 8499999999999999
105122136142139125104 78 54 38 31 37 53 77102123136139132117 99 85 78 8018 826D1 31014216461399999999999999910 3 312216 7799999999999999
 92111129142145137119 94 68 46 34 34 45 67 93116133140136123104 86 74 7118 827D1 34814517 9140999999999999991033 322246 7199999999999999
 80 97118136145144132110 83 59 42 36 42 59 84109128140140129111 91 74 6618 828D1 42414617311419999999999999911 2 362317 6699999999999999
 69 82103124139145139123 99 75 55 43 43 55 77101123137141134118 97 78 6518 829D1 5 11451752141999999999999991130 422350 6199999999999999
 61 69 86108127139141131113 90 69 55 50 56 72 95117133141138125105 85 6818 830D1 5401411814141999999999999991157 50999999999999999999999
 59 60 71 90110127135133122105 85 69 61 62 72 90111128138139130114 93 7418 831D1 621135183614099999999999999 024 581225 6099999999999999
 61 56 60 73 91109122128125114 99 85 75 72 77 89106122134138134122104 8418 9 1D1 7 812819 013899999999999999 1 3 561253 7299999999999999
 68 57 55 60 73 89104115119116109 98 89 84 85 92104117129135135127114 9718 9 2D1 8 6119192813699999999999999 148 551323 8499999999999999
 80 65 57 54 59 69 83 96106111111108103 98 97 9910511312213013313012211018 9 3D1 93211120 313399999999999999 248 541357 9799999999999999
 95 79 66 57 53 55 62 73 86 9710510911111010910810911211712212712812612018 9 4D112 8111205912899999999999999 4 9 53145910899999999999999
110 97 83 68 56 49 47 53 63 76 9010311211812011911611411311511812212512618 9 5D114 5120224612699999999999999 542 47175311399999999999999
123116103 87 70 53 42 38 42 54 70 8910611912612812511911210810811111712518 9 6D11448128999999999999999999999 7 0 38193810799999999999999
130130124111 91 69 49 35 29 34 49 70 92113127134133125114104 98 9810411518 9 7D1 034131152113599999999999999 8 1 292033 9799999999999999
127136139132117 93 67 43 28 24 32 50 76101122136139133119104 92 85 88 9918 9 8D1 148139155013999999999999999 851 242114 8599999999999999
116132144147138119 92 63 39 25 24 36 59 87113133142139126108 90 77 73 8018 9 9D1 246147161714299999999999999 935 222152 7399999999999999
 97118138150151140117 88 59 37 27 30 48 75103127141144134115 93 74 63 6318 910D1 3371521642144999999999999991015 262229 6299999999999999
 76 98122142153151137112 83 57 39 35 44 66 93119138145140124100 77 60 5318 911D1 42415417 6145999999999999991051 3423 5 5399999999999999
 58 76100124143151146130105 79 58 47 48 63 86112133145145132110 86 64 5018 912D1 5101511729146999999999999991124 462342 4799999999999999
 48 58 78103125140144137120 99 78 63 58 66 83106128142146139121 97 73 5518 913D1 5541441751147999999999999991154 58999999999999999999999
 45 48 61 82104122134135127112 94 80 71 73 84102122138145142129109 86 6518 914D1 639136181414699999999999999 019 451222 7199999999999999
 51 46 52 66 84103118125125117106 94 85 83 88100116131141142134119 99 7918 915D1 727126183914399999999999999 058 461250 8399999999999999
 62 52 51 57 70 85100111116116111104 97 93 94101112124134138135125110 9318 916D1 82611719 713899999999999999 142 501319 9399999999999999
 77 64 57 56 62 71 83 9510410911110910710410210411011712413013112611710518 917D110 0111194213199999999999999 237 56135710299999999999999
 92 79 69 63 61 63 70 79 89 9810511011211211111011011211612012312312011418 918D11236112203612399999999999999 354 61152611099999999999999
105 95 84 74 66 62 61 66 74 84 9510511311811911711411110911011211511711718 919D11351119223511799999999999999 532 61181310999999999999999
115109100 89 77 66 59 57 61 70 83 9711012012512512011210510110110411011618 920D11426126999999999999999999999 650 57193710199999999999999
119119115105 91 76 62 53 52 57 69 86103118128131126117106 96 91 92 9910918 921D1 030120145413199999999999999 745 512020 9199999999999999
119125126120107 89 71 56 47 48 57 74 94113127134133123109 94 84 81 86 9818 922D1 137126151813599999999999999 828 462053 8199999999999999
113126133132122105 84 63 49 43 48 62 83106124136137129114 96 80 72 73 8418 923D1 224133154113899999999999999 9 4 432123 7199999999999999
102120134140135121 99 76 56 44 43 54 73 97119134140135120100 80 66 62 6918 924D1 3 514016 214099999999999999 936 422152 6299999999999999
 87108128141143134115 91 68 51 44 49 65 89113131141140127106 83 64 54 5618 925D1 34314416231429999999999999910 6 442222 5499999999999999
 70 92117136145143130107 83 63 51 50 61 82106127140143133114 89 67 51 4618 926D1 4201461643143999999999999991035 492252 4699999999999999
 55 74100124140146139122 99 77 61 55 61 77 99122138144139122 98 73 53 4218 927D1 45814617 31449999999999999911 3 552324 4199999999999999
 43 57 80106128140142132114 93 75 65 65 76 94116134143142130108 83 59 4318 928D1 5381431724144999999999999991131 642358 3899999999999999
 38 44 62 86110128137135124107 90 78 74 79 92111128140143135118 95 71 5118 929D1 6201371746143999999999999991159 74999999999999999999999
 39 38 48 66 89109124129126117104 92 85 86 93107122135141138126107 85 6418 930D1 7 9130181014199999999999999 036 371227 8499999999999999
 48 40 41 52 69 88105116121119112104 97 95 98106117128136136130117 99 801810 1D1 8 9121183813799999999999999 120 391257 9599999999999999
 62 50 44 45 54 68 83 98108113114112108105105108114121128131129122111 971810 2D1 941114191213199999999999999 216 43133210599999999999999
 81 67 55 49 48 53 63 76 891001081131151151131131131151181211231221181101810 3D11216115201012399999999999999 337 4815 611399999999999999
100 88 74 62 52 48 50 57 69 83 971081171211211191151111091091111141171181810 4D11337122224611899999999999999 515 48183010999999999999999
115108 97 83 67 54 46 45 51 64 81 98113123128126119110102 97 961001081161810 5D11412128999999999999999999999 638 441940 9699999999999999
122124119107 89 69 52 42 40 48 64 85105121131133126113 99 88 82 83 911051810 6D1 046124144013399999999999999 740 402022 8199999999999999
119130133128114 92 69 50 40 40 51 71 94116131137133120101 83 70 66 71 861810 7D1 15713315 613799999999999999 830 382058 6699999999999999
106125138142134116 92 67 49 40 44 60 83108128140140128108 85 65 54 53 641810 8D1 252142153114199999999999999 912 402134 5299999999999999
 85110131144146136115 89 66 50 46 55 75100123139144136117 92 67 48 40 451810 9D1 340147155414499999999999999 949 4522 8 4099999999999999
 63 88115136148146133110 86 65 54 56 70 93117136146143128103 75 51 36 33181010D1 4251491617146999999999999991024 532243 3299999999999999
 44 66 94120139146142126104 83 68 63 70 88111132145147136115 87 60 39 29181011D1 5 81471640148999999999999991055 632317 2899999999999999
 32 48 73100123138141134118 99 83 74 74 86105126141147142125100 73 49 33181012D1 54914217 3147999999999999991125 732351 2999999999999999
 29 37 56 80104123133134125111 96 85 82 87101119135144144132112 87 63 44181013D1 6321351727145999999999999991154 82999999999999999999999
 34 34 46 64 86106121127125117107 96 90 91 99113127138141135121100 78 58181014D1 717127175314199999999999999 026 331224 9099999999999999
 45 39 43 55 72 90105116120118113105 99 97100108119129134133124110 92 74181015D1 810120182113599999999999999 1 4 391257 9799999999999999
 59 50 47 52 62 76 90102111114114111107104103106112119124126123114102 88181016D1 925115185412699999999999999 149 47134310399999999999999
 75 64 57 55 59 66 77 88 99107112114113111109107108110113116116114108 99181017D11117114194011799999999999999 250 55151810799999999999999
 90 80 71 64 61 62 67 75 85 96105113117118115111107104103104106108108106181018D11245118213910899999999999999 419 61175710399999999999999
102 95 86 77 69 63 61 65 72 83 96108117122122117110102 95 92 93 97102107181019D11331123999999999999999999999 550 611916 9299999999999999
109108102 93 81 70 62 59 62 72 85100114124127124115103 91 83 80 84 92102181020D1 0 610914 212799999999999999 658 591955 8099999999999999
111116115108 96 81 67 58 56 62 74 91109123130130121107 90 77 69 69 78 92181021D1 122116142713199999999999999 747 562027 6899999999999999
107119124122112 96 78 63 55 56 65 82102120131135128113 93 74 60 56 62 76181022D1 214125145013599999999999999 827 542057 5699999999999999
 96115128132127112 93 74 60 55 59 74 94115130138134120 99 75 56 45 46 58181023D1 257132151213899999999999999 9 2 552126 4499999999999999
 80104124136137127109 88 70 59 58 68 87109128139140128107 81 56 39 33 41181024D1 337138153314199999999999999 935 572157 3399999999999999
 60 87113132141139125104 84 69 62 66 81102123138143136117 90 62 39 26 26181025D1 41614215551439999999999999910 7 622229 2499999999999999
 41 66 94120137142136120100 82 71 69 79 97118135144142127102 73 46 26 19181026D1 4571431618145999999999999991038 6923 2 1999999999999999
 25 45 73101124138140130114 97 83 77 80 93112130142144135115 87 58 34 20181027D1 53914016421459999999999999911 9 772339 1799999999999999
 18 29 51 79105125134134124110 96 87 85 92107123137143139125102 75 49 29181028D1 62513517 8144999999999999991140 85999999999999999999999
 19 22 36 58 83106121128126118107 98 93 95104117130138139131114 91 67 45181029D1 716129173614099999999999999 018 191212 9399999999999999
 30 24 29 43 63 84103116121120114107102100104111121129134131121105 86 66181030D1 81912118 813499999999999999 1 3 24125010099999999999999
 48 37 33 37 48 65 83 98109115116114110106106108113118123125121113101 86181031D1 944116184912599999999999999 159 33134610699999999999999
 70 56 46 42 44 52 65 80 941051121161161131101071061071091121131121081011811 1D1112511620 511399999999999999 312 4216 110699999999999999
 91 79 67 56 49 48 53 64 78 92105114119119116110103 98 95 96 991031071081811 2D1123412023 010899999999999999 441 481820 9599999999999999
106100 90 77 64 54 51 54 64 78 94109119124122115104 93 84 79 80 86 961051811 3D11315124999999999999999999999 6 3 511920 7999999999999999
113115111100 85 69 57 52 55 67 83101117126129123110 93 78 66 62 66 77 931811 4D1 052115134712999999999999999 7 7 5220 1 6299999999999999
108120124120107 89 72 59 55 60 73 92112126133131119 99 78 59 48 47 56 731811 5D1 2 1124141513499999999999999 759 552039 4699999999999999
 95114128132126110 91 73 61 59 67 84105124136138129110 85 60 41 33 36 511811 6D1 255132144213899999999999999 843 582115 3299999999999999
 74100121135137128110 90 73 64 66 78 98119135142137121 96 68 43 27 22 321811 7D1 34213815 814299999999999999 922 642149 2299999999999999
 53 80107128139138126107 88 75 70 76 91112131143143132109 80 52 29 17 191811 8D1 425140153414499999999999999 958 702223 1699999999999999
 34 59 88114132139135121103 87 77 77 87105125140145139121 94 65 38 20 141811 9D1 5 71391559145999999999999991031 762256 1499999999999999
 22 42 69 96119133136129115 99 87 81 86 99117134143143130108 80 52 30 18181110D1 54713716261449999999999999911 3 812329 1699999999999999
 18 30 52 79103122131131122109 96 88 87 95109126138142135118 94 68 44 27181111D1 6261321653142999999999999991135 86999999999999999999999
 21 26 42 64 87108122127124116105 95 91 93103116129136135124106 83 60 41181112D1 7 8127172213799999999999999 0 3 2112 9 9199999999999999
 30 29 37 53 73 93110119122119111103 96 95 99108119127130125113 95 75 57181113D1 753122175313099999999999999 038 281247 9499999999999999
 43 37 38 48 63 80 96109116118115109103 98 98102108116121120114103 88 72181114D1 848118182812199999999999999 117 361337 9799999999999999
 58 49 45 48 57 69 84 97107114115113109104100 99100104109111110105 96 85181115D1 956115191511199999999999999 2 3 451457 9999999999999999
 74 64 57 54 56 63 73 85 97106113116114110105 99 96 94 96 98101101 99 94181116D11110116204510199999999999999 3 6 541657 9499999999999999
 87 79 71 64 61 61 66 75 86 97108115118117111103 95 88 84 84 87 92 96 98181117D112101182315 9899999999999999 426 601828 8499999999999999
 97 93 87 78 70 65 63 67 76 88101112119122118109 97 85 75 70 72 78 87 96181118D11253122999999999999999999999 545 631918 7099999999999999
102104101 94 84 73 66 64 69 79 92107119125124116102 85 70 59 56 61 72 87181119D1 055104132512699999999999999 649 641954 5699999999999999
100110113109100 87 75 67 66 72 84100116126130124110 90 69 52 42 43 53 71181120D1 158113135313099999999999999 741 652027 4199999999999999
 91108119122116103 88 75 68 69 78 93111126133131119 98 73 50 33 27 33 51181121D1 247122142013499999999999999 824 6721 0 2799999999999999
 74 98117128128119104 87 75 70 74 87105123135138129110 83 55 31 17 16 29181122D1 332129144613899999999999999 9 4 702134 1599999999999999
 52 80107126134131119103 87 77 75 83 99118133141138122 97 66 37 15  6 11181123D1 415135151314199999999999999 941 752210  699999999999999
 30 58 88114131137131117101 87 80 82 93111129141143134112 83 50 23  5  1181124D1 4591371542144999999999999991018 802248  099999999999999
 11 34 64 94118133135128114 99 89 85 91104121136144141126100 69 39 14  1181125D1 5441361613144999999999999991054 852327  099999999999999
  2 16 42 71 99120131131123110 98 91 91 99113128139142134116 90 60 33 13181126D1 6321321646142999999999999991130 90999999999999999999999
  4  9 25 50 77102119126126118107 98 94 96105117129137135125106 81 55 32181127D1 723127172213799999999999999 010  41210 9499999999999999
 17 12 19 35 58 82102116122120114105 98 96 99106116125129126115 98 77 56181128D1 81812218 412999999999999999 056 121258 9699999999999999
 38 26 24 30 45 65 85102113118117111104 98 96 98103110115118115107 94 78181129D1 917118185711899999999999999 147 2314 7 9699999999999999
 61 47 38 36 42 54 71 88102112116115110103 97 92 91 93 98102105105101 93181130D11018117202710699999999999999 246 361550 9199999999999999
 83 70 59 51 48 52 62 76 91104113117116110101 92 84 80 80 83 88 94 981001812 1D11115117225310099999999999999 355 481737 7999999999999999
 97 91 81 70 62 58 60 68 81 95108117120118109 97 84 72 65 63 67 76 86 961812 2D112 4120999999999999999999999 5 9 581848 6399999999999999
102104100 91 80 70 65 66 74 87102115123125119107 90 72 57 48 47 54 67 831812 3D1 048104124512599999999999999 619 651938 4799999999999999
 98108112109 99 87 76 70 72 80 94110122129128118100 78 57 41 33 34 46 641812 4D1 2 3112132212999999999999999 720 702020 3299999999999999
 85103116120116104 91 79 74 77 87103118130134128113 90 65 42 26 20 27 431812 5D1 258120135613499999999999999 811 742058 2099999999999999
 66 91111123126119106 92 81 77 82 95112127136136125104 77 50 27 14 13 251812 6D1 346126142913799999999999999 856 772134 1299999999999999
 47 73 99118129128119105 91 82 81 89104121134140134117 92 63 36 16  7 121812 7D1 42813015 014099999999999999 936 8022 8  799999999999999
 29 55 83108125131128116101 89 82 85 96113129139139128107 78 49 24  9  71812 8D1 5 71311531140999999999999991013 822242  699999999999999
 17 39 66 93115128131124111 97 87 84 90104121134140135118 94 65 38 18  81812 9D1 54413116 2140999999999999991048 842314  899999999999999
 11 27 51 78103120128127118105 92 85 87 96111126136136126107 81 54 30 16181210D1 6201291634137999999999999991123 852347 1299999999999999
 12 21 39 64 89109122126122111 99 89 86 90101115128133129116 94 69 46 28181211D1 65612617 6133999999999999991158 86999999999999999999999
 19 21 33 53 76 97113122122116105 95 88 87 93104116125126119104 83 61 42181212D1 732123174012799999999999999 020 181237 8799999999999999
 30 26 32 46 65 85103115120118110101 92 87 88 94104113118117108 94 75 58181213D1 811120181811999999999999999 054 261323 8799999999999999
 44 36 36 43 57 75 92106115117114107 98 91 87 87 92100106109106 98 86 72181214D1 85411719 310999999999999999 131 351422 8799999999999999
 59 49 44 46 54 67 82 97108115116112105 96 89 84 83 86 91 96 98 97 92 83181215D1 9421162011 9999999999999999 213 441543 8399999999999999
 73 64 57 54 56 63 75 88100110115115111103 94 85 78 75 76 80 85 90 91 90181216D1103411622 4 9199999999999999 3 5 541713 7599999999999999
 85 79 72 66 63 64 70 80 92103112117116111101 89 77 67 63 63 68 76 84 90181217D11125117999999999999999999999 413 631824 6299999999999999
 93 92 87 81 75 71 71 75 84 96107116120118109 96 80 64 53 47 49 58 70 83181218D1 012 93121012099999999999999 530 701914 4799999999999999
 94100101 97 90 82 76 75 80 89101113121124119106 88 67 48 35 31 37 50 68181219D1 140101125112499999999999999 642 751957 3199999999999999
 86101109111106 96 87 80 79 84 95108120128127118100 76 51 31 18 17 27 46181220D1 241111132812999999999999999 743 792037 1699999999999999
 70 92110119119112101 90 83 82 89101116128134129115 91 62 35 14  3  6 22181221D1 33212014 513499999999999999 835 812117  399999999999999
 47 75100118126124115102 91 84 86 95110125136138129109 80 48 19  0 -7  1181222D1 418127144213999999999999999 921 842157 -799999999999999
 22 51 82107124130126115101 90 86 90101118133141139125101 69 36  8 -8-10181223D1 5 413015201429999999999999910 3 862239-1199999999999999
  2 27 58 89113127131124111 98 89 87 93107124138143137119 92 59 27  2-10181224D1 54813116 0143999999999999991045 872322-1199999999999999
 -8  9 36 67 96117128128119106 94 87 88 96111127138140131111 83 52 23  3181225D1 6311291641141999999999999991127 86999999999999999999999
 -5  1 20 47 76101119126123113101 90 85 87 97112126134133123103 76 48 24181226D1 713126172513599999999999999 0 4 -51211 8599999999999999
  9  5 14 34 60 85106119123118107 95 86 82 86 95108120125123113 94 72 49181227D1 753123181412699999999999999 047  513 0 8299999999999999
 30 20 20 30 49 72 94110119119112101 90 81 78 82 90100109113111103 89 71181228D1 832120191211499999999999999 130 181359 7899999999999999
 54 40 34 36 47 64 83101113118116108 97 85 77 73 74 80 88 96100100 95 86181229D1 912118203010199999999999999 215 341513 7399999999999999
 74 62 53 49 52 62 77 93106115118114105 94 82 71 66 64 68 75 82 88 92 92181230D1 9541182226 9299999999999999 3 3 491643 6499999999999999
 87 80 72 66 63 66 74 86100111118119114105 91 77 64 56 52 54 61 70 80 87181231D11042119999999999999999999999 4 0 6318 8 5299999999999999
