 54 81105122128125116105 95 91 94104117130138138126103 74 42 15 -3 -6  518 1 1D3 410128142713999999999999999 9 5 912144 -799999999999999
 27 57 87113129134129118105 95 92 97108123136143139123 96 63 30  4-11-1018 1 2D3 458134151014399999999999999 955 922228-1399999999999999
  5 32 64 95119132134127114101 92 91 99112128140145137118 89 55 23 -1-1218 1 3D3 5411351554145999999999999991038 912311-1299999999999999
 -7 12 41 73102123132131121107 95 88 90 99114130141142132110 80 48 19  018 1 4D3 6211331639143999999999999991120 882352 -699999999999999
 -6  4 25 54 84109125130125113 99 88 84 88 99114128136135122100 72 44 2018 1 5D3 65813017231379999999999999912 2 84999999999999999999999
  7  7 19 41 68 94115125125117105 91 82 80 85 97110122127124111 91 67 4418 1 6D3 73212618 912799999999999999 031  51247 7999999999999999
 26 19 23 38 59 83104118124120110 97 85 77 76 82 92103112115111100 83 6518 1 7D3 8 4124185811599999999999999 1 9 191338 7699999999999999
 48 37 34 41 56 76 95111120121115104 91 80 73 72 76 84 93100102 99 91 7918 1 8D3 836122195710299999999999999 145 341440 7299999999999999
 67 56 50 51 59 73 89105116121119111100 87 76 69 67 69 74 81 87 91 90 8718 1 9D3 9121212126 9199999999999999 223 491559 6799999999999999
 80 73 67 64 66 74 85 98110118120117109 97 84 73 64 60 60 63 70 77 83 8718 110D3 9531202351 8899999999999999 3 5 641728 5999999999999999
 88 86 82 79 77 78 84 93104113119120116107 95 81 68 57 50 49 53 60 70 8018 111D31043120999999999999999999999 4 4 771844 4999999999999999
 88 93 95 93 89 86 87 91 98106114119120116107 93 77 60 47 40 38 44 55 6918 112D3 151 95114312199999999999999 527 861939 3899999999999999
 83 95102104102 97 92 90 93 99107115121122117106 89 69 51 36 29 30 39 5418 113D3 254104124112399999999999999 655 902023 2899999999999999
 72 90104111112107100 94 91 93100109118125125117102 82 59 39 25 19 24 3818 114D3 336113133212699999999999999 8 5 9121 1 1999999999999999
 58 80100113119116109 99 92 89 92101113123129127115 96 72 47 26 14 13 2418 115D3 411119141512999999999999999 857 892135 1299999999999999
 43 66 90110121123117106 95 87 86 93104118128132126110 86 59 34 16  8 1218 116D3 442123145413299999999999999 938 8622 8  899999999999999
 28 51 77101118125122112100 88 83 85 95109124133133122101 74 46 22  8  618 117D3 5121251530134999999999999991014 822240  599999999999999
 16 37 63 90111123125118105 91 81 79 85 99115129135130114 89 60 34 14  518 118D3 54012516 5135999999999999991047 792310  599999999999999
 10 26 50 77101118125121110 96 83 76 77 87103119131132123103 76 48 25 1018 119D3 6 81251640133999999999999991120 752340  899999999999999
  8 19 39 65 90110122123115101 86 75 72 77 90106121129126112 90 64 39 2118 120D3 6361241716129999999999999991154 72999999999999999999999
 13 17 32 54 79101117122118106 92 78 70 70 78 92107119123116100 78 55 3518 121D3 7 3122175312399999999999999 0 9 131230 6999999999999999
 22 21 30 48 70 92110119119111 98 83 71 66 68 78 91105113114106 90 70 5118 122D3 730121183511599999999999999 039 201310 6699999999999999
 37 30 33 46 64 84102115119115104 89 76 66 62 66 75 87 98105104 96 83 6718 123D3 758119192510599999999999999 110 301358 6299999999999999
 53 44 43 49 62 78 95109116116109 97 83 70 61 58 61 69 79 89 95 95 90 8118 124D3 8291172032 9599999999999999 143 421458 5899999999999999
 70 62 57 58 65 76 90103112116113104 92 78 66 56 52 53 59 68 78 85 88 8818 125D3 9 31162220 8999999999999999 221 571615 5299999999999999
 84 79 74 72 73 79 87 98107113115111102 90 76 61 50 43 42 47 56 67 78 8618 126D3 948115999999999999999999999 311 721739 4299999999999999
 91 92 91 88 86 86 89 95102109114116112104 90 74 56 41 31 28 32 43 58 7418 127D3 059 92104911699999999999999 433 861854 2899999999999999
 88 98103104101 97 94 94 98103110116119116107 92 72 50 31 18 14 19 33 5318 128D3 23810412 411999999999999999 629 941956 1499999999999999
 74 93107114114110103 98 95 97103111120124122112 93 69 43 20  5  1 10 2818 129D3 332115131512499999999999999 8 4 952049  199999999999999
 53 79101116123121113103 95 92 94103114125131129116 93 64 34 10 -5 -6  618 130D3 414123141513199999999999999 9 5 922136 -799999999999999
 29 58 87110124128122110 98 89 86 91103118131137133116 90 58 26  2-10 -718 131D3 45012815 813799999999999999 952 862219-1199999999999999
  9 36 68 97118129127117103 89 80 79 88104121135140133113 84 51 20 -1 -918 2 1D3 5231291556140999999999999991032 782259 -999999999999999
 -1 20 50 81108124129123108 91 77 71 74 86105123136138128105 76 44 17  118 2 2D3 5531291642138999999999999991111 702336 -299999999999999
  0 13 37 67 95117127125114 97 79 66 63 70 85104122132131118 95 67 40 1918 2 3D3 6211281726133999999999999991149 63999999999999999999999
 10 15 32 57 84108123126118103 84 68 58 58 68 84102117124120106 85 61 4018 2 4D3 646126181012499999999999999 010 101228 5799999999999999
 26 24 34 53 77100117125122109 92 74 59 53 56 67 82 98109113107 94 77 5918 2 5D3 711125185511399999999999999 041 231310 5399999999999999
 44 38 41 54 73 94111122123115100 82 66 55 51 55 65 78 90 98100 95 85 7318 2 6D3 736124194610099999999999999 110 371357 5199999999999999
 61 53 52 59 72 89105117122118107 92 76 62 53 51 54 62 72 81 88 89 87 8118 2 7D3 8 31222054 8999999999999999 138 521455 5199999999999999
 74 68 65 67 75 86 99111118118112101 87 73 61 53 50 51 57 64 72 78 82 8318 2 8D3 83411923 3 8399999999999999 2 7 651610 5099999999999999
 82 80 78 78 80 86 95104111115114108 98 86 73 61 52 47 46 49 56 64 72 8018 2 9D3 914115999999999999999999999 243 781741 4699999999999999
 85 89 90 89 88 89 92 98104109111110106 98 87 74 60 49 41 39 41 48 59 7118 210D3 159 90101611199999999999999 4 4 8819 0 3999999999999999
 83 92 98 99 98 95 93 93 96101106109110107100 88 73 57 43 33 30 34 44 5818 211D3 257 99114711099999999999999 623 931957 3099999999999999
 75 90101107107102 97 92 90 92 98104110113111102 87 69 50 34 24 22 29 4418 212D3 32910713 511399999999999999 757 902041 2299999999999999
 63 83 99110113110102 93 87 85 88 97106115118114102 83 61 40 23 15 17 2918 213D3 35711314 011899999999999999 851 852118 1599999999999999
 49 72 93109117116108 97 86 79 79 87 99112121123116 99 76 51 29 14 10 1718 214D3 422118144512399999999999999 929 782151 1099999999999999
 35 59 83104117120114101 87 76 72 76 88103118127126113 92 65 39 19  8  918 215D3 44712015241289999999999999910 2 722222  799999999999999
 23 46 72 96114122119107 91 76 66 66 75 91109124130124107 82 54 29 12  718 216D3 51112216 1130999999999999991033 652252  799999999999999
 15 35 60 87108121122112 96 78 64 58 62 76 96115127129118 97 70 43 22 1118 217D3 53412316381299999999999999911 5 582321 1099999999999999
 13 27 50 77101117123117102 83 65 54 52 62 80100117126123109 86 59 36 2018 218D3 5571231716127999999999999991137 512349 1699999999999999
 16 25 44 68 93112122120108 89 69 53 46 50 63 83102117121115 98 75 52 3418 219D3 6201221755121999999999999991210 46999999999999999999999
 25 28 41 62 85106118121113 96 76 57 45 42 49 65 84101112113105 88 69 5118 220D3 643121183811499999999999999 017 251246 4299999999999999
 39 36 44 60 79 99114120116103 84 65 49 40 40 49 64 81 96104104 95 82 6718 221D3 7 6120192710599999999999999 045 361327 3999999999999999
 55 50 52 62 77 94108117117108 93 75 57 44 37 39 48 61 76 88 94 95 89 8018 222D3 7301182031 9599999999999999 114 491418 3799999999999999
 72 65 64 69 78 91103112116112101 86 70 54 42 36 37 43 54 66 77 85 88 8718 223D3 7581162216 8899999999999999 144 641524 3699999999999999
 84 81 78 79 83 91 99107112112107 97 84 70 55 43 35 33 36 44 55 67 77 8518 224D3 833113999999999999999999999 218 781653 3299999999999999
 90 92 92 92 92 94 97102106109109106 98 87 73 58 43 32 26 26 33 45 59 7418 225D3 9321099999999999999999999991825 25999999999999999999999
 87 97102103102 99 97 97 99102105108108104 94 79 61 42 26 17 16 23 37 5618 226D3 250103113010899999999999999 638 971939 1599999999999999
 76 94106112111107100 94 91 92 96103110114112102 85 62 39 20  8  7 17 3618 227D3 325112131211499999999999999 818 912036  699999999999999
 59 83103115119114105 94 85 81 84 92104116122120108 87 61 34 13  2  4 1818 228D3 354119141912399999999999999 9 7 812122  199999999999999
 41 68 94113122121111 97 82 72 70 77 90107122129126111 86 56 28  8  1  718 3 1D3 422123151313099999999999999 945 7022 3  199999999999999
 26 53 82106122125117102 84 68 59 61 73 91111127133127108 81 50 24  8  518 3 2D3 44812516 0133999999999999991020 582239  599999999999999
 17 41 69 97117126123109 88 68 53 48 55 72 93115129132122101 73 45 23 1318 3 3D3 5121271644133999999999999991055 482313 1399999999999999
 17 34 60 88111125126115 95 73 53 41 41 53 73 96116127126113 92 66 42 2718 3 4D3 5351271726128999999999999991129 392343 2399999999999999
 24 34 54 80104121127120103 81 58 41 34 39 54 75 97114121117102 82 61 4318 3 5D3 55712718 81219999999999999912 4 34999999999999999999999
 35 39 54 75 98116126124110 90 67 46 34 32 41 57 77 96108111105 92 75 5918 3 6D3 619126185011199999999999999 011 351240 3199999999999999
 49 48 56 72 92110122124116 99 77 56 40 32 34 44 60 77 92100101 95 84 7318 3 7D3 641125193710299999999999999 038 471319 3299999999999999
 63 59 62 73 88104116121118105 88 68 51 39 35 38 48 61 74 85 91 92 88 8118 3 8D3 7 51212036 9299999999999999 1 4 5914 3 3599999999999999
 75 70 70 76 86 98109116116109 96 80 64 51 42 39 42 49 59 69 78 84 86 8518 3 9D3 7311172217 8699999999999999 130 7015 0 3999999999999999
 83 81 80 81 86 93102108111108101 90 77 64 53 46 42 43 47 55 63 72 79 8418 310D3 8 2111999999999999999999999 2 0 801620 4299999999999999
 88 89 89 89 90 92 95100103104102 96 88 79 68 57 48 42 40 43 49 58 68 7818 311D3 8481049999999999999999999991758 40999999999999999999999
 87 94 97 97 95 93 92 92 94 96 98 98 96 91 83 72 60 48 39 35 37 43 55 6818 312D3 231 971038 9999999999999999 616 921915 3599999999999999
 82 94102104102 97 91 87 85 87 91 96100101 97 87 74 58 44 33 28 31 41 5618 313D3 258104124110199999999999999 756 8520 8 2899999999999999
 74 91103109109102 93 84 78 77 81 89 98105107102 90 73 54 37 25 22 29 4318 314D3 322110134810799999999999999 841 762049 2299999999999999
 63 83101112114108 97 84 73 67 69 78 91104113114105 89 68 46 28 19 20 3118 315D3 345114143611599999999999999 914 672124 1899999999999999
 51 74 96111118114102 86 70 60 57 65 79 97112120118105 84 60 37 22 16 2318 316D3 4 7118151812199999999999999 944 572156 1699999999999999
 40 64 88108119119108 91 71 55 47 50 64 83104119125118101 77 51 30 19 1918 317D3 4291201558125999999999999991014 472227 1899999999999999
 32 54 79102118122114 97 75 54 40 38 47 66 89111124125114 94 68 44 28 2218 318D3 4501221637126999999999999991044 372256 2299999999999999
 29 47 71 95114123119104 82 58 38 29 32 47 70 95115125122107 85 61 41 3018 319D3 5121231717125999999999999991115 282325 2999999999999999
 31 44 65 88109121122111 90 65 42 26 22 31 50 75 98115121115 99 78 58 4418 320D3 5341231759121999999999999991148 222354 3999999999999999
 39 46 62 83103118123116 99 75 50 29 19 20 33 54 78 99112114107 92 74 6018 321D3 5551231844115999999999999991223 18999999999999999999999
 52 53 63 79 98113121119106 86 62 39 23 17 22 36 56 77 95105105 98 87 7518 322D3 618122193510699999999999999 023 5113 3 1799999999999999
 66 63 68 79 94108117119111 96 75 53 34 22 19 25 38 56 73 88 96 97 93 8618 323D3 6411192042 9799999999999999 051 631350 1999999999999999
 79 76 76 82 92103111115113103 88 69 51 36 26 23 28 38 52 66 79 87 91 9118 324D3 7 71152235 9299999999999999 120 751452 2399999999999999
 90 87 86 88 92 99105109110105 97 84 70 55 42 32 27 28 35 46 59 71 82 9018 325D3 739110999999999999999999999 155 861617 2799999999999999
 94 96 96 96 95 96 98100102102100 95 87 76 63 49 37 29 26 30 39 52 67 8118 326D3 128 97 83710299999999999999 348 951756 2699999999999999
 93101104104100 96 93 91 91 93 96 98 98 94 86 72 56 41 29 23 25 34 50 6818 327D3 2181041132 9999999999999999 724 911915 2399999999999999
 86100109111107 99 90 82 79 79 85 93101106104 96 80 60 41 26 19 22 34 5318 328D3 247111132010699999999999999 820 782013 1999999999999999
 75 95110116114104 91 78 68 65 69 79 93107114114103 84 61 39 24 18 24 4018 329D3 313116142511599999999999999 856 652059 1899999999999999
 63 87107118120111 96 77 61 52 52 62 78 98114122119106 84 59 37 23 21 3218 330D3 337121151612399999999999999 930 512138 2099999999999999
 52 77101118124118103 82 60 44 38 43 59 81103120127121104 80 55 35 26 3018 331D3 4 112416 21279999999999999910 2 382213 2699999999999999
 45 69 94114125124111 89 65 43 29 28 40 61 86109124127117 98 75 52 37 3418 4 1D3 4241261644127999999999999991035 272245 3399999999999999
 43 63 86109124127118 98 73 47 28 20 25 41 66 91112123122110 91 69 52 4318 4 2D3 44612817251249999999999999911 7 202315 4299999999999999
 46 60 81103120128124107 83 56 33 18 16 27 47 72 95112119115102 84 66 5418 4 3D3 5 812818 6119999999999999991139 152344 5199999999999999
 52 60 76 97115126126114 93 67 42 23 15 19 33 54 77 97110113106 94 79 6718 4 4D3 5311271847113999999999999991212 15999999999999999999999
 61 63 75 91108121125118102 79 55 34 20 17 25 41 61 80 96104105 98 88 7818 4 5D3 554125193210599999999999999 012 601246 1799999999999999
 70 69 75 87101114120118107 89 68 47 31 23 24 33 48 65 81 92 98 98 93 8618 4 6D3 6181212026 9899999999999999 041 691324 2299999999999999
 80 77 78 85 95105113115109 96 79 61 45 34 29 31 40 52 66 78 87 92 93 9118 4 7D3 6441152145 9399999999999999 112 7714 9 2999999999999999
 88 85 84 86 91 98104108106 99 87 74 60 48 40 36 38 44 53 64 74 83 89 9218 4 8D3 7131082356 9399999999999999 151 841511 3699999999999999
 93 92 91 89 90 92 95 98 99 97 92 83 73 63 53 46 41 41 44 51 61 71 81 8918 4 9D3 751 99999999999999999999999 316 891638 4199999999999999
 95 98 98 95 92 89 88 89 90 91 91 89 85 78 69 59 50 44 41 42 48 58 71 8318 410D3 123 98 927 9199999999999999 6 9 881810 4099999999999999
 94101104102 96 89 83 79 79 81 85 89 91 90 85 75 64 52 42 38 39 47 59 7418 411D3 2 21041210 9199999999999999 738 791917 3799999999999999
 89101108108102 92 81 72 68 69 75 84 92 98 98 92 80 65 50 39 34 37 48 6418 412D3 2301091331 9999999999999999 817 6820 6 3499999999999999
 82 99110113108 97 82 68 58 56 61 73 87 99107106 97 81 63 46 35 32 39 5418 413D3 254113142410799999999999999 848 552047 3299999999999999
 74 94109117115103 86 67 51 43 45 57 74 93108115112 99 79 59 42 33 35 4618 414D3 316117151011599999999999999 918 432123 3399999999999999
 65 87106118120110 92 70 48 34 30 38 57 80102117121114 98 76 55 41 36 4218 415D3 338121155312199999999999999 948 302157 3699999999999999
 58 80101117124118101 76 51 30 19 21 36 60 87109123124113 94 73 54 43 4318 416D3 4 11241635125999999999999991020 182229 4199999999999999
 54 73 95114125123110 86 58 32 14  8 17 38 65 93114125122109 90 70 55 5018 417D3 4241261719125999999999999991053  823 2 5099999999999999
 55 69 89109123126118 97 70 41 17  3  4 18 42 71 97115122118104 87 70 6118 418D3 44812718 4122999999999999991128  22334 5999999999999999
 60 69 85103119126123108 83 55 27  7 -1  5 22 47 75 98113117111 99 85 7418 419D3 51312718531179999999999999912 5 -1999999999999999999999
 69 72 83 98113123124115 96 71 44 20  5  2 10 28 52 76 95107109105 96 8618 420D3 538125194910999999999999999 0 5 691247  299999999999999
 79 79 84 94106117121118105 86 62 39 20 10  9 18 34 54 74 90100103100 9518 421D3 6 612121 010399999999999999 039 781335  899999999999999
 90 86 87 92100108114115109 96 79 60 41 27 18 18 25 38 54 71 85 94 99 9918 422D3 637115224010099999999999999 118 861434 1799999999999999
 97 94 92 93 95100104106105100 90 78 63 49 36 28 26 30 40 53 68 81 92 9918 423D3 716106999999999999999999999 224 921551 2699999999999999
102101 99 95 93 92 92 94 95 96 94 89 82 72 59 47 37 32 34 41 52 67 82 9418 424D3 021102 844 9699999999999999 5 7 921720 3299999999999999
103107105100 94 87 82 80 81 84 88 92 93 90 82 70 56 44 37 36 42 54 70 8718 425D3 1151071147 9399999999999999 711 801838 3599999999999999
101109112107 98 86 75 68 65 68 75 85 95100 99 92 78 62 48 39 38 45 60 7818 426D3 150112132410199999999999999 758 651937 3799999999999999
 96110116115105 90 74 59 51 50 58 71 87101109108 99 83 65 50 41 42 52 6918 427D3 218117142711099999999999999 834 502025 4099999999999999
 89107119121114 98 78 57 42 36 39 52 72 92108116114102 85 66 51 45 49 6218 428D3 245121151711799999999999999 9 8 3521 6 4599999999999999
 82102118125122107 86 61 40 26 24 34 52 76 99115122116102 83 65 53 50 5918 429D3 31012516 212299999999999999 941 232143 5099999999999999
 75 96115126127117 96 70 44 24 14 18 34 57 84106120123115 99 80 65 56 5918 430D3 3351281644123999999999999991013 142217 5699999999999999
 71 89109124130124106 81 53 28 12  9 19 39 65 91112122121111 94 78 66 6218 5 1D3 4 01301725123999999999999991045  82249 6299999999999999
 69 84103119129128115 92 65 37 16  6  9 24 48 74 98114120116105 90 76 6918 5 2D3 42513018 4120999999999999991116  62321 6899999999999999
 70 80 96113125129121103 77 50 26 10  7 15 33 57 82102114116110 99 86 7618 5 3D3 4501291845116999999999999991148  62353 7399999999999999
 73 78 90105119126123110 89 64 39 20 11 12 24 44 66 87103111110104 94 8418 5 4D3 5161261927111999999999999991221 10999999999999999999999
 79 79 86 98110119121114 98 77 54 34 20 16 21 34 53 72 89101106105 99 9218 5 5D3 543121201610699999999999999 026 781257 1699999999999999
 85 82 85 92101110115113103 87 67 49 34 25 24 31 43 59 76 89 98102101 9718 5 6D3 613115211610299999999999999 1 4 821337 2399999999999999
 92 88 86 88 94101106107103 93 79 63 49 38 32 33 39 50 63 77 88 9610010018 5 7D3 645107223310199999999999999 153 861426 3299999999999999
 98 94 90 88 89 92 95 98 98 94 86 75 64 53 44 40 40 45 53 65 77 88 9610118 5 8D3 728 99235010299999999999999 316 881530 3999999999999999
102100 96 91 87 85 85 87 89 90 88 84 77 69 60 52 46 45 48 55 66 78 90 9918 5 9D3 855 90999999999999999999999 524 841651 4599999999999999
105106102 96 88 80 76 74 76 80 84 87 87 83 76 67 58 50 47 49 57 68 82 9518 510D3 0441061128 8799999999999999 652 7418 8 4799999999999999
105110109102 92 79 69 63 62 66 75 84 91 94 92 84 73 62 53 48 51 60 73 8918 511D3 12111013 5 9499999999999999 738 6119 9 4899999999999999
103112115110 98 82 66 53 47 50 59 73 87 99103101 91 78 64 54 50 54 65 8118 512D3 15111514 810499999999999999 813 4720 0 5099999999999999
 98112119117106 88 67 48 35 33 40 56 76 95108113108 96 80 65 56 54 60 7418 513D3 21811915 011399999999999999 847 322044 5399999999999999
 92109121123115 97 73 48 29 18 20 34 56 81103117121113 99 82 67 59 60 7018 514D3 244124154812199999999999999 920 182124 5899999999999999
 86105120127124108 84 56 29 11  5 13 33 60 88111124125115100 83 69 64 6818 515D3 311127163512699999999999999 956  522 3 6499999999999999
 81 99116128130120 98 69 38 12 -3 -3 10 35 65 94116126125114 99 83 73 7218 516D3 3391311722127999999999999991033 -52241 7199999999999999
 79 94111125132128112 85 54 24  1-10 -5 13 40 71 98117125122111 97 85 7818 517D3 4 91331812125999999999999991112-102318 7899999999999999
 80 90104119130132122102 73 42 15 -4 -9 -1 19 47 75100116121118108 96 8718 518D3 44013319 3121999999999999991153-102356 8499999999999999
 84 88 98111123130127114 91 64 36 12 -2 -3  7 27 53 78 99112116113105 9618 519D3 5141301959116999999999999991238 -4999999999999999999999
 89 88 93103113122124119104 83 59 35 16  6  7 18 36 58 80 9810811110910318 520D3 55012421 011199999999999999 039 881326  599999999999999
 96 91 91 95102110115115109 96 78 59 40 25 18 19 29 45 64 82 9710610910718 521D3 63311622 510999999999999999 134 901421 1899999999999999
102 96 91 90 92 96101104104100 91 78 63 49 37 31 32 39 52 68 84 9710610918 522D3 73110523 810999999999999999 255 901524 3099999999999999
107102 95 89 85 84 85 88 92 94 93 89 82 71 60 49 43 42 48 59 74 8810110918 523D3 919 94235911299999999999999 454 841635 4299999999999999
112109102 92 83 75 71 71 75 81 87 91 92 89 81 70 60 53 51 56 66 80 9510718 524D31144 92999999999999999999999 628 711746 5199999999999999
114115110 99 86 72 62 56 57 63 73 84 93 98 97 90 79 68 60 58 63 73 8810318 525D3 0411161320 9899999999999999 725 561849 5899999999999999
114120118109 94 76 59 46 41 44 55 70 86 99106105 98 86 74 65 64 70 82 9718 526D3 117120142510799999999999999 8 7 411943 6399999999999999
112122125119104 84 62 43 31 29 36 52 72 92107114112103 89 77 69 69 77 9018 527D3 150125151711499999999999999 844 292031 6899999999999999
106120128126115 95 71 47 28 19 21 34 54 78100114120116104 90 78 72 75 8518 528D3 22112916 212099999999999999 919 182113 7299999999999999
100116128131124107 83 56 32 16 11 19 37 61 87108121123116103 89 79 76 8118 529D3 251131164412399999999999999 952 112152 7599999999999999
 94109124132130118 96 68 41 19  8  9 22 44 71 96115124123114100 87 79 8018 530D3 3211331723125999999999999991025  62229 7899999999999999
 88102118129133126108 82 54 28 11  5 12 30 54 81104119124120109 96 85 8118 531D3 35113318 1124999999999999991057  523 4 8199999999999999
 84 95110123131130117 95 68 41 20  8  8 19 40 65 90109120121114103 92 8418 6 1D3 4211321838122999999999999991130  62339 8299999999999999
 83 89101115126129123106 82 56 33 16 10 15 30 52 75 97112118116109 98 8918 6 2D3 45112919161189999999999999912 3  9999999999999999999999
 84 86 94106117124123113 94 71 47 28 17 16 25 41 62 84101112115112104 9518 6 3D3 523125195711599999999999999 015 841237 1599999999999999
 87 85 88 97107115119114102 83 62 43 29 23 25 36 52 71 8910311111210810018 6 4D3 557119204111299999999999999 056 851313 2299999999999999
 93 87 86 89 96104110110104 92 76 58 43 34 31 35 46 61 78 9310511011010618 6 5D3 635111213011199999999999999 145 861354 3199999999999999
 99 92 87 85 87 92 98102101 96 85 72 59 48 41 40 45 55 69 84 9710611011018 6 6D3 724102222211199999999999999 253 851441 4099999999999999
105 98 90 84 81 81 85 89 93 93 90 83 74 64 55 50 49 53 62 75 8810010811218 6 7D3 840 93231311299999999999999 422 811540 4999999999999999
110105 96 86 78 73 72 74 79 85 89 89 86 80 72 64 59 57 60 68 80 9310411218 6 8D31041 89235911599999999999999 547 711651 5799999999999999
115112103 92 79 67 60 58 62 70 80 88 93 94 89 82 73 67 64 66 74 86 9911018 6 9D31235 94999999999999999999999 646 5818 2 6499999999999999
117118112100 84 66 52 44 44 51 64 79 92101104100 92 82 73 70 72 80 9310618 610D3 039118135310499999999999999 732 4319 7 7099999999999999
117123121110 93 72 51 35 28 30 42 61 81 99111114109100 88 79 75 78 8710118 611D3 115123145411499999999999999 813 2720 4 7599999999999999
115125128122106 83 57 33 17 12 20 37 61 87107120123117105 93 83 80 84 9518 612D3 151128154712399999999999999 854 122055 8099999999999999
110124132131120 99 70 41 17  2  1 13 36 65 93115127128120108 95 86 85 9118 613D3 227133163712999999999999999 935  02142 8599999999999999
104119132137132116 90 58 27  4 -8 -5 12 39 70 99120130130121108 96 89 8918 614D3 3 41371726131999999999999991018 -92226 8899999999999999
 98111126137139130109 80 47 17 -4-12 -5 16 45 76103122130128118106 95 9018 615D3 34314018141319999999999999911 1-1223 9 9099999999999999
 93103117131139138125102 71 40 12 -5 -9  2 24 53 82107123128124114102 9318 616D3 42414019 1128999999999999991145 -92353 9099999999999999
 90 95106119131136132117 94 65 36 13  0  0 13 35 62 89110122124119109 9818 617D3 5 71361947124999999999999991230 -2999999999999999999999
 91 89 95105117126129124109 87 62 37 19 11 14 27 48 72 9511212012011410418 618D3 553129203012199999999999999 041 891315 1099999999999999
 94 88 87 92101110117119113101 82 62 43 30 25 29 43 61 8210111311911711018 619D3 644119211311999999999999999 136 8614 1 2599999999999999
100 90 84 82 86 92100106108104 94 81 66 52 43 40 45 58 74 9210611611811518 620D3 749108215511899999999999999 245 821449 4099999999999999
107 96 86 78 75 77 81 88 94 97 97 92 83 73 63 56 55 60 71 85 9911111811918 621D3 922 97223912099999999999999 411 751543 5599999999999999
114105 93 81 71 66 65 69 76 83 90 93 93 89 82 75 69 68 72 81 9410611612118 622D31127 94232412299999999999999 537 651644 6799999999999999
121114103 89 74 62 54 53 57 66 76 87 95 98 97 92 85 79 77 81 8910011212118 623D31314 99999999999999999999999 645 531751 7799999999999999
125123114100 83 65 51 42 41 48 60 75 89100106106101 93 86 84 87 9510511718 624D3 011125142610799999999999999 737 411858 8499999999999999
125128124112 95 74 54 39 31 33 42 59 78 96109115113107 98 90 87 90 9911018 625D3 056128151911599999999999999 820 311959 8799999999999999
122129130123108 86 63 42 27 22 28 42 63 85104117122118109 99 91 89 9310318 626D3 13813116 212299999999999999 859 222051 8999999999999999
116127133131120100 76 50 30 18 17 27 46 70 94113124126119109 98 90 90 9618 627D3 217134164012699999999999999 934 162135 8999999999999999
108121132136130114 90 63 38 20 12 16 32 55 81104121128126117105 94 89 9118 628D3 25413617161289999999999999910 9 122215 8899999999999999
100114127136135125104 78 51 28 13 11 21 40 66 91113125129123112 99 90 8718 629D3 3301371749129999999999999991042 102251 8799999999999999
 93104119131137132117 93 66 40 20 11 15 29 52 77101119127126117105 94 8718 630D3 4 41371822128999999999999991115 112326 8699999999999999
 87 95109123133134125106 81 55 32 18 14 23 41 64 89109122126121111 98 8818 7 1D3 4391351854126999999999999991147 14999999999999999999999
 84 88 98112124131128115 95 70 46 28 20 22 34 54 77 99115123123115104 9218 7 2D3 514131192612499999999999999 0 2 841219 1999999999999999
 85 83 89100113122125119104 84 62 42 30 26 32 47 67 89107119122119109 9818 7 3D3 551125195812299999999999999 041 831251 2699999999999999
 88 82 82 89 99110117117109 94 76 58 43 35 36 45 61 80 9811212012011410418 7 4D3 631118203212199999999999999 124 811324 3499999999999999
 93 84 79 81 87 96104109108100 88 73 58 48 45 48 58 73 9010511612011811018 7 5D3 72010921 812099999999999999 217 7914 2 4599999999999999
100 89 80 75 76 81 89 96101100 95 86 75 64 58 56 61 70 84 9811011812011618 7 6D3 827101214812099999999999999 322 751446 5699999999999999
107 96 84 74 69 68 72 79 87 93 96 94 89 81 74 69 68 72 81 9210411412012018 7 7D310 5 96223212199999999999999 438 681542 6899999999999999
115105 92 78 66 58 56 60 69 79 88 95 98 96 92 86 81 80 82 89 9910911812318 7 8D312 8 98232212399999999999999 549 561655 8099999999999999
122115103 87 70 55 45 43 47 58 73 87 99105107104 98 92 89 90 9510411412218 7 9D31347107999999999999999999999 650 421816 8999999999999999
127125116100 80 59 41 30 28 35 50 69 89105115118115107100 95 9510010911918 710D3 014127145511899999999999999 743 281932 9599999999999999
128132129117 97 73 47 27 15 15 25 45 69 93113124127122113104 98 9810311318 711D3 1 6132155012799999999999999 833 142037 9799999999999999
125134138132117 93 64 36 14  3  5 20 44 73100120131133126115105 98 9810518 712D3 156138163813399999999999999 920  22131 9799999999999999
117130140143135115 87 56 26  5 -4  1 20 48 79107127136134125113102 96 9718 713D3 24614317211369999999999999910 7 -42218 9599999999999999
106121135145145134112 81 48 19  0 -5  4 26 56 87114131136132121107 96 9218 714D3 33414718 1136999999999999991051 -623 2 9299999999999999
 96107123137146144131106 75 43 17  1  0 14 38 68 97120133134126113 99 8918 715D3 4221471838135999999999999991134 -12345 8799999999999999
 87 93107123136143139124 99 70 41 19  9 12 28 53 81107125132129119104 9018 716D3 5 91431912132999999999999991215  8999999999999999999999
 82 82 90104119131136130115 92 67 43 27 22 29 47 70 95116128130123110 9518 717D3 558136194313099999999999999 030 811254 2299999999999999
 83 76 78 86 99113122125119106 87 66 49 39 39 48 66 8710712212912711710318 718D3 650125201412999999999999999 119 761331 3799999999999999
 88 77 72 74 81 92103111113109 98 84 70 59 54 57 67 8310111712612812311218 719D3 749113204512999999999999999 214 7214 8 5399999999999999
 98 84 73 68 69 74 83 93100103101 95 86 77 71 69 73 83 9711112212812712018 720D3 9 7103212112899999999999999 321 671448 6999999999999999
108 94 80 70 63 62 66 74 82 90 95 97 96 92 87 83 83 87 9510611612412812518 721D311 4 9722 512899999999999999 440 621538 8299999999999999
118106 92 78 66 58 55 58 64 74 84 93 99102101 97 94 93 9610211011912512718 722D3131210223 112799999999999999 559 551650 9399999999999999
125118106 90 74 60 50 47 49 57 70 83 96105110110106102 9910010411111912518 723D31429110999999999999999999999 7 5 471820 9999999999999999
128126118105 87 69 53 42 38 43 54 70 8710311411911811210610110010411112018 724D3 0 6128151711999999999999999 757 38194010099999999999999
127131128118102 82 61 43 33 31 39 54 74 95112123126122114105 99 9910311218 725D3 1 5131155412699999999999999 840 312039 9899999999999999
123131134129116 97 73 51 34 26 28 40 59 83105121129129122111101 95 9610318 726D3 156134162713099999999999999 918 252124 9599999999999999
115127136137129112 88 63 41 25 21 28 45 69 93115128133128118105 95 91 9518 727D3 240138165713399999999999999 953 2122 2 9199999999999999
105119133140138125104 78 52 31 20 21 33 55 80105124133132123110 97 88 8718 728D3 3191401725134999999999999991026 192236 8799999999999999
 95109125137141135118 94 66 42 25 19 26 44 68 94116130134128116101 88 8318 729D3 3561411753134999999999999991058 192310 8299999999999999
 86 97113129139139128108 82 56 35 23 24 36 57 82106124133131121106 91 8118 730D3 4321411819133999999999999991128 222343 7899999999999999
 79 86100117131137133119 96 71 48 32 27 34 50 73 97117130132125112 96 8218 731D3 5 81371844132999999999999991157 27999999999999999999999
 75 77 87103118129132125108 86 63 45 35 36 47 66 88109125131128117102 8718 8 1D3 546132191013199999999999999 018 751226 3499999999999999
 75 72 76 88103117125124115 98 78 60 48 44 49 63 82102119129130122109 9318 8 2D3 627126193613099999999999999 056 721255 4499999999999999
 79 71 69 75 87100112117115106 92 76 63 56 56 64 79 9611312412912611510118 8 3D3 71511820 412999999999999999 139 691326 5599999999999999
 86 74 67 66 73 83 95105109108101 90 79 71 68 71 80 9310711912712712110918 8 4D3 815110203512899999999999999 231 6614 2 6899999999999999
 95 81 69 62 62 67 76 87 96102103100 94 87 83 82 85 9310311412312712511818 8 5D3 943103211312799999999999999 337 611446 8299999999999999
106 92 77 65 57 54 58 66 77 88 97102103102 99 96 95 9710211011812412712418 8 6D3115810322 512799999999999999 455 541552 9599999999999999
117106 91 75 60 49 44 46 54 67 81 9510511111311110810510510711211912512818 8 7D31358113231912899999999999999 612 44173810599999999999999
127121109 92 72 54 39 32 34 43 59 78 9611112112412111611110810811211912618 8 8D315 2124999999999999999999999 720 32192410799999999999999
132132126113 93 69 46 29 20 22 35 55 7910211913013212711911110610511011918 8 9D3 038133154613299999999999999 818 20203610599999999999999
129138140133117 92 64 38 19 11 15 32 56 84110128137136128116106 9910010718 810D3 146140162413899999999999999 9 9 112127 9999999999999999
120134144146138118 90 59 31 12  6 15 35 64 93119135140135123109 96 91 9418 811D3 244147165814099999999999999 955  622 9 9199999999999999
105122138149150139116 86 54 27 10  9 21 46 76105128140140130114 97 85 8218 812D3 3351511729141999999999999991037  82249 8299999999999999
 89104123141151150136111 80 50 26 15 18 35 61 91117135140135120102 85 7518 813D3 4241521758141999999999999991116 142328 7499999999999999
 75 86103123140148144128104 75 49 30 25 34 54 80107128139138126108 89 7318 814D3 5111481824140999999999999991152 25999999999999999999999
 67 70 84102121136141135119 96 72 51 40 41 54 75 99121135139132116 97 7818 815D3 558141184913999999999999999 0 9 661226 3999999999999999
 65 62 68 82100116128130124109 90 72 58 54 60 74 94114130138135124106 8718 816D3 647131191413899999999999999 051 621257 5499999999999999
 71 61 60 67 80 96109118119113102 88 76 69 70 78 92109125135136129116 9918 817D3 740119194113799999999999999 137 601327 6899999999999999
 82 68 60 60 67 77 90100107109105 99 91 84 82 85 9410611912913413212311018 818D3 847109201113499999999999999 231 601359 8299999999999999
 94 80 68 61 60 65 73 83 92 99102103101 97 95 94 9710411312212913112711918 819D31038103204913199999999999999 339 601438 9499999999999999
107 94 80 69 62 59 61 67 76 85 9410110510710610510410510911512112512612418 820D31311107214712799999999999999 5 3 59155510499999999999999
117107 95 82 69 60 55 55 61 70 82 9410411211511511210910810911311812212418 821D31425115231912499999999999999 626 5518 110899999999999999
124119110 97 82 67 55 49 49 56 67 82 9811112012312111611010610510911412118 822D315 3123999999999999999999999 730 48193810599999999999999
126127123112 97 79 62 49 42 44 53 69 8810612012812812311410610010010511318 823D3 046127153312999999999999999 818 422034 9999999999999999
123130132126113 94 73 54 40 36 41 55 75 97116129133130120108 98 93 9510318 824D3 14613216 013399999999999999 858 362113 9399999999999999
116128136137128110 87 64 45 33 33 43 62 85108126135135126112 98 88 86 9218 825D3 232138162613699999999999999 933 322146 8699999999999999
105121135142139125103 78 54 37 30 35 51 74 98120134137131117101 87 79 8118 826D3 31314216501389999999999999910 5 302218 7999999999999999
 93110128141144137118 94 68 46 33 32 43 63 88112130138135123105 88 75 7218 827D3 3501451713138999999999999991035 302248 7299999999999999
 79 95115133144143131109 83 59 41 34 39 56 79104125137138128111 92 75 6618 828D3 42714517351399999999999999911 4 342320 6699999999999999
 68 81100120136143137121 98 74 53 41 41 52 72 96118134139133118 98 78 6518 829D3 5 41431757139999999999999991132 392352 6099999999999999
 60 67 83104123136138129111 89 68 53 47 53 68 89111129138136124105 85 6718 830D3 5421381819138999999999999991159 47999999999999999999999
 58 58 69 86106123132130120102 83 67 58 59 69 86105123134136129113 93 7418 831D3 624132184213799999999999999 027 561227 5799999999999999
 60 54 58 70 87105119125122111 97 83 72 69 74 86101118130135132120102 8318 9 1D3 71012519 613599999999999999 1 5 541255 6999999999999999
 67 56 53 58 70 86101112116114106 97 88 82 83 89100113125132132125112 9518 9 2D3 8 9116193213399999999999999 150 531326 8299999999999999
 78 64 55 53 57 67 80 93103108109106101 97 95 9710311112012713012812010818 9 3D3 93610920 613099999999999999 249 5314 2 9599999999999999
 93 78 65 55 51 53 61 72 84 9510310811010910810710811111612112512712511918 9 4D31216110205712799999999999999 4 9 5115 410799999999999999
109 96 82 67 55 48 47 52 62 75 8910111111711911811611411411511812112412518 9 5D314 8119224412599999999999999 542 46174411499999999999999
122115103 87 69 54 42 38 42 53 69 8710411812612812511911411010911211712418 9 6D31451128999999999999999999999 7 2 38194310999999999999999
129129124111 92 70 50 35 30 34 48 68 9111212713413412711610710110010511518 9 7D3 037130152413599999999999999 8 4 302037 9999999999999999
127136139133117 94 68 45 29 24 31 49 74 99121136139134122107 95 88 9010018 9 8D3 152139155314099999999999999 855 242118 8899999999999999
115132144147139120 93 65 40 26 24 35 57 85112132142140128111 93 80 76 8218 9 9D3 249147162014299999999999999 938 232155 7699999999999999
 97117137150152141119 90 61 38 27 30 47 72100125140144135118 96 77 66 6618 910D3 3391531646144999999999999991017 262231 6499999999999999
 77 97120141152151137113 85 58 40 35 43 64 90116136145140125103 80 63 5518 911D3 4261531710145999999999999991052 3523 7 5599999999999999
 60 76 99123141150146130106 80 59 47 48 61 84109131143144133112 88 66 5218 912D3 5101501733145999999999999991125 452343 4999999999999999
 49 59 77101123138143136120 99 78 63 58 65 81103124140145138122 99 75 5618 913D3 5551431756145999999999999991155 58999999999999999999999
 47 49 61 80102121132134126111 94 79 71 72 83100119135143141129110 87 6618 914D3 640134181914499999999999999 020 461224 7099999999999999
 52 47 52 65 83101116123123116105 93 85 82 87 98114128138140133119 99 8018 915D3 728124184414199999999999999 1 0 471252 8299999999999999
 63 53 51 57 69 84 98109115115110103 97 93 93100110121131136134124110 9318 916D3 829115191113699999999999999 144 511322 9299999999999999
 77 65 57 56 61 70 82 9310210710910810610310210310811512312813012611710518 917D310 6109194413099999999999999 239 5614 010299999999999999
 92 79 69 63 61 63 69 78 88 9610410811111111010910911211511912212211911318 918D31241111203412399999999999999 356 61152510999999999999999
105 95 84 74 66 62 62 66 73 83 9410411211711811711411111011011311511711718 919D31354118223011799999999999999 532 6118 611099999999999999
114109100 89 77 66 59 57 61 69 82 9610911912412412011310710310310611111618 920D31429125999999999999999999999 652 57193710299999999999999
119120115105 91 76 63 54 52 57 69 85102117127130126118107 99 94 9510111018 921D3 032120145613099999999999999 748 522022 9399999999999999
119126126120107 90 72 57 48 48 57 73 92111126133132123110 97 87 84 88 9918 922D3 138127152113499999999999999 831 472055 8499999999999999
113126133133123106 85 65 50 44 48 62 82103123134137129115 98 83 75 76 8618 923D3 225134154313799999999999999 9 6 442125 7499999999999999
102120134140136121100 77 57 45 44 53 72 95117133139135121102 83 69 64 7118 924D3 3 614016 513999999999999999 938 432155 6499999999999999
 87108128141144135116 93 69 52 44 49 64 86110129140139128108 86 67 56 5718 925D3 34414416261419999999999999910 8 442224 5599999999999999
 70 92115135145143130109 84 63 51 49 59 79102124139142134115 92 69 52 4718 926D3 4221461647142999999999999991037 482255 4799999999999999
 55 73 98122139145139123100 78 61 55 59 75 96118135143138123100 75 54 4218 927D3 5 014517 91439999999999999911 5 552326 4199999999999999
 43 56 78103126139141132114 94 76 65 64 74 91112130141141130109 84 61 4418 928D3 5401421731142999999999999991134 63999999999999999999999
 37 44 60 83107126135134124107 91 78 73 77 90107124137141134118 95 71 5118 929D3 623136175314199999999999999 0 0 3712 2 7399999999999999
 39 37 47 65 86107122129126116104 92 85 85 92105119132138136125107 85 6418 930D3 711129181713999999999999999 037 371231 8499999999999999
 48 39 41 51 67 86103115120118112104 97 95 97105115126133135129116 99 801810 1D3 812120184313599999999999999 121 3913 1 9599999999999999
 62 50 43 45 53 67 82 96107113114112108105105108113120126130128122111 961810 2D3 945114191513099999999999999 218 43133810599999999999999
 81 67 56 49 48 53 63 76 891001081131151151141131141161181211231221171101810 3D3122311520 812399999999999999 337 48151011399999999999999
100 88 75 63 53 49 50 57 69 83 961081171221221201161131111111121151171181810 4D31341123224711899999999999999 516 49183711199999999999999
115109 98 84 69 56 47 46 52 64 81 98113124129127121113105100 991021081161810 5D31416129999999999999999999999 641 461947 9999999999999999
123124120108 91 72 55 45 42 50 65 84105122132134128117103 92 85 86 931061810 6D3 050125144313499999999999999 744 422027 8599999999999999
119130135130116 95 73 54 43 42 52 71 94116132139135123106 88 75 70 75 881810 7D3 2 013515 913999999999999999 833 4121 2 7099999999999999
106125139143136119 96 71 52 43 47 61 83108128141141131112 90 70 58 57 671810 8D3 254143153414299999999999999 915 432136 5699999999999999
 87110132146148138118 93 69 53 49 57 75 99123140145139121 97 72 53 44 491810 9D3 341149155814599999999999999 952 482210 4499999999999999
 65 89115137149148135114 89 69 57 58 71 92116136146145130107 80 56 40 36181010D3 4261501621147999999999999991025 562244 3699999999999999
 47 68 94120139148143128108 86 71 65 72 88110130145148138118 91 64 43 32181011D3 5 91481645148999999999999991057 652318 3299999999999999
 35 50 73100123138142135120102 85 76 76 87105124140147143127103 77 52 36181012D3 55114317 8147999999999999991127 752352 3199999999999999
 31 39 57 80104123134135127113 98 87 83 88101118133143144133114 90 66 46181013D3 6341361733145999999999999991157 83999999999999999999999
 36 36 47 65 86106121128126119108 98 92 92100112126136141136122102 80 60181014D3 719128175814199999999999999 028 341227 9199999999999999
 46 41 44 56 72 90105116120119114106100 98101108118128134133125111 93 75181015D3 813121182613499999999999999 1 6 4113 1 9899999999999999
 60 51 48 53 63 76 90102111115115112108105104107112119124127124115103 89181016D3 930115185712799999999999999 151 48134610499999999999999
 76 65 58 56 60 67 77 88 98106112114114112110108109111114117117115109100181017D31126114194011899999999999999 252 56151810899999999999999
 91 81 72 66 62 63 68 76 85 96105112117118116113109106105106108109109107181018D31251118213010999999999999999 420 62175610599999999999999
103 96 88 79 70 65 63 66 73 84 96108117122123119112104 98 95 96 99104108181019D31335123999999999999999999999 553 631919 9599999999999999
110109103 94 83 72 64 61 64 72 85100114124128125117106 95 87 84 87 94104181020D3 0 811114 512899999999999999 7 1 611959 8499999999999999
113118117110 98 83 70 61 58 63 75 91108123131131123110 94 81 73 73 81 94181021D3 124118143013299999999999999 750 582030 7299999999999999
108120126124114 98 81 66 58 58 67 82101119132135130115 97 78 65 59 65 78181022D3 215126145313699999999999999 830 5721 0 5999999999999999
 97116129134129115 96 77 63 57 61 75 94114130138136123102 80 60 49 49 61181023D3 258134151613999999999999999 9 5 572129 4799999999999999
 81104125138139130112 92 73 62 60 69 87108127139141130110 85 61 43 36 43181024D3 338140153814299999999999999 938 5922 0 3699999999999999
 61 87113133143140127108 87 71 64 68 82101122138144137120 94 66 43 29 28181025D3 41814316 01449999999999999910 9 642231 2799999999999999
 42 66 94120138144138123103 85 73 71 80 96116134144143129105 77 49 29 21181026D3 4591441624145999999999999991041 7023 5 2199999999999999
 27 45 72101125139141133117 99 85 78 81 93110128141145136117 90 61 37 21181027D3 5411421649145999999999999991112 782340 1899999999999999
 19 30 51 78105125136135126112 98 89 87 93106122136143140126104 77 51 31181028D3 6271371715143999999999999991143 86999999999999999999999
 20 22 36 57 82105122129128120109100 95 96104116129137139132116 94 69 47181029D3 719130174314099999999999999 020 201216 9499999999999999
 32 25 30 43 62 84103116122121116109104102105112121129133132122107 88 68181030D3 822123181313499999999999999 1 5 25125410299999999999999
 50 38 34 38 49 65 83 98110116118115112108107110114119124125122114102 87181031D3 949118185212599999999999999 2 0 34135010799999999999999
 72 58 48 43 45 53 66 80 941061141171181151121101091091111141151141101031811 1D3113411820 411599999999999999 312 4316 210999999999999999
 93 81 69 58 52 51 55 65 79 93106115121122118113107102 99 991011051081101811 2D3124112223 411099999999999999 442 501832 9899999999999999
108102 92 80 67 58 54 57 66 80 95110121126125119109 98 89 84 84 89 971071811 3D31320127999999999999999999999 6 6 541928 8399999999999999
114117113103 89 74 62 56 59 69 85102118129131126114 99 83 72 67 70 80 941811 4D3 056117135113299999999999999 711 5620 8 6799999999999999
110122126123111 94 77 64 59 64 76 94113128136134123105 84 66 54 52 60 761811 5D3 2 4126141913799999999999999 8 2 592043 5199999999999999
 96116130135129115 96 78 66 64 71 87107125138141132115 91 67 48 38 41 551811 6D3 257135144514199999999999999 845 632118 3899999999999999
 77101123137140132115 96 79 70 71 82100120136144141126102 74 49 32 28 361811 7D3 344140151214599999999999999 924 692152 2899999999999999
 56 82109130141141130112 94 80 74 80 94114132144146135114 86 58 35 22 231811 8D3 427143153814799999999999999 959 742225 2199999999999999
 38 62 90116134142138125108 92 82 81 91107126141147142125 99 70 43 25 181811 9D3 5 914216 4147999999999999991033 802258 1899999999999999
 26 44 70 98121136139133119104 91 85 89102118134145145133112 84 57 34 21181110D3 54913916311469999999999999911 5 852331 1999999999999999
 21 33 54 80105124134134126113100 92 91 98111126138143137121 98 71 47 30181111D3 6291351659143999999999999991138 90999999999999999999999
 23 28 43 65 88109123129127119108 99 94 96105117129137137127108 86 63 44181112D3 711129172713899999999999999 0 4 231212 9499999999999999
 32 30 39 54 74 94110121124121114105 99 97101109120128131127115 97 77 59181113D3 757124175713199999999999999 040 301250 9799999999999999
 45 39 40 49 63 80 97110117119116111105101100104110117122122116105 90 74181114D3 853119183112399999999999999 119 38133910099999999999999
 60 51 47 50 58 70 84 97108114116115111106103101103106110113112107 98 87181115D310 3116191511399999999999999 2 5 47145810199999999999999
 76 66 59 56 58 64 74 86 97107114117116113107102 99 98 98101103103101 96181116D31120117203810399999999999999 3 6 5617 2 9899999999999999
 89 81 73 67 63 63 68 76 87 98108116119118114106 98 92 88 87 90 94 98100181117D31218119231710099999999999999 427 621835 8799999999999999
 99 95 89 81 73 67 66 70 78 89102113121123120112101 89 79 75 75 81 89 97181118D31258123999999999999999999999 547 661923 7499999999999999
104106104 96 87 77 70 68 72 81 94108120126126119106 90 75 64 60 64 74 88181119D3 059106133012799999999999999 652 681959 6099999999999999
102112115112103 90 79 71 69 75 87102117128132127113 95 74 57 47 47 56 73181120D3 2 0115135713299999999999999 743 692031 4699999999999999
 92110122124119107 92 79 72 72 81 95112127135134123103 79 55 38 31 37 53181121D3 249125142413699999999999999 826 7121 4 3199999999999999
 76100119131131123108 92 80 74 78 90106123136140132114 88 60 36 21 20 31181122D3 334132145114099999999999999 9 6 742137 1999999999999999
 54 82108128137135123107 92 81 79 86101118134143140126101 71 42 19  9 13181123D3 417138151914399999999999999 943 792213  999999999999999
 31 58 89115133140135122106 92 84 86 96112129142145136116 87 55 27  8  3181124D3 5 21401548145999999999999991020 842250  399999999999999
 13 35 65 95120135138131118104 93 89 94106122137145143129104 74 43 18  4181125D3 5471391619146999999999999991056 892330  299999999999999
  4 18 42 71100121133134126114102 95 94102114129140143137119 93 64 36 15181126D3 6351351653143999999999999991133 93999999999999999999999
  6 10 26 50 77102120129128121111102 97 99107119130137137127109 84 58 35181127D3 726129172813899999999999999 012  61213 9799999999999999
 19 14 20 36 58 82103117124123117109102 99102109118126130127117101 80 59181128D3 82112418 913099999999999999 057 1413 1 9999999999999999
 40 29 26 32 46 65 85102114120119114108102 99101105111117119116108 96 80181129D3 92212019 111999999999999999 148 2514 9 9999999999999999
 64 50 41 39 44 56 72 88103113118118114107101 96 95 97100104107106103 95181130D31025119202710799999999999999 247 391556 9599999999999999
 85 73 62 54 51 55 64 78 92106115120119114106 97 89 85 83 86 90 951001011812 1D31122120225810199999999999999 356 511749 8399999999999999
 99 93 84 74 66 62 64 72 84 97110119123121114102 89 78 70 68 71 78 87 971812 2D312 9123999999999999999999999 511 621858 6899999999999999
104106103 95 85 75 70 71 78 90104117125128123111 95 78 63 54 52 58 69 841812 3D3 054106125012899999999999999 621 701945 5299999999999999
 99110115112104 92 82 76 77 85 98112125132131122106 85 64 47 38 39 49 661812 4D3 2 8115132613399999999999999 721 762025 3899999999999999
 87105118123120109 96 85 80 82 92106121133137132118 96 71 48 32 26 31 471812 5D3 3 312314 013799999999999999 812 8021 2 2699999999999999
 69 93113126130124111 98 87 83 88 99115130139139129109 83 56 33 20 18 291812 6D3 349130143314099999999999999 857 832137 1799999999999999
 50 76102122132133124110 97 88 86 94107123137143138122 97 69 41 21 12 171812 7D3 43113415 514399999999999999 938 862210 1299999999999999
 33 58 85111128135132121107 94 88 90100116131141142132111 83 54 29 13 101812 8D3 5101351536143999999999999991015 882243 1099999999999999
 21 41 68 96118131134128116102 92 89 94107123136142138122 98 69 42 21 111812 9D3 54713416 7142999999999999991051 892316 1199999999999999
 14 29 53 79104123131130122109 97 90 91 99113127137139129110 84 57 34 18181210D3 6231321639139999999999999991125 892349 1499999999999999
 14 23 41 65 90111124128124115103 94 90 93104117129135131118 97 72 49 30181211D3 65912817111359999999999999912 1 90999999999999999999999
 21 22 34 53 76 98114123124118108 98 91 90 96106118126128121106 86 64 45181212D3 735125174412899999999999999 022 201239 9099999999999999
 32 27 33 46 65 85103116121119113104 95 91 91 97106114119118110 95 77 60181213D3 815121182112099999999999999 056 271325 9099999999999999
 45 37 37 45 58 75 92107116118116109101 94 90 90 95101107110107100 88 74181214D3 85811819 411099999999999999 132 361424 9099999999999999
 60 51 46 48 56 68 83 97109115117113107 99 92 87 86 89 93 97 99 98 93 85181215D3 94711720 910099999999999999 213 461548 8699999999999999
 75 66 59 56 58 65 76 89101110116117113106 97 88 82 78 79 82 87 91 92 91181216D3103811722 5 9299999999999999 3 4 561722 7899999999999999
 87 81 74 68 66 67 73 82 93104113118118113104 92 81 71 66 66 70 77 85 91181217D31129118999999999999999999999 412 661832 6599999999999999
 94 94 90 84 78 74 74 79 87 98109117121120112 99 84 69 57 51 52 60 71 84181218D3 019 95121412199999999999999 530 731920 5199999999999999
 95102104100 93 86 80 79 83 92103115123125121109 92 71 53 40 35 39 52 69181219D3 146104125412599999999999999 643 7920 1 3599999999999999
 88103112114109101 91 85 83 88 98110122129129121104 80 56 35 22 20 30 48181220D3 245114133213099999999999999 744 832040 2099999999999999
 71 94112122123116105 95 88 87 93104118130135132118 95 67 39 18  7  9 24181221D3 33512414 913699999999999999 837 862119  699999999999999
 48 76102121130129120107 96 89 90 98112126137140132112 84 53 24  3 -4  3181222D3 422130144714099999999999999 924 8922 0 -499999999999999
 24 52 83109127134130119106 95 90 94104119134143142129105 73 40 12 -6 -9181223D3 5 713415261449999999999999910 7 902241 -999999999999999
  3 28 59 90115130134128116103 94 91 97110125139145140123 96 63 30  5 -8181224D3 55113416 6145999999999999991048 912323 -999999999999999
 -6  9 36 67 96119130131123111 99 91 91 99113128139142134114 87 55 26  5181225D3 6341321647142999999999999991129 90999999999999999999999
 -4  2 20 47 76102120128126117105 94 89 91100113126135135125105 79 51 27181226D3 716128173113699999999999999 0 6 -41213 8899999999999999
 11  7 16 34 59 85107121125120110 99 89 86 89 98109120126125114 96 74 51181227D3 756125181912799999999999999 048  713 2 8699999999999999
 33 22 22 32 50 72 94111120121115104 93 85 82 85 92101110114112104 90 73181228D3 836121191511499999999999999 131 2114 1 8299999999999999
 56 43 37 39 49 65 84102114120118111100 89 81 77 78 82 90 96101101 96 87181229D3 916120203110199999999999999 215 361518 7699999999999999
 76 65 56 53 56 65 79 94108117120116108 97 86 76 70 68 70 76 83 89 92 92181230D3 9581202234 9399999999999999 3 3 531652 6899999999999999
 89 83 76 70 67 70 78 89102113120121117108 95 81 69 60 56 57 62 71 80 88181231D31046121999999999999999999999 4 0 671818 5599999999999999
