 12 36 67 97118128125113 97 82 75 75 84 99118134139132112 82 49 19 -2-1218 1 1D4 5161281556139999999999999991028 742314-1299999999999999
 -9  9 39 74105126134129115 98 84 78 79 90108127141143131107 74 40 10 -918 1 2D4 6 51341638144999999999999991117 77999999999999999999999
-16 -9 13 46 82113131136128112 95 83 79 83 96115134145143128101 68 34  718 1 3D4 651136172114699999999999999 0 2-1612 2 7999999999999999
-10-14 -3 22 56 91118133134123106 91 81 79 86101120137144139121 94 62 3118 1 4D4 73413518 514499999999999999 048-141245 7999999999999999
  8 -5 -6  8 35 68 99121131128115 99 86 79 79 87103120133137130112 86 5718 1 5D4 815131185013799999999999999 132 -71329 7899999999999999
 31 12  4  8 24 51 80105121126120107 92 81 76 77 86100115124125117101 7818 1 6D4 855126193812699999999999999 213  41417 7599999999999999
 54 34 21 17 24 41 65 90109119120112 99 86 77 72 74 82 93104111111104 9018 1 7D4 934121203111299999999999999 252 171512 7299999999999999
 72 54 40 32 32 41 57 77 96110116114105 93 81 72 68 69 74 82 90 96 96 9218 1 8D410141162138 9799999999999999 330 311620 6799999999999999
 82 70 58 48 44 47 56 70 86100109112109100 88 76 67 61 60 63 69 76 81 8418 1 9D410571122317 8499999999999999 4 8 441747 6099999999999999
 83 79 72 64 58 56 59 67 78 90101108110105 96 84 71 61 53 50 50 55 63 7118 110D41146110999999999999999999999 455 561917 4999999999999999
 77 81 81 77 72 68 66 68 73 82 92101107108104 94 80 65 52 43 38 38 44 5418 111D4 126 81124110999999999999999 6 3 662023 3799999999999999
 66 77 84 87 85 80 75 72 72 76 84 93102108109103 91 75 58 42 31 27 29 3818 112D4 3 3 87133610999999999999999 729 722112 2699999999999999
 52 68 83 92 96 93 87 79 74 73 77 85 96106112111103 87 68 48 32 21 18 2318 113D4 4 2 96142411299999999999999 843 732153 1899999999999999
 36 55 76 93103104 99 90 80 74 73 78 88101112117113101 82 59 38 21 12 1218 114D4 44310515 711799999999999999 938 732230 1199999999999999
 22 41 65 87104112110101 89 78 72 73 81 95109120122114 98 74 49 27 12  718 115D4 5181121544122999999999999991021 7223 4  799999999999999
 11 27 51 77100115118112 99 85 75 71 76 88104119128126113 91 65 39 18  618 116D4 5501181619128999999999999991056 712337  499999999999999
  5 16 37 65 92112122120109 93 79 71 72 81 96115129133126108 82 54 29 1118 117D4 6201221653133999999999999991129 70999999999999999999999
  4  8 25 51 80105120124117102 86 74 70 74 88107125135134122 99 71 43 2118 118D4 649124172613699999999999999 0 9  412 0 7099999999999999
  8  6 16 38 67 94115124122110 94 79 70 70 79 96115131137130113 88 59 3418 119D4 718125175913799999999999999 040  51232 6999999999999999
 16  8 13 29 54 82106121124116101 85 72 67 71 83102120132133122102 75 4818 120D4 747124183413499999999999999 1 9  813 6 6799999999999999
 27 15 13 23 44 70 95114122120108 92 77 67 66 72 87105120127124111 89 6418 121D4 816122191212799999999999999 139 131343 6599999999999999
 41 25 19 23 37 59 84104117120113 99 83 70 63 64 72 87103114118113 99 7918 122D4 846120195611899999999999999 2 8 191426 6399999999999999
 57 40 29 27 35 52 73 94109116115105 91 76 65 59 61 69 82 95105107102 9018 123D4 919117205010799999999999999 240 271517 5999999999999999
 73 56 44 37 39 49 65 83 99110114109 99 84 70 60 54 55 62 73 84 93 96 9318 124D4 95711422 3 9699999999999999 317 371620 5499999999999999
 85 73 62 53 50 53 62 75 89102109111105 94 80 66 54 48 47 52 61 71 81 8818 125D410421112351 8999999999999999 4 2 501738 4799999999999999
 89 86 80 72 65 63 65 71 81 92102109109104 93 78 62 48 39 36 38 47 58 7118 126D41140110999999999999999999999 5 5 6319 3 3699999999999999
 83 90 93 90 85 79 75 74 78 85 94103110112107 95 78 59 42 29 23 24 33 4818 127D4 157 93124711299999999999999 638 742019 2299999999999999
 66 83 96103103 97 90 83 79 80 86 95106115118113 99 79 56 34 18 10 11 2218 128D4 328104135411899999999999999 818 792123  999999999999999
 41 65 88106115115107 96 87 81 81 86 98111123126120103 79 51 26  8 -1  118 129D4 428116145412699999999999999 932 802219 -299999999999999
 15 39 69 96116125122112 97 86 79 79 88102120132136127107 78 47 19 -1 -918 130D4 5161251547136999999999999991027 7823 9 -999999999999999
 -4 15 44 78107126132125110 94 81 75 78 90109128141143131107 75 41 13 -518 131D4 5571321637144999999999999991112 752355-1199999999999999
-11 -2 22 55 90117132133122104 86 74 71 77 93115135147145130103 69 36 1018 2 1D4 6341341724148999999999999991153 71999999999999999999999
 -5 -7  7 35 70102125134129114 94 77 67 67 77 96119138146142124 95 62 3218 2 2D4 7 913418 914799999999999999 037 -81233 6699999999999999
 11  0  4 23 53 86113129131121102 83 68 61 64 77 98120135140132113 85 5618 2 3D4 741132185314099999999999999 114  01312 6199999999999999
 31 16 12 21 43 72100120128124110 90 72 60 57 63 77 97115127128118 99 7518 2 4D4 810129193712999999999999999 148 111353 5799999999999999
 51 33 25 28 41 63 88110122124115 98 79 64 55 54 62 76 92106114113103 8718 2 5D4 838124202311599999999999999 217 251436 5399999999999999
 67 51 40 38 45 61 80100114120116104 88 71 58 52 53 60 71 84 94 99 98 9018 2 6D4 9 6120211510099999999999999 243 381525 5199999999999999
 78 65 55 51 53 62 76 92105113114107 95 80 66 56 51 51 56 65 74 82 86 8618 2 7D4 9351152227 8799999999999999 3 8 511625 5099999999999999
 82 75 68 63 63 67 75 86 97105109107100 89 76 64 55 49 48 50 56 64 71 7718 2 8D41012109999999999999999999999 335 621748 4899999999999999
 80 80 78 75 73 74 77 83 90 97102104102 97 87 76 64 53 46 43 43 47 55 6418 2 9D4 034 8011 510499999999999999 417 731925 4299999999999999
 73 80 84 86 85 83 82 82 85 89 94 99102101 97 88 76 63 51 41 36 35 40 4918 210D4 3 0 86122510299999999999999 616 822038 3599999999999999
 62 75 87 94 96 94 90 86 83 83 86 92 98104105101 91 77 62 46 35 28 28 3518 211D4 359 96134610599999999999999 831 822130 2799999999999999
 49 66 84 97105105100 92 84 80 79 84 93102110112106 94 76 57 40 27 21 2418 212D4 434106144611299999999999999 933 792211 2199999999999999
 35 54 76 96109114110101 89 80 75 77 85 98111119119111 94 72 50 31 19 1618 213D4 5 31141532120999999999999991013 752248 1699999999999999
 24 41 65 89109119119111 97 83 74 72 78 91108122129126112 90 65 41 23 1318 214D4 5311211611129999999999999991046 712321 1399999999999999
 15 29 52 79104120125119105 89 75 68 70 81100119133136128109 83 55 31 1618 215D4 5571261648136999999999999991117 672352 1199999999999999
 12 20 40 68 96117128126114 96 78 66 63 71 88110130140139125101 72 44 2318 216D4 6221291723141999999999999991147 63999999999999999999999
 13 15 30 56 85111127130121104 83 67 59 61 74 96119136143136117 89 60 3518 217D4 646131175914399999999999999 021 121218 5999999999999999
 19 16 25 46 75102122131127111 90 71 58 54 61 79103125138139128105 77 5018 218D4 710131183614099999999999999 048 151250 5499999999999999
 30 21 24 39 64 92115129129118 99 77 59 50 51 63 83106125134131116 93 6618 219D4 734131191513599999999999999 115 201325 4999999999999999
 44 31 28 37 57 82106123129122106 85 65 51 45 50 64 84105121126120104 8318 220D4 758129195912699999999999999 143 2814 3 4599999999999999
 61 45 38 41 54 74 97115125124113 94 74 56 45 42 49 63 82100112115109 9518 221D4 825125205011599999999999999 211 381447 4299999999999999
 78 62 52 50 57 71 88106118121116103 85 66 51 42 41 47 60 75 9010010410018 222D4 855121215710499999999999999 243 501540 4099999999999999
 91 79 69 64 65 72 84 97109116116109 97 80 64 50 41 39 43 53 65 78 89 9518 223D4 9321172339 9699999999999999 319 641651 3999999999999999
 96 92 86 81 78 80 85 92101108112112106 95 81 66 51 41 36 36 43 53 67 8018 224D41025113999999999999999999999 411 781824 3599999999999999
 90 97 99 97 94 92 90 91 94 99105109111108100 87 71 54 40 31 27 31 42 5718 225D4 2 3 99115511199999999999999 6 5 901958 2799999999999999
 75 91103109110106100 95 92 92 95102110115116109 95 77 56 37 24 18 21 3318 226D4 334110133411699999999999999 830 912112 1899999999999999
 52 75 97113120120112102 93 87 86 91101114124126120104 81 56 33 17  9 1418 227D4 423121144912799999999999999 939 8522 9  999999999999999
 30 54 82107124129125112 97 85 78 79 88104121134138129110 83 53 28 11  518 228D4 5 11291548138999999999999991025 782257  599999999999999
 13 34 63 94119133134123105 87 74 69 73 88109130144146134111 80 48 23  818 3 1D4 53413516391479999999999999911 4 692338  599999999999999
  6 19 45 78109130138132115 93 74 62 60 70 90115137150149133106 73 43 2118 3 2D4 6 41381726151999999999999991140 60999999999999999999999
 10 14 33 63 95122137138124102 78 60 52 55 69 93120140150144126 97 66 3918 3 3D4 63213918 915099999999999999 015 101216 5299999999999999
 23 19 29 53 83112132139131111 86 64 49 45 53 71 97121138143134114 86 5918 3 4D4 657139185114399999999999999 047 191252 4599999999999999
 39 30 33 49 74102124136134119 96 71 52 42 42 54 74 98119132132121100 7618 3 5D4 721136193213399999999999999 115 301327 4099999999999999
 56 44 42 51 70 94116130133123105 81 59 44 39 43 56 76 97113121118106 8818 3 6D4 743133201412199999999999999 139 4114 4 3999999999999999
 70 57 53 57 70 88108123129124111 91 69 52 41 39 46 59 76 93105109105 9518 3 7D4 8 512921 010999999999999999 2 1 531443 3999999999999999
 82 70 64 65 73 86101114122122113 98 80 63 50 43 43 49 61 74 86 95 98 9518 3 8D4 8281232158 9899999999999999 223 631528 4299999999999999
 88 81 75 74 77 85 96106114116113103 90 75 61 51 46 47 51 60 70 79 86 9018 3 9D4 8541162337 9199999999999999 247 731627 4699999999999999
 91 89 86 84 84 88 93100105109109105 97 87 75 64 55 50 48 50 56 64 73 8118 310D4 931109999999999999999999999 318 841756 4899999999999999
 88 92 94 94 94 93 94 95 97100102103101 96 89 80 69 59 52 47 47 50 58 6918 311D4 230 94104810399999999999999 457 931939 4699999999999999
 81 91 99104104101 98 94 92 92 94 98102103101 95 86 74 61 50 43 41 45 5518 312D4 33510413 310399999999999999 832 922050 4199999999999999
 70 86100110113111105 97 89 85 86 90 98106111110103 91 75 59 45 37 35 4218 313D4 4 6113142511199999999999999 926 852139 3599999999999999
 57 76 96111120121114102 90 81 78 81 91103115121120110 93 73 53 38 30 3218 314D4 43312115191219999999999999910 0 782218 3099999999999999
 44 64 88109123128123110 94 80 71 71 80 95113126132127112 90 66 45 31 2718 315D4 45712816 2132999999999999991030 702252 2799999999999999
 34 52 77103123133131118100 81 67 62 68 83104124137140130109 83 57 37 2718 316D4 52013316411409999999999999911 0 622323 2699999999999999
 28 42 66 94119134137127108 85 66 56 56 68 89114135146143127102 74 49 3218 317D4 5431371719146999999999999991130 542353 2799999999999999
 27 36 56 84112132140134116 92 69 52 46 52 70 97123142149141120 92 64 4318 318D4 6 514017571499999999999999912 0 46999999999999999999999
 32 34 49 74103127140139125101 75 53 40 40 52 75104129145146134110 82 5818 319D4 627141183614799999999999999 021 311233 3999999999999999
 42 38 47 67 94119137141132111 84 58 40 33 38 54 80109131142139124100 7618 320D4 649141191814399999999999999 049 3813 7 3399999999999999
 57 48 50 64 86110130139136120 96 69 46 32 30 38 58 84109128135129114 9318 321D4 71314020 413599999999999999 117 471344 2999999999999999
 74 62 59 66 82102122134136126107 82 58 39 30 30 41 60 8410512012411910618 322D4 739136205712499999999999999 146 591427 2999999999999999
 91 78 72 73 82 97113126132128115 96 73 53 38 31 33 43 60 80 9711011411118 323D4 8 613222 511499999999999999 217 721518 3199999999999999
103 94 87 85 88 96106117124125119107 90 72 55 42 36 36 44 56 72 8810010618 324D4 840125235010899999999999999 253 851626 3599999999999999
108106101 98 97 99103109114118118113104 91 76 62 49 41 38 41 50 63 78 9218 325D4 929118999999999999999999999 348 9718 0 3899999999999999
103110112111108106104103104107110112112108 99 86 71 56 44 37 36 43 55 7218 326D4 2 6112112211399999999999999 6511031937 3699999999999999
 90106116121120115108101 97 95 98104111116116110 97 80 61 45 34 31 37 5118 327D4 317121133211799999999999999 848 952051 3099999999999999
 72 94113126130125115103 92 85 84 90102115125128122107 85 62 43 30 27 3518 328D4 356130145112899999999999999 936 842147 2699999999999999
 53 78104124135135124108 91 78 71 74 85103121135138131112 87 61 39 27 2718 329D4 4281361550139999999999999991014 712232 2699999999999999
 39 62 91117135141134116 95 75 62 58 66 84107129144146134112 84 57 37 2918 330D4 4561411640146999999999999991049 582310 2899999999999999
 33 51 78107131143141126103 78 58 48 49 62 86113136149147132107 78 53 3818 331D4 5231441725150999999999999991124 472344 3599999999999999
 35 45 67 96123141145135113 85 60 43 37 44 63 91119140149143125 98 72 5218 4 1D4 54714618 7149999999999999991157 37999999999999999999999
 43 47 62 87115136146141123 96 67 45 32 32 45 68 97123140144134114 89 6818 4 2D4 610146184714499999999999999 014 431231 3199999999999999
 55 53 62 82107129143143130106 78 52 34 28 33 49 74102124136135123103 8318 4 3D4 632145192713799999999999999 040 5213 4 2899999999999999
 67 61 66 80100121137142134115 90 63 42 30 28 38 57 81105122129124112 9518 4 4D4 65314220 712999999999999999 1 4 611337 2899999999999999
 80 71 71 80 96114129137134121100 76 53 37 31 34 46 64 8610411712011410318 4 5D4 714138205112099999999999999 128 701411 3199999999999999
 91 82 79 83 94108121130131123107 87 67 50 39 36 41 53 70 8710211011210718 4 6D4 737132214411299999999999999 154 791450 3699999999999999
100 92 88 88 94103113121125121112 97 80 64 51 44 43 49 59 72 86 9710410718 4 7D4 8 112523 110799999999999999 224 871538 4399999999999999
105101 97 96 97101107112116116112103 92 79 67 57 51 50 54 61 71 83 9310118 4 8D4 831117999999999999999999999 3 6 961645 5099999999999999
106107107105103102103105107108108105100 92 83 73 64 57 54 55 60 68 80 9118 4 9D4 1 6107 92510899999999999999 4571021821 5499999999999999
102110114114111107103 99 98 98100103104103 98 91 81 70 60 54 53 56 66 7918 410D4 23411412 610499999999999999 815 981948 5299999999999999
 94107117122120114106 97 90 88 90 95102108110107 99 86 72 60 51 49 54 6618 411D4 315122135711099999999999999 9 4 882049 4999999999999999
 83101117127129123112 98 86 79 78 84 95107117121117105 89 71 56 47 46 5518 412D4 34412915 012199999999999999 936 772135 4599999999999999
 71 92113128135131119102 84 71 66 70 82 99116128131124108 87 67 51 43 4718 413D4 4 913515481319999999999999910 6 662213 4399999999999999
 60 81106126138139128109 87 67 56 55 65 84107127139139128107 83 61 47 4418 414D4 4331401631141999999999999991036 542247 4499999999999999
 52 71 96121139144137118 92 68 50 42 47 64 89117138148144127102 77 57 4718 415D4 45614417131489999999999999911 7 422320 4799999999999999
 49 63 87114136147144128102 73 49 34 32 43 67 97126146152143123 97 73 5718 416D4 5191481754152999999999999991140 312352 5299999999999999
 53 60 79105130146149138114 84 54 33 23 27 44 72105133149151139116 92 7218 417D4 5431501837152999999999999991214 23999999999999999999999
 62 63 75 96121142150145126 98 66 39 22 18 26 48 78110135148146132110 8918 418D4 6 8151192214999999999999999 024 611251 1899999999999999
 75 71 77 92113134147148135112 82 53 30 18 18 30 53 8311213314213812510718 419D4 634149201214299999999999999 056 711331 1699999999999999
 91 83 83 91106124139145140123 99 71 46 28 20 22 36 58 8511012713413012018 420D4 7 214521 813499999999999999 129 821416 2099999999999999
107 97 93 95104116129138138129113 90 67 46 32 26 29 42 61 8410511912512418 421D4 733139221912699999999999999 2 6 931510 2699999999999999
118110104103105111119127131129120106 88 69 52 40 35 36 46 61 80 9811212018 422D4 8 9131235412299999999999999 2531031617 3499999999999999
122120115112109109112115119121119114104 91 76 62 50 43 42 47 60 76 9310818 423D4 9 6121999999999999999999999 4301091741 4199999999999999
119124124121116111107104105107110113112108 99 87 72 59 49 45 47 58 74 9218 424D4 132125112511399999999999999 72110419 7 4499999999999999
109122129129124115105 97 92 91 95103110116116110 97 81 65 52 46 47 58 7518 425D4 232130133311799999999999999 836 912018 4599999999999999
 96115129135133123108 93 82 76 77 85 98112122125119106 87 68 53 46 49 6218 426D4 311135145112699999999999999 920 752113 4699999999999999
 82105125137140131115 95 77 64 60 65 79 99118131134127110 88 68 54 49 5418 427D4 342140154913499999999999999 956 602158 4999999999999999
 70 93117136144140124102 78 58 47 47 58 78103125138140129110 87 67 55 5418 428D4 4111441638141999999999999991031 462237 5399999999999999
 64 83108130144146134112 84 59 41 34 40 56 82110132143142128106 83 66 5918 429D4 43714717221449999999999999911 5 342310 5999999999999999
 63 77 99123142149142123 95 66 42 28 27 38 60 89117138145139122100 80 6818 430D4 5 114918 3145999999999999991138 262341 6699999999999999
 66 75 93115136148147132107 77 49 30 21 25 42 68 98124140143133115 95 7918 5 1D4 5251491843144999999999999991210 21999999999999999999999
 73 76 89108129144148139118 90 61 37 23 20 30 50 78107129139138125108 9118 5 2D4 548149192114099999999999999 0 9 721242 2099999999999999
 81 80 88103122138146142127103 75 49 30 22 25 39 62 8911313013613111810218 5 3D4 61114720 013699999999999999 037 791314 2299999999999999
 90 85 88 99115130141142132113 88 63 42 29 26 33 50 72 9711612813012411218 5 4D4 635143204213099999999999999 1 6 851348 2699999999999999
100 93 92 98109122133138133120100 78 57 41 34 34 44 60 8110111612412411818 5 5D4 7 1138213112599999999999999 138 911425 3399999999999999
109101 97 99105114124130130122109 91 73 56 45 41 43 53 68 8610211412112118 5 6D4 729131223212199999999999999 217 9715 7 4199999999999999
117110105103104108115120123120113101 87 72 60 52 49 52 60 73 8810211211918 5 7D4 8 2123235112099999999999999 31010316 1 4999999999999999
120118114109106105107109112113111106 98 88 77 67 59 56 57 64 75 8810111218 5 8D4 856113999999999999999999999 4511051712 5599999999999999
120123122117111105101 99100102105106105101 93 84 74 65 60 59 65 75 8810318 5 9D4 11012311 710699999999999999 715 991834 5999999999999999
115124128125118109 99 91 88 88 93 99105108107101 91 79 68 61 60 65 76 9118 510D4 2 4128131710999999999999999 821 871944 5999999999999999
108122131132126115100 86 77 74 77 86 98109116117110 98 83 69 61 60 66 8018 511D4 241133143411799999999999999 9 0 742040 5999999999999999
 98117131138135123105 86 70 60 60 68 83101117127127118102 84 69 61 61 7118 512D4 311138153012899999999999999 933 592127 6099999999999999
 88109128141142132113 90 67 51 44 48 63 85109128138136123104 84 69 62 6618 513D4 33914316191389999999999999910 7 4422 8 6299999999999999
 79100122140148142125 99 71 47 33 31 41 62 91118139147142125103 83 70 6718 514D4 4 614817 6147999999999999991041 302248 6799999999999999
 75 92114136150151137113 82 52 30 19 22 38 65 98128147152144125103 84 7518 515D4 4341521752152999999999999991118 192326 7499999999999999
 75 86106129147155148128 98 65 36 17 11 19 40 71106135152154142123102 8718 516D4 5 21551838154999999999999991157 11999999999999999999999
 82 86100120141154155141116 84 51 25 11  9 20 45 7911213815115113812010318 517D4 533156192715399999999999999 0 4 821239  899999999999999
 93 91 97112131148155150132104 72 43 21 10 12 26 52 8511613814814513411818 518D4 6 5155201814899999999999999 043 901324  999999999999999
105 99100108121137149150141121 95 66 41 24 16 19 34 60 8911613414214013018 519D4 639151211514299999999999999 124 981413 1699999999999999
118109105107114125137143141131113 90 66 45 31 25 29 43 66 9111412913613518 520D4 718144221813799999999999999 21210515 7 2599999999999999
128119112109110115123130133131122107 89 70 53 41 36 39 52 71 9211112513218 521D4 8 5133232913399999999999999 31810916 7 3699999999999999
132127120113109107109113118121120115106 92 77 63 52 47 49 58 74 9311112418 522D4 921121999999999999999999999 5 01071715 4699999999999999
131132128120111104 99 97100104109112112108 99 86 73 62 56 56 64 78 9511218 523D4 037133113111399999999999999 652 971827 5599999999999999
126133134127117105 93 85 82 84 91100108113113106 95 82 70 62 62 69 8310018 524D4 132134132611499999999999999 8 5 821934 6199999999999999
117131137135125110 93 78 68 65 70 81 95108118120114102 88 75 67 67 75 8918 525D4 214137144612099999999999999 854 652032 6699999999999999
107125137140133118 98 78 61 52 51 59 75 95112124127120106 91 78 71 72 8218 526D4 250140154612799999999999999 934 502120 7099999999999999
 98117133142141128108 83 61 44 37 41 54 75 99119131132123108 91 79 75 7918 527D4 3221431636133999999999999991011 3722 2 7599999999999999
 91109128141145138119 94 67 44 31 28 36 55 81108128138136124107 91 81 7918 528D4 3511461720138999999999999991046 282240 7999999999999999
 87101120138147145130107 78 51 31 22 24 38 62 91118136142136121104 90 8318 529D4 41914818 0142999999999999991119 212314 8399999999999999
 86 96113132145149140120 92 63 38 23 19 26 45 73103127141142133117100 9018 530D4 4461491837143999999999999991152 192347 8799999999999999
 87 93107125141149146131106 78 50 30 20 21 34 57 86114134143140128112 9818 531D4 5141501914143999999999999991224 19999999999999999999999
 91 93102117134146148139119 93 65 42 27 22 28 45 71 9912313814113512210718 6 1D4 541149195014299999999999999 020 911257 2299999999999999
 97 94 99111126140147143129107 81 57 38 28 28 38 58 8410912813813812911718 6 2D4 610147202813999999999999999 053 941330 2799999999999999
105 98 99105118131141142134118 96 73 52 38 33 37 50 71 9411513013613312418 6 3D4 640143211013699999999999999 129 9814 6 3399999999999999
113105101102110121131136134124107 88 68 52 42 40 47 62 8110211912913312918 6 4D4 713136215613399999999999999 2111001444 4099999999999999
121112105102104111119126128124114100 83 67 55 48 49 57 71 8810612012813018 6 5D4 752128225013099999999999999 3 41021527 4899999999999999
127120112105102103107112117118115107 96 83 70 61 56 57 65 77 9310812112818 6 6D4 849118234713099999999999999 4191021619 5599999999999999
130126119110102 97 96 98102106109109105 97 87 76 68 63 64 70 82 9611112318 6 7D41026110999999999999999999999 554 961722 6399999999999999
130131126117106 96 88 84 85 90 97103107107102 94 84 75 69 69 75 8610011518 6 8D4 042131122810899999999999999 715 841832 6899999999999999
127133133126113 98 84 73 69 71 79 90102111114111103 92 81 74 73 79 9010518 6 9D4 12813414 311499999999999999 810 691940 7399999999999999
121133138135123105 85 68 56 53 58 70 88105118125122112 99 86 78 77 83 9618 610D4 2 7138151212599999999999999 853 532039 7699999999999999
113129140143134117 93 69 50 39 38 47 66 89112129136132120105 90 82 82 9018 611D4 24314316 913699999999999999 935 372132 8199999999999999
104122139148146131108 79 52 33 24 26 41 65 94121140146140126108 94 87 8818 612D4 31914817 0146999999999999991016 232220 8699999999999999
 98114134149154146126 97 65 37 19 13 19 39 69102131149153145128110 97 9218 613D4 35415417491539999999999999911 0 1323 7 9299999999999999
 95107125144157157144118 86 53 26 10  7 18 41 7511013815415614512811110018 614D4 4311591838157999999999999991145  72352 9799999999999999
 97102116135153161156139110 77 45 21  8  7 21 48 8311714315615514312611118 615D4 5101611926157999999999999991232  6999999999999999999999
103102109124142156160152132103 70 41 20 10 12 29 57 9212314415415113812318 616D4 550161201415499999999999999 0371011320  999999999999999
111105106114128144155155145124 97 68 42 25 18 22 40 68 9912614314914513318 617D4 63215621 314999999999999999 12410414 8 1799999999999999
120110105107115128140147146135117 93 68 47 33 29 35 53 7910512714114413918 618D4 720148215214499999999999999 2171051456 2999999999999999
128117108104105111122131136134126111 91 71 55 45 42 50 66 8811012813814018 619D4 817136224314099999999999999 3191031545 4299999999999999
134124113104 99 98103110118122123117107 92 77 65 57 56 63 78 9611412813618 620D4 933123233313799999999999999 435 981637 5699999999999999
137130120108 98 91 88 90 96103109113112106 96 85 75 69 69 75 8710211712918 621D41118113999999999999999999999 6 4 881734 6899999999999999
136135127116102 89 80 75 76 81 90 99107110109102 93 85 79 78 83 9410712118 622D4 023136131111099999999999999 723 741839 7899999999999999
131136134124110 93 78 66 60 61 69 80 94106113114110101 93 86 85 90 9911218 623D4 110136144111499999999999999 822 601944 8599999999999999
125134138133120102 83 65 52 47 50 60 76 94110119121117107 97 91 89 9410418 624D4 154138154612299999999999999 910 472044 8999999999999999
117130138139130114 92 70 52 40 37 43 58 78100118128129122110 99 93 92 9818 625D4 234140163512999999999999999 950 372135 9299999999999999
109124136142139126106 81 58 40 31 31 42 61 86110128136134124110 99 94 9518 626D4 3111421716136999999999999991027 302220 9399999999999999
103116131143145137120 95 69 46 31 25 30 46 71 98122137142136123108 98 9518 627D4 34614517531429999999999999911 3 252258 9499999999999999
 98109125140148146133111 84 58 37 26 25 35 56 84112133144144134119105 9718 628D4 4191491827146999999999999991137 242334 9699999999999999
 96104118134147151144126101 73 49 32 25 28 44 69 9812414214714212911310218 629D4 45115119 0147999999999999991210 24999999999999999999999
 97100111127143152151138117 90 64 42 30 28 37 57 8411213414614613712210818 630D4 523153193214799999999999999 0 7 971242 2799999999999999
 99 98104118134148152146130106 80 56 39 31 34 49 72 9912414014614213011618 7 1D4 55615220 514699999999999999 041 971314 3199999999999999
104 98100109124139148148138119 96 71 52 39 37 45 62 8711113114214413612318 7 2D4 630149203814499999999999999 117 981346 3699999999999999
110101 98102113126138144140128109 86 66 51 43 45 57 76 9912013514213913018 7 3D4 7 6144211314299999999999999 157 981418 4399999999999999
117106 98 97102113124133135130117100 81 64 53 50 56 69 8910912613613913418 7 4D4 749135215113999999999999999 243 971453 5099999999999999
124112101 95 94 99108117124125120110 95 79 67 60 59 67 81 9811512913613618 7 5D4 843126223213799999999999999 339 941532 5999999999999999
130119107 97 90 88 92 99107114116114106 95 83 74 69 70 77 9010511913013518 7 6D410 0116231913699999999999999 447 881620 6899999999999999
134127115102 90 81 78 81 87 96104110111108100 91 83 79 80 86 9610912213218 7 7D41145111999999999999999999999 6 3 781723 7899999999999999
136134125111 95 81 70 65 67 75 86 98108114114110102 94 89 88 9210111312518 7 8D4 0 9136133511599999999999999 713 651839 8899999999999999
135138135123106 87 69 56 51 53 63 78 95111121125122114104 97 94 9710611718 7 9D4 1 113815 012599999999999999 812 511958 9499999999999999
130140143137122101 78 57 42 36 40 53 73 96117132137133124112102 9910111018 710D4 15214316 413799999999999999 9 6 3621 6 9999999999999999
123137147149140121 95 68 44 29 24 30 47 7310212714314814313011610610210518 711D4 240150165714899999999999999 957 2422 510299999999999999
115130146156155142119 89 59 34 19 16 25 46 7711013615215614713211710710318 712D4 3271571745156999999999999991048 15225610399999999999999
108120138154163159143116 84 52 27 13 12 24 50 8511914515915914813111510618 713D4 4141631830160999999999999991137 11234410499999999999999
104111126145161168161142112 78 47 24 12 14 30 59 9512815116115714312611118 714D4 5 01681913161999999999999991225 11999999999999999999999
103104113130150164168158137107 74 46 25 17 21 41 7210713615415915213611918 715D4 547168195315999999999999999 0291021310 1699999999999999
106100102114132150162162152130102 72 47 31 26 35 57 8711814115415414412718 716D4 635163203215699999999999999 1151001353 2699999999999999
112100 96100112129145153153142122 96 72 52 41 41 52 7410112614415114713518 717D4 72615421 915199999999999999 2 3 961432 3999999999999999
119104 95 92 96107122134141140130113 93 74 60 54 58 71 9111313214414613918 718D4 821141214514699999999999999 255 921510 5499999999999999
126111 98 89 86 90 99111121126126119107 93 80 71 69 75 8710412113514114118 719D4 926127222314299999999999999 355 861547 6999999999999999
132119105 92 83 80 82 89 98107113115112105 96 88 83 83 89 9911212513413818 720D4105311523 513899999999999999 5 7 801628 8399999999999999
136127114100 87 77 72 72 77 85 94103108110107102 97 94 95 9910711612613318 721D41252110235613699999999999999 630 711725 9499999999999999
136132123110 95 81 70 63 62 66 75 86 9810711311411110710310210411011812618 722D41441114999999999999999999999 744 61185210299999999999999
133135131121107 90 74 61 54 52 58 69 8410011312112211911310810510611011818 723D4 054135154812299999999999999 842 52202010599999999999999
127134136132120104 84 66 53 45 45 54 69 8810812213013112511610910410511018 724D4 151136163213199999999999999 929 44212410499999999999999
120130138139133119 99 77 58 45 39 42 54 75 9811913413913612711510610210418 725D4 24114017 7140999999999999991010 39221110299999999999999
112125137144143133115 93 69 50 38 35 43 61 8511113214414513812511110310018 726D4 3251451739146999999999999991047 35224810099999999999999
106117132145151146132110 84 61 43 34 36 49 72100125143150147134119106 9918 727D4 4 415118 8151999999999999991121 332321 9999999999999999
100110125142153155146127102 75 53 38 34 41 60 8711513815115214312711110018 728D4 4401561837153999999999999991153 342353 9799999999999999
 97102116134151159156142119 92 66 46 36 38 51 7510313014815414913611810418 729D4 51515919 4154999999999999991224 35999999999999999999999
 96 96106124142156160152134108 81 58 43 39 46 65 9211914115315314212610918 730D4 549160193015499999999999999 025 951253 3999999999999999
 97 92 97111130147156155144122 97 72 54 44 46 59 8210913214815314713311518 731D4 625157195715399999999999999 059 921321 4499999999999999
100 91 90 99114132146152147133111 87 66 53 50 58 75 9912214115014913812218 8 1D4 7 3152202415199999999999999 135 901349 5099999999999999
105 92 86 89 99115131141144137121101 81 66 58 60 72 9111313214514814212918 8 2D4 745144205214899999999999999 215 861418 5899999999999999
112 97 86 82 86 97111125133134127113 96 81 70 68 73 8610412213714414413518 8 3D4 836134212414599999999999999 3 1 821450 6799999999999999
121104 90 81 78 81 91104115123124119109 97 86 80 80 87 9911412813814213918 8 4D4 94312522 314299999999999999 356 781530 7999999999999999
129114 99 85 75 71 74 82 94105114118117111104 96 92 93 9910811913013714018 8 5D41117118225314099999999999999 5 3 711623 9299999999999999
136126111 95 80 69 63 64 71 82 9510711612011911510910510410711312213013718 8 6D41319120235814099999999999999 621 63174610499999999999999
140136127111 93 76 62 54 53 59 71 8710411812713012812211611211211512213118 8 7D41459130999999999999999999999 738 52193511199999999999999
139143141131114 93 71 54 43 41 48 62 8310612513814213913112211511211512218 8 8D4 11114316 314299999999999999 846 4121 111299999999999999
133144151149137117 92 67 46 33 31 39 58 8411213514915314713512211311011318 8 9D4 217151165115399999999999999 945 3022 211099999999999999
123138152160157143120 90 61 39 25 24 35 59 9012214615915914913311810810618 810D4 3161601732161999999999999991038 23225010599999999999999
111125144161169164147120 87 57 34 21 22 38 6710113315516516014512711010118 811D4 4101691810165999999999999991126 20233310099999999999999
101110129150168174167147117 83 53 32 23 28 48 8011514416216515513611610118 812D4 5 01741845166999999999999991210 22999999999999999999999
 94 97110131154170174165143112 79 52 35 30 40 64 9712915316416114612410518 813D4 549175191716599999999999999 014 931250 3099999999999999
 91 87 93110132154167169157134105 76 54 42 43 58 8411414115716115213311218 814D4 637170194716299999999999999 056 871326 4199999999999999
 94 83 82 91108130148158157145123 98 75 60 55 61 7910412914815715414112118 815D4 725159201515899999999999999 138 811358 5599999999999999
100 85 77 78 88105124139146143132114 94 79 70 71 81 9912013815015214412918 816D4 815146204215399999999999999 223 761426 6999999999999999
109 92 79 74 76 85100115126131129120107 95 86 83 88 9911413014214714513418 817D4 912131211014799999999999999 312 731452 8399999999999999
119102 86 76 72 74 81 92104113118118113106 99 96 9710211212313314014113618 818D41026119214314299999999999999 410 721519 9699999999999999
126112 97 84 75 70 71 76 84 9410311011311311010810710811211812513113513518 819D41227113222913699999999999999 524 70155810799999999999999
130122110 96 84 74 68 66 69 76 86 9710711411811811711611511611812312713118 820D41444118234513199999999999999 652 66175611599999999999999
131128121110 97 84 72 64 61 63 71 83 9711112112712812512111711511511812418 821D41543128999999999999999999999 8 7 61202211499999999999999
129132131124113 98 82 68 58 55 58 69 8510311913113713512912111411011011518 822D4 115132161713799999999999999 9 3 55212411099999999999999
124132137136129115 97 78 62 52 50 56 71 9211313114214513912811710810410718 823D4 223138164614599999999999999 947 5022 310499999999999999
116128139145143132114 93 72 55 47 48 59 7910312714415114813712310910110018 824D4 3141451713151999999999999991025 462236 9999999999999999
107121137149153147132110 85 64 49 44 50 67 92118141154155146130113100 9518 825D4 3561531738156999999999999991059 4423 6 9599999999999999
 98111129147158159148128102 76 56 45 45 57 80108134152159153138119102 9118 826D4 43416018 2159999999999999991130 432335 9099999999999999
 90100118139156164160144119 92 67 51 45 52 70 97125148159158146126106 9118 827D4 5101641825160999999999999991159 45999999999999999999999
 84 89104126147162165156135108 81 61 50 51 64 88116141157161152133111 9218 828D4 545165184716199999999999999 0 5 841226 4999999999999999
 81 80 90109132152163161147124 97 73 58 54 62 80107133152160156141119 9718 829D4 62216319 916099999999999999 037 791252 5499999999999999
 81 74 78 92113136152158152136112 88 70 61 64 77 9912414515715714612710418 830D4 7 1158193215999999999999999 110 741318 6199999999999999
 85 73 70 77 94115135148150142125104 85 73 70 78 9411513615115615013511418 831D4 743151195715699999999999999 147 701345 7099999999999999
 92 76 67 68 77 94113130140141132117100 87 81 83 9310912814315115014012318 9 1D4 833141202415299999999999999 228 661415 8199999999999999
103 85 71 65 66 76 91108122130131125115104 96 94 9810812113414414714313218 9 2D4 937132205814799999999999999 317 641450 9399999999999999
116 98 81 69 63 64 72 85 9911212112512311811210810711111812713514114213818 9 3D411 9125214414299999999999999 420 63153810799999999999999
128114 98 82 70 62 61 65 75 8910311512312712712412111912012212713213713918 9 4D4132312723 213999999999999999 544 60171711999999999999999
137130118102 85 70 60 55 56 65 79 9611312613513813613112612212112312713418 9 5D415 1138999999999999999999999 715 54195412199999999999999
139141137126109 90 70 55 47 47 56 72 9411613414514914413612611811511612318 9 6D4 049141155314999999999999999 831 46211111499999999999999
134144149147135116 92 69 50 39 39 50 71 9812414515615614713311910910511018 9 7D4 213150163115799999999999999 932 38215910599999999999999
121137152160158144121 92 65 44 34 36 50 76107136156163158143124108 97 9618 9 8D4 31716117 5163999999999999991022 332239 9599999999999999
104122143161170166149121 90 61 41 33 38 58 88121148164166154133111 93 8518 9 9D4 41217017361679999999999999911 7 332317 8599999999999999
 88101124149168175168148118 85 58 42 38 49 73105137159168162143118 95 8018 910D4 5 217518 5168999999999999991146 372355 7599999999999999
 75 82101127152170175164141111 81 58 47 49 65 93124150165165152128101 8018 911D4 5491751831167999999999999991221 46999999999999999999999
 68 68 79101128153167168155132103 79 63 58 66 86113140159165157137111 8618 912D4 634169185616599999999999999 033 661252 5899999999999999
 68 61 64 79102128148159156143121 98 80 71 73 86107131151161158144122 9618 913D4 719159191916199999999999999 111 611319 7199999999999999
 75 61 58 65 81103125141147143130112 96 85 83 9010512414215415614713010818 914D4 8 6147194115699999999999999 150 581343 8399999999999999
 86 69 59 59 67 83101119131134130120108 98 94 9710611913414515014613511718 915D4 85713420 415099999999999999 232 5814 6 9499999999999999
 98 80 67 61 63 70 83 9811212112412211610910510510911712713614214213612418 916D410 3124203014399999999999999 319 61143110499999999999999
109 93 80 70 65 66 72 82 9310511311811911711511411511812312813213413312718 917D4115011921 413499999999999999 419 6515 611499999999999999
118106 94 83 74 69 68 71 78 88 9910911712212312312212112112212312512612618 918D41416123221812699999999999999 544 68173712199999999999999
123117109 98 87 78 70 67 68 74 85 9811112212913213112712311811611511812118 919D41512132999999999999999999999 716 67203411599999999999999
124125122115104 91 78 68 63 64 71 8410011713113914013612711811110710811318 920D4 044125154314099999999999999 824 63211810799999999999999
121128132129121108 91 76 64 58 60 71 88109128141147144135122109101 9810318 921D4 210132161014799999999999999 914 582149 9899999999999999
113126136141137126108 88 70 58 54 60 76 97121140151152143128111 97 90 9218 922D4 3 5141163515399999999999999 953 542217 9099999999999999
103118135147150142126104 81 63 53 53 65 86111135152157151135115 96 84 8218 923D4 3481501658157999999999999991028 522245 8199999999999999
 90106127146156155143122 97 73 57 52 58 76101128149160157143121 99 81 7318 924D4 4271571719160999999999999991059 522314 7399999999999999
 76 91113137155162157139114 87 66 55 56 68 92119144159161150129104 82 6818 925D4 5 41621740162999999999999991128 542343 6499999999999999
 65 75 95121146161164153131104 79 63 58 65 84110137156163157138112 86 6618 926D4 54116418 1163999999999999991155 58999999999999999999999
 57 61 76101129151163160145121 95 75 65 67 80102128151162160146121 93 6918 927D4 619163182216399999999999999 014 571222 6499999999999999
 55 51 60 80107134153159153135112 90 76 73 80 97120143158161151131104 7818 928D4 7 0159184516299999999999999 047 511250 7299999999999999
 58 48 49 62 84111134149152143126107 91 83 85 96114134151158154139116 9018 929D4 74415319 915899999999999999 122 471318 8299999999999999
 67 52 46 51 65 87111131142143135121106 96 94 9911112614215215314412710518 930D4 836144193615499999999999999 2 3 461349 9499999999999999
 82 63 51 48 54 68 871071241331351291201111061071121221331431471441341181810 1D4 94113520 714799999999999999 251 48142510699999999999999
 99 80 65 55 52 56 67 831001151251291291241201171181211271331381391361281810 2D41118130205013999999999999999 355 52151911799999999999999
116101 85 71 60 55 56 63 76 921071201291321321301271251241241261291311311810 3D41325133222613299999999999999 521 5518 712499999999999999
127120108 93 78 65 56 53 57 68 851031201331401411371311241181151161201261810 4D41442141999999999999999999999 656 53201911599999999999999
131133129119103 85 68 55 48 51 63 821041251411481481401281161071021051131810 5D4 050133152414999999999999999 812 48211010299999999999999
125136142140129111 89 67 51 44 48 62 85111134150155150136118102 91 88 951810 6D4 218142155715599999999999999 911 442148 8899999999999999
109127143152151138115 89 65 49 43 50 68 95123146158158145124102 84 74 761810 7D4 321153162716099999999999999 959 432224 7499999999999999
 88108132152161157141115 87 63 49 46 58 80110138157163154134107 83 66 601810 8D4 4141611654163999999999999991040 4623 0 6099999999999999
 66 85111138158165159139111 83 62 53 56 71 97127151163161144117 88 65 511810 9D4 5 21651720164999999999999991116 522335 4999999999999999
 50 62 85115142160165154132105 81 65 61 70 90117143160163152128 98 70 50181010D4 5471651744164999999999999991149 61999999999999999999999
 41 46 62 89119144158159146123 99 80 72 74 87109134153162156138111 81 56181011D4 63116018 716299999999999999 011 411218 7199999999999999
 41 38 46 67 94122143152149135115 96 84 81 89105126145157157144122 94 67181012D4 714153182915999999999999999 046 371244 8199999999999999
 47 38 40 52 73 99123139144138125109 96 90 93104120137150154146129106 81181013D4 758144185115499999999999999 121 3713 9 9099999999999999
 59 45 41 46 59 80102121132134129118107100 99105116129141147144133115 94181014D4 845135191414799999999999999 158 411336 9899999999999999
 73 57 48 47 54 67 84103117125127123115109106108114122131137138132121105181015D4 943127193813999999999999999 239 4714 810699999999999999
 88 72 61 55 55 61 72 86101112120122121118114113114118123127129128122112181016D411 512220 512999999999999999 328 54145811399999999999999
100 88 76 67 62 61 65 74 85 98109118122124123120118117117118119119118115181017D41259124205511999999999999999 436 61173911799999999999999
109101 92 82 73 67 65 66 73 83 96109120127130129125119114110108108110112181018D41413130235911399999999999999 6 6 65202110899999999999999
113112107 99 89 78 69 64 65 71 82 97112126134136133125115105 99 96 99105181019D41452136999999999999999999999 728 642056 9699999999999999
112117119115106 93 79 68 61 62 70 84102120134142140132118104 92 85 86 93181020D4 148119152214299999999999999 827 612125 8599999999999999
105117126128123110 94 77 64 58 61 72 91112131144147140125106 88 76 73 78181021D4 249128154714799999999999999 912 582152 7399999999999999
 92109126136137128111 91 72 60 57 64 80102125143151147132111 88 70 61 63181022D4 336138161015199999999999999 949 572220 6099999999999999
 75 95118136145143129108 86 68 58 59 72 93118139152153140118 92 68 53 49181023D4 4171461632154999999999999991023 572249 4999999999999999
 57 77103128146152145127103 80 65 60 67 84109134151157148128 99 71 50 39181024D4 4571521654157999999999999991055 602320 3899999999999999
 41 56 82112138153155143121 97 77 66 67 79101126147158155138110 79 52 35181025D4 5371561717159999999999999991126 652352 3099999999999999
 30 38 59 89120144156153138115 92 77 72 78 95117141156159147123 92 61 38181026D4 6181571740159999999999999991157 72999999999999999999999
 26 26 40 65 97126147154148131110 92 82 82 92110132150158153134107 76 49181027D4 7 115418 615899999999999999 027 241228 8199999999999999
 30 23 28 45 71102128145148141125107 95 90 95106123141153153142121 93 65181028D4 748149183415599999999999999 1 6 2313 0 9099999999999999
 42 29 25 33 51 76104126139141134121109101101106117131143149144130110 85181029D4 84214119 414999999999999999 149 25133710099999999999999
 61 43 33 31 39 56 78102120131134130121114110110115123132139140133121103181030D4 950134193814099999999999999 240 31142210999999999999999
 83 64 49 40 38 45 58 77 97114125130129124120116116117121126129129124115181031D41118130202812999999999999999 344 38154911699999999999999
102 87 71 58 49 45 48 58 74 921091221291311291251201151121121141171191181811 1D41254131222811999999999999999 5 4 45184011299999999999999
115107 96 81 67 56 49 49 57 71 89108123133136133126116107100 98 991051111811 2D41359136999999999999999999999 629 4820 7 9899999999999999
117119116106 91 75 61 51 49 56 71 91112129139140134121107 93 83 81 85 951811 3D4 054119144014199999999999999 743 492054 8199999999999999
108120127125115 99 80 63 52 50 58 75 98120137145142129111 90 74 65 64 731811 4D4 220127151414599999999999999 841 502132 6399999999999999
 90109126135134122103 82 64 53 54 65 84109131145148138119 94 71 54 47 511811 5D4 323136154314999999999999999 929 5222 8 4799999999999999
 67 89114133143139125103 81 64 57 61 75 97122142151146129103 75 51 37 341811 6D4 4151431611151999999999999991010 572243 3499999999999999
 44 65 93120140147141123100 79 66 63 71 89113136150152139115 85 56 34 241811 7D4 5 21471637153999999999999991046 632318 2499999999999999
 27 42 68 99126144147138119 96 79 70 72 84104127146153147127 98 66 39 231811 8D4 54614817 2153999999999999991119 702352 1899999999999999
 18 26 47 76107131144144132112 93 80 77 83 98119139151150136111 80 51 291811 9D4 6281461726152999999999999991149 77999999999999999999999
 18 19 32 55 85114134142138124106 91 84 85 95112131145149141122 95 66 41181110D4 7 8142175115099999999999999 026 171219 8399999999999999
 24 19 24 41 66 94118133137130116102 92 89 94106122137145142129107 81 56181111D4 749137181614599999999999999 059 191249 8999999999999999
 36 25 25 34 52 77101120130130123111100 95 95103114127137139131115 94 71181112D4 832131184213999999999999999 134 241322 9499999999999999
 51 37 31 34 45 63 84104119125124118109102 99101108118127131128119104 85181113D4 921126191013199999999999999 211 3114 1 9999999999999999
 67 51 42 39 43 55 71 89105116121121116110105103105110116120121117108 96181114D41021122194212199999999999999 254 39145910399999999999999
 81 67 56 49 47 52 62 75 90104114119120117112108105104106108110110107101181115D41136120203011099999999999999 346 47164510499999999999999
 92 82 71 62 56 54 57 65 77 91104114120122119114108102 98 96 97 99100101181116D41251122224610199999999999999 453 541913 9699999999999999
 99 94 87 78 68 61 58 59 66 78 91105117124125121113103 93 86 83 84 89 94181117D41344126999999999999999999999 612 582014 8399999999999999
100102100 94 84 73 64 59 60 67 79 95111123129128120107 92 79 71 69 73 82181118D4 1 5102142213099999999999999 723 592050 6899999999999999
 93103109108101 89 76 65 59 60 69 84102119130134128114 95 76 62 54 55 65181119D4 223110145113499999999999999 819 592121 5499999999999999
 80 97112119117107 92 76 64 59 63 75 93112129137135122102 78 57 43 39 46181120D4 319119151813899999999999999 9 5 592152 3999999999999999
 62 84106122129124111 93 75 64 61 68 84105125139142132112 85 58 37 26 27181121D4 4 6129154414299999999999999 946 612224 2599999999999999
 40 63 91116133137129112 91 74 65 66 77 96118137146142124 97 66 38 20 14181122D4 4501371611146999999999999991024 652259 1499999999999999
 21 40 69100126141141130110 90 75 70 75 89110132147149137112 80 48 22  8181123D4 53314316391509999999999999911 1 702336  699999999999999
  7 19 44 77110134145142128107 89 78 77 85102124143151146128 98 65 34 12181124D4 61714617 9151999999999999991137 76999999999999999999999
  2  5 22 51 85116138145139124105 90 84 86 97114134148150139116 86 53 26181125D4 7 3145174115199999999999999 015  21215 8499999999999999
  8  2  9 29 59 92120137141134120104 94 90 95107123139147144129105 76 47181126D4 751142181514899999999999999 059  21254 9099999999999999
 24 10  7 16 37 66 95119133136129116105 98 97102113126137141135119 97 71181127D4 845136185214199999999999999 146  71339 9699999999999999
 46 27 17 16 25 45 71 96116128130124115106101101105113123129130124110 91181128D4 945130193613199999999999999 237 15143810099999999999999
 70 50 35 26 26 34 52 74 96113123126122115107102100102106112117118113104181129D41051126203911899999999999999 334 2516 710099999999999999
 90 74 58 45 37 36 43 57 76 95111121124121115107 99 94 92 94 98102105106181130D412 0124223510699999999999999 439 3518 3 9299999999999999
102 93 81 67 55 47 44 49 61 78 96111121125122113102 91 82 77 77 81 88 961812 1D413 0125999999999999999999999 550 441932 7699999999999999
102103 99 89 77 64 55 51 55 66 82 99114124127121109 94 78 66 59 59 66 781812 2D4 045103134612799999999999999 7 1 512028 5899999999999999
 91102108106 97 84 71 60 56 60 71 87105120129128118101 80 61 47 41 44 551812 3D4 217108142512999999999999999 8 3 562112 4199999999999999
 72 90106114113104 90 75 64 61 65 78 95114127132127111 88 64 43 30 26 331812 4D4 324115145913299999999999999 856 612152 2699999999999999
 49 72 95112121119108 92 76 67 65 72 86105123134134122100 73 47 27 16 161812 5D4 418121153013599999999999999 942 652229 1599999999999999
 28 50 77102120127122108 91 77 69 71 80 97116131138131113 87 58 32 14  71812 6D4 5 412716 0138999999999999991022 6923 4  799999999999999
 13 30 56 85111126130121105 88 76 72 77 90108126138138125102 72 43 20  61812 7D4 5461301630139999999999999991058 722339  499999999999999
  5 15 37 67 96119130129118101 86 77 77 85100119134140133115 88 58 31 121812 8D4 6241311659140999999999999991131 76999999999999999999999
  4  8 23 49 79107125131126112 96 83 79 82 94110127138137125103 75 46 241812 9D4 7 1131172813999999999999999 012  412 4 7999999999999999
 10  7 16 35 63 91114127128120105 91 83 82 89102118132137130114 90 63 38181210D4 737129175713799999999999999 046  71237 8199999999999999
 20 12 14 27 49 76101118126123113100 89 84 86 95109122131131120102 78 54181211D4 814126182813299999999999999 119 111312 8499999999999999
 34 21 18 24 40 62 86106119122118107 96 88 86 90 99111121125121109 90 69181212D4 85312319 012599999999999999 153 181352 8699999999999999
 49 34 26 26 35 52 73 93109117118112103 94 88 87 91100109115116110 98 81181213D4 936119193611699999999999999 228 251442 8799999999999999
 64 48 37 33 35 46 62 80 97109115115109101 93 88 87 89 95101105104 99 89181214D41025116202510599999999999999 3 8 321549 8799999999999999
 76 63 51 43 41 45 55 69 84 99109114113107 99 91 85 82 82 86 90 93 94 91181215D411201142148 9499999999999999 353 401722 8299999999999999
 85 76 66 57 50 48 52 61 73 87100109114112106 97 87 78 72 71 73 77 83 87181216D412161142355 8999999999999999 450 481855 7199999999999999
 89 86 80 72 64 57 55 58 65 77 90103112116113104 92 78 66 58 56 59 66 76181217D413 5116999999999999999999999 6 0 551956 5699999999999999
 85 91 92 88 80 71 64 60 61 69 81 95108116119113100 83 65 51 42 40 46 58181218D4 144 92134611999999999999999 712 602041 4099999999999999
 73 88 98102 98 89 78 68 63 65 73 86101115123122111 93 71 49 33 25 26 37181219D4 258102142412399999999999999 816 632121 2499999999999999
 55 76 96109113107 96 82 71 66 69 78 93110124129123107 83 56 32 16 10 16181220D4 35511315 012999999999999999 910 6622 1 1099999999999999
 32 56 83106120123115100 85 74 70 74 86103121133134123100 71 41 17  2  0181221D4 444123153613599999999999999 958 702243 -199999999999999
 10 31 61 92116129130119102 86 76 74 80 95114132141137120 92 59 28  5 -7181222D4 5301311613141999999999999991043 732326 -899999999999999
 -6  8 35 69102125135132119101 86 78 79 88105125141145136114 83 49 18 -2181223D4 6161361651145999999999999991127 77999999999999999999999
-11 -7 12 43 78110130137131116 99 86 81 84 95113133145145132107 75 41 14181224D4 7 1137173014799999999999999 011-1212 9 8199999999999999
 -4-10 -2 20 52 87115132135127112 96 86 83 88101119136144140125 99 68 37181225D4 747136181214499999999999999 057-101253 8399999999999999
 13 -1 -4  7 31 62 93117130130121106 93 85 84 90103119132137131115 91 63181226D4 833132185713799999999999999 143 -41341 8399999999999999
 37 18  7  7 20 43 72 98117126124114101 90 83 83 89100113123126120106 85181227D4 919126194812699999999999999 229  51436 8299999999999999
 62 41 25 18 21 34 55 80101115121118108 96 86 80 79 83 92102109112107 97181228D410 7121205211299999999999999 316 181543 7999999999999999
 81 63 47 36 31 35 48 66 85103114117113104 92 82 74 71 73 79 87 94 97 97181229D410561172222 9899999999999999 4 4 3117 7 7199999999999999
 91 81 68 56 48 45 49 59 74 90104112114110100 88 76 66 60 59 63 70 79 86181230D41148114999999999999999999999 458 451840 5999999999999999
 89 89 83 75 66 59 57 59 67 80 93105113114108 97 82 67 55 47 44 47 56 67181231D4 020 90124011499999999999999 6 1 571956 4499999999999999
