 11 49100153196220220199165128 98 84 91116150186213222208172121 65 16-1518 1 1G4 5292231656222999999999999991110 842338-2199999999999999
-19  5 52109166211232227200162123 93 83 94123160196221225204161106 49  118 1 2G4 6172331741226999999999999991158 83999999999999999999999
-26-23  9 61122180221236225194153114 87 82100132170204224222195148 92 3618 1 3G4 7 2236182522699999999999999 024-281242 8199999999999999
 -7-27-15 22 77137191225233215181140104 83 85107140176206220212181134 8018 1 4G4 746233191022099999999999999 1 8-271325 8199999999999999
 30 -6-16  2 43 97153198223222200164126 96 83 9011414617720120919616512118 1 5G4 827226195520999999999999999 151-1714 7 8299999999999999
 73 30  4  3 27 68117165201215207182148115 92 85 9611914617219019317814918 1 6G4 9 7215204119499999999999999 232  11451 8599999999999999
111 71 38 23 29 55 93135173198203190165135108 91 8910011814016117417416118 1 7G4 946204213317699999999999999 312 231539 8899999999999999
137106 76 54 47 57 81114148176191190176153127106 93 91 9911213014615615718 1 8G41027192223715899999999999999 354 471641 9199999999999999
148131108 87 74 71 82102128154174183179166145124106 93 89 9210211613114218 1 9G41112183999999999999999999999 441 7118 5 8999999999999999
146143133118103 94 92 99115136155170176173161143123105 90 81 81 8910211818 110G4 0 614612 817699999999999999 542 911932 8099999999999999
133143146142132120109105109121137154167173171161143122100 80 68 67 75 9218 111G4 153146131717499999999999999 7 31052040 6699999999999999
112133149157155146132118110111121136153167175174163143116 89 66 53 53 6518 112G4 319157142417699999999999999 8241102131 5199999999999999
 87114141162172169156137119108108119136156172181179163137105 74 49 37 4218 113G4 416172151818299999999999999 9301072214 3799999999999999
 60 90124156179186178159134113102104118140164182189182160126 89 55 31 2518 114G4 45818616 21899999999999999910201012252 2499999999999999
 36 63101141175194195180154125103 94102123150176193195180150110 69 35 1618 115G4 53419716391979999999999999911 1 942326 1499999999999999
 17 38 75119161192205197173141111 91 89105132163189202197172134 89 48 1818 116G4 6 62051713203999999999999991137 882359  799999999999999
  7 18 49 93140181205208190159124 95 82 89113146178201207191157113 67 2818 117G4 63721017462079999999999999912 9 82999999999999999999999
  6  6 28 68116163197211203176141106 82 79 95126161192208204178138 91 4618 118G4 7 6211181920999999999999999 030  31241 7799999999999999
 14  2 14 47 92140182207209190158121 89 74 81106140175200207193160116 7018 119G4 736211185220799999999999999 1 0  21312 7499999999999999
 31  8  8 31 71117162195209199173138103 78 73 89118153183201199177140 9618 120G4 8 5209192720399999999999999 129  51344 7299999999999999
 54 23 12 24 55 97141179201203185154119 89 73 77 9812815918419518615912118 121G4 83420520 419599999999999999 159 121418 7299999999999999
 81 46 25 25 45 80120159188199192169137105 81 73 8310513316017918417114318 122G4 9 6199204618499999999999999 230 221457 7399999999999999
108 74 47 37 45 69103138170189192179154124 96 78 75 8610613115416917115818 123G4 940193213717299999999999999 3 3 371543 7599999999999999
133104 77 59 55 67 90120150173185183167143116 92 78 75 8310012214315615918 124G41019186224316099999999999999 343 551644 7599999999999999
150132109 89 77 76 87106130154172179175160138114 91 76 70 74 8710812914518 125G411 8179999999999999999999999 433 7518 6 7099999999999999
152150139124108 98 95101114133152167174172160140115 90 70 58 58 70 9011518 126G4 016153121517599999999999999 550 951933 5799999999999999
137152159155144129116107107115130148164174175166145117 87 60 41 37 49 7318 127G4 2 7159133817699999999999999 7351062045 3799999999999999
104134160174175164147127112105110125145165180185176152118 80 45 21 15 2918 128G4 335176145418599999999999999 9 61052147 1599999999999999
 59 98139173193195181157131109 98102119144170191198187157115 69 27  1 -418 129G4 4371961556198999999999999991014 972242 -599999999999999
 15 53101150190212210190159125 98 87 94117148180204211195158108 55 10-1718 130G4 52621416492119999999999999911 7 872331-2199999999999999
-17  9 56112166208225217189151113 85 76 90120157193217219196153 98 41 -418 131G4 6102261737221999999999999991153 76999999999999999999999
-27-20 15 69129185222231214179136 96 71 69 90126167203224220190142 84 2918 2 1G4 650231182222699999999999999 016-281234 6799999999999999
-12-27-10 33 90150201228227201161116 79 61 69 96135176209223212177127 7118 2 2G4 72723119 522399999999999999 057-271313 6199999999999999
 21-11-14 13 60116171211226214181139 97 67 58 7410514418120721319615911118 2 3G4 8 2226194621499999999999999 135-161350 5899999999999999
 61 20  2 11 43 90142187213215194158117 81 61 62 8211414817919719617514018 2 4G4 834217202719999999999999999 211  11426 5999999999999999
 97 57 30 24 42 77120162194207198172136100 73 63 70 9111914817118117615518 2 5G4 9 4207211018299999999999999 244 2415 4 6399999999999999
124 91 62 48 53 74107142174193194178151120 91 73 69 78 9611914115716315718 2 6G4 934196215816399999999999999 315 481547 6999999999999999
140116 93 76 72 81102128155176184178161137111 90 78 75 82 9511313014214718 2 7G410 618423 414799999999999999 349 721644 7599999999999999
143132118104 96 95104120139158170172165150130110 94 83 78 80 8910211612818 2 8G41045172999999999999999999999 431 941811 7899999999999999
136138135128120115113117127140152160162157146131114 98 84 75 73 78 9010518 2 9G4 052138114516299999999999999 5481131946 7299999999999999
121134143146143137128122120125134145153158157149136118 98 79 65 60 65 7918 210G4 259146132115899999999999999 7441202059 6099999999999999
 99121141156162158147133121115117126139152161163157141118 92 67 51 46 5418 211G4 4 7162144816399999999999999 9131152153 4699999999999999
 73100130156173177168150129112104108121140158171173164142111 79 51 35 3418 212G4 44717715451749999999999999910101042235 3299999999999999
 48 75110146175189186168142116 98 93102123148170184183166135 98 61 33 2018 213G4 5201901627186999999999999991050 932311 2099999999999999
 26 50 87129167193199187160127 99 83 85103132162187197188161122 79 41 1618 214G4 54920017 3197999999999999991124 812343 1099999999999999
 11 28 62106152188206201178143107 80 71 83111147180202204185148103 58 2218 215G4 6172071737206999999999999991155 71999999999999999999999
  5 11 40 83132176205211194160120 84 64 66 89125164196211203174130 81 3718 216G4 644212181021299999999999999 014  41225 6299999999999999
  8  3 22 61110159197214206178138 96 65 54 68101142180207213195157109 6118 217G4 710214184521499999999999999 043  21256 5499999999999999
 22  4 12 44 89138182210213192156113 74 51 53 77115157192211207179137 8918 218G4 737215192021299999999999999 111  41327 4999999999999999
 45 17 12 33 72118164198212202172132 90 58 46 58 8912816719620619316111818 219G4 8 4212195720699999999999999 140 111359 4699999999999999
 74 39 23 32 61101144182204205184150109 73 50 48 67 9913617019219517714418 220G4 832207203819699999999999999 210 231434 4699999999999999
105 69 45 41 58 89127163189200190164129 93 63 49 54 7510513816618118016118 221G4 9 1200212418399999999999999 241 401514 4999999999999999
132101 74 61 66 85113144171187189174147115 84 62 54 60 7810313115416716518 222G4 934190222316899999999999999 316 6116 4 5499999999999999
151130107 90 84 91107129151170179175161137110 85 67 58 61 74 9411813915218 223G41014179234915699999999999999 358 841716 5899999999999999
155149137122112107110119133149162168166155137115 92 72 59 55 62 7810012318 224G41115168999999999999999999999 5 71071853 5599999999999999
142153157152143133124120121128139151160163159147126101 76 55 43 45 59 8318 225G4 15415713 116399999999999999 7191202023 4299999999999999
111139160172173164149132119113116127142158169172162140108 74 44 26 25 4118 226G4 334174144417299999999999999 9 91122135 2399999999999999
 70107145175192192178154128107 97100116140164183190179150110 67 30  8  818 227G4 4311941553190999999999999991015 962232  599999999999999
 29 67113159194211205182149115 89 79 87112144177201207190153105 56 15 -618 228G4 51421116472089999999999999911 2 792319 -899999999999999
 -2 28 75129179214223208175133 94 68 63 81115155193217218193149 95 42  218 3 1G4 5512241733221999999999999991142 62999999999999999999999
-13  1 40 94152200227225199157111 71 50 55 83124169207227220187137 81 3018 3 2G4 626230181522899999999999999 0 1-131219 4999999999999999
 -4 -8 17 64121176217231216180133 86 51 40 56 92137182216227211172121 6718 3 3G4 658231185522799999999999999 039-101254 4099999999999999
 23  2 10 45 95150197224223197154106 64 39 40 6610515019021521719415310418 3 4G4 728227193321999999999999999 113  11327 3699999999999999
 57 25 19 39 79128175209220205171127 82 49 37 49 8011916019220619917213318 3 5G4 755220201020799999999999999 144 181359 3799999999999999
 91 56 38 45 73113155191210206182144102 66 45 45 63 9412916318519117815218 3 6G4 820211204819199999999999999 213 381431 4299999999999999
118 85 64 60 76105140172195199185157121 86 61 50 57 7710413415817217215918 3 7G4 845200212917499999999999999 241 5915 5 5099999999999999
136111 90 80 86103129156177187183164137107 81 65 61 70 8710813114815715618 3 8G4 911188222115899999999999999 3 9 801545 6199999999999999
145130114103101108123141159172173165147125102 84 74 72 78 9010612213614318 3 9G4 941174234514599999999999999 3431011645 7299999999999999
145141133125120119123131143153159159151139123107 93 84 78 79 85 9711112418 310G41025160999999999999999999999 4421191826 7899999999999999
135143146145141135130127129135141146148146140130117102 88 77 73 75 8510018 311G4 21314612 114899999999999999 7 712720 8 7399999999999999
118135150158160154143131122119122130139147151149141125106 85 69 61 63 7518 312G4 341160141515199999999999999 8581192118 6099999999999999
 95120145164174173160141122108104110123140155164163151129101 75 55 47 5218 313G4 421175152616599999999999999 95410422 7 4699999999999999
 71 99131161182188178156129105 91 90103125150170180175155124 90 59 39 3418 314G4 4521881611180999999999999991031 892245 3499999999999999
 47 75112151183199195174143110 84 73 82105136167189195181151112 73 41 2418 315G4 51920016481969999999999999911 3 732318 2399999999999999
 28 52 90134175203209193160121 85 62 61 81115154188207204180141 95 54 2418 316G4 5462091724209999999999999991134 592349 1699999999999999
 17 33 68114161199216208179138 94 60 45 56 88131174207219205171124 76 3618 317G4 61121717582199999999999999912 4 45999999999999999999999
 15 20 49 93142187216219197158111 67 39 37 61102150193220222198156106 5918 318G4 637221183422499999999999999 019 141235 3499999999999999
 26 17 35 74122170207223211177131 83 44 26 38 72119167206224215183138 9018 319G4 7 4223191122499999999999999 049 1713 6 2699999999999999
 49 27 32 61104151192217218193152104 59 29 24 47 8713417921021920216712218 320G4 731221195021999999999999999 120 251339 2399999999999999
 79 48 40 56 90132173204215202170126 80 43 25 31 5910014418320620618615118 321G4 759215203120999999999999999 150 391414 2499999999999999
112 78 59 62 84118154185203202181146105 66 38 30 43 7110914717819419017018 322G4 827205211819599999999999999 222 581453 3099999999999999
140110 87 79 88110138166186193185161128 93 62 44 41 54 7811014116617817518 323G4 858193221617899999999999999 257 791540 4099999999999999
159138117104102111128147165177178168147121 93 70 55 52 60 7810312915016318 324G4 937179234016599999999999999 3401011647 5199999999999999
164157145133124122125133144155162163157144126104 83 67 58 59 70 9011313618 325G41041164999999999999999999999 4561221825 5799999999999999
153163165160151141132127126131139148154157152140121 98 75 58 51 57 74 9918 326G4 145165125315799999999999999 73512620 3 5199999999999999
127152171180178166149131117110112123138155166169159137108 77 51 39 42 6118 327G4 319180144517099999999999999 9141102117 3899999999999999
 92127161187198192173146119 97 88 94112138164184190177149111 72 41 26 3218 328G4 4 919815511909999999999999910 7 882214 2599999999999999
 57 95139179205212198168132 97 74 68 81110145180204207188152106 62 29 1718 329G4 4482131640209999999999999991047 672259 1799999999999999
 30 63109158199221218192153109 72 51 53 78116160198220217190146 97 51 2118 330G4 5222231723222999999999999991124 492339 1599999999999999
 17 40 81132182218229213176129 83 47 35 49 84130177214229217182135 84 4218 331G4 55322918 3229999999999999991158 35999999999999999999999
 21 29 61108160204228225196151101 57 30 30 55 98147192223228207168119 7218 4 1G4 623230184122999999999999999 014 201230 2699999999999999
 39 31 51 90139185218228210171123 74 37 23 35 6911516320322321819114910418 4 2G4 650228191822499999999999999 047 3113 1 2399999999999999
 65 46 51 80122166203222215186143 95 53 28 27 50 8813317520521420117113218 4 3G4 715222195421499999999999999 116 451332 2499999999999999
 93 67 61 78111150186210213194159115 73 41 30 40 6810614618020020018215218 4 4G4 739214203020299999999999999 144 6014 1 3099999999999999
119 91 77 83105136169194204196170133 94 61 42 41 57 8612015317818818316518 4 5G4 8 320421 918899999999999999 212 771432 3999999999999999
139114 97 94105127153177190190174147115 83 60 51 56 74 9912715216917416718 4 6G4 828192215517499999999999999 241 9315 7 5199999999999999
152134117109112123140158173178172155131105 83 69 65 71 8510512614515716118 4 7G4 858178225916199999999999999 3161091552 6599999999999999
158148137128124125132143154161162156142125107 91 81 77 80 8910312013514718 4 8G4 938163999999999999999999999 41212417 7 7799999999999999
154156153147140134131131135141147149146139129116103 92 84 81 86 9611112718 4 9G4 048156105914999999999999999 6271311854 8199999999999999
143155162163158149137127121122127135143147147140129113 97 83 76 77 8710418 410G4 241164132614799999999999999 8251212021 7599999999999999
125147164175176166149130113105106116131146157161155139117 94 75 65 67 8118 411G4 334177145416199999999999999 9231042121 6499999999999999
104132159180190184166140113 93 86 93111135159175178167144114 85 62 53 6018 412G4 4 819015451799999999999999910 1 8622 5 5399999999999999
 81113147179198201185155121 89 70 69 86115149178195194174142105 71 49 4518 413G4 4372021626197999999999999991034 672243 4499999999999999
 60 91130169200213204175136 95 62 49 58 87127168200213203174133 92 57 3918 414G4 5 521317 52139999999999999911 5 492318 3899999999999999
 44 70109154194218219196156109 66 37 34 56 97145190219225205167121 78 4618 415G4 5322221743226999999999999991138 322352 3699999999999999
 37 53 89134179214228215179130 80 38 18 28 63112164208232228200156108 6718 416G4 6 02281822234999999999999991211 18999999999999999999999
 43 45 72114160202227226200155102 52 18 10 32 76129181221236223188143 9818 417G4 62923019 223699999999999999 025 401245  999999999999999
 63 50 63 97140183215228214177128 76 32  8 12 43 9114419222423021117513218 418G4 659228194323199999999999999 059 501321  699999999999999
 92 67 66 88123162197218217194153104 57 22  9 23 5810515419521821719616218 419G4 729221202822099999999999999 133 641358  999999999999999
125 95 81 88112144176200210200172132 88 49 24 20 38 7211415618920520118218 420G4 8 1210211820699999999999999 2 9 811440 1999999999999999
153125105 99110131156178193195181154119 83 53 36 36 52 8111615117719018718 421G4 837196221819199999999999999 249 991530 3499999999999999
172152132119117125140156170179177165144117 89 66 52 50 62 8411214116417718 422G4 923179233717999999999999999 3411171636 4999999999999999
178171158144134129130136145155162163158145126104 83 67 60 65 8110413015418 423G41044163999999999999999999999 51712918 6 6099999999999999
170178177168156142130124123128137148157160155142122 98 77 64 63 74 9612318 424G4 120178125716099999999999999 7391221937 6299999999999999
150172186188179162141121107102108122141159171172160137109 81 63 58 68 9218 425G4 241188143617399999999999999 8571022049 5799999999999999
123156183199199185159130102 84 81 92114143170188191176147112 80 58 53 6618 426G4 332201153919299999999999999 945 802146 5299999999999999
 95132169198212206182147110 78 61 63 83116153186206205184149109 74 53 5218 427G4 4112121628208999999999999991024 592232 4999999999999999
 72107149188214220203169127 85 54 42 54 84125169204220212184144102 67 5118 428G4 44522117102209999999999999911 0 422311 5199999999999999
 59 87127170207225220191148101 59 33 32 54 94141186218227211177134 92 6318 429G4 5162261750227999999999999991134 292347 5599999999999999
 56 73108151192221227208170122 75 37 22 32 65111160202226225202164121 8418 430G4 54522818272299999999999999912 6 22999999999999999999999
 64 69 95134175209226219189144 95 51 24 20 42 8213017721322621618814910918 5 1G4 61222719 422699999999999999 020 631237 1999999999999999
 81 73 87119158194218221201164117 71 35 20 29 6010314919021621920217113418 5 2G4 638223193922099999999999999 051 7213 7 2099999999999999
101 84 87109143178205216207178138 93 54 30 27 46 8012216419621120618515518 5 3G4 7 4216201521299999999999999 120 821337 2599999999999999
123100 93105130161188205205187155115 76 47 34 41 65 9913717219520119117018 5 4G4 730208205320199999999999999 150 9314 8 3499999999999999
142118105106122145170190197189166134 99 69 50 46 58 8311414617218718917818 5 5G4 759197213519099999999999999 2231031442 4699999999999999
158137120114120134153171182182170148121 93 71 60 61 74 9612214816817817818 5 6G4 832184222717999999999999999 3 11141523 5999999999999999
168153138127124128138151163169167156138117 96 80 73 75 8510212414516117018 5 7G4 916169233817299999999999999 3551241618 7299999999999999
171165155144135130129134142150156155149137121105 92 84 83 8910312114015718 5 8G41028156999999999999999999999 5331291739 8299999999999999
168172170162150138127121122128137146151151144132116101 90 84 8810011813818 5 9G4 1 9172122415299999999999999 72612119 8 8499999999999999
157172179178168152133116106105114129144156162158145126106 89 81 83 9611718 510G4 22118014 516299999999999999 8331042020 8099999999999999
142165183191187170145118 96 85 88104127151170179174157131105 84 74 77 9518 511G4 3 8191151017999999999999999 918 842115 7399999999999999
122152180199203190163130 96 72 63 74 99133165189198189164132100 76 67 7618 512G4 345204155919899999999999999 957 6322 2 6799999999999999
100134169198214210186148106 69 46 45 66103145184210215198166128 93 69 6418 513G4 4182151643216999999999999991033 422244 6399999999999999
 80112151189216224208173126 79 41 24 33 66112162204228226202164122 85 6518 514G4 4502251726231999999999999991110 232324 6399999999999999
 68 92130172208229226198153101 52 17  9 29 72126179221239230199158115 8118 515G4 52323118 9240999999999999991147  8999999999999999999999
 67 78110151191223234219181130 76 29  2  4 34 8414119423124222619215010918 516G4 557234185424299999999999999 0 3 671226 -199999999999999
 81 76 95130170206228229205161108 56 14 -3  8 45 9715320223323721718214218 517G4 631232193923899999999999999 042 7513 6 -399999999999999
106 87 90114148183212225217186142 91 44 11  2 21 5911016120422722620517218 518G4 7 8225202722999999999999999 121 861348  299999999999999
137109 98107130160188209214200169127 81 42 18 16 37 7411916419921621219318 519G4 747215211821799999999999999 2 3 981434 1499999999999999
164136116110120140163185198198184155119 81 50 32 34 53 8512416219120420018 520G4 832200221520499999999999999 2491101526 3199999999999999
184161139124120127141158173183183171149120 90 65 50 51 66 9312615818219418 521G4 930184232119599999999999999 3491201628 4999999999999999
192180162144130124125133144157167171165151129104 82 68 65 76 9712515417618 522G41055171999999999999999999999 5201241742 6499999999999999
189190181166148131119114117127141155165167159143120 98 81 74 81 9912515318 523G4 036191124316799999999999999 7 811419 0 7499999999999999
176190194186169147124106 97 98110129150167176172157134109 89 79 8410212818 524G4 148194141517699999999999999 822 962011 7999999999999999
156181197201190167139110 88 77 81 98124152176189186169143114 92 81 8610618 525G4 244201152119099999999999999 914 762110 8199999999999999
135165192207206189159124 90 66 58 68 93127161190203197176146114 91 82 9118 526G4 328209161220399999999999999 956 5822 0 8299999999999999
115147179204215207181144104 68 47 45 64 97137176205214203177143111 89 8518 527G4 4 52161657214999999999999991035 432242 8499999999999999
 99128162194216219201166124 81 48 33 40 68108153193217220203171136104 8718 528G4 4392201737222999999999999991110 322321 8699999999999999
 90112145180209222215187146100 59 31 26 44 79125171208225220196161126 9818 529G4 5102231815226999999999999991144 252356 8999999999999999
 89101128163196218222204168123 77 41 23 28 55 9714518821822621318414811518 530G4 5402231851226999999999999991216 22999999999999999999999
 95 96115146181208221213186145100 58 30 23 39 7311716420122222120116913518 531G4 6 9221192722499999999999999 029 931248 2299999999999999
108 97106131163194214216199165123 80 45 27 31 55 9313717820821821018515418 6 1G4 63821720 221899999999999999 1 2 971319 2699999999999999
124105103119146176200211204180144103 66 40 33 46 7411315318820821019617018 6 2G4 7 8211203721199999999999999 1341021351 3399999999999999
141117107113132157182199202188161126 90 60 44 45 63 9312916419020219918218 6 3G4 741203211520399999999999999 2 81071425 4299999999999999
158133117113122141162181191188172145114 84 62 54 61 8010914016918919518818 6 4G4 818192215719599999999999999 24611315 2 5499999999999999
171150131120119128143160174180175159135109 85 70 66 75 9411914717018518818 6 5G4 9 4180224718899999999999999 3341181546 6699999999999999
181166148132123121127138152163169165152133111 93 81 78 8610312514917018218 6 6G410 5169234718599999999999999 4421211643 7899999999999999
185179166149133122117119127140153161161153138120103 91 87 9310712815117018 6 7G41131162999999999999999999999 6131161755 8799999999999999
183187181168149130114104104113129146160166162150132113 99 92 9510813015318 6 8G4 05518713 916699999999999999 7321031913 9299999999999999
174189193187170146120 98 85 86 99121146166178177165144122103 93 9510913318 6 9G4 156193142817999999999999999 829 842021 9299999999999999
159183199203191167135103 76 63 67 87118151179195195179154126103 91 9411118 610G4 246203153019799999999999999 916 622120 9099999999999999
139169195211211192159119 80 51 40 51 81120162195213211191160128101 89 9518 611G4 32921316232159999999999999910 0 402212 8899999999999999
117149182209223215188146 99 56 27 21 41 79128176213230223197162126 98 8818 612G4 4102231712230999999999999991044 2023 0 8899999999999999
 99126162197222230214178129 77 33  7  9 37 83138190227241229198160122 9618 613G4 45123018 0241999999999999991127  52345 8999999999999999
 90106138175210231232208165111 58 16 -5  5 40 9215020223624422819415411718 614G4 5322351848245999999999999991212 -5999999999999999999999
 95 95117151187218234228197150 96 44  6 -7  9 4910416121023924122118614718 615G4 614235193524399999999999999 030 921256 -799999999999999
114 97103128161195221231218184137 85 37  5  0 21 6311617021423523221017518 616G4 657231202223799999999999999 114 971342 -299999999999999
139112102112136167196216221205171127 79 38 14 15 39 8012917721222722019718 617G4 744222211022799999999999999 1591021428 1199999999999999
165134112107119140166190206207191161121 80 47 30 35 59 9614018020821720818 618G4 834209215821799999999999999 2471071517 2999999999999999
185157131114111121138159179192193179154121 88 62 50 57 7811114818120220718 619G4 933194224920799999999999999 34311116 9 5099999999999999
197177152130115111117130147165177180171152127100 80 71 77 9512315318019618 620G41045180234420099999999999999 45311117 7 7199999999999999
200190172150129114106108117133151165172169157137115 98 89 9210813115718018 621G41214173999999999999999999999 6201061814 8999999999999999
193196188171148126107 96 9410312014015917117416614913011210210311613716018 622G4 045197134517499999999999999 738 93192410199999999999999
181194197188170145118 95 81 79 9011013515917718317716114012110910912114118 623G4 14519715 118399999999999999 839 78203110799999999999999
164185198200189166137106 80 65 66 8110713716718819518816914612411111112518 624G4 239201155919599999999999999 928 64212910999999999999999
146171192205204187159124 89 63 51 57 7811014718020220619517214512110911218 625G4 3252061647207999999999999991011 51221810999999999999999
129154181202211204181146107 71 47 40 53 8212116219621421419616813811510718 626G4 4 62111728216999999999999991050 4023 110799999999999999
115137165192211215200169129 88 53 34 36 57 9413717921022321419115912810818 627G4 44221618 5223999999999999991126 32233910599999999999999
106121148178204218213190153109 69 39 28 39 6911115719722122520817914511718 628G4 51621918402269999999999999912 0 28999999999999999999999
103109130161192214220206175133 89 52 30 28 49 8613117621022522019616413118 629G4 549220191322699999999999999 0131031233 2699999999999999
107102116143175203218215193156113 72 40 27 37 6510615219221722320918014718 630G4 621219194522399999999999999 04610113 5 2799999999999999
117102106126156186209216205176137 95 58 36 34 52 8612817020321821419416318 7 1G4 654216201721999999999999999 1191011336 3299999999999999
132109102113137166193209208190158119 81 52 39 47 7110814818420821420217818 7 2G4 729211205021499999999999999 15210214 8 3999999999999999
148121105106121146172193202196174142106 74 53 50 64 9212716319220720518918 7 3G4 8 7203212420899999999999999 2281031441 4999999999999999
164137115106111127149171188193183160130 99 74 62 65 8311114317319520319618 7 4G4 85019322 220399999999999999 3 91061517 6199999999999999
178154130113107113127146166179182172152126100 82 75 81 9912515317819419818 7 5G4 943182224619899999999999999 35910716 0 7599999999999999
189171148127111105109121139157170174167151129109 94 89 9611113415918019318 7 6G41051174233819599999999999999 5 61051655 8999999999999999
194185168145124107 98 9911012714716417116915814012210810210611913916218118 7 7G41217172999999999999999999999 625 9718 810299999999999999
193195186167143118 97 85 83 9411513916117517917115613712111111112214116318 7 8G4 040195134917999999999999999 737 82193011099999999999999
183196199190168140109 83 66 64 7810413516418519418917215013011511212214218 7 9G4 14419915 619499999999999999 837 63204511299999999999999
166188203207195169133 96 64 45 44 63 9613517220021220618615913311511012118 710G4 244207161021299999999999999 932 42214911099999999999999
143171196214216200167124 80 44 24 26 51 9213918321622821919516313211110618 711G4 33921717 4228999999999999991023 22224510699999999999999
120146178207225224202162113 64 25  6 14 46 9414819723124122719716012610518 712G4 4292271754241999999999999991113  6233510199999999999999
103121152187217234229201155101 49 10 -5  9 4810216021024124622719215211718 713G4 51823518402479999999999999912 1 -5999999999999999999999
 98101125159196226239229195145 90 38  2 -7 14 5811517422124624421918114018 714G4 6 5239192424999999999999999 022 971248 -799999999999999
108 94103130166202229238223186135 81 32  3  2 29 7613218722824423520616618 715G4 65223820 724499999999999999 1 6 931332 -199999999999999
127100 92107136171204227230211174126 75 34 14 20 51 9815019822923622018918 716G4 740232204723799999999999999 149 921415 1399999999999999
151116 95 94111139171200218217197162118 75 44 33 46 7812116620422422320318 717G4 829220212622699999999999999 233 921457 3399999999999999
172138109 95 98114139167190204201182152116 83 61 58 7410414117820521620918 718G4 92120522 621699999999999999 319 941539 5799999999999999
188158129107 97100114134157177188185171147120 96 83 8410012515518320120518 719G41020188224720699999999999999 414 961624 8299999999999999
196175150125107 98 9910912614516317317416514913011310510711914016318319518 720G41136175233619799999999999999 523 97172010499999999999999
196187169146125107 96 9410111513315116517016815714413012212213114616518018 721G41310170999999999999999999999 645 93183212199999999999999
190191183167146124104 90 85 9010412414516317417617015714313312913414716318 722G4 037192144317799999999999999 759 85195412999999999999999
178188190184168145120 96 79 73 79 9612014617018518918216714913512813214518 723G4 147191155118999999999999999 9 0 7321 612899999999999999
162179191194187168142112 84 66 61 71 9312315518319920219017014713012312818 724G4 251195163920299999999999999 950 6122 312399999999999999
144164184198201189165133 99 70 53 52 68 9713317019921320919116513912111618 725G4 3432011718214999999999999991033 50224811699999999999999
126147172194207206188157119 82 54 41 47 7110815018821422221018415312611018 726G4 4252091752222999999999999991111 41232510899999999999999
111128155184206215207181143102 65 40 35 50 8312617020622522320217013711118 727G4 5 22161823227999999999999991146 34235910299999999999999
102112137168198217219202168125 83 48 31 36 6110114819122022921618715211918 728G4 5362211853229999999999999991218 30999999999999999999999
 99 99118149183211224216190150105 65 37 30 46 8012517120822822520216813218 729G4 610224192222999999999999999 030 961248 2999999999999999
103 92102129163196219223207173130 87 51 33 38 6410414919122022721318414818 730G4 643224195022799999999999999 1 1 921318 3299999999999999
113 92 91110141175205220216192154112 72 45 39 55 8813017220622321919716418 731G4 718221201822499999999999999 133 891347 3899999999999999
128100 87 96120152183207215203175137 97 65 49 54 7811315318921421920617918 8 1G4 755215204822099999999999999 2 6 871416 4899999999999999
145113 92 88102128158185203205189159124 90 67 61 7410213617119921321019118 8 2G4 835206211921499999999999999 242 881448 6199999999999999
162131104 90 92107132158182195193176149119 93 79 80 9712315318220220819918 8 3G4 922196215420899999999999999 323 891524 7799999999999999
177150121100 90 93108129153174185183169147123104 9610011613816318519920018 8 4G41020186223620199999999999999 414 9016 8 9699999999999999
189168143118 98 89 9010112114316417617716915313512111511712814616618319418 8 5G41138178233219599999999999999 524 88171311499999999999999
194184165142117 97 84 81 8910713115417117917716715314013012813314616317918 8 6G41319179999999999999999999999 647 80185012899999999999999
190193186169145118 92 73 66 72 9111814617118719218617215513913013114115818 8 7G4 048193145419299999999999999 8 4 66202712999999999999999
176191198194178150117 84 59 47 53 7510714417820221120418616314012612313318 8 8G4 21219816 421199999999999999 911 47214112299999999999999
153176197209207188154113 73 42 28 35 6210314919021922921819416313411511218 8 9G4 3222101657229999999999999991010 27223911199999999999999
126152182208223220196155106 60 25 11 23 5710616020723624222419215412110118 810G4 42122517432439999999999999911 2 112328 9899999999999999
102122155191222237230199151 97 46 11  1 20 6311817622324924622018113910418 811G4 5122381824251999999999999991150  1999999999999999999999
 87 95123162202233246232195143 86 36  5  2 30 7813719523725324120816412018 812G4 6 024619 325399999999999999 011 871234 -199999999999999
 88 78 94128170211239246227186132 77 31  8 16 5110216021124424822718814318 813G4 646247193925099999999999999 052 781315  799999999999999
101 76 76 99136177215238238214172121 71 35 23 41 8013018222324223520616618 814G4 730241201324399999999999999 131 731353 2399999999999999
122 88 72 80106143181213229223197157112 72 48 49 7211115619822623221618418 815G4 815229204523399999999999999 2 9 721429 4599999999999999
144107 81 75 88114147179204213204179145109 81 70 7910413917620622021619518 816G4 9 0213211622199999999999999 248 7515 3 7099999999999999
163129 99 83 82 96119146172190195186166140114 98 9610813115918620420919918 817G4 951195214820999999999999999 331 811539 9599999999999999
177149121 99 89 9010111914116117517917316014212711912013014816818619619518 818G41055179222619799999999999999 424 88162311899999999999999
184165142121104 95 9410111413114916216916916215314313713714315416717918518 819G41229170232018599999999999999 539 93173713699999999999999
184175161143125110 98 92 9510512113815516717317316715814914414415116017018 820G41425174999999999999999999999 710 92192714399999999999999
177179175164149130111 95 85 86 9511213415617418518718016715214113814215218 821G4 051179154118799999999999999 828 84205713899999999999999
164175181181171154131106 85 74 74 8710913716518820019918616614613112713318 822G4 226182162620199999999999999 928 73215512699999999999999
147164181191190178154125 95 72 61 65 8411314818120521320518415713211711518 823G4 32919217 0213999999999999991014 61223611499999999999999
127149173193203199179148112 79 57 50 61 8912616620022022020217314011510318 824G4 4142041730223999999999999991053 50231010399999999999999
109130158187208215202173135 95 62 44 45 66103146188218229218190154119 9718 825G4 4512151759229999999999999991126 422341 9299999999999999
 93109139174205222220198161117 76 47 36 49 81124171210231229206170131 9818 826G4 5252241825233999999999999991157 36999999999999999999999
 83 90117154192220230218186143 97 59 37 39 6310415119522623522018714610718 827G4 558230185123599999999999999 011 821226 3599999999999999
 80 76 95130171208230230208169123 79 47 37 52 8613117821523422920316412118 828G4 631233191723599999999999999 040 751255 3799999999999999
 86 69 77106146187218232223192150105 66 45 48 7411415920022723221418013918 829G4 7 6232194323399999999999999 111 691323 4399999999999999
 99 72 67 85120160197222227209174132 92 63 54 6910214218321422922119415618 830G4 74222820 922999999999999999 142 661351 5499999999999999
116 83 66 72 96132169201218215193158120 88 70 73 9512916519821822020417318 831G4 821219203722299999999999999 215 651421 6999999999999999
135100 75 68 80106139172198208201178148117 94 87 9712115018020321320618518 9 1G4 9 520821 721399999999999999 252 681454 8799999999999999
155121 92 75 74 8711013916718819618817014612311010912014016318419920219218 9 2G4 959196214420299999999999999 336 72153410799999999999999
171144116 93 80 78 8810713215717518418116915313813012913614916518018919018 9 3G41114184223719199999999999999 437 77163412899999999999999
182166144120 99 84 78 83 9711914216317718117816915814814314314815817017918 9 4G413 2181999999999999999999999 6 6 78183214299999999999999
183181170153130106 86 72 70 8110212815517719019418817516014613813814515818 9 5G4 0 9183145119499999999999999 740 70203213799999999999999
172184189184167142111 82 61 54 63 8611915418520621320518616213912512213118 9 6G4 2 2189155721399999999999999 856 54214412199999999999999
150173193205202183150110 73 45 36 47 7711816220122523021518715312310510418 9 7G4 321206164323199999999999999 958 36223410299999999999999
120148180208224220194152105 61 30 22 39 77127178220242239214177136102 8518 9 8G4 4192251723244999999999999991049 222316 8499999999999999
 90115153193226241231197149 95 48 19 17 43 89145199238252238203158112 7918 9 9G4 5 82411759252999999999999991134 142355 6899999999999999
 68 83118163207240251233193140 85 39 17 25 60112169220250251226183133 8818 910G4 5522511833255999999999999991215 16999999999999999999999
 61 60 85127176220248250225181127 75 37 26 45 8714019423525223920415710818 911G4 63525319 425299999999999999 031 571252 2699999999999999
 68 51 62 95140187226246240210165115 71 45 47 7511916921324024221917813018 912G4 716247193424599999999999999 1 7 511326 4299999999999999
 86 57 52 72108151194225235223191150107 75 63 7610815019122323522419315218 913G4 75723520 123599999999999999 141 511358 6399999999999999
108 74 57 62 86121160194215218202173138106 88 8810713817320322122020116818 914G4 838219202722399999999999999 215 561428 8599999999999999
130 95 72 65 7610013116218820119918416013411410711513415918520420920017818 915G4 922202205421099999999999999 251 65145910799999999999999
149118 92 79 78 9011013415817718518317215513912912813615116918519419318118 916G41017186212419599999999999999 332 77153612799999999999999
162138116 99 90 90 9811313115016417217316816015114514414815616617518017718 917G4114017422 918099999999999999 429 89164414499999999999999
168155138122109100 9710010912313915416517217417116515815214915115616216618 918G41347174234916899999999999999 6 4 9719 714999999999999999
168165157146133118105 96 9410111313115016718018618417516214914013814215018 919G41515186999999999999999999999 744 94204913899999999999999
160167171168157141121102 89 84 9010612815417719420019317715613712412213018 920G4 2 3171155920099999999999999 856 84214112299999999999999
145162176184181166143117 92 76 73 8310513516619420921019416914111810711018 921G4 314184163121299999999999999 946 72221710699999999999999
126149174192199191169138105 78 63 64 82113150186212222211185152119 97 9118 922G4 3591991659222999999999999991026 612248 9199999999999999
104130162192210212195163125 89 62 52 63 91130172208228226203167128 94 7718 923G4 4362141725230999999999999991059 522317 7699999999999999
 82106143181212226218191151108 71 50 50 71109154197227235219185142100 7118 924G4 5102261750236999999999999991130 472346 6399999999999999
 64 82118161202229235216179134 90 57 45 57 90135181220239232203160113 7418 925G4 54323618152399999999999999912 0 45999999999999999999999
 54 60 90134181220240235206163116 75 50 51 76117163206235239218179131 8618 926G4 617241184024199999999999999 016 531229 4799999999999999
 53 46 65105153199232242226190145100 67 54 6810214618922323822819615210418 927G4 65324219 623999999999999999 047 451258 5499999999999999
 63 42 48 78122169210235235212173130 92 69 69 9313017120723023120917012518 928G4 730238193323399999999999999 118 411328 6699999999999999
 82 51 42 58 93136180214229222195158121 92 81 9212015518921522521418614618 929G4 81023020 022599999999999999 151 411359 8199999999999999
105 69 49 50 7110614518220921720618114912010210111714317219621121119416518 930G4 854217203021399999999999999 227 47143310099999999999999
129 94 68 56 62 821121461771972021921721491291201231371571761921991941771810 1G4 94820221 619999999999999999 310 56151412099999999999999
152123 96 76 67 72 871111391651831891851721571451391401471581701801831801810 2G411 318922 218499999999999999 4 9 67161913899999999999999
168150128107 89 78 76 851031261511701821851811721621531471451491561641701810 3G41253185999999999999999999999 539 76184814599999999999999
173170160143122101 83 73 75 891121391641841951961881741571421321301371501810 4G4 0 1173143719799999999999999 720 73204113099999999999999
164177183178162137108 82 65 62 751011341671952112131991761491251101091201810 5G4 2 7183153521499999999999999 840 61213710899999999999999
142167190202200180147109 75 53 49 66 98138179212228224201168131101 86 891810 6G4 321203161722999999999999999 941 482220 8599999999999999
110142178208224217190149104 65 42 42 65105153198231241226192149106 75 641810 7G4 4142241653241999999999999991030 392258 6499999999999999
 77109151194228240227192144 95 56 37 45 77124175219245243216173123 79 521810 8G4 5 02401727248999999999999991113 362334 4799999999999999
 50 74116165212243248227185135 86 50 40 59 98149199236250234196146 95 551810 9G4 5422501758250999999999999991151 40999999999999999999999
 37 47 81130181225250246217173123 78 53 55 83127176219245243215170118 70181010G4 622251182724799999999999999 0 8 361226 5099999999999999
 38 33 55 96146196233247234201157112 77 64 78112156199231241226189141 92181011G4 7 1247185424199999999999999 042 311259 6499999999999999
 53 33 40 70114162204231235217183143106 83 84106141180213231227201161115181012G4 740237191923299999999999999 114 331329 8199999999999999
 74 46 40 56 90131173206222219198166133107 97107132164195216220205175136181013G4 818223194422199999999999999 145 391359 9799999999999999
 97 66 50 54 75107144177201209201181155130115115129152177197207202182153181014G4 859209201020799999999999999 218 50143011399999999999999
120 89 69 63 72 92120149174190193185169150135129133145162178190191182163181015G4 947194203919299999999999999 253 6315 712999999999999999
138113 92 80 79 87104125148166178181176166154145142144150160170175174166181016G41052181212017599999999999999 337 7816 814299999999999999
152134117103 94 92 96108123141157169175175170163156149146146150155159160181017G41232176224816199999999999999 449 92182814599999999999999
157150140127115105 99 98104117133150165176181180173161148138133134140148181018G41417182999999999999999999999 635 97201913299999999999999
155159159152140125109 98 93 97109128150170186193190177158137122115118129181019G4 122160151219399999999999999 8 3 93211111499999999999999
145160171173166150128106 90 83 89106130158183200204194172144118100 96106181020G4 247174154820599999999999999 9 3 832147 9699999999999999
127151174188190177152124 97 79 74 85109141174201215211190157122 93 78 82181021G4 336191161721599999999999999 948 742218 7799999999999999
102133167194207202180148113 84 67 69 89121159195219224208175134 95 67 60181022G4 4152081644225999999999999991025 662249 5999999999999999
 75108148187215223208177138 99 71 60 72101141183217232224195152105 66 45181023G4 4512231710233999999999999991059 602319 4399999999999999
 49 78121169210233231207168124 85 62 61 84122166207233236214173123 75 40181024G4 5272351737238999999999999991131 582351 3099999999999999
 30 48 89140190228243231198154110 75 61 72104147191225240229194145 93 48181025G4 6 324318 52409999999999999912 4 61999999999999999999999
 23 26 57105159208239245224185141 99 72 70 91129172210235236211168117 67181026G4 641246183323899999999999999 023 201236 6899999999999999
 30 16 32 71122175218241237211171129 95 79 87115153191220232221188143 93181027G4 72124319 223299999999999999 057 161310 7899999999999999
 50 23 21 45 88137185220234224196159123 98 93109138171201220220201165121181028G4 8 3234193322299999999999999 133 181344 9299999999999999
 78 43 27 34 61101146187214221208183152124109112129154180200209202180147181029G4 85022120 720999999999999999 212 26142310899999999999999
109 74 48 40 49 75110148181202206195175151133124128142160177189192184165181030G4 946207204919399999999999999 258 40151012499999999999999
138109 81 62 55 63 83111142170188194188174158145138138144154164172175171181031G41057194215817599999999999999 357 55162813799999999999999
159141118 96 79 69 71 841061331591781881881811691551441361341381451551631811 1G41231190999999999999999999999 520 69185313499999999999999
167164153136114 93 78 73 81 991241521751911961911781591401241151161261411811 2G4 0 716714 019699999999999999 655 73202511499999999999999
158172178172155129103 81 70 74 92120152181201208201181153125102 91 941101811 3G4 2 1178145920899999999999999 814 702118 9099999999999999
135163185197191170139106 79 65 69 91124161194215219204175138102 76 67 771811 4G4 312197154222099999999999999 916 642159 6799999999999999
103138175203215206179141103 74 61 70 97136176211229224199159115 76 51 481811 5G4 4 421516192309999999999999910 5 612237 4799999999999999
 68105149191221229214180138 97 69 62 78112154196226236220183136 88 50 321811 6G4 4502301652236999999999999991048 612312 3199999999999999
 39 70115165209235235212174129 90 68 69 94133177215236233205160109 62 301811 7G4 5312381723238999999999999991126 652347 2199999999999999
 22 41 81132183223241233203162119 86 72 84116157197227236220183133 83 411811 8G4 61124117522379999999999999912 2 72999999999999999999999
 19 24 53 99151198230239223189148110 86 84104139179213231227199156107 611811 9G4 649239181923299999999999999 019 181235 8199999999999999
 28 19 35 72119168208230229207173135105 91100126161195219224208174130 84181110G4 726232184622599999999999999 051 1913 6 9199999999999999
 47 27 30 54 93138181211223214190157126105103118146177202215209186149108181111G4 8 3223191321599999999999999 123 25133710199999999999999
 70 43 35 47 75113153187208211198173145122111116135159183200202190163129181112G4 841212194120399999999999999 154 35141011199999999999999
 94 65 49 50 66 94127160186199197183162140125121129145164180189185170145181113G4 922200201418999999999999999 227 47144812199999999999999
117 89 69 62 67 83108136161180188185173156141131130136147160170173168155181114G41012188205617399999999999999 3 6 61154012999999999999999
135113 94 80 76 81 95115137158173179178169158146137133135140148155158156181115G4111718022 515899999999999999 356 76171613399999999999999
147134119104 93 89 91100116135153167176177172163150138129125126133141148181116G41243178999999999999999999999 512 88191512599999999999999
151149142130116104 95 94100113132151168179183179167150131116108109118132181117G4 0 7151135918399999999999999 644 93202310799999999999999
146156160155143126109 96 91 96111132155175189193185166141115 95 87 92109181118G4 156160144919399999999999999 8 1 9121 7 8799999999999999
131153170176170153131108 91 85 92111137165189202201185156122 91 71 67 80181119G4 3 1176152620499999999999999 858 852144 6699999999999999
107139168189194183159130102 84 80 92118150181205214204176138 97 64 46 51181120G4 348195155821499999999999999 944 792218 4599999999999999
 75113153189209209190159124 94 76 78 98131168200221220198159113 68 36 26181121G4 4302121630223999999999999991025 752252 2699999999999999
 42 79126173210226219191154115 85 73 83111149188218230218184136 84 40 13181122G4 51122717 12309999999999999911 4 732328 1099999999999999
 14 42 89143193227237221187145106 80 75 94129169206230231207163110 57 17181123G4 5512371733234999999999999991141 74999999999999999999999
 -1 12 50103160209237239216178136 99 80 84110148187219233223189140 86 36181124G4 63324218 723399999999999999 0 5 -11219 7899999999999999
  3 -4 19 63119175218239233206167127 97 86 98128165199223227208169119 67181125G4 716240184222899999999999999 043 -51257 8699999999999999
 24 -1  3 32 79133184220233222193157122 99 97114143176203218214190150103181126G4 8 1233191921999999999999999 123 -31337 9599999999999999
 57 22  7 17 48 93142186215222208181149121107109127152178197205197173137181127G4 84922220 120599999999999999 2 6  7142110699999999999999
 96 57 30 22 34 64104146183205209196172146125115119133152170184189181160181128G4 941210205318999999999999999 254 22151311599999999999999
131 97 67 46 41 52 77110146177195198187169148131122122130142155167172168181129G4104119822 617299999999999999 349 40162812199999999999999
155133107 82 65 59 66 85113144170187191184170151134122116117125137150160181130G41152191235316399999999999999 457 59181911699999999999999
163157143122100 82 73 76 90114142167184191187173154132114102 981051191371812 1G413 7191999999999999999999999 617 721950 9899999999999999
154166167158139116 95 82 81 93115142168188197192176151123 98 81 77 861061812 2G4 139168141119799999999999999 736 802050 7699999999999999
131157176182174154127103 86 83 95118147176196204196174142107 77 58 57 721812 3G4 25618215 120499999999999999 842 822136 5599999999999999
100134166190197187163133105 87 84 99126157187207211196165126 86 54 38 431812 4G4 354197154221299999999999999 937 832216 3799999999999999
 66102144181205209194165132102 85 87107137171201216212188149105 63 33 241812 5G4 4412101619217999999999999991024 842254 2399999999999999
 37 70113159198218216194161126 97 85 93119153187212221207173128 81 41 171812 6G4 52422016532219999999999999911 5 852329 1499999999999999
 17 41 81130177212225215188152116 92 88104134170201220217193153105 58 241812 7G4 6 32251724222999999999999991142 87999999999999999999999
 10 21 53 99150194221225208176139107 90 95118151186211220207174129 81 401812 8G4 640227175522099999999999999 0 3 101217 8999999999999999
 14 12 33 72121169206223218194160125 99 92106134167197214212190151106 611812 9G4 715224182421699999999999999 036 101250 9299999999999999
 28 13 22 51 94141183211218205177143113 97 99119149179202209198169129 86181210G4 750219185420999999999999999 1 7 131322 9699999999999999
 48 25 21 39 73115158192209208189160130107100109132160184199197179148109181211G4 824211192620099999999999999 139 20135510099999999999999
 72 43 30 36 60 94133169194202194173146121106106119141164182189182160130181212G4 85920220 018999999999999999 210 30143110499999999999999
 96 66 46 42 55 80112146174190192181160137118109112125143160173175165145181213G4 937193204217599999999999999 244 42151410999999999999999
118 90 68 57 58 73 96124152174184183171153134119113115124137151160161152181214G41021185213616299999999999999 322 56161311399999999999999
135114 93 77 70 74 87107131154171179176166151134120112111116126138147150181215G41115179225515099999999999999 410 70174211199999999999999
146135119102 89 83 86 96113134154169177176166151134117105 99102112125139181216G41221177999999999999999999999 515 831913 9999999999999999
147148142130115102 93 92100115135155171180179170152130107 90 81 84 97117181217G4 041149132818199999999999999 638 922016 8199999999999999
137152159156144128111 98 94100116138160178188186172148119 90 68 59 66 86181218G4 213159142318999999999999999 756 9421 4 5999999999999999
114142165176173159137115 98 92 99118143168188198192171138101 66 43 37 51181219G4 31917715 919899999999999999 859 922146 3799999999999999
 81118154182195189170142115 95 89 99122152181202208195164122 78 40 18 19181220G4 411195155120899999999999999 953 892228 1699999999999999
 42 82128171202212201175142111 90 86102131164195215215192152103 54 15 -2181221G4 4582121631217999999999999991040 852310 -399999999999999
  7 40 88141189219224207175138104 85 87109142179209224216184136 82 31 -5181222G4 5432251711224999999999999991125 832352-1699999999999999
-16  3 45100157204230229206169130 97 83 91118155191218227210172119 63 14181223G4 62823317512279999999999999912 8 82999999999999999999999
-17-19  7 55113171215234227199160121 92 84 98129166200222223200157104 49181224G4 712235183322599999999999999 035-221251 8399999999999999
  4-19-13 19 70128182219231218187148112 89 88107139173202217213186143 91181225G4 757231191721899999999999999 118-211333 8699999999999999
 41  4-11  2 38 87141188217222205173137106 90 94114143173196207198171130181226G4 84122320 420799999999999999 2 2-111418 8999999999999999
 85 42 13  6 23 58104152190211209190160128104 93 99117141166184191182158181227G4 926213205719199999999999999 247  515 7 9399999999999999
123 85 51 30 29 47 79119158188201196177151124104 96100114133152168174167181228G41013202215917499999999999999 334 2716 7 9699999999999999
149122 92 66 52 53 69 96129161183192186169145122104 95 96104119136151159181229G411 4192232216099999999999999 426 501727 9499999999999999
158147127105 85 74 75 87109136161179185180165144122103 90 85 90102119137181230G412 2185999999999999999999999 528 7319 0 8599999999999999
150155151138121104 93 90 99117139161176183179165144119 96 78 70 72 86106181231G4 1 415513 818399999999999999 643 902015 6999999999999999
