 20 51 88122147159156143123104 91 89 98116138156164158137103 63 24 -4-1518 1 1G9 51915916 7164999999999999991041 8823 6-1599999999999999
 -8 18 55 95132156166161144122102 91 91103123145162167157130 92 50 11-1418 1 2G9 6 71661651167999999999999991129 892350-2199999999999999
-21 -8 23 63105140162167159139117 98 89 93108129151165167152122 82 40  518 1 3G9 6521681735168999999999999991213 89999999999999999999999
-16-17  1 33 74114145163164151131109 93 88 94111133153164161143112 73 3518 1 4G9 735165182016599999999999999 035-191256 8899999999999999
  5 -9 -6 15 49 87123148160156141121101 89 87 96113133149157151132102 6718 1 5G9 81616019 615799999999999999 118-101340 8699999999999999
 35 12  4 12 35 66100130148154147130111 95 85 86 95111128141145138120 9418 1 6G9 855154195314599999999999999 2 0  41427 8499999999999999
 65 40 25 22 33 55 84112134146146137121103 90 83 84 9310611912913112410918 1 7G9 932147204613199999999999999 241 221521 8299999999999999
 89 67 50 41 43 55 75 98120135142139128113 98 86 80 80 86 9610711511711318 1 8G91011142215311799999999999999 321 411627 7999999999999999
103 89 75 64 60 63 74 91109125135138133123109 94 83 75 73 77 85 9410110618 1 9G91053138233110799999999999999 4 4 591748 7399999999999999
106102 94 85 79 76 80 89101115126134135130120106 91 77 68 64 66 72 82 9218 110G91142135999999999999999999999 456 761912 6499999999999999
101106106103 98 92 90 91 97106117127133134129118103 86 70 58 52 53 61 7418 111G9 138106124113499999999999999 611 892018 5299999999999999
 88102111115114109102 97 97100108118128134135129116 98 77 58 45 39 43 5418 112G9 313115134013699999999999999 743 9621 7 3999999999999999
 72 91109121126124116107100 97100108120131138138129113 90 66 45 31 28 3618 113G9 4 9126143213999999999999999 859 972147 2899999999999999
 53 76100120132135130119107 98 95 99110123136143140127106 79 52 30 19 2118 114G9 449135151614399999999999999 954 952222 1899999999999999
 35 58 86112132142141131116102 93 92100114130143147140122 95 64 36 17 1118 115G9 5231431554147999999999999991035 912255 1199999999999999
 19 40 69 99126143147141126108 94 88 91104121139150149137112 80 48 22  718 116G9 55414716301519999999999999911 9 872327  699999999999999
  8 24 51 83114138149148135117 98 86 84 93110130147154148128 99 65 33 1118 117G9 62315017 4154999999999999991140 842358  399999999999999
  3 12 34 66 99128146151143126105 89 81 84 99119139152154141116 84 49 2118 118G9 6511511737155999999999999991211 80999999999999999999999
  6  6 22 50 83115139150148134114 94 81 78 87105127145153149131102 68 3718 119G9 719151181115499999999999999 029  41242 7899999999999999
 15  7 15 37 68101128146150141123102 84 76 78 92112132146150140118 88 5618 120G9 747150184615099999999999999 059  71315 7599999999999999
 30 15 15 30 55 86116138148145131111 91 77 73 80 96115133143142128105 7618 121G9 816148192414499999999999999 130 131351 7399999999999999
 49 30 23 29 47 74102127142145137120100 83 73 72 81 97115129136131117 9518 122G9 84614620 713699999999999999 2 2 231433 7199999999999999
 70 49 37 36 46 66 90115133142140129111 92 77 69 70 79 9410912112612110818 123G9 91914321 012699999999999999 237 351523 6999999999999999
 90 71 57 50 52 63 82103122135139134121104 86 73 65 66 73 8610011011511318 124G9 955139221211699999999999999 316 491627 6499999999999999
105 92 79 70 66 69 79 94111125134135129116100 82 68 59 57 62 73 87 9910718 125G91040136999999999999999999999 4 3 661744 5799999999999999
110108101 93 86 82 84 91102115126132133127115 98 79 61 49 44 47 58 73 8918 126G9 0 1110113913499999999999999 512 8219 6 4499999999999999
103113116114109102 96 94 97105115125132135130117 98 75 53 36 28 30 42 6118 127G9 2 7116125113599999999999999 654 942017 2799999999999999
 83104120129129123114105 99 98103114126136140135121 98 70 42 21 10 13 2918 128G9 33413014 214099999999999999 836 982117 1099999999999999
 54 83110131142142134121107 97 95101113129142148142125 96 62 30  6 -5  118 129G9 43214415 314899999999999999 947 9522 9 -599999999999999
 21 52 88120143153151138120103 91 90 98115135150156148126 92 54 18 -7-1518 130G9 5181541558156999999999999991039 892257-1599999999999999
 -5 21 58 97131153160153135113 94 83 85 98119142158162151124 86 44  8-1418 131G9 5581601647163999999999999991123 822341-1999999999999999
-18 -2 29 69110142160161148126101 83 75 81 99124148163164148118 77 36  318 2 1G9 63616317341669999999999999912 3 75999999999999999999999
-14-12 10 45 85123150161156138112 88 72 70 81102128151163160141108 69 3118 2 2G9 710162182016499999999999999 023-151242 6999999999999999
  5 -5  4 29 65103135154157146123 97 76 65 67 82105130149157150129 97 6218 2 3G9 74215819 315799999999999999 1 2 -51320 6499999999999999
 31 13 11 25 53 87119143153149132108 84 67 61 67 83105127142146136115 8718 2 4G9 812154194714699999999999999 138 1014 0 6199999999999999
 59 37 28 32 50 77106131146148137118 95 75 62 60 68 8410312113113212210418 2 5G9 839149203313399999999999999 211 271443 5999999999999999
 82 62 49 46 55 74 97120137143139125106 86 70 61 61 68 82 9811111811710918 2 6G9 9 7144212711999999999999999 243 461531 6099999999999999
 96 82 70 64 66 77 93112127137137130116 98 81 68 61 61 67 77 89 9910510618 2 7G9 936138224210699999999999999 313 641632 6099999999999999
102 95 87 81 80 84 93106118128132130122109 94 80 68 60 58 62 69 79 88 9618 2 8G91011132999999999999999999999 348 801751 5899999999999999
100102100 97 95 94 97103110118124127125118107 94 80 67 58 53 54 60 69 8118 2 9G9 05410211 412799999999999999 443 941921 5399999999999999
 92101107110109106104103105109114119123123118109 95 79 64 51 44 44 50 6318 210G9 3 9110123012399999999999999 6481032032 4399999999999999
 78 95108117121118113107102101104110117123125121111 95 75 56 41 33 34 4418 211G9 4 4121135512599999999999999 8481012123 3299999999999999
 61 82103119128129124114104 96 95 99108119128131126112 91 67 45 29 23 2818 212G9 438130145513199999999999999 947 9522 3 2399999999999999
 43 66 92115131137134123108 95 88 89 97111125135137128109 83 56 32 17 1518 213G9 5 71371541138999999999999991025 872238 1499999999999999
 27 49 77106129141142132115 97 84 80 85100118135144142127102 72 42 19  918 214G9 5331431620145999999999999991056 802311  999999999999999
 14 32 61 93122141147141124103 84 74 75 87106128144150142121 91 57 28 1018 215G9 5581471656150999999999999991125 732341  699999999999999
  6 19 45 78111136149147133111 88 71 66 74 92116138152152138111 77 43 1818 216G9 6231501732154999999999999991154 66999999999999999999999
  6 11 32 63 97127147151141120 95 73 61 62 76100125146155149129 98 63 3318 217G9 64815118 715599999999999999 011  61224 5999999999999999
 14 11 24 50 84116141152147130104 79 60 54 62 82108133149153141117 85 5318 218G9 713152184415399999999999999 041 101256 5499999999999999
 28 17 22 42 71104131148150138115 88 65 51 51 65 87113135147146130104 7518 219G9 738151192314899999999999999 111 171330 5099999999999999
 48 31 29 40 63 92120141149143125100 74 55 47 51 68 91115133141135119 9518 220G9 8 414920 614199999999999999 142 2814 8 4699999999999999
 70 51 42 46 61 84110131144144132111 86 64 49 45 52 69 9011112613012411018 221G9 831145205713099999999999999 214 421451 4599999999999999
 91 73 61 58 65 81101121135141135121100 78 58 47 44 51 66 8510211411911618 222G9 9 114122 411999999999999999 248 581545 4499999999999999
106 94 83 76 77 84 96111125133134127113 94 74 57 46 42 47 59 74 9010211018 223G9 937135235011299999999999999 329 761656 4299999999999999
112109103 97 93 93 97105115123128128122110 94 76 59 45 38 39 47 60 76 9218 224G91029129999999999999999999999 431 931825 3799999999999999
105113117116112108104104106112118123125123114100 81 61 43 31 27 32 46 6518 225G9 21411712 212599999999999999 6401041954 2799999999999999
 86106121128129124116108102101104111120127129123108 86 61 37 20 14 19 3518 226G9 337130134612999999999999999 84710121 4 1499999999999999
 60 87113132141140131117103 94 91 96108122134139133116 89 58 30  9  2 1018 227G9 42414215 013999999999999999 951 912159  299999999999999
 31 62 95124144151145130110 92 81 80 90108128144150142121 89 53 21  0 -418 228G9 5 11511558150999999999999991034 792245 -599999999999999
  9 36 72108137154155142120 96 76 67 71 88112136154158147120 84 46 14 -318 3 1G9 5351561648159999999999999991112 672327 -599999999999999
 -2 17 49 88124149159152132105 78 60 56 67 89118144160161145115 76 39 1118 3 2G9 6 51591733163999999999999991147 56999999999999999999999
  0  8 33 69107138156157142116 86 61 48 50 67 94124149161158137105 68 3518 3 3G9 634159181616299999999999999 0 5  01222 4799999999999999
 15 12 27 56 92125149157149127 97 68 48 41 50 71100129149156148125 94 6218 3 4G9 7 0157185815699999999999999 040 111256 4199999999999999
 37 26 31 51 81113139153152135109 79 54 40 40 53 77105129144146135112 8518 3 5G9 725154193914799999999999999 112 261331 3899999999999999
 60 45 42 53 76103129146150140119 92 65 46 38 43 59 8210612513513312110118 3 6G9 748150202113699999999999999 141 4114 7 3899999999999999
 81 64 57 61 76 97120137145141126104 79 57 44 41 49 65 8510411812312011018 3 7G9 81014621 812399999999999999 2 8 571446 4199999999999999
 95 82 73 73 80 95112128138138129113 92 71 55 47 46 54 68 84 9810811211018 3 8G9 834139221011299999999999999 236 721532 4599999999999999
104 95 88 85 88 96107119128132128118103 86 70 58 51 51 57 67 78 90 9810418 3 9G9 9 0132235810599999999999999 3 5 851633 5099999999999999
105104101 98 98100105111118122123119110 99 86 73 62 55 53 55 62 71 82 9218 310G9 936123999999999999999999999 349 9718 0 5399999999999999
101107110110108107106106109111114115113109101 90 78 66 56 50 49 54 63 7618 311G9 236110105711599999999999999 6 61061937 4999999999999999
 90104113119119116110105101101103106111113112106 95 81 65 52 43 41 46 5918 312G9 335120131611399999999999999 8461002046 4199999999999999
 76 95112124128126118107 97 91 91 95104113119120113 99 80 60 43 33 32 4218 313G9 4 7128143612099999999999999 937 902134 3299999999999999
 60 82105124134135127113 97 85 80 83 93107121129129118 99 75 51 33 24 2818 314G9 43413615271309999999999999910 9 802212 2499999999999999
 43 67 94119136142136121101 83 71 70 79 96116132139135119 94 65 39 23 1918 315G9 45814216 9140999999999999991037 692246 1899999999999999
 29 52 81111134146144130108 84 66 59 64 81104128144148138115 85 54 29 1718 316G9 52214716471489999999999999911 4 592317 1699999999999999
 20 38 67 99128147150140117 90 65 50 50 63 88116140153152135107 74 43 2318 317G9 5451511724154999999999999991133 482348 1799999999999999
 18 29 54 87119143153148128 99 70 47 39 46 67 97127149158150128 97 63 3718 318G9 6 915418 21589999999999999912 3 39999999999999999999999
 23 26 45 74107136152153138111 79 51 34 32 47 74106135154157144118 87 5718 319G9 633155184115799999999999999 019 231234 3199999999999999
 37 32 42 65 96126147154146123 92 60 36 25 31 52 82114139152150134109 8018 320G9 658154192215399999999999999 050 3213 8 2599999999999999
 57 45 47 62 87115138151149133105 74 45 27 23 34 57 8711613714614112410218 321G9 72315220 814699999999999999 122 441345 2399999999999999
 79 64 59 66 83106128143147138118 90 61 37 25 25 39 62 8911313013513011718 322G9 74914821 113599999999999999 155 581428 2399999999999999
100 84 76 75 84100118133141139126105 79 55 37 28 30 42 62 8510511912412218 323G9 817142221012499999999999999 230 741519 2799999999999999
114103 94 90 92 99111123131134128116 98 77 57 41 33 33 43 58 76 9410711618 324G9 850134235911899999999999999 313 901626 3299999999999999
118116111107104104107113119123124120111 98 81 64 48 38 35 39 50 65 83 9918 325G9 941124999999999999999999999 4281031757 3599999999999999
112120123122118113108106107109113116117113105 91 73 56 41 32 32 40 56 7518 326G9 210123114311799999999999999 7181061932 3199999999999999
 96114127133131124114104 97 95 97104113120122116102 82 60 40 27 24 32 5018 327G9 317133134712299999999999999 858 952046 2499999999999999
 75100123137142137124107 92 82 80 86100115128134129112 88 61 36 21 18 3018 328G9 35714215 213499999999999999 944 792141 1899999999999999
 52 81111134147147135115 93 74 65 67 80100122139146138118 89 58 31 17 1818 329G9 4291491558146999999999999991020 642226 1699999999999999
 34 62 95125146154146126 99 73 55 49 58 79106132150154143118 85 53 28 1818 330G9 4581541646155999999999999991054 4923 6 1899999999999999
 25 47 79113140155154137110 79 53 39 39 56 83114141157157141113 79 49 2918 331G9 5261571730159999999999999991127 372341 2599999999999999
 26 40 67100131152158147122 90 58 36 28 36 59 91123148159154134104 73 4818 4 1G9 5511581812159999999999999991159 28999999999999999999999
 36 40 60 89120145157153133103 69 41 24 24 40 67100130150155146124 95 6918 4 2G9 615157185215699999999999999 014 361231 2299999999999999
 52 48 59 82110136152154141115 83 51 29 20 27 48 77108133147147134113 8918 4 3G9 638155193114999999999999999 044 4813 3 2099999999999999
 69 60 64 79102127145152145125 96 66 40 25 23 36 58 8611313214013612310418 4 4G9 7 0152201114099999999999999 113 601335 2299999999999999
 86 74 72 81 97118136146144131108 81 54 35 27 31 46 68 9211312713112611418 4 5G9 723147205513199999999999999 142 721410 2799999999999999
100 88 83 85 95111126137140133116 94 70 50 37 34 40 55 74 9411011912211718 4 6G9 746140215012299999999999999 211 821449 3499999999999999
109100 94 92 97106117127132129120104 85 67 52 43 42 49 61 76 9110411211518 4 7G9 812132231111599999999999999 246 921538 4299999999999999
114110105102101104110116121122118109 97 83 69 58 51 49 53 62 74 86 9810718 4 8G9 843122999999999999999999999 3381011646 4999999999999999
113115114112108106106107109111111109104 97 86 75 65 57 53 54 59 69 81 9518 4 9G9 112115 94211199999999999999 5461061820 5299999999999999
107116121121117112105100 98 98101104106106102 94 83 70 59 51 50 54 65 8018 410G9 234121122610799999999999999 822 981948 4999999999999999
 96112123129127120109 98 89 86 88 94102110113111102 88 72 57 46 44 50 6418 411G9 31512914 811399999999999999 910 862049 4499999999999999
 83104122133136129115 99 84 75 73 80 92107119124121108 90 69 51 40 39 4918 412G9 34513615 712499999999999999 940 732134 3899999999999999
 69 93116134142139125104 83 66 59 63 77 97117131136129111 87 63 44 35 3918 413G9 41114215531369999999999999910 8 592212 3499999999999999
 55 80107131146147135113 86 62 48 46 58 80107130144145133110 82 56 38 3418 414G9 4361481635147999999999999991037 452247 3499999999999999
 45 67 96125145153145124 95 64 41 31 38 58 88119143155151133105 75 51 3818 415G9 5 015317151559999999999999911 7 312322 3799999999999999
 40 57 84115141155154137107 73 42 23 20 35 64 98131153160151129100 71 5018 416G9 5261571757160999999999999991139 192356 4399999999999999
 43 52 74103132152158147122 87 51 23 10 16 38 72108139158160147123 94 6918 417G9 5521581839161999999999999991212 10999999999999999999999
 55 55 69 93121145157154135103 67 33 11  5 17 44 80115143157155140117 9218 418G9 619158192415899999999999999 030 531249  599999999999999
 73 65 70 87111134151155144119 86 51 22  6  7 23 52 8611814115114713311318 419G9 646155201415199999999999999 1 6 651328  499999999999999
 93 81 78 87103123141150147131104 73 42 19  9 13 31 58 8811513414113812718 420G9 716150211014299999999999999 143 781413  999999999999999
112 99 91 92100114129139142135118 94 66 41 24 17 22 38 61 8610912413213118 421G9 748142222213299999999999999 225 9115 5 1799999999999999
124114106102102108117126132131124109 90 68 48 33 27 30 42 60 8110111612518 422G9 827132235812899999999999999 3211011610 2799999999999999
128125120114109107108112117120120116107 93 76 59 45 37 36 44 58 76 9411118 423G9 934121999999999999999999999 5 41071734 3699999999999999
123130130125118110104100100103108112114110102 88 71 56 44 39 43 55 72 9318 424G9 133130115211499999999999999 72910019 4 3999999999999999
112127135135129117104 93 86 85 90 99109117119114100 82 63 48 40 42 54 7318 425G9 233136134611999999999999999 840 842018 3999999999999999
 97118135142139127110 91 76 68 69 79 95112126131125110 89 66 49 40 43 5818 426G9 31314215 013199999999999999 922 672114 4099999999999999
 81106129144147138120 96 73 56 51 57 74 97120136141134116 91 67 49 42 4918 427G9 346148155514199999999999999 958 5122 0 4299999999999999
 67 93120142152148131106 77 52 38 37 51 75104130146149138116 90 65 50 4718 428G9 4151521643150999999999999991032 362240 4799999999999999
 59 82110135152155142118 87 56 33 24 31 52 82114139153152137113 86 64 5418 429G9 44215517261559999999999999911 4 242315 5399999999999999
 57 74 99126148157151131100 66 36 19 17 32 59 93124147156150132107 82 6618 430G9 5 715718 6156999999999999991136 162349 6199999999999999
 61 71 91117141155155141114 79 46 22 12 18 39 70104133151154144124100 8018 5 1G9 53215718451559999999999999912 7 12999999999999999999999
 70 72 86108132149156148126 95 61 31 14 12 25 51 83114138150149136116 9518 5 2G9 557156192415199999999999999 020 691238 1199999999999999
 81 77 85101122141152150135108 77 46 23 14 18 37 64 9412113914514012610918 5 3G9 62215320 314599999999999999 051 771310 1399999999999999
 93 85 86 97114131144147139119 92 63 38 22 19 29 49 7610212313613813211918 5 4G9 647148204413999999999999999 122 841343 1999999999999999
105 94 91 95107121134141138125105 79 55 36 27 29 41 61 8410612213113112518 5 5G9 714141213213299999999999999 156 911420 2699999999999999
114104 98 97103112123131133126113 93 72 53 40 35 39 51 69 8810611912512618 5 6G9 744133223212699999999999999 236 9715 3 3599999999999999
121114106102102106112119123122115103 88 71 57 47 44 48 59 73 8910411612218 5 7G9 820123235012499999999999999 3341011556 4499999999999999
124121116110105103104107110112112108 99 88 76 64 56 52 54 62 74 8810311518 5 8G9 921113999999999999999999999 51310317 8 5299999999999999
123126124119111104 98 96 96 99103106105102 94 83 72 62 57 56 62 73 8810418 5 9G9 1 8126112810699999999999999 715 961832 5699999999999999
118128131128120108 97 87 83 84 89 97105110109103 92 79 66 58 56 62 74 9118 510G9 2 3131132511099999999999999 819 831946 5699999999999999
109125135137130117 99 83 71 67 72 83 97111119120113100 83 67 57 55 62 7818 511G9 242137143812199999999999999 859 672043 5499999999999999
 98119135143140127107 84 64 53 52 63 81102121132132122105 84 66 56 55 6618 512G9 314144153313399999999999999 932 512131 5499999999999999
 86110132146149139118 90 63 42 34 40 59 85112134145143129107 84 65 56 6018 513G9 34415016201469999999999999910 5 342214 5699999999999999
 75 99124145155150132103 69 40 22 19 33 60 93124147156150132107 83 65 6018 514G9 41315517 6156999999999999991039 182254 6099999999999999
 68 88114139155159146119 83 47 19  5 10 31 65102135156162153132106 83 6818 515G9 4431591752162999999999999991115  52334 6699999999999999
 68 80103129150161157136103 64 27  3 -5  7 35 72111143161163151129104 8418 516G9 5131621839164999999999999991153 -5999999999999999999999
 75 78 94117141157161150123 86 47 14 -6 -7 10 42 8011714616016014612510418 517G9 546162192816299999999999999 014 741234 -999999999999999
 88 83 90107128148158156139109 72 36  8 -6 -2 18 50 8612014415615314012218 518G9 620159201915699999999999999 055 831317 -799999999999999
105 94 93101116134148153146127 97 64 32 10  1  7 28 57 9011914014814613518 519G9 657153211614999999999999999 139 9214 5  199999999999999
120107100100108120133142144135116 90 62 36 18 13 20 38 64 9211613414114018 520G9 739144221914299999999999999 229 991457 1399999999999999
131120110104103108117126132132125110 89 66 45 31 26 32 47 69 9211312913618 521G9 832133232913799999999999999 3351031558 2699999999999999
136130121111104101103108114119121117108 93 75 58 45 40 43 55 73 9311212718 522G9 952121999999999999999999999 51010117 8 4099999999999999
135136131121110 99 93 91 94100107113115111101 87 71 59 52 52 61 77 9511418 523G9 038136114911599999999999999 653 911824 5199999999999999
129137138131119104 89 79 75 78 87 99110117118111 98 83 69 60 59 67 8210118 524G9 134139133511899999999999999 8 4 751937 5899999999999999
120135142140129112 92 74 62 59 64 78 95112123127121108 91 76 66 65 73 8918 525G9 218142145212799999999999999 852 592037 6499999999999999
109128142146140124101 77 57 45 44 55 74 97118132136129114 96 79 70 70 8118 526G9 255146155013699999999999999 932 432128 6999999999999999
 99120138149149136114 86 59 39 30 35 52 77105128142143134117 97 81 73 7718 527G9 32815016391449999999999999910 8 302212 7399999999999999
 90110132148154147127 99 68 40 23 20 32 56 86115138149148135115 95 81 7718 528G9 3581541722150999999999999991042 202251 7799999999999999
 85102123143154154139114 81 49 25 13 17 36 65 97126146153147131111 93 8218 529G9 42815618 2153999999999999991114 132327 8199999999999999
 83 95114135151156149128 97 63 33 14  9 21 45 77110136151153143125106 9118 530G9 4561561839154999999999999991146  9999999999999999999999
 85 90105125144155153139113 80 47 22  9 12 30 58 9112114315214913611810018 531G9 525156191515399999999999999 0 1 851218  899999999999999
 90 89 99116134149153146126 96 64 35 16 11 21 43 7210312914515014312811118 6 1G9 554153195115099999999999999 034 881250 1199999999999999
 97 91 95107124139149148134111 82 52 29 17 18 33 57 8511313314414413512018 6 2G9 624150202914599999999999999 1 7 911324 1699999999999999
106 96 94101113128140144138122 98 70 46 28 22 29 46 70 9611913514113812818 6 3G9 65614421 914199999999999999 143 941359 2299999999999999
115103 97 97105116128136136127110 87 64 44 33 32 41 58 8110312213413713218 6 4G9 731137215413799999999999999 224 961437 3199999999999999
123112102 98 99106115123128126116101 82 63 48 41 42 52 69 8810812313213418 6 5G9 813128224613499999999999999 316 981521 4099999999999999
129121110102 97 97102109115118116109 97 82 67 56 50 52 61 76 9411112413218 6 6G9 911118234313499999999999999 428 971614 5099999999999999
133129120109100 93 91 93 99105110111107 98 87 74 65 59 61 68 81 9711312618 6 7G91041111999999999999999999999 556 911720 5999999999999999
134135130119106 93 84 79 81 88 97105110110105 96 84 74 67 67 73 8510111818 6 8G9 040136123311199999999999999 712 791834 6699999999999999
131138138130116 98 81 69 64 67 77 91105115119116107 94 82 73 71 77 9010718 6 9G9 12913914 311999999999999999 8 7 641945 7199999999999999
124138144141128108 85 64 50 46 53 69 89110125132129118103 88 77 74 81 9618 610G9 211144151213299999999999999 851 462047 7499999999999999
115133146150142123 96 68 43 29 29 42 65 93118137145140127109 91 80 78 8718 611G9 25015016 814599999999999999 933 272141 7799999999999999
104124143155154140114 81 48 22 11 15 35 65 99129149156149133112 94 83 8318 612G9 32715617 0156999999999999991014 102230 8199999999999999
 94113135153161155134101 63 29  4 -3  7 33 69107138158163154135113 95 8618 613G9 4 51611749163999999999999991056 -32317 8599999999999999
 88102124145161164152125 88 48 13 -8-11  5 36 76115146163165154134112 9618 614G9 4441651838166999999999999991139-12999999999999999999999
 89 95111133153165163146115 76 36  4-13-11  9 43 8312115016416315013011018 615G9 524166192716699999999999999 0 2 891224-1599999999999999
 96 93101118139156164158138105 66 29  2-10 -4 19 53 9112615016115814412518 616G9 6 7164201516299999999999999 047 931310-1199999999999999
107 97 96105122140154158150128 97 61 29  7 -1  8 31 64 9912814915615113718 617G9 65215821 415699999999999999 134 951357 -199999999999999
120105 97 97106121136147149140120 92 61 35 18 14 24 46 7510513014515014418 618G9 742149215315099999999999999 226 961446 1499999999999999
130115102 95 96103115127136137129113 90 66 45 33 32 42 61 8611113114214418 619G9 839138224214599999999999999 326 951537 3199999999999999
138125111 99 92 91 96105115123126121109 93 74 59 50 49 58 75 9611613214018 620G9 953126233314299999999999999 440 901632 4899999999999999
141134122107 94 85 82 85 92102111116116110 99 85 73 66 65 73 8610312013318 621G91129117999999999999999999999 6 2 821734 6599999999999999
140140132118102 87 75 70 71 79 90102112116115108 97 87 79 78 83 9511012518 622G9 024141131511699999999999999 718 701843 7899999999999999
136142140130114 95 77 63 56 58 67 82 98112121123117108 97 89 86 9110111518 623G9 114142144312399999999999999 818 561953 8699999999999999
130140145140127108 85 64 49 43 47 60 79100118129132126115103 94 91 9510618 624G9 2 0145154813299999999999999 9 5 432055 9199999999999999
121135145147139122 98 72 49 35 32 40 59 83107127138140132119105 95 93 9918 625G9 242148163714099999999999999 946 312148 9399999999999999
112127142150148136113 85 57 35 23 25 39 63 92118138147145134118104 95 9418 626G9 3211511718147999999999999991022 222232 9399999999999999
103118135148153147128101 70 42 22 16 24 44 73104130147152145131114100 9318 627G9 3571531755152999999999999991057 162310 9399999999999999
 96108126143154154141118 87 55 28 14 14 28 54 86117140153153142125107 9518 628G9 4311551829154999999999999991130 122345 9299999999999999
 93100116134149156151133104 71 41 19 11 18 38 6810012914815514913411610018 629G9 5 515619 21559999999999999912 2 11999999999999999999999
 92 94106123141153155144121 90 57 30 15 13 27 52 8311413815215214212510718 630G9 538156193415399999999999999 018 921235 1299999999999999
 95 91 97112130146153150133107 76 46 25 16 21 40 68 9812514415114713311618 7 1G9 61115420 515199999999999999 051 9113 7 1699999999999999
100 91 92102118134146149141121 94 65 40 25 23 34 55 8311113414714814012418 7 2G9 646150203814999999999999999 126 901340 2299999999999999
108 95 90 94105120135143142130109 83 58 39 30 33 48 71 9712113914614313218 7 3G9 723144211214699999999999999 2 4 901414 3099999999999999
117102 92 89 95106119131136132119 99 77 57 43 40 47 63 8510912814114413818 7 4G9 8 5136215014499999999999999 249 891450 4099999999999999
126111 97 89 87 93103115124127123111 95 76 61 52 52 61 77 9711713314114118 7 5G9 857127223114299999999999999 343 871532 5199999999999999
134121106 93 85 83 87 96106115119117108 96 82 70 64 65 74 8810512213514118 7 6G910 9119231814199999999999999 450 821622 6499999999999999
139131117102 87 77 73 76 85 96107114115111103 92 82 77 77 84 9611112613718 7 7G91147115999999999999999999999 6 4 731727 7699999999999999
142139130114 96 79 66 60 62 72 86100112119119114105 95 89 87 9110211512918 7 8G9 011142133212099999999999999 712 601847 8799999999999999
140144141129110 88 66 50 43 46 59 77 98116128131127118107 97 93 9610511918 7 9G9 1 6145145813199999999999999 812 4320 8 9399999999999999
133145149144129105 77 51 32 25 30 48 72 99123139145140129115103 96 9810818 710G9 15914916 314599999999999999 9 4 252118 9699999999999999
123139152155147127 98 65 35 14  8 18 40 72105133151156150136119104 97 9918 711G9 250155165715699999999999999 954  82215 9699999999999999
111128147159161149124 89 52 20 -1 -4 10 39 75112142160164155137118102 9518 712G9 3391621746164999999999999991042 -523 6 9599999999999999
100114135154166165149119 81 41  8-10-10  9 42 82121151167167154134113 9818 713G9 4271681831169999999999999991128-132352 9399999999999999
 93101118140160170166146113 72 32  1-13 -8 15 52 9313015716816514912710618 714G9 5151711914169999999999999991214-13999999999999999999999
 93 91102121144162170163140106 65 28  2 -7  2 28 6510413816016615813911718 715G9 6 3170195516699999999999999 037 901259 -799999999999999
 98 88 90102123144160165156132 98 61 29  9  5 19 46 8111614415916014812918 716G9 651165203416299999999999999 121 871343  599999999999999
107 91 84 88102121140153156145123 93 61 36 23 24 40 66 9712714715615213818 717G9 741156211115699999999999999 2 8 841425 2299999999999999
118 99 85 81 86 99116132142143133114 90 66 48 41 46 62 8611213414815114418 718G9 835144214715199999999999999 259 8115 7 4199999999999999
128110 93 81 78 82 93107121129130123109 91 75 64 61 67 8210212213814614518 719G9 938131222514799999999999999 357 781549 6199999999999999
136121104 89 78 73 76 85 96108116119116108 97 87 80 79 86 9811312813914318 720G911 011923 714499999999999999 5 7 731636 7999999999999999
141131117100 85 73 67 68 75 85 97107114115112106100 95 94 9910811913013818 721G91251115999999999999999999999 624 671738 9499999999999999
141138129114 97 81 67 59 58 64 75 8910311412012111711110610410611212113018 722G9 0 0141143912199999999999999 737 5819 410499999999999999
138141138128112 93 74 58 49 48 55 69 8710512012813012711911210710711212118 723G9 1 2141154813099999999999999 837 47203110699999999999999
131139143139127109 87 65 47 38 39 50 68 9111212913813913212211210510511118 724G9 2 2143163414099999999999999 925 37213510499999999999999
121133143146140125103 77 53 36 29 34 50 7310012414014714413312010710110218 725G9 25314617101479999999999999910 5 29222110099999999999999
111125139148150140120 94 65 40 25 23 34 55 84113136150152144129113100 9618 726G9 3381501742152999999999999991041 222258 9699999999999999
101114131146154151137112 81 51 29 18 22 39 66 98127147156152138120103 9318 727G9 4171551811156999999999999991115 172330 9299999999999999
 93103120139153158150129100 67 39 20 16 27 50 82113140155157147129109 9318 728G9 4531581839157999999999999991147 15999999999999999999999
 87 93108128147158158144118 86 54 29 17 20 38 66 99129150158153137116 9718 729G9 52816019 615899999999999999 0 1 871217 1699999999999999
 85 85 96115136152159153134105 72 43 24 20 30 54 8511614115515614512510418 730G9 6 3159193315899999999999999 032 841248 1999999999999999
 87 81 86101121141154156144121 92 61 38 26 29 46 7210313115015715013411318 731G9 63815720 015799999999999999 1 4 811318 2599999999999999
 93 80 78 88105125143151148133109 81 55 38 34 44 64 9211914215415314212218 8 1G9 715152202815599999999999999 139 781348 3499999999999999
101 84 76 78 90107126140145139122 99 75 56 46 48 61 8310813214815314713218 8 2G9 756145205715399999999999999 218 751421 4599999999999999
112 92 78 73 77 90106123134136129114 94 76 62 58 64 79 9912113914914913918 8 3G9 845136212915099999999999999 3 3 731456 5899999999999999
123103 86 74 70 74 86101115125127122110 96 83 75 74 81 9411212914114714318 8 4G9 94712722 714799999999999999 358 701537 7399999999999999
133116 98 81 69 64 68 78 92105116121120113104 95 90 89 9510611913214114418 8 5G91117121225714499999999999999 5 5 641634 8999999999999999
140129113 95 77 63 56 57 66 79 9510911812312211711010510210511212113214018 8 6G91316123999999999999999999999 622 5518 010299999999999999
143140130113 93 72 54 44 43 51 66 8510512113113413112411611010911212013118 8 7G9 0 3143145813499999999999999 738 42194810999999999999999
140145144134116 91 66 44 30 27 36 55 8010612814214714413412211210710911818 8 8G9 12014616 314799999999999999 843 26211210799999999999999
131143152151140118 89 58 31 15 12 24 49 8011213815415915213812110810110418 8 9G9 229153165215999999999999999 940 11221110199999999999999
116133150160160146120 85 49 19  2  2 19 49 85121149164165154135114 99 9318 810G9 3291621733167999999999999991031  02258 9399999999999999
100116137157169167149118 79 41 10 -5 -1 21 56 96133159171166149125103 8818 811G9 4221701812171999999999999991117 -52340 8599999999999999
 86 97118143164175170149114 73 34  6 -4  6 32 70111145167171160138112 9018 812G9 51317518471729999999999999912 1 -4999999999999999999999
 78 80 96121147168176167143107 67 32  9  6 21 51 89126155169166149124 9718 813G9 6 1176192017099999999999999 021 771242  599999999999999
 78 71 78 97123148166171159134 99 63 35 20 23 42 7310914016116615713510918 814G9 648171195116699999999999999 1 1 711321 1999999999999999
 85 69 67 77 98123145159161148123 93 64 44 37 45 67 9612615016115914412118 815G9 735162202016299999999999999 142 661357 3799999999999999
 96 75 65 66 78 98120138148147135114 90 70 58 58 70 9111613915315714913118 816G9 824149204815799999999999999 225 641430 5699999999999999
109 87 71 64 67 78 95114128135133124108 92 80 75 79 9211012914415114913818 817G9 919136211715299999999999999 313 6315 3 7599999999999999
121101 83 70 65 67 77 91105116123123117108 99 93 92 9810812213514414614118 818G91031123215014699999999999999 410 641539 9299999999999999
130114 97 82 71 65 66 73 83 9510611411711711411010710711011712613413913918 819G91224118223714099999999999999 521 65163210699999999999999
135125112 97 83 71 64 62 66 75 87 9911011812212312111811611611912412913318 820G91437123235613599999999999999 646 62182111599999999999999
135133125114 99 83 69 59 55 58 67 81 9711312513113312912311811511511812418 821G91543133999999999999999999999 8 3 55202711499999999999999
131135135128116 99 80 63 51 46 51 63 8110212113514114013312311410810811318 822G9 128135162014299999999999999 9 1 46213210799999999999999
122132139140132117 96 73 54 41 38 46 64 8711213314614914313111610510010218 823G9 236140164914999999999999999 945 382212 9999999999999999
111125138146145134114 89 63 42 32 33 47 71 99126145154152140122105 94 9218 824G9 3261471716155999999999999991022 312244 9199999999999999
 99114132147154149133107 78 51 32 26 34 55 84114140155158148130109 92 8418 825G9 4 71541742159999999999999991055 262312 8499999999999999
 88101121142156159149127 97 65 39 25 26 42 69101131153161156139116 94 8018 826G9 44416018 6161999999999999991126 242341 7799999999999999
 77 88107131152163160144116 83 53 32 25 34 57 88120147161161148125100 7918 827G9 5201631830163999999999999991156 25999999999999999999999
 70 75 92116141159165156134103 71 44 30 31 48 76108138158164155134108 8418 828G9 555165185316499999999999999 010 701225 2999999999999999
 68 65 77 98125148162162148122 91 62 42 36 45 67 97128151163160144118 9218 829G9 630164191716499999999999999 041 651253 3599999999999999
 70 60 64 81105131151160155137110 82 58 46 48 63 8811714315916115112910218 830G9 7 8160194216299999999999999 113 601323 4599999999999999
 78 61 57 66 85110133149153145126102 78 62 58 65 8410813315115915413811418 831G9 74915320 715999999999999999 149 571353 5899999999999999
 89 68 56 57 68 88111131143144135118 99 82 73 74 8410212414215315414412618 9 1G9 837145203515599999999999999 229 551426 7299999999999999
103 80 63 55 57 69 87107124133134127115102 92 88 9110211713214515014713518 9 2G9 93713521 815099999999999999 317 5415 4 8899999999999999
117 96 77 62 54 56 66 81 9811312312712511911110610410611412413414214414018 9 3G911 7127215214499999999999999 420 54155610499999999999999
129114 96 78 63 53 52 58 70 8610211512412812812412011711611912413013613918 9 4G91321129231113999999999999999 542 51174111699999999999999
137130117100 81 63 50 44 46 57 74 9311212713714013713112411811611812313118 9 5G915 1140999999999999999999999 712 4420 311699999999999999
137140137126108 85 62 43 33 33 45 65 9011513514815214713612311310710811618 9 6G9 1 1140155415299999999999999 828 32211910799999999999999
128140148147136115 87 58 35 22 22 37 62 93123147160160150133115100 94 9818 9 7G9 226149163316299999999999999 928 2022 7 9499999999999999
111130148159159145119 86 52 26 13 16 36 67103136159168163146123100 85 8118 9 8G9 32916117 8168999999999999991017 122246 8199999999999999
 91111135157170168150119 82 46 20 10 19 44 80118150169171159134106 83 7018 9 9G9 42317117401729999999999999911 2 102324 6899999999999999
 71 87113142166177171149115 76 42 20 16 31 61 99135162173168147117 88 6618 910G9 51117718 9174999999999999991142 15999999999999999999999
 58 66 88118148170178168143108 71 41 27 30 51 83119151169172157130 98 7018 911G9 557178183717399999999999999 0 0 581219 2699999999999999
 53 51 65 92123151170173160134100 69 47 41 51 75107138161170163142112 8118 912G9 64217419 317099999999999999 036 501254 4099999999999999
 57 47 51 69 96126150164163148123 95 71 59 60 74 99127151165164150125 9518 913G9 726165192816699999999999999 113 461325 5799999999999999
 68 51 46 55 75101126145153150135115 94 79 74 81 9712014215716115313510918 914G9 811153195216199999999999999 150 461355 7499999999999999
 83 62 51 50 61 80102122136141137125111 97 90 9110011513314715515214012118 915G9 9 2141201615599999999999999 231 491425 8999999999999999
 98 77 62 55 57 67 8310011612613012712011210510310611512613814514714112918 916G910 6130204214799999999999999 317 54145710399999999999999
112 94 78 66 61 62 70 82 9510811712212312111811511411712212913513813713118 917G91149123211713899999999999999 416 61154611499999999999999
121109 95 82 72 66 65 69 78 8910011112012512712612412212112212412612812818 918G91410127223412999999999999999 538 6418 412199999999999999
126120111100 87 75 67 63 64 71 83 9711112413213613413012311811511511712118 919G91513136999999999999999999999 713 63203511499999999999999
125127124117105 90 75 63 57 58 66 80 9811713214114313912911810910410511018 920G9 058127154714499999999999999 825 56212410499999999999999
119128133132123108 90 71 56 49 52 63 83106127143150148137122107 96 93 9718 921G9 222133161415199999999999999 915 492156 9399999999999999
109123135142140127108 84 63 47 43 50 67 92118141154156146129109 92 83 8418 922G9 315142163915699999999999999 955 422223 8299999999999999
 95113132146151145127102 75 53 40 40 54 78107134154161155138114 91 75 7118 923G9 35715117 2161999999999999991029 382250 7199999999999999
 80 98122144157158146122 93 65 44 37 44 65 94125150163162147123 95 73 6118 924G9 43515917251659999999999999911 0 372317 6199999999999999
 65 81106134155165160142113 82 56 40 41 56 83114143162167156133103 75 5618 925G9 5111651747167999999999999991130 382346 5299999999999999
 52 63 87117145164168157133103 73 51 43 51 73103134158169163143114 82 5718 926G9 5471691810169999999999999991159 43999999999999999999999
 44 48 67 96128154168166150123 93 68 53 53 68 94124150166167153126 93 6318 927G9 624169183416999999999999999 016 441229 5199999999999999
 43 38 50 74105136158166160140114 88 69 62 69 88114141160167159137107 7618 928G9 7 4166185816799999999999999 048 381259 6299999999999999
 50 36 38 55 81112139156160150131108 88 76 76 88108131151162161146121 9118 929G9 746160192316399999999999999 123 351331 7599999999999999
 63 43 36 42 60 86114136149150141125107 94 89 9310512314115415715013210818 930G9 836151195015899999999999999 2 2 3614 5 8999999999999999
 81 58 43 39 47 64 871101291391411341231121051031081191321431501481391221810 1G9 939141202115099999999999999 249 39144510399999999999999
100 78 59 47 44 50 64 831021191291341321271211171161191251321381411391311810 2G9111313421 514199999999999999 350 44154811699999999999999
118101 83 66 54 48 50 60 75 921091231321361351321271231221221251281311321810 3G91323136224513299999999999999 513 48181612199999999999999
129121108 92 75 60 49 47 52 65 831031211361441451411321231161121121171241810 4G91442145999999999999999999999 649 47202311199999999999999
130133130120103 83 63 47 40 44 58 79103127144154153144130114102 96 981071810 5G9 1 4133152715599999999999999 810 402116 9699999999999999
121135143143133113 88 62 43 34 39 56 82111137156162156140119 98 84 79 861810 6G9 23014516 116299999999999999 910 342154 7999999999999999
102124143156156143119 89 60 39 31 40 61 92124151166166153129102 78 64 641810 7G9 331158163116899999999999999 959 312229 6399999999999999
 78103130154167165148119 86 56 37 34 48 75109141163172163141111 80 57 481810 8G9 42316817 0172999999999999991041 3423 4 4899999999999999
 55 77108139163174168147116 82 55 41 45 64 94128156172171153124 90 59 411810 9G9 5 91741727173999999999999991119 402338 3799999999999999
 38 53 81115147169175165141110 79 58 51 61 85116146167173163137103 69 43181010G9 5531761753173999999999999991154 51999999999999999999999
 31 36 57 89123152169171157133104 79 65 66 81107135159171167148118 83 53181011G9 636172181717199999999999999 012 301227 6499999999999999
 33 29 41 66 98129153165162147124100 83 77 84102126149164167155131 99 68181012G9 718166184116899999999999999 045 281257 7799999999999999
 43 31 33 50 76106132150157151136117100 90 90101119140156162157140114 84181013G9 8 115719 416299999999999999 119 301327 8999999999999999
 58 41 35 43 61 85110131144147140128114103100104116131145154153143124100181014G9 847147192815599999999999999 155 35135810099999999999999
 76 56 45 44 53 70 91111127136137132124115110110115124135143146141129112181015G9 943138195314699999999999999 234 43143410999999999999999
 92 74 60 53 54 63 76 93108121128131129125120117117120126132135134129119181016G911 2131202313599999999999999 322 53153011799999999999999
106 91 78 67 62 62 68 78 91104115124129131129126123120120121123124123121181017G91255131212012499999999999999 428 61174712099999999999999
115106 96 85 75 68 66 69 76 87100113125133136135130124117112110111113116181018G91413136999999999999999999999 6 0 66201611099999999999999
118117112104 93 81 71 65 66 72 84100116131140143139130119108100 97100106181019G9 012118145514399999999999999 728 652059 9799999999999999
115122124121112 98 82 69 61 61 70 85105124140149148139124107 93 85 85 93181020G9 158124152615099999999999999 831 602129 8499999999999999
106120131135130117 99 80 64 56 59 71 92115137151155148132110 89 75 70 76181021G9 258135155215699999999999999 916 562156 7099999999999999
 91111130143145137119 96 74 58 53 61 79104130150160157142117 91 69 57 59181022G9 343146161616199999999999999 954 532223 5699999999999999
 73 96122143155153139116 90 68 55 55 69 93121146162164152128 97 68 49 43181023G9 4231561639165999999999999991029 532251 4399999999999999
 53 76106135156164157137110 83 63 56 63 82110139160169162140108 74 46 32181024G9 5 116417 31699999999999999911 1 562321 3199999999999999
 35 54 84118148166168156132104 79 63 62 76100129154169168152122 86 52 29181025G9 5401691728171999999999999991134 612352 2299999999999999
 22 33 59 95130157170168151125 99 78 69 74 93119145165171161136102 65 34181026G9 62017117541719999999999999912 7 69999999999999999999999
 18 19 37 68104138161169163144119 97 82 79 90110135156168166148119 83 49181027G9 7 2169182116999999999999999 027 161241 7999999999999999
 24 14 22 44 77111141159163155137116 99 90 93106125145160164155133103 69181028G9 749164184916499999999999999 1 4 141316 9099999999999999
 40 22 18 29 53 83114138152155147132116105101106118134149157155142120 92181029G9 841155192015799999999999999 146 18135610199999999999999
 63 40 27 26 38 59 86112132144146141131120113112116125136144147143131111181030G9 946146195614799999999999999 234 25144611199999999999999
 88 65 47 37 36 45 63 84106124136140139133126121118119124129134135132123181031G91112141205113599999999999999 333 35161111899999999999999
109 92 74 58 48 45 50 63 811001181311391411381321251191151141171201241251811 1G91250141225212599999999999999 451 45183911499999999999999
122114102 86 70 58 51 52 61 77 96116132143146143134123111103 991011071161811 2G91359146999999999999999999999 621 5020 9 9999999999999999
124127125115 99 81 65 54 52 60 76 98120139150152145131113 96 84 80 85 971811 3G9 1 7128144415399999999999999 742 522057 8099999999999999
113128137137128110 88 69 56 53 62 80105129148158156142121 97 76 64 63 741811 4G9 231138151915999999999999999 844 522135 6299999999999999
 93116137149149137116 92 70 57 56 68 90117142159163154133105 76 55 45 501811 5G9 332150154916499999999999999 934 552210 4599999999999999
 68 95124147159157142118 92 70 60 63 79105132155167164146117 84 54 35 321811 6G9 4231601618167999999999999991017 592244 3199999999999999
 44 69102133157166161142116 90 72 66 74 94122148165169157132 97 63 35 221811 7G9 5 81661645170999999999999991055 662317 2199999999999999
 25 45 77112143163169159138112 89 75 75 89112138160170165145113 77 44 221811 8G9 5511691712170999999999999991131 732350 1699999999999999
 16 27 53 88122150166166153131107 89 82 87105128151166168154128 93 58 301811 9G9 63216817381699999999999999912 4 82999999999999999999999
 16 18 36 65100131154163159144123104 91 90101119141158165159139110 76 45181110G9 71116418 416599999999999999 022 151236 8999999999999999
 24 18 27 49 79110137153158150135117103 96100113131148158158146123 93 63181111G9 751158183016099999999999999 055 1813 8 9699999999999999
 38 25 26 39 62 90117138149150141127113104103109122137148153147131108 81181112G9 832151185715399999999999999 129 24134210299999999999999
 56 39 32 37 52 74 99121136143142134123113108109116126136143142134117 96181113G9 919144192614499999999999999 2 4 32142110799999999999999
 74 56 45 42 49 64 83103121132138136130122115112113117124130133130121108181114G9101513820 113399999999999999 245 42151711199999999999999
 91 74 61 53 53 60 72 88104119129134134130124118113112114117120121119113181115G91128135205512199999999999999 335 52165511299999999999999
104 92 80 69 63 62 67 76 90104117128134135132126118111106104105108111112181116G9124513623 111299999999999999 441 6219 510499999999999999
111106 98 88 78 71 68 70 78 90104119131138139135126114103 94 91 92 98105181117G91343140999999999999999999999 6 5 682012 9199999999999999
111114113107 97 85 76 70 71 78 91108124137145144135120103 88 78 75 80 91181118G9 113115142414599999999999999 724 702050 7599999999999999
105116123124116104 90 77 70 71 80 96115133147151145130109 87 69 60 61 73181119G9 230124145615199999999999999 825 692122 5999999999999999
 91111127136135125109 91 76 69 72 85104126145156154141118 91 65 48 43 51181120G9 324137152515799999999999999 913 692152 4299999999999999
 71 96121140148144130110 89 75 70 77 94117140157162153131101 68 42 28 29181121G9 410149155316299999999999999 955 702224 2799999999999999
 46 74106135153159150132109 87 75 74 85107132153165163146116 79 45 21 13181122G9 4531591621166999999999999991034 722258 1399999999999999
 22 47 82118147164165152130106 86 77 81 97121146164169159133 97 58 25  5181123G9 5351661651169999999999999991112 772333  299999999999999
  4 22 53 92129156169166150127104 88 83 92111135157169167149117 78 39 10181124G9 6191701723170999999999999991150 83999999999999999999999
 -3  3 26 62101136160169163145123103 91 91103123146163169160136102 63 28181125G9 7 4169175616999999999999999 012 -31229 9099999999999999
  4 -3  8 35 71108140159164156139120104 97101114132151162162149123 89 53181126G9 752165183116499999999999999 053 -31310 9799999999999999
 24  6  4 18 45 79112139155157149134119107103108120135149156152137112 82181127G9 844158191115699999999999999 137  3135610399999999999999
 51 27 14 15 30 55 85113136148150143131119110107111121132141144140126105181128G9 941151195814499999999999999 226 13145410799999999999999
 80 56 37 28 29 42 63 88113131142145139130120112108109114122128131129119181129G9104614521 513199999999999999 321 27161610899999999999999
104 85 66 51 43 43 53 70 91112129139142139130120110103100102107114119121181130G91155142225312199999999999999 426 4218 410099999999999999
117108 95 79 66 57 55 62 76 94113129140143140130117103 92 85 85 911001101812 1G91258143999999999999999999999 541 551932 8599999999999999
118120117107 93 79 69 65 69 81 98117133144146141127109 91 76 67 68 76 901812 2G9 055120134814799999999999999 7 0 652028 6699999999999999
106120128127119105 90 77 72 75 87104124140150150139121 97 74 57 49 52 661812 3G9 227129143015199999999999999 8 9 722112 4999999999999999
 86108127138138129113 96 82 77 81 94113133149155150134109 81 55 38 33 421812 4G9 33213915 615599999999999999 9 6 762151 3399999999999999
 62 89115137148146135117 98 85 81 87103124144157158147124 93 62 36 22 231812 5G9 425149153915999999999999999 954 802226 2199999999999999
 39 65 97126147155151136116 98 86 85 95114135153162157139109 75 43 20 121812 6G9 5 91561610162999999999999991035 8423 0 1299999999999999
 20 43 74108137155159151133113 96 88 91105125146160162151126 92 57 27 101812 7G9 5501601641163999999999999991113 872333  899999999999999
  9 25 53 87120146159159147127107 94 90 98115136154162158139110 74 41 171812 8G9 6281611711163999999999999991148 90999999999999999999999
  7 14 35 66101131152159154139119102 93 95107125144157160148125 93 58 301812 9G9 7 3160174016099999999999999 0 6  71221 9299999999999999
 12 10 24 49 81114139154155146129111 98 94101115133149156152136109 77 47181210G9 738156181115699999999999999 038  91253 9499999999999999
 24 14 19 37 65 95123143152149137120106 97 97106121137148150141121 94 65181211G9 814152184215099999999999999 110 141328 9699999999999999
 40 25 22 32 53 79107129143147141128114103 98101111124136142140128108 83181212G9 851147191514399999999999999 143 2214 6 9899999999999999
 59 40 31 33 46 67 91114132141141134122110102 99103111122130133128116 97181213G9 931142195313399999999999999 218 311454 9999999999999999
 77 58 45 41 46 60 79100119132138137129119108101 99101108115120122117107181214G91017138204312299999999999999 257 411558 9999999999999999
 92 77 63 54 53 59 71 88106121132136134127117107 99 95 95 99104109112109181215G9111013622 211299999999999999 343 521727 9499999999999999
103 93 82 72 65 64 69 79 94109123132136134127116103 93 86 84 86 92100105181216G912 9136999999999999999999999 441 641854 8499999999999999
107105 99 91 82 75 73 76 85 98112126135139136126112 96 81 71 68 72 82 93181217G9 0 310713 313999999999999999 556 731955 6899999999999999
104112114110102 92 84 79 81 89101116131140143137123104 82 64 53 51 59 74181218G9 151114134914399999999999999 716 792040 5199999999999999
 92109121126123113101 90 83 84 92106123138147147136116 91 64 44 33 35 49181219G9 3 4126143014899999999999999 825 822120 3399999999999999
 71 97119134139134122106 92 85 86 96113132147154150133105 74 44 22 15 23181220G9 35913915 815499999999999999 922 842159 1599999999999999
 44 74105131147151143127108 93 86 89102122142157160149125 91 54 23  3  1181221G9 4471511546160999999999999991011 862239  099999999999999
 16 44 80115143158159147128107 92 87 94110132152164162145115 76 36  5-10181222G9 5331601624165999999999999991056 872320-1199999999999999
 -7 14 49 89126153165162147125105 92 90100119142160168161138103 61 22 -6181223G9 61816517 4168999999999999991139 89999999999999999999999
-17 -7 19 57 98134158166160143121102 91 93106127148164167156129 91 50 14181224G9 7 2167174516899999999999999 0 2-171222 9099999999999999
-10-15 -1 29 68107140159164154136115 98 91 96111131150162162147118 81 43181225G9 747164182816499999999999999 046-1513 6 9199999999999999
 12 -5 -6 11 42 79115142157157146128109 96 92 98113131147155152136109 76181226G9 832159191515699999999999999 131 -81353 9299999999999999
 43 18  6 10 28 57 90120142152150137120104 94 91 98110126138144140125102181227G9 91715220 714499999999999999 216  51446 9199999999999999
 74 48 30 23 28 46 72 99124140146142130115100 91 88 93103115125130127116181228G910 3146211013099999999999999 3 4 231551 8899999999999999
 99 78 59 46 42 48 63 85107126138142136125110 97 87 82 84 91101110117117181229G91051142223611899999999999999 354 421712 8299999999999999
112100 86 73 63 61 66 78 95113128137139133122107 92 80 73 72 77 86 97106181230G91144139999999999999999999999 452 611839 7199999999999999
111111106 97 88 80 76 80 89103117130138139133120103 86 70 60 57 61 72 86181231G9 032112123913999999999999999 6 1 761953 5799999999999999
