 -2 21 56 98139167176166147123 99 82 82 97119143165177169142105 64 23-1018 1 1H1 55317617 9177999999999999991129 80999999999999999999999
-23-11 19 60108152179183170147120 94 80 84102126151172180167135 94 50  818 1 2H1 641185175418099999999999999 0 2-231216 7999999999999999
-22-29-11 24 69119162185184167141113 88 78 87107132157176179160126 83 4018 1 3H1 726187184018099999999999999 045-3013 0 7899999999999999
 -1-25-26 -3 35 81130168184178158132104 83 78 90111135158174172150115 7518 1 4H1 810185192617599999999999999 130-291345 7899999999999999
 34 -1-19-13 13 50 95139169178168147121 97 81 80 9311313415416516013710418 1 5H1 854178201316599999999999999 215-191432 7899999999999999
 69 34  7 -3  7 33 68108144166168155135112 92 80 82 9411112914415214412418 1 6H1 93716921 215299999999999999 259 -31522 7999999999999999
 96 67 40 21 18 30 55 86118145159156143125106 89 81 82 9210511913113612918 1 7H11019160215613699999999999999 343 171618 8099999999999999
113 92 70 52 40 41 54 76101125144151146133117101 87 80 80 86 9610611612018 1 8H111 315123 212099999999999999 426 391727 7999999999999999
117106 93 79 67 61 64 75 92111129141144138127113 98 85 77 74 77 84 9310318 1 9H11149144999999999999999999999 511 601854 7499999999999999
109110106 98 90 82 79 82 91103117129137139134123110 95 80 70 65 66 72 8218 110H1 038110124213999999999999999 6 3 792022 6499999999999999
 94104110111108102 97 93 94100109119129136137132121106 89 73 60 53 53 6118 111H1 241112134313799999999999999 719 932124 5299999999999999
 75 91107117121119113107101 99103111121130137138132119101 81 61 46 39 4318 112H1 4 6121144213999999999999999 851 9922 9 3999999999999999
 55 74 96116129133129121111102 98102111122133141141132115 93 69 47 31 2718 113H1 457133153314299999999999999 959 982247 2799999999999999
 36 55 80106129141142135122108 97 95101113127139146143130107 81 54 30 1818 114H1 5341431616147999999999999991047 952322 1799999999999999
 20 35 60 91121144152148134117100 90 91102118134147151144124 96 66 36 1518 115H1 6 71521655152999999999999991125 892355  899999999999999
  8 18 40 72107138156158147128107 90 84 90106125143154154140113 81 48 2018 116H1 6371591730156999999999999991159 84999999999999999999999
  4  5 22 52 88124152163157140117 95 81 81 93113134152160153131100 65 3218 117H1 7 716318 516099999999999999 026  21231 7999999999999999
  7 -1  9 34 68106141161163150128104 83 75 82 99122143158160146118 84 4918 118H1 737165183916199999999999999 057 -113 3 7599999999999999
 19  1  2 20 50 87124153164158139115 91 75 73 86107129149160155134103 6818 119H1 8 6165191416099999999999999 128 -11336 7299999999999999
 36 11  3 12 36 69106139159162148126102 81 70 75 91113134151156145120 8818 120H1 837163195115799999999999999 159  31412 7099999999999999
 56 28 12 12 28 56 89122148160154136113 91 75 70 78 9611613514814813310618 121H1 9 8160203115099999999999999 231  91451 6999999999999999
 77 49 29 20 27 47 75106133152155144124103 84 71 70 80 9711613114013712118 122H1 942156211614199999999999999 3 4 201536 6999999999999999
 96 71 50 36 34 45 67 93118139150148134115 95 79 69 70 80 9411012313012618 123H11018151221013099999999999999 340 331628 6899999999999999
112 92 73 58 50 52 64 84106126140146140125107 90 75 67 66 74 8710011212018 124H11058146232312099999999999999 420 491732 6599999999999999
119109 95 82 72 67 70 81 97114129139141134120103 86 71 61 58 63 74 8810118 125H11146141999999999999999999999 510 671849 5899999999999999
112116113105 96 88 84 85 92104117128137139132119101 83 65 51 45 48 59 7418 126H1 1 1116124613999999999999999 622 832010 4599999999999999
 93109121123120113104 97 94 97106117128136140135121101 78 56 37 27 29 4218 127H1 251124135714099999999999999 8 2 942119 2799999999999999
 63 88113131138136128116104 96 96103115128140146141125100 72 44 20  8 1118 128H1 41313915 714699999999999999 932 952216  799999999999999
 29 56 89121145154150138121104 91 90100115132147156149128 98 64 29  1-1118 129H1 5 815516 7156999999999999991035 8923 6-1199999999999999
 -3 21 55 96135161168159142119 96 82 83 97116138157166157130 94 54 15-1518 130H1 55316817 1166999999999999991125 812353-2499999999999999
-24-10 20 61108150174175161137109 84 72 78 96120145167174159127 86 43  218 131H1 63317717511749999999999999912 9 72999999999999999999999
-25-28 -8 29 74124164181175154126 96 71 64 75 98125153174177156120 77 3318 2 1H1 712182183717899999999999999 036-301252 6499999999999999
 -6-27-22  5 44 92139173181167142112 81 61 60 76101129157175171147110 6818 2 2H1 749181192217699999999999999 118-281333 5899999999999999
 27 -6-18 -5 25 65111152175173154126 96 69 55 60 78103131156168159133 9818 2 3H1 82517720 616899999999999999 159-181415 5499999999999999
 61 27  4  1 19 50 88127158170160137111 83 62 54 62 8110412914915514311818 2 4H1 9 0170205115599999999999999 237 -11457 5499999999999999
 89 59 33 21 26 46 75108138158159144122 97 75 59 56 66 8210212213613812618 2 5H1 934161213713999999999999999 313 201542 5599999999999999
106 83 62 47 43 52 73 97122142151146129109 88 70 60 59 68 81 9711212212218 2 6H110 6151223012399999999999999 347 421633 5899999999999999
113 99 84 71 64 66 77 94112129140142133118100 84 70 62 61 67 76 8810010818 2 7H11037142234311099999999999999 420 631735 6099999999999999
109105 98 91 85 82 86 95107120129134132123111 97 83 70 62 60 62 69 78 8918 2 8H11112134999999999999999999999 456 8219 0 6099999999999999
 98104105104102 99 97100105112120125128125118109 96 83 70 60 54 54 59 6918 2 9H1 2 4105115912899999999999999 554 972034 5399999999999999
 82 95106113115114110107106107111116121123123119110 97 82 66 53 45 43 5018 210H1 4 7115132312499999999999999 8 51062140 4399999999999999
 63 80 99114124127124117109104102105111118123126123113 97 78 59 42 33 3318 211H1 45412715 012699999999999999 9511022228 3299999999999999
 44 63 85109127137136128116104 96 95100110120129132128114 93 70 47 29 2118 212H1 52513816 1132999999999999991042 9423 6 2199999999999999
 26 43 68 97124142147140126109 94 86 88 98113127138140131111 85 57 32 1518 213H1 5531471646141999999999999991117 852340 1199999999999999
 12 25 49 80113140154151137117 96 80 77 85101120138148147130103 72 41 1618 214H1 6201551723149999999999999991148 76999999999999999999999
  5 10 31 62 98132155160148127102 80 68 71 87108131150157148124 91 57 2518 215H1 645160175815799999999999999 010  41218 6799999999999999
  4  1 16 45 81119150164158138112 85 65 60 71 93118143160161143112 76 4118 216H1 711164183316399999999999999 040  01248 5999999999999999
 13 -1  6 30 64102139162165149124 95 68 53 56 75101129153165158132 98 6218 217H1 73716619 916599999999999999 1 9 -11320 5299999999999999
 29  7  4 20 50 86124154167158135107 78 55 47 58 81109137158164149119 8418 218H1 8 4167194616499999999999999 139  21354 4799999999999999
 51 23 10 17 40 72108141162163146119 90 63 46 46 62 8811514115715613610618 219H1 833165202615999999999999999 210 101431 4499999999999999
 74 46 26 22 37 63 94125150161153130103 76 54 43 48 67 9111713915014412418 220H1 9 3161211015099999999999999 243 221511 4399999999999999
 97 71 49 38 42 59 85112136152153139115 90 66 49 43 51 69 9111413213913218 221H1 93415522 113999999999999999 317 371556 4399999999999999
114 93 74 61 56 64 81103123140147142126103 81 62 48 44 52 67 8610512012718 222H110 714723 612799999999999999 354 561651 4499999999999999
123111 97 85 77 76 84 98113127137139132117 97 78 61 49 44 48 60 76 9210818 223H11046139999999999999999999999 438 7618 2 4499999999999999
117119114107100 95 94 98106116125130131126114 98 80 63 49 40 40 48 62 7918 224H1 042119114113299999999999999 547 941931 3999999999999999
 97112121124122117110105104106112119124128126118104 85 65 46 32 27 33 4718 225H1 257124131512899999999999999 7511042057 2799999999999999
 68 92115131138137129119108100 99104112122130134128112 90 64 39 20 11 1818 226H1 418138145613499999999999999 939 9922 4 1199999999999999
 36 63 94124146153148135118101 89 87 95108124139147141121 92 61 29  5 -318 227H1 5 315316 6147999999999999991038 872256 -399999999999999
  7 32 65104140161164153133109 86 73 75 89109131152161151125 91 53 17 -718 228H1 53916517 0161999999999999991121 722341-1399999999999999
-12  5 36 76120157173168149122 92 68 58 67 87113141165172156124 85 44  718 3 1H1 61317417481729999999999999912 0 58999999999999999999999
-14-11 13 49 94139171178163137105 73 50 47 63 89120152175175153117 77 3518 3 2H1 646179183117899999999999999 022-161237 4699999999999999
  1-12  0 30 70115157178174151120 85 54 37 43 65 94128160177170143107 6818 3 3H1 718180191317899999999999999 1 0-121315 3799999999999999
 30  4  1 21 54 94136167176161133100 67 40 32 45 70101134162171158130 9618 3 4H1 750177195517199999999999999 136 -11352 3299999999999999
 61 31 16 23 47 80116150169165143113 82 52 34 34 51 7610613615615814211618 3 5H1 820170203616099999999999999 210 161430 3299999999999999
 87 59 39 35 49 74104133156162149124 95 68 45 35 41 58 8210913214514212618 3 6H1 848162211814699999999999999 242 3515 8 3599999999999999
105 83 64 54 59 75 98122142153148131107 82 60 44 40 49 65 8610712413112718 3 7H1 91415322 513199999999999999 312 541548 4099999999999999
114 99 85 75 73 81 96114130141143133115 94 75 58 49 48 55 69 8510111411818 3 8H1 93814423 511899999999999999 341 721635 4799999999999999
115108100 92 88 90 98110121130134130119104 88 74 62 54 54 59 68 81 9310318 3 9H110 1134999999999999999999999 413 881737 5399999999999999
109111109106103102103108114120124124120111100 89 77 66 59 56 58 63 73 8518 310H1 055111103312599999999999999 5 310219 9 5699999999999999
 97106113116117114111109109111113115116114109103 93 82 70 60 53 52 56 6618 311H1 334117114111699999999999999 7291092050 5199999999999999
 80 95109121127127121114108103102104108112114114109 99 85 70 56 46 42 4818 312H1 426128142611499999999999999 9521022155 4299999999999999
 61 80100119133138133123110 99 92 92 97106115121123117103 84 64 47 35 3318 313H1 4571381548123999999999999991034 912239 3399999999999999
 43 62 86112134146145133116 99 85 80 84 95110124133134123103 78 54 34 2418 314H1 52414716341359999999999999911 3 802314 2499999999999999
 28 45 70100129149154144126103 82 69 69 81 99119138147142123 97 68 41 2218 315H1 5481551711147999999999999991130 682345 1799999999999999
 17 30 54 85119148161156137111 85 63 55 64 83108134153158145118 87 55 2718 316H1 6111611746159999999999999991158 55999999999999999999999
 13 18 39 70106141163165149122 92 63 45 46 64 91121150167164141109 74 4118 317H1 635167182116899999999999999 014 121227 4399999999999999
 17 12 28 56 91129159171160135103 70 43 33 43 69101135163174162133 98 6318 318H1 7 0171185817499999999999999 044 121259 3399999999999999
 32 16 21 45 77114149171169148116 82 49 28 27 46 77112146171173154122 8818 319H1 727173193717599999999999999 115 151332 2499999999999999
 55 30 24 39 67100134162172158130 96 62 34 20 28 53 8512015217016614311218 320H1 755172201817199999999999999 147 2414 8 2099999999999999
 81 54 38 41 61 90120148165163142111 78 48 25 20 33 60 9112415116215413218 321H1 82516721 316299999999999999 221 371447 1999999999999999
105 80 61 54 63 84109133152159149124 95 66 40 25 25 40 65 9312214315014118 322H1 855159215515099999999999999 257 541531 2399999999999999
123104 86 75 74 84102122138148147133110 84 60 41 30 31 45 66 9011313013618 323H1 92614923 013699999999999999 335 721623 2999999999999999
132121108 98 92 93101114126135139134121102 82 62 46 37 37 46 62 8210111718 324H110 1139999999999999999999999 423 911731 3599999999999999
126128124118112107106109115121126128125116103 87 70 55 43 38 42 54 70 8918 325H1 040128105512899999999999999 54410619 1 3899999999999999
108122130132130124117111108108111115119121119111 97 80 62 46 36 35 44 6018 326H1 25513313 312199999999999999 8191082035 3499999999999999
 82105126140144140131118106 97 95 99106116125129124110 89 66 44 29 25 3518 327H1 4 0144145912999999999999999 949 952146 2599999999999999
 54 81110137153155145129110 92 80 80 88102120137145138119 93 65 38 20 1818 328H1 43815516 5145999999999999991032 792238 1699999999999999
 31 56 88123152165160143120 94 71 61 66 82104129152160149124 93 60 30 1318 329H1 51116516551609999999999999911 8 612321 1299999999999999
 16 36 66103141167172157132103 72 50 46 59 82111143167170153123 89 53 2418 330H1 5421731740172999999999999991143 45999999999999999999999
 12 23 49 83123159177170146116 82 50 32 36 57 87122156177173150118 82 4718 331H1 612177182117899999999999999 0 0 121218 3199999999999999
 22 20 38 68105143172178160129 95 60 31 22 35 62 96133166179168141109 7418 4 1H1 64217919 117999999999999999 036 181253 2299999999999999
 44 28 36 60 91127159176169142109 74 41 20 21 41 7110714316917315713010018 4 2H1 711177194117599999999999999 110 281328 1799999999999999
 69 47 42 57 84114144167170152122 88 56 29 18 27 51 8211614816516214411918 4 3H1 739172202016699999999999999 142 4114 2 1899999999999999
 92 69 57 62 81106132154164156132102 71 43 25 23 38 62 9212314715614813118 4 4H1 8 416421 115699999999999999 213 561436 2299999999999999
110 89 75 72 82101122142154154138113 86 60 39 30 34 50 73 9912414014313618 4 5H1 827156214514499999999999999 243 711512 2999999999999999
121106 92 85 88 99115131143146138121 98 75 56 42 38 45 60 8010112013113218 4 6H1 849147223913399999999999999 313 851551 3899999999999999
126117107 99 97101111122132137134124108 90 72 58 50 49 55 67 83 9911312218 4 7H1 912137235912499999999999999 349 971640 4899999999999999
124122118112108107110115121125126122113101 88 76 65 58 57 60 69 80 9410718 4 8H1 941126999999999999999999999 4461071749 5799999999999999
116122124124120116112111112114115115113108101 93 83 73 65 61 61 66 76 8918 4 9H1 216124103911699999999999999 7 11111926 6099999999999999
103115125131131126119111106103103105108110111108102 91 78 67 60 57 61 7118 410H1 333132133511199999999999999 9311022058 5799999999999999
 87104121134141138128116103 94 90 92 99107115120119111 96 80 65 54 50 5618 411H1 41114115221219999999999999910 9 902155 5099999999999999
 70 90113133146148139123105 89 78 77 85 98113127134131117 97 77 58 46 4518 412H1 4401491612134999999999999991037 762236 4499999999999999
 56 76101127148157151134111 88 69 62 67 83104126144149139119 94 69 48 3818 413H1 5 415716511499999999999999911 3 612310 3899999999999999
 43 61 87117146163162146121 92 65 48 48 63 88116144161161143116 87 59 3918 414H1 5271651728163999999999999991131 462342 3499999999999999
 35 49 74105137164172159133102 69 42 30 40 65 97132162175166142111 79 5018 415H1 55217218 51769999999999999912 1 30999999999999999999999
 35 40 62 92125157176172148115 79 44 21 19 39 71109148177183166137104 7118 416H1 619177184418499999999999999 015 341234 1799999999999999
 46 39 53 80112145172179163131 94 56 23  7 16 43 80122160184182160130 9818 417H1 648180192618699999999999999 049 3813 9  799999999999999
 68 49 51 71100131160177173147111 73 37 10  3 19 51 9013116618217515212418 418H1 71917820 918399999999999999 124 471347  299999999999999
 95 70 60 69 91118145166173159129 93 58 26  6  7 27 59 9713516417416414318 419H1 751173205717499999999999999 2 1 601428  499999999999999
119 96 79 76 88109131151163161142113 80 50 24 11 16 37 6610013215516115318 420H1 823164215316199999999999999 241 751513 1199999999999999
137119102 92 93104120136148153146127102 75 50 30 22 27 45 70 9812414314918 421H1 85815323 114999999999999999 325 9116 7 2299999999999999
145135123112105106113123132139140132118 98 77 58 42 34 37 50 69 9211513218 422H1 939140999999999999999999999 4241051714 3499999999999999
140141137129121115112114118122126127124115102 87 70 55 45 44 52 67 8610718 423H1 035142105212799999999999999 6 41121837 4399999999999999
125138143142136127117109105106109114119122121113 99 82 65 52 47 50 63 8218 424H1 219144131312399999999999999 82910520 6 4799999999999999
104125142150149140126111 98 90 90 95105117128132126112 92 72 55 46 49 6218 425H1 320151145513299999999999999 934 892118 4699999999999999
 82107133152158152138119 98 80 72 75 86103122140146139121 99 75 55 45 4918 426H1 4 01581557146999999999999991014 712211 4499999999999999
 65 89118145163164150129104 78 59 54 63 82106133154159147126100 74 52 4518 427H1 4331661645160999999999999991049 542255 4599999999999999
 54 75102133160172164142115 84 56 39 42 59 84116147168167150126 98 70 5018 428H1 5 41721729170999999999999991123 382334 4799999999999999
 49 65 89119150172174156127 96 62 35 26 36 61 92129161176169148122 93 6618 429H1 53417618 9177999999999999991157 26999999999999999999999
 53 59 80107137165178168141109 74 41 20 20 39 69105143171179166143115 8718 430H1 6 4178184917999999999999999 0 9 531230 1799999999999999
 65 61 75 98126153173174154123 89 54 26 13 23 47 8111915417517515813410818 5 1H1 633176192817899999999999999 043 6013 4 1399999999999999
 83 69 74 92116142163173162136104 70 39 18 16 32 60 9513116017316614812518 5 2H1 7 017320 717399999999999999 115 691337 1499999999999999
101 83 78 89109131152165164146117 86 55 30 19 25 45 7410713916016515513818 5 3H1 725167204716599999999999999 147 781410 1999999999999999
117 98 88 90104122141155160150128101 72 47 30 27 37 59 8711714215515514518 5 4H1 750160213015799999999999999 219 871444 2699999999999999
129113100 96102115130144151148134113 88 65 46 36 38 51 71 9612113914814618 5 5H1 816151221814899999999999999 253 961521 3699999999999999
137125113105104111121132140142135121102 82 64 51 46 50 62 8010112013414018 5 6H1 844142231914199999999999999 33410416 4 4699999999999999
139133124116111110115121127131130123112 97 82 69 60 57 60 71 8510211813018 5 7H1 920131999999999999999999999 4341101658 5799999999999999
136137134128121115112113115118121120116109 99 88 77 69 65 67 75 8610111518 5 8H1 041137102512199999999999999 61611218 9 6599999999999999
128136139138132123114108105105108112115115112106 97 86 76 70 70 75 8610018 5 9H1 210139123911699999999999999 8251041933 6999999999999999
116131141145142133120107 97 92 93 99107116122122117105 92 80 71 69 74 8618 510H1 3 5145143712399999999999999 922 912050 6999999999999999
103122139150152144129110 93 80 76 81 93109124135136128112 95 80 69 66 7418 511H1 340153153913799999999999999 956 762145 6699999999999999
 90111133151160156140118 94 73 61 61 74 93117138151150136117 96 76 64 6518 512H1 4101601625153999999999999991028 592228 6399999999999999
 78 99123148165168153129101 73 50 41 49 71 99130156168161142118 93 71 6118 513H1 43816917 71689999999999999911 0 4123 8 6199999999999999
 67 86112139164176169145113 80 48 26 25 43 73109146174181168144117 89 6718 514H1 5 81761749182999999999999991134 232346 6199999999999999
 62 75 99127156178181163130 94 57 24  8 16 43 80122162187188170143114 8518 515H1 5401831832191999999999999991210  8999999999999999999999
 67 69 88115143170185178151113 74 35  6 -2 14 47 8913417419318816714011018 516H1 613186191619499999999999999 025 651249 -399999999999999
 84 72 80103129156178184168136 97 57 20 -3 -3 19 55 9814317819118316213618 517H1 64818520 419299999999999999 1 4 721330 -699999999999999
108 87 82 95117140163178176155121 84 46 14 -2  4 28 6310514617518417415518 518H1 725180205518499999999999999 146 811415 -399999999999999
132109 94 94107126146163171164141110 76 43 18  7 15 39 7110914416717316518 519H1 8 5171215117399999999999999 230 9215 3  799999999999999
149130113103105115130144155159150130103 75 48 28 21 29 50 7811013915816318 520H1 849159225516399999999999999 3221021558 2199999999999999
157145131118110111117126136143145138123103 80 59 43 37 43 60 8310913315018 521H1 945145999999999999999999999 42910917 0 3799999999999999
156153145133122113110112117123130133131122108 91 73 59 52 55 67 8610812918 522H1 0 8156111013399999999999999 6 41101811 5299999999999999
145153153146134121110102100103109118126130127117103 87 72 64 64 74 9010918 523H1 12515413 513099999999999999 7531001927 6399999999999999
130146155155146132116100 89 85 88 97110124134136128114 98 83 72 71 79 9418 524H1 226156143913699999999999999 9 2 852039 7099999999999999
114135152160157144126105 85 72 69 76 90109129143146138123106 89 77 75 8518 525H1 312160154414799999999999999 947 692138 7599999999999999
102122144160165156137114 90 67 54 55 68 88113139155156146129110 91 79 8018 526H1 3501651635158999999999999991025 532226 7899999999999999
 93111133155169167150126 99 71 48 39 47 66 92124152166164150131110 90 8118 527H1 42417017191679999999999999911 1 3923 7 8199999999999999
 86103123146166174164140112 81 51 32 30 45 70103137165174167150129106 8818 528H1 45717418 0174999999999999991136 282344 8399999999999999
 84 95114136158174173154126 94 62 34 21 28 49 8011715217417816514612310018 529H1 5281761839179999999999999991210 21999999999999999999999
 87 90106127149168176166141109 76 45 23 18 32 60 9413216417917616013811518 530H1 558176191718099999999999999 019 861243 1799999999999999
 96 90 99118139159172171154125 93 60 32 18 22 43 7311014517017817015112918 531H1 628174195517899999999999999 052 901316 1799999999999999
108 95 96109128148164170162139109 77 48 27 21 33 57 8912315417117216114218 6 1H1 657170203417499999999999999 125 931350 2199999999999999
121104 97104119137154164163149124 95 66 42 29 30 46 7110313415716816415118 6 2H1 726165211316899999999999999 159 971424 2899999999999999
133115103102111126141154158152135111 84 60 43 36 43 60 8511413915716215618 6 3H1 758158215516299999999999999 23610115 0 3699999999999999
143127113106108116129141149149140123101 79 60 48 47 56 74 9712114115415618 6 4H1 833150224215699999999999999 3191061539 4699999999999999
149137125114109111118127136140139130115 97 79 65 58 59 68 8510512514115018 6 5H1 918141233615299999999999999 4141091624 5799999999999999
151145136125115110110115121127131130124112 98 84 73 68 69 79 9311012714118 6 6H11022132999999999999999999999 5281091717 6799999999999999
149150145136125114106104106112118124126123115104 93 83 77 78 86 9811412918 6 7H1 037150115812699999999999999 6571041822 7799999999999999
143151152146135121108 97 93 94101111121128129124114102 91 84 84 9010211718 6 8H1 137152134212999999999999999 813 931936 8399999999999999
134148156156147131113 96 83 77 81 91107123136141136125111 98 89 86 9210618 6 9H1 22715715 114199999999999999 9 6 772048 8699999999999999
123141156163159144123100 78 63 59 67 85107131149156150135119102 90 87 9518 610H1 3 9164155915699999999999999 948 592146 8699999999999999
111131151167171160138110 82 57 41 41 57 83113144166171162144123103 89 8718 611H1 3481711649172999999999999991028 392236 8699999999999999
 99119142163177176157127 95 62 34 20 28 51 85123159181184170149125101 8718 612H1 42617917361859999999999999911 9 202322 8699999999999999
 90106129153175186177150115 77 41 13  5 20 51 90134173193191174150123 9818 613H1 5 51861823195999999999999991150  4999999999999999999999
 87 95115140164184189173141102 61 23 -2 -3 18 54 9814518319919317314711918 614H1 546190191019999999999999999 0 5 871233 -699999999999999
 97 90102124148172189188166130 90 49 12 -7 -3 23 6110715318719818916814218 615H1 628191195919899999999999999 049 901318 -899999999999999
115 97 95110131154175187181156120 81 42 10 -4  6 33 7111515818619218116118 616H1 712188204819399999999999999 134 9414 5 -499999999999999
136113 99101115135155172180171146113 77 42 16  8 19 46 8212215918018317218 617H1 759180213918499999999999999 223 981455  899999999999999
153131112102105117133150164169159137108 78 49 29 25 37 61 9312815717317418 618H1 851169223117599999999999999 3161021546 2499999999999999
163146128112104106115127141152156148131108 84 62 47 44 56 7710313115416618 619H1 951156232616799999999999999 4181041640 4499999999999999
166156142126112103102108117128139144140128112 94 76 65 64 73 9011213415218 620H111 6144999999999999999999999 5341021737 6399999999999999
161160152139123109 98 95 97105115127135136130119105 92 82 81 8810211913718 621H1 023162124013799999999999999 7 2 951840 8099999999999999
152159158149135119102 90 84 85 92105119131138136128117105 96 94 9911012518 622H1 121160141813899999999999999 820 831951 9499999999999999
140153160158147130112 93 78 70 72 82 9811713414414513812711510510110611618 623H1 215160153414699999999999999 917 7021 010199999999999999
130145157163158143123101 80 63 57 62 76 9712114215415414613412110910511018 624H1 3 216316301559999999999999910 2 57215710599999999999999
122136151163166156137114 89 65 49 46 56 7610213115416416215113712110810518 625H1 3441661716165999999999999991042 45224410599999999999999
113127143159169167152128101 73 49 36 39 56 8211314416617316615213411610518 626H1 4221691755173999999999999991118 36232410499999999999999
106118134151166173165144116 86 57 35 29 39 62 9312815917617716614712710918 627H1 4591731832179999999999999991153 28999999999999999999999
102108124142160172173159133102 71 43 26 27 44 7310814317118217616013911718 628H1 53317519 818299999999999999 0 01021227 2499999999999999
103102113132151167176170149120 87 56 32 23 32 55 8712415717818217015112818 629H1 6 7176194218299999999999999 03510013 1 2399999999999999
108 99104120140158172174162137105 73 45 28 27 42 6910313916718017716113918 630H1 640175201718199999999999999 1 8 991334 2599999999999999
118102100109127146163172168150123 92 62 40 30 36 56 8611915017117716815018 7 1H1 714172205117799999999999999 143 9914 7 3099999999999999
129110100102115133150164168159138110 82 57 41 38 50 7310213215817217115918 7 2H1 750168212617399999999999999 2191001440 3799999999999999
140121106101106119135150160160147126100 76 57 47 50 66 8911614216116916318 7 3H1 83016122 316999999999999999 3 01011516 4799999999999999
150133116105102108120134146153150137117 95 76 62 58 65 8110412714816216418 7 4H1 915153224416599999999999999 3481021554 5899999999999999
157143128113104102107118129139144142130114 96 81 72 71 79 9511513515116118 7 5H11012145232816299999999999999 4451011637 7099999999999999
160152138124110101 98102111121131137137129116102 91 84 84 9210712314015318 7 6H11125138999999999999999999999 552 981730 8399999999999999
160158149135120105 94 89 92101112124134137133124113103 96 9510211412914318 7 7H1 018160125713799999999999999 7 5 891837 9599999999999999
155161158147132114 96 82 76 78 8810312013514414313612611510610310711813218 7 8H1 113161142814599999999999999 813 76195710399999999999999
146158164160147127105 84 67 59 62 76 9712014115515715013812511310711012118 7 9H1 2 8164154115899999999999999 911 58211210699999999999999
136151164170164146121 94 68 47 39 46 66 9312415217017216314813111510610918 710H1 3 217016401739999999999999910 2 39221410699999999999999
123140158173178168144114 81 50 27 21 33 60 9413216618418517215313111210318 711H1 3531781731187999999999999991050 2123 610399999999999999
109125146166182185171141105 68 33 10  7 26 58 9914317919619317615312710618 712H1 4421861818197999999999999991136  52353 9999999999999999
 99109129152174191191171136 96 55 18 -3  0 25 6210815519020319417414711918 713H1 53119319 3203999999999999991223 -4999999999999999999999
 99 96110133158181196192167130 88 45 10 -6  2 31 7211916519620319016613818 714H1 619197194720499999999999999 039 9513 9 -799999999999999
111 94 96113136161184196188161123 81 41 10  0 13 44 8513117319719718115618 715H1 7 8197203020099999999999999 124 921354 -199999999999999
128103 91 96114137161182191179151116 78 42 18 14 31 6210114317719218716918 716H1 757191211319399999999999999 211 911440 1399999999999999
144119 98 90 97114135157175180167142111 79 50 34 35 53 8211715117618417518 717H1 848180215518499999999999999 3 0 901525 3299999999999999
157135112 96 90 97112130148163166154134110 85 64 54 59 7710213015617217418 718H1 942166223717599999999999999 353 901610 5499999999999999
164146127108 94 90 95106121137149152144130113 95 81 76 83 9811813915716718 719H11045152232116799999999999999 455 901656 7699999999999999
165154139122105 93 88 90 99111124136141138130119108 99 9710211412914415618 720H112 7141999999999999999999999 6 7 881748 9799999999999999
161158149135119103 90 83 83 8910011412713613813512912111511211612413414518 721H1 0 8161135713899999999999999 729 82185511299999999999999
154158155146132115 99 84 75 73 79 9110712413714414414013212512112212713618 722H1 1 5158153314599999999999999 842 73202312199999999999999
145153157154145129111 92 75 65 63 71 8710712814415315414813913012312212718 723H1 2 8157163315599999999999999 939 63213812199999999999999
136146155159156144126104 83 64 54 55 67 8711213715616416215314012711911918 724H1 3 81591714165999999999999991024 53223111899999999999999
126138149159163158142120 95 70 51 44 50 68 9412315116917316615213512011218 725H1 35816317491739999999999999911 3 43231211299999999999999
115127141155166168158137110 82 56 39 37 50 7410513816517917716314512511018 726H1 4421691821180999999999999991139 36234710699999999999999
106115130148164173171154128 98 68 43 31 36 56 8612115417718417415613311318 727H1 5201741852184999999999999991213 31999999999999999999999
101103118137156172178169147116 83 54 33 29 42 6810213816918518316614311918 728H1 556178192218699999999999999 0201001245 2899999999999999
101 96105123145165179179163135102 70 43 29 34 54 8512015517918617515413018 729H1 631181195118699999999999999 052 961316 2999999999999999
107 93 94109131153172181174152121 88 59 38 33 45 7110313816818418116414118 730H1 7 7181202018599999999999999 125 921347 3299999999999999
116 97 89 97115137159175178165139108 78 53 40 43 62 9012215317618217215118 731H1 743179205018299999999999999 2 0 891418 3999999999999999
128106 91 89101120141161172170153127 98 73 54 49 59 8110913916417817516018 8 1H1 822173212217999999999999999 237 881450 4999999999999999
139117 98 88 91104123142158166160142117 93 74 62 64 7810112615016817416618 8 2H1 9 6166215517499999999999999 319 881524 6199999999999999
149129109 94 87 92105122139152157150134114 95 81 76 81 9611713815616816818 8 3H1 956157223216999999999999999 4 6 8716 3 7699999999999999
157140121104 91 85 90101116132144149144131117103 94 92 9811212914515816518 8 4H111 0149231416599999999999999 5 2 851648 9299999999999999
162150133116100 87 81 84 9410712213614314313512611610910711212213514715718 8 5H11225144999999999999999999999 610 81175110799999999999999
161158147131113 96 81 73 73 82 9611313014214714513913112311912012613614718 8 6H1 0 616114 814899999999999999 727 72192111899999999999999
156160158148131111 90 72 60 58 67 8410512814715815915414413312412112513418 8 7H1 114161153816099999999999999 840 58205612199999999999999
146156164163153133109 84 60 44 41 52 7310113115717217416615213612211612018 8 8H1 228165163917599999999999999 943 4122 611699999999999999
131146161172173160136106 74 46 27 25 40 6710214017118718617315413211410718 8 9H1 3361741725188999999999999991037 23225910799999999999999
114130149168183184167137101 64 31 11 13 34 6811015218619919217314812210218 810H1 43418518 7199999999999999991125  92345 9799999999999999
 97109130154178194193170135 94 53 18  2  9 37 7612216719820519116613710818 811H1 5261961846205999999999999991211  1999999999999999999999
 89 90107132160187202196169130 87 45 12  1 15 48 9013818120520318215312218 812H1 615203192420799999999999999 028 871255  199999999999999
 93 79 86107135165192205193162123 81 41 14 11 31 6610915419020419316813818 813H1 7 220520 120499999999999999 110 791337  999999999999999
107 82 74 85109137167192199183152115 77 44 26 30 54 8812816719319617915218 814H1 749199203719899999999999999 152 731417 2599999999999999
123 94 75 73 87111137165185187169141110 79 54 45 56 8011114517418818316318 815H1 835188211218999999999999999 236 711456 4599999999999999
137111 87 74 75 90111135158172171155133109 86 71 69 8310513015617417916818 816H1 924173214517999999999999999 322 721534 6899999999999999
148125103 84 76 79 91109129147157155144128112 98 90 9410612414316016916718 817H11020158221916999999999999999 412 751612 9099999999999999
154137118100 85 79 81 9110412013414314313812912011211011412413614815716118 818H11133144225516199999999999999 512 79165511099999999999999
156145130115100 87 81 81 87 9711112413413813913613112612512713214014715218 819H11334139234115399999999999999 629 80175912599999999999999
153149140129115101 88 80 77 80 8910311713114014514514213713313113313714218 820H11532146999999999999999999999 757 77195813199999999999999
146148146140130116101 86 75 70 72 83 9911713414815515514914113312812813118 821H1 1 1148162615699999999999999 910 70213712799999999999999
138144148149144133116 97 79 66 60 65 7910012314416016516115113812712012018 822H1 24215017 11659999999999999910 3 60222711999999999999999
127137146154156149134112 90 69 55 52 61 8110713415817217216214612911511018 823H1 3471561731174999999999999991045 5123 211099999999999999
114126140153163163152130105 79 57 44 47 63 8911915017318017315613511510218 824H1 4331651759180999999999999991121 44233310099999999999999
102112130148164173168150122 93 65 44 38 48 7110213716718418216714412010018 825H1 5121731825185999999999999991153 38999999999999999999999
 91 98116138159176180168142111 79 52 36 38 57 8612115618118817715512810318 826H1 547181185118999999999999999 0 3 911223 3599999999999999
 86 85100123148171185182161131 97 65 42 35 46 7210514117318918516513911018 827H1 621186191719099999999999999 033 831253 3499999999999999
 87 76 84105132159181189177150117 84 55 39 42 62 9212716118519017515012118 828H1 655189194319099999999999999 1 4 761322 3899999999999999
 93 75 73 88113141168186186167137105 74 52 45 57 8211414617518918216013318 829H1 732189201018999999999999999 136 711352 4599999999999999
104 80 68 74 94120148172184178155125 96 71 56 58 7710413316218118416914418 830H1 810185203918599999999999999 211 681423 5599999999999999
117 91 72 67 78 99125150171177166144118 94 76 69 78 9812314916918017415418 831H1 85217721 918099999999999999 249 671456 6999999999999999
129104 83 69 69 81102126148164167155136116 98 87 86 9811713815717017216118 9 1H1 941167214117399999999999999 332 671533 8599999999999999
141118 97 79 69 71 8310112214115415614813412010910310511613114615816416218 9 2H11041157221716599999999999999 423 68161610399999999999999
150132112 94 79 70 71 80 9511313014414914613913112411912012713714615415718 9 3H112 614923 715799999999999999 527 69172111999999999999999
155145130113 96 80 70 67 72 8510112013614715114914413813212913013514114818 9 4H114 9151999999999999999999999 650 66191112999999999999999
152152146134118 99 80 65 58 60 71 8911113415116116315714813712912512713418 9 5H1 032153154216399999999999999 816 5721 512599999999999999
143151156154143125102 78 57 45 45 58 8110913816217517516615113412011311718 9 6H1 217156163117799999999999999 928 4422 811399999999999999
127141156167168155131102 72 46 31 33 50 78113149177189184167146123104 9918 9 7H1 3351691710189999999999999991024 292253 9999999999999999
107124144165181182164134 99 64 34 19 25 49 84125165192198184161133105 8618 9 8H1 4331841745198999999999999991112 192333 8399999999999999
 85100124151178196193169133 94 55 24 14 28 58 97142182203199177147114 8518 9 9H1 5221971819204999999999999991155 14999999999999999999999
 69 76 98127160190206196166128 87 48 21 19 40 74116161196206191162129 9418 910H1 6 8206185220699999999999999 012 691235 1799999999999999
 66 58 72100132168198207191159121 81 46 27 34 60 9613817720119917614410918 911H1 652208192520499999999999999 051 581313 2799999999999999
 76 54 55 74104138173198200180148113 78 51 43 57 8612015718719818515712518 912H1 735202195619899999999999999 130 521350 4399999999999999
 92 64 50 57 80109142173190187166138109 81 64 66 8411114016918718616613818 913H1 819192202618999999999999999 2 9 501425 6299999999999999
109 80 59 54 65 86113142167177170152130108 90 83 9010913115417217916914818 914H1 9 4177205517999999999999999 249 531459 8399999999999999
122 97 75 61 61 73 9211513915616215514212711310310311212814415916816615318 915H1 955162212116899999999999999 332 59153210199999999999999
133112 92 76 68 69 80 9511313114414814513812912211812012813814815615715218 916H111 0148214615899999999999999 420 67161111799999999999999
139124108 93 81 75 76 83 9410912313414014114013613213013113414014414714618 917H11254141221914799999999999999 524 75171513099999999999999
141132122110 98 87 80 78 82 9010211612813814414714514113713413313413613818 918H115 5147233913899999999999999 652 78195813399999999999999
138136132125115103 91 81 76 77 84 9611212814215215615214513712912512412718 919H11559156999999999999999999999 826 76213912499999999999999
132136138138132121106 90 78 70 69 78 9411413415216316315514312911811311418 920H1 224138163216499999999999999 932 68221811299999999999999
121130139146147139123104 85 69 61 63 77 9812214716517216615113311610410118 921H1 33714817 0172999999999999991018 60224710099999999999999
108121136149158156143121 98 75 59 53 61 81107136162177176162141118 99 8918 922H1 4221591726179999999999999991055 532314 8999999999999999
 92107126146163170162141115 87 64 49 50 66 92123155178184173151124 99 8118 923H1 4581701750184999999999999991126 482341 7799999999999999
 78 90112137161178178162134104 75 52 45 55 78109143173188183162134104 7818 924H1 5321801813189999999999999991156 44999999999999999999999
 66 72 93121151177189180156124 92 63 46 48 67 96130164187190173145113 8218 925H1 6 6189183719299999999999999 010 651224 4499999999999999
 60 57 73101133165189193175146113 81 56 47 60 86118152181193183157124 9118 926H1 64119419 319399999999999999 040 551254 4799999999999999
 62 48 54 78111145177194190166135103 74 56 58 7810713916918918916913710418 927H1 718195193019299999999999999 112 471325 5499999999999999
 73 49 43 58 87120154182192181155125 97 74 65 76 9912815617918817715011818 928H1 757192195818899999999999999 146 431357 6599999999999999
 87 59 43 45 65 94127158180184169145120 97 82 81 9611914416517917816013318 929H1 840185202718199999999999999 223 421432 8099999999999999
103 76 54 44 52 72 99129156172172158139120104 9610011513415216617216414518 930H1 929174205817299999999999999 3 4 441510 9699999999999999
119 94 71 55 50 58 761001251471601601511381261161131171291421531601601511810 1H11031162213116199999999999999 353 50155611399999999999999
133113 92 74 61 57 62 76 961171361481531501431361301271281341411461501491810 2H112 0153222115099999999999999 457 57171212699999999999999
142130114 98 82 68 61 62 72 871061251411511541531481411341301301321361391810 3H114 8154999999999999999999999 622 60193412999999999999999
142141135123108 90 74 61 57 63 77 961191401561641631561451321221181191241810 4H1 017142152616599999999999999 755 57211811799999999999999
133142148147136119 97 75 58 49 53 69 921201471671751711581401211061001051810 5H1 22314816 817699999999999999 911 4922 410099999999999999
116132148161162150127100 73 50 41 47 67 95128160181185173152127103 86 831810 6H1 33616316421859999999999999910 7 402241 8299999999999999
 93112136161177177159131 99 67 43 35 47 72106143176193187166139108 80 651810 7H1 4291801714193999999999999991053 352317 6499999999999999
 68 87114145175192186162130 95 61 38 37 55 86123162191198181153120 85 571810 8H1 5151931745199999999999999991134 342353 4899999999999999
 48 61 87121157189201188160125 89 56 40 47 72105143179199194168134 98 631810 9H1 5582011816200999999999999991211 40999999999999999999999
 40 40 61 92130169197201183153119 84 57 50 65 93127162191198181149113 77181010H1 640203184719999999999999999 030 371247 4999999999999999
 45 31 40 66101139176197194172143112 82 64 67 88116147176192187162128 93181011H1 721199191619399999999999999 1 6 311322 6399999999999999
 60 36 32 48 76110147177190181160134108 86 78 88110135161180184169141109181012H1 8 3190194318599999999999999 142 311355 7899999999999999
 78 51 36 40 59 87119150172178167149128108 95 96109129149166175169149122181013H1 84717820 817599999999999999 218 351427 9399999999999999
 94 69 50 44 52 71 96124148163164155140125112107112125140154163163152132181014H1 934165203116499999999999999 256 4415 010799999999999999
109 86 68 56 55 64 81102124142152152146137127120119124133143151153148136181015H11031153205315399999999999999 337 54154011999999999999999
120102 86 73 65 66 73 87104121135143145143138133128127130134139142141135181016H11155145211914299999999999999 427 65164512799999999999999
126115102 91 81 75 74 79 88101116128138144145143139134130128128129130130181017H11358145222613099999999999999 538 74193412899999999999999
127123117108 99 89 81 78 79 86 97111126139148152150143134126120117117120181018H11510152999999999999999999999 712 78212311699999999999999
123126127124117106 94 83 77 76 82 94111129145156159153141128115106103107181019H1 146127154915999999999999999 839 75215610399999999999999
115124132136134125110 94 81 72 71 79 96116138156166163151133115 99 90 91181020H1 314137161916699999999999999 937 702223 8999999999999999
101115131144149144129110 90 74 65 68 81103128152169172162142118 96 79 75181021H1 4 11491644173999999999999991018 652249 7599999999999999
 84101123144159162150129105 83 66 61 70 90116144168179172153126 98 73 61181022H1 43916317 7179999999999999991052 602315 6099999999999999
 65 83108136162175170150125 98 73 59 61 78104134163182183165136105 73 51181023H1 5141751731185999999999999991123 582344 4599999999999999
 46 61 87120153179186172147118 88 65 57 69 93122154180190177149115 80 49181024H1 5491861756190999999999999991154 57999999999999999999999
 33 39 63 97134170191190169140109 81 62 63 83111142171190188164129 93 57181025H1 626194182419299999999999999 015 321226 6099999999999999
 30 23 39 70108148182197187162132102 77 66 77101130159183191177145109 72181026H1 7 5197185319199999999999999 048 2213 0 6699999999999999
 39 19 21 45 79119159187194179154126 99 80 78 94119146170185183160126 90181027H1 746195192318799999999999999 124 171336 7699999999999999
 56 28 17 27 53 88127162184185169146122101 89 94112134155172179168143110181028H1 832187195517999999999999999 2 2 171414 8999999999999999
 78 48 28 23 36 62 95129159175174160142123108103110125142157167166152128181029H1 924176202916899999999999999 245 22145610399999999999999
100 73 50 35 33 46 69 97126150163163154141128119116121131142151155152139181030H1102716421 715599999999999999 336 32155011699999999999999
120 98 76 58 46 44 54 72 95119140153156152144136128124125129134139141140181031H11152156221014199999999999999 438 43171912499999999999999
132119103 86 70 58 53 58 72 901121321471541551501421331251201191211251301811 1H11335155999999999999999999999 558 53194411999999999999999
133132126114 99 82 67 59 59 69 861071291471591611561451301161061031051121811 2H1 023133144716299999999999999 726 5821 610399999999999999
123133140138128111 91 73 61 58 67 84108133155167168157140120100 87 84 901811 3H1 220140153116999999999999999 843 582148 8399999999999999
104122141153153140120 97 75 60 57 68 88115143166176170152129103 79 65 661811 4H1 32915516 617699999999999999 942 562225 6499999999999999
 80101127153168165149125 99 74 58 59 74 98127157179182166141111 80 55 461811 5H1 4211691638183999999999999991029 5623 0 4699999999999999
 55 76105138167180173152126 97 72 59 65 86113144172187180155124 90 57 351811 6H1 5 71801710187999999999999991110 592335 3199999999999999
 33 50 78114151180188174151123 93 70 64 77101130160184188170139104 68 361811 7H1 5491881741189999999999999991147 64999999999999999999999
 21 28 53 87126164188188171145117 89 72 74 93119147173188180154119 83 481811 8H1 630191181118899999999999999 010 211223 7199999999999999
 22 16 32 61 98139173189183163138111 88 79 89111136160180183166135100 651811 9H1 711189184018499999999999999 045 151257 7999999999999999
 34 17 20 42 74111149176184173153129106 90 90105126148168177170147115 82181110H1 75118419 717799999999999999 120 161330 8899999999999999
 51 28 20 31 56 88123155173174162143122104 97103119138155167168153128 99181111H1 833176193316999999999999999 154 2014 3 9799999999999999
 70 45 30 31 45 70100130155166163151135118107106114128143155159153136112181112H1 917166195815999999999999999 229 29143810599999999999999
 87 64 46 39 44 60 82109133150157153143130119112114121132142148147138122181113H110 5157202414999999999999999 3 6 39151911299999999999999
102 82 65 53 51 57 72 91113132144149146139130122118118123130135137134125181114H111 5149205713799999999999999 348 50162011799999999999999
113 98 83 71 63 62 68 80 96113129139144144139132125120118119121124125123181115H11222145215812599999999999999 440 6218 811899999999999999
118110100 89 80 73 71 75 84 97112126138144146142135126117112109109112115181116H11348146999999999999999999999 548 71202310999999999999999
117117114107 98 88 80 77 79 86 97112127140148150145134121108 99 95 96102181117H1 024118144615099999999999999 711 772116 9599999999999999
110118123123117106 94 84 79 79 86 99116133148156155144128110 93 82 79 85181118H1 228124152315699999999999999 829 782149 7999999999999999
 97112126135135126113 98 85 77 78 87104124143158163155138115 92 73 63 66181119H1 331136155216399999999999999 926 762218 6399999999999999
 79 99121140150147133116 97 81 74 78 92113136157169166149124 96 69 50 45181120H1 4151501619170999999999999991010 742247 4599999999999999
 56 78106135157165156137115 93 77 72 82102126151171176163137106 73 44 28181121H1 4551651647177999999999999991048 722318 2799999999999999
 32 53 84119153174176160138112 88 72 74 91115142167182177154120 84 48 21181122H1 5341781717183999999999999991125 712352 1299999999999999
 12 26 55 93134169187181161135107 83 72 81103130157179186171139101 62 26181123H1 61418717491879999999999999912 2 72999999999999999999999
  3  4 26 62105148181192181157130102 81 77 93118144169185183158122 82 43181124H1 656192182318799999999999999 028  01240 7699999999999999
 10 -6  3 32 71116158186190176152125 99 84 87106130154175183173143106 67181125H1 741191185918399999999999999 1 7 -61320 8399999999999999
 30  3 -5 10 41 80124162183183168145121100 91 99117138158173174159129 93181126H1 829186193717699999999999999 149 -514 2 9199999999999999
 58 26  6  4 21 51 88127160175173159140120105100108124140155164161144117181127H1 921177201916499999999999999 235  2145010099999999999999
 87 57 31 16 17 34 61 94127153166164152137122110107113124135145150147133181128H11020166211015099999999999999 326 14154910799999999999999
111 87 63 42 31 32 46 69 96124146157157149137125114110111117124131136135181129H11127158222313699999999999999 424 30171310999999999999999
126111 93 74 57 47 47 57 75 98121141152153148138126114105102104109116123181130H11241154999999999999999999999 530 4519 510299999999999999
127125117103 88 72 62 59 66 81100121139151154149138123107 94 87 87 931031812 1H1 012127135015599999999999999 645 592033 8799999999999999
115126130126116101 86 73 68 73 85103124143155158150135115 95 78 69 70 791812 2H1 2 2130144315899999999999999 8 2 682125 6899999999999999
 94113131140138127112 95 81 74 78 91109130150162160147127103 78 58 50 551812 3H1 319140152416399999999999999 9 9 7422 6 5099999999999999
 70 92118140151149136119100 84 77 83 98118140160168160140114 86 58 38 341812 4H1 41615216 11689999999999999910 2 772244 3499999999999999
 46 67 96128153162156141122101 84 80 90108129152169170155128 98 66 37 211812 5H1 5 31621636172999999999999991046 802320 2099999999999999
 25 43 71106141165170160142120 98 83 84 99119142163174167144113 80 46 201812 6H1 54617017 9174999999999999991126 822355 1199999999999999
 11 22 48 81120155174173159138114 93 84 91109131153170174158130 96 61 291812 7H1 62617517421749999999999999912 3 84999999999999999999999
  9  9 27 58 96135165177170153130107 89 87100120142161172167145113 78 441812 8H1 7 5177181317399999999999999 030  61238 8699999999999999
 17  5 14 38 72111147171175164144120100 89 94110130150165168155128 95 621812 9H1 743176184316999999999999999 1 4  51312 8999999999999999
 32 12 10 25 53 88125155170168154133111 96 92101119138154163158140112 80181210H1 821171191316399999999999999 137  91346 9299999999999999
 50 26 15 20 40 69103135158165159143123105 96 97109125141152155145124 97181211H1 9 0165194315599999999999999 211 151421 9599999999999999
 69 44 28 24 35 56 84114140156158149133116103 98103114127139146143131110181212H1 939158201614699999999999999 245 2415 2 9899999999999999
 86 63 45 35 37 50 71 97122141151150140127113104101105114124132135131118181213H11022152205613599999999999999 321 34155310199999999999999
100 81 63 51 46 51 65 84106126140146144135124113105102104110117122124120181214H11111146215112499999999999999 4 0 4617 210299999999999999
110 96 82 69 60 58 64 77 93111127139143141133123112103 98 98101106111114181215H112 6143231911599999999999999 447 581833 9899999999999999
113108 98 88 78 71 70 75 85 99114128139143141133122109 97 89 87 89 94102181216H113 7143999999999999999999999 544 7020 2 8699999999999999
109113112106 97 88 81 79 82 91103117131142146142132118101 85 75 71 75 84181217H1 11511314 214699999999999999 658 792059 7199999999999999
 97110120122117108 98 89 84 85 94107122137148151144128109 87 68 56 54 62181218H1 248122144715199999999999999 818 842140 5399999999999999
 78 98118132136130119105 93 85 87 96112129146156155142120 95 68 46 34 37181219H1 351136152715799999999999999 924 852218 3499999999999999
 53 77105131148151141126109 93 84 87100119139156165158137108 77 46 22 14181220H1 44015116 5165999999999999991016 842255 1499999999999999
 25 49 81116148164163149130109 90 82 89107128150168172157128 93 57 23  0181221H1 52416616441729999999999999911 2 822334 -399999999999999
 -1 17 49 89131164177171153130105 85 81 93115139161177174152117 77 37  2181222H1 6 81771724178999999999999991145 80999999999999999999999
-16-10 16 55100144176184173152125 99 82 83 99123148170181172143104 62 21181223H1 65218418 618199999999999999 015-161227 8099999999999999
-12-23-10 21 64111155182185170146119 93 81 87106130154174180165133 92 50181224H1 737186184918099999999999999 058-231310 8199999999999999
 11-16-21 -3 31 74121161182180163138112 90 83 92112134156172173154122 83181225H1 823183193417599999999999999 142-231356 8399999999999999
 44  9-12-11 10 44 86129162176171153130107 89 86 96114133151163161142112181226H1 910177202316499999999999999 228-141445 8599999999999999
 78 44 16  1  6 27 59 97133159168160143123103 90 88 96111127141150147130181227H1 958168211715199999999999999 316  01540 8799999999999999
105 78 50 29 20 26 46 74106135154159151136118102 90 87 93103115127135133181228H11049159222113699999999999999 4 5 201647 8799999999999999
121103 82 62 47 41 48 65 87112135149151144131115100 88 82 84 91101112121181229H11142152234612399999999999999 458 411811 8299999999999999
123117106 92 77 66 62 67 80 98117134145146140127112 96 82 74 72 77 86 98181230H11240147999999999999999999999 556 611944 7299999999999999
110117118113103 92 83 79 81 91105120134144145138125108 89 73 61 57 62 73181231H1 135119134014699999999999999 7 7 782056 5799999999999999
