 45 62 73 79 78 72 64 57 55 57 63 73 85 95 99 95 84 67 46 24  9  1  2 1218 1 1HK 323 7914 0 9999999999999999 8 0 552122  199999999999999
 29 50 68 79 83 81 73 64 57 55 58 66 77 91101103 97 83 63 39 18  3 -2  118 1 2HK 4 9 83144510399999999999999 850 5522 7 -299999999999999
 13 34 56 73 82 84 80 71 61 55 54 58 67 80 95104104 95 79 58 34 13  1 -218 1 3HK 449 84152910599999999999999 937 532249 -299999999999999
  4 19 41 62 77 84 83 78 67 57 51 52 57 68 82 97104101 91 74 52 30 11  218 1 4HK 527 841614104999999999999991024 512330  199999999999999
  2 11 28 49 68 80 83 81 73 62 52 48 50 56 68 82 95 99 95 84 67 47 27 1218 1 5HK 6 3 831658 99999999999999991110 48999999999999999999999
  7 10 20 37 57 73 81 82 77 69 57 48 45 48 55 66 80 89 91 86 75 60 42 2618 1 6HK 638 821744 9299999999999999 0 9  71159 4599999999999999
 16 14 19 30 47 64 76 81 80 74 64 53 46 44 46 53 63 74 81 81 76 67 54 4018 1 7HK 714 811832 8299999999999999 047 141253 4499999999999999
 28 22 23 29 40 55 69 78 80 77 71 61 51 44 43 45 50 58 66 71 71 67 60 5018 1 8HK 752 801926 7299999999999999 124 221356 4399999999999999
 40 32 30 32 38 49 62 73 79 79 76 69 60 50 44 41 42 45 51 58 62 62 60 5618 1 9HK 835 802036 6299999999999999 2 3 301520 4199999999999999
 50 43 39 37 40 46 55 66 75 79 79 75 68 59 50 43 39 38 40 44 50 54 56 5718 110HK 924 802239 5799999999999999 249 371655 3899999999999999
 55 52 48 45 44 47 52 60 69 76 80 79 75 69 60 50 41 35 32 33 38 44 50 5418 111HK1022 80999999999999999999999 347 441815 3299999999999999
 57 58 57 54 51 50 51 56 63 71 77 81 81 77 70 59 48 37 30 27 28 33 41 4918 112HK 1 1 581125 8199999999999999 5 0 501915 2699999999999999
 56 61 64 63 59 55 53 54 58 65 72 79 83 83 78 70 57 44 31 24 21 23 31 4118 113HK 213 641226 8499999999999999 612 5320 1 2199999999999999
 52 62 67 69 67 62 57 54 55 59 66 75 83 87 85 79 68 53 37 25 17 16 21 3218 114HK 259 691317 8799999999999999 716 542040 1699999999999999
 45 58 68 73 73 69 63 57 54 55 60 69 79 87 90 87 77 63 46 30 18 13 14 2218 115HK 333 7414 0 9099999999999999 8 9 542115 1299999999999999
 36 52 66 74 77 75 69 61 54 52 55 62 72 83 91 92 86 73 57 38 22 12 10 1518 116HK 4 2 771438 9399999999999999 855 522148 1099999999999999
 27 43 60 72 78 78 73 65 57 51 51 55 65 77 88 94 92 82 67 48 30 15  8 1018 117HK 429 791514 9599999999999999 934 502220  899999999999999
 19 34 51 67 77 80 77 69 60 51 48 49 57 68 82 92 95 89 76 58 39 22 11  818 118HK 455 801549 95999999999999991011 472251  899999999999999
 13 25 42 60 73 79 78 73 63 53 46 45 49 59 72 85 92 91 82 67 49 30 16  918 119HK 522 801623 93999999999999991045 452320  899999999999999
 10 19 34 52 67 77 79 75 67 57 47 42 43 50 62 75 86 90 85 74 58 40 23 1318 120HK 550 791657 90999999999999991120 422349 1099999999999999
 11 16 27 43 60 72 78 77 71 61 50 43 40 43 52 63 76 84 84 77 65 49 33 2018 121HK 618 781733 85999999999999991155 40999999999999999999999
 14 16 24 37 53 67 75 77 73 65 55 45 39 39 44 52 64 74 79 77 69 57 42 2918 122HK 648 771813 7999999999999999 017 141235 3999999999999999
 21 19 23 33 46 60 71 76 75 70 61 50 42 38 38 43 51 61 69 72 69 61 51 3918 123HK 719 771859 7299999999999999 046 191321 3799999999999999
 30 26 27 33 42 55 66 74 76 73 67 57 48 40 37 37 41 48 56 63 65 62 57 4918 124HK 753 771957 6599999999999999 117 251423 3699999999999999
 41 35 33 36 42 51 61 71 76 76 72 65 56 47 39 35 34 36 42 49 55 58 58 5518 125HK 833 772121 5999999999999999 153 331546 3499999999999999
 50 46 42 42 45 50 58 66 74 78 77 73 65 56 47 38 32 29 30 34 42 49 54 5718 126HK 921 782339 5799999999999999 238 421716 2999999999999999
 57 55 53 51 50 52 56 62 70 76 79 79 75 68 58 47 36 27 22 22 26 35 44 5318 127HK1024 80999999999999999999999 346 501833 2199999999999999
 59 62 62 60 58 56 56 60 65 71 78 82 83 80 72 61 46 32 21 14 14 19 30 4218 128HK 141 621140 8399999999999999 515 561936 1399999999999999
 54 63 68 69 66 62 58 58 60 65 72 80 87 88 85 76 62 44 27 14  7  7 14 2818 129HK 244 691251 8899999999999999 641 582029  699999999999999
 44 59 69 74 74 69 62 57 56 58 64 73 83 92 94 89 78 61 41 21  7  1  3 1318 130HK 327 751350 9499999999999999 753 562117  199999999999999
 30 49 65 75 78 76 68 59 53 52 54 62 73 87 96 98 91 78 58 36 16  3 -2  318 131HK 4 4 781442 9899999999999999 850 5122 0 -299999999999999
 16 36 57 72 80 80 75 64 54 47 46 50 60 75 90 99 99 90 75 53 30 11  1 -118 2 1HK 436 81152910099999999999999 939 462239 -199999999999999
  7 24 46 66 78 82 79 71 58 46 40 41 47 59 76 91 98 96 85 69 47 25  9  218 2 2HK 5 4 821613 98999999999999991024 402315  299999999999999
  4 15 34 56 73 82 82 76 64 50 39 34 37 45 59 76 89 94 89 78 61 40 21 1018 2 3HK 531 831656 949999999999999911 7 342347  799999999999999
  7 13 27 46 66 79 83 80 71 58 43 33 31 35 45 59 74 85 86 80 69 53 35 2118 2 4HK 559 831739 87999999999999991150 31999999999999999999999
 14 16 24 39 58 74 82 82 76 65 51 38 30 30 35 45 58 70 77 76 70 60 46 3318 2 5HK 628 831822 7899999999999999 017 141234 2999999999999999
 24 21 26 36 51 67 78 82 79 71 60 47 36 30 31 35 44 55 64 68 67 61 53 4318 2 6HK 7 1 8219 9 6899999999999999 046 211324 3099999999999999
 34 29 31 37 47 60 72 80 81 76 67 56 45 36 32 32 36 42 51 57 60 58 55 4918 2 7HK 737 8120 5 6099999999999999 117 291425 3199999999999999
 43 38 37 40 46 55 65 75 79 78 73 65 55 45 38 33 32 34 39 45 50 53 53 5218 2 8HK 818 792135 5399999999999999 150 371547 3299999999999999
 50 47 45 45 48 53 60 68 74 77 76 71 64 56 47 39 34 31 32 35 40 45 49 5218 2 9HK 9 8 77999999999999999999999 232 451722 3199999999999999
 53 54 53 52 52 53 57 62 68 73 75 75 71 65 57 48 39 32 28 27 30 35 42 4818 210HK 057 541015 7699999999999999 346 521842 2799999999999999
 54 58 60 59 57 55 55 58 62 67 72 75 76 73 67 59 48 37 28 23 22 26 33 4218 211HK 218 601140 7699999999999999 533 551939 2299999999999999
 51 59 64 65 63 60 56 55 56 60 66 72 77 79 76 69 58 45 32 22 17 18 24 3418 212HK 256 651252 7999999999999999 7 0 552023 1799999999999999
 46 57 65 69 69 65 59 54 52 53 59 66 74 81 82 78 68 55 39 25 16 13 16 2518 213HK 323 691345 8299999999999999 8 1 522059 1399999999999999
 38 52 64 71 72 69 62 54 49 48 51 58 68 79 85 84 77 65 48 32 18 10 10 1718 214HK 347 731427 8699999999999999 847 472132  999999999999999
 29 45 60 71 75 73 66 57 48 43 43 49 60 72 83 88 85 74 58 40 23 11  7 1018 215HK 4 8 7515 5 8899999999999999 925 4222 3  799999999999999
 21 37 54 68 75 75 70 60 49 40 37 40 49 63 77 87 88 81 68 50 31 16  7  718 216HK 431 761541 899999999999999910 0 372232  699999999999999
 15 29 47 63 74 77 73 64 52 40 33 33 39 51 67 81 88 86 76 60 41 23 11  718 217HK 454 771616 88999999999999991033 3223 0  799999999999999
 11 22 39 57 71 77 76 68 56 43 32 28 31 40 55 71 82 86 80 68 51 33 18 1018 218HK 517 781651 869999999999999911 6 282326 1099999999999999
 11 19 33 51 67 76 78 72 62 48 35 26 25 31 42 58 72 81 81 73 59 43 27 1718 219HK 540 781728 82999999999999991140 252351 1499999999999999
 14 19 29 45 61 74 79 76 67 54 40 28 23 25 32 44 59 71 76 74 65 52 38 2618 220HK 6 5 7918 7 76999999999999991215 23999999999999999999999
 20 22 29 41 56 70 78 78 72 61 48 34 25 22 26 33 45 58 67 70 66 58 47 3618 221HK 632 791851 7099999999999999 016 201257 2299999999999999
 29 27 32 40 52 65 75 79 76 68 57 44 32 25 23 26 33 44 54 61 63 59 53 4618 222HK 7 2 791945 6399999999999999 042 271348 2399999999999999
 39 35 37 42 51 61 71 78 78 74 65 54 42 32 26 24 26 31 39 48 54 56 55 5218 223HK 738 7921 4 5699999999999999 112 3515 0 2499999999999999
 48 44 44 46 51 58 66 73 77 77 72 64 55 44 35 28 24 24 27 33 41 47 52 5318 224HK 822 782347 5499999999999999 145 441637 2399999999999999
 54 53 52 52 53 57 62 67 73 76 76 72 66 58 48 38 28 22 19 21 26 34 43 5018 225HK 927 76999999999999999999999 237 521810 1999999999999999
 55 59 60 59 57 57 58 61 65 70 75 76 75 71 64 53 40 27 18 13 14 20 30 4218 226HK 155 6011 9 7799999999999999 442 571922 1399999999999999
 53 60 65 65 63 59 56 55 57 61 67 74 79 80 77 69 55 39 24 13  7  9 17 3018 227HK 240 661246 8099999999999999 648 552018  799999999999999
 45 58 67 71 69 63 56 51 49 51 56 65 75 83 86 82 71 55 36 19  7  3  7 1818 228HK 313 711352 8699999999999999 8 4 4921 4  399999999999999
 35 52 66 73 74 69 60 50 43 41 44 52 64 78 88 89 84 71 52 32 14  4  2  918 3 1HK 340 741444 9099999999999999 855 412144  299999999999999
 23 43 62 73 77 75 66 53 40 33 33 38 49 65 81 90 90 82 67 47 26 10  3  518 3 2HK 4 5 771529 9199999999999999 938 322218  399999999999999
 15 33 55 71 79 79 72 59 43 31 25 26 34 49 68 83 90 87 77 61 40 21  9  618 3 3HK 428 801611 90999999999999991017 252249  699999999999999
 12 26 46 66 79 82 77 66 51 34 22 19 23 34 51 69 83 86 81 70 53 34 19 1218 3 4HK 451 821651 86999999999999991054 192317 1199999999999999
 13 23 39 59 75 83 81 73 59 42 26 17 17 23 36 53 70 79 79 73 61 46 30 2018 3 5HK 517 831731 80999999999999991132 162344 1899999999999999
 18 23 35 51 69 81 84 78 67 51 34 21 16 18 26 39 55 68 73 71 64 54 41 3018 3 6HK 545 841811 73999999999999991211 16999999999999999999999
 25 27 34 47 62 76 83 81 73 60 45 30 20 18 21 30 41 54 63 66 63 57 48 3918 3 7HK 616 831854 6699999999999999 011 241252 1899999999999999
 33 32 36 45 57 69 79 81 76 67 54 41 29 23 22 25 33 42 52 58 59 56 52 4618 3 8HK 649 811943 5999999999999999 039 311340 2199999999999999
 41 39 40 45 53 63 72 78 77 71 62 51 40 31 27 26 28 34 41 48 52 53 52 5018 3 9HK 724 782055 5399999999999999 1 8 391441 2699999999999999
 48 46 46 48 52 58 65 71 74 72 67 59 50 42 35 30 28 29 33 38 43 47 50 5118 310HK 8 6 74999999999999999999999 139 4516 9 2899999999999999
 52 52 52 52 53 56 60 64 68 70 68 65 59 52 45 38 32 28 27 29 34 39 45 5018 311HK 9 4 709999999999999999999991747 27999999999999999999999
 54 56 57 57 55 55 55 58 61 64 67 67 65 61 55 47 38 31 25 23 25 30 37 4518 312HK 2 7 571041 6799999999999999 5 5 5519 0 2399999999999999
 53 58 61 61 59 56 53 52 53 57 61 66 68 68 64 57 47 36 27 20 19 22 29 3918 313HK 234 621224 6999999999999999 651 521951 1999999999999999
 49 58 64 65 63 58 52 47 46 48 54 61 68 72 72 67 57 45 32 21 15 15 20 3118 314HK 254 651328 7399999999999999 751 462030 1499999999999999
 43 56 64 68 67 61 53 45 40 40 44 52 63 72 76 75 67 54 39 25 15 11 14 2318 315HK 313 681414 7799999999999999 834 3921 4 1199999999999999
 36 51 63 70 70 65 56 45 36 32 34 42 54 67 77 80 75 64 49 32 18 10 10 1618 316HK 333 711454 8099999999999999 910 322136  999999999999999
 29 45 61 71 73 69 60 47 35 26 25 30 42 57 72 81 81 73 60 42 26 14  9 1218 317HK 353 731531 8299999999999999 943 2522 5  999999999999999
 23 39 56 69 75 73 65 51 36 24 18 20 29 45 63 77 82 79 69 53 35 20 12 1218 318HK 414 7616 8 83999999999999991015 182232 1199999999999999
 19 33 51 67 76 77 70 58 41 26 15 13 19 31 49 67 79 81 75 63 46 30 18 1518 319HK 435 781644 81999999999999991047 132257 1599999999999999
 19 29 45 63 76 80 75 65 49 31 17 10 11 20 35 54 70 78 77 69 56 41 27 2018 320HK 458 801722 79999999999999991120  92321 2099999999999999
 21 29 42 58 73 81 80 71 58 40 23 12  8 12 23 39 57 70 74 71 63 50 38 2818 321HK 522 8118 3 74999999999999991156  82346 2699999999999999
 26 31 40 54 68 79 82 77 66 51 34 19 11 10 15 26 41 56 66 68 64 57 47 3818 322HK 550 821848 68999999999999991236  9999999999999999999999
 33 35 41 51 63 75 81 80 72 60 46 31 19 13 13 19 29 41 53 60 61 58 53 4618 323HK 621 821943 6199999999999999 013 331324 1299999999999999
 41 40 44 51 59 69 77 80 76 68 57 44 31 22 17 17 21 29 39 48 54 55 55 5218 324HK 657 8021 6 5599999999999999 042 401431 1799999999999999
 49 47 48 51 57 63 70 75 76 72 65 56 46 35 27 21 19 21 26 34 42 48 52 5418 325HK 743 762348 5499999999999999 117 4716 6 1999999999999999
 54 54 53 53 55 58 62 67 70 71 70 65 59 51 41 32 24 19 19 22 29 38 46 5218 326HK 853 71999999999999999999999 216 531743 1899999999999999
 57 59 59 57 55 54 55 57 60 64 68 69 68 64 57 46 35 24 17 15 18 25 36 4718 327HK 128 5911 2 6999999999999999 512 541858 1599999999999999
 56 62 64 63 58 53 49 48 49 53 59 66 71 72 69 62 49 35 22 14 12 15 25 3918 328HK 2 7 641251 7299999999999999 7 7 481954 1299999999999999
 52 62 68 68 64 55 47 40 38 40 46 56 67 75 77 74 64 49 33 19 11 10 16 2918 329HK 236 691356 7799999999999999 8 6 382039 1099999999999999
 46 60 70 73 70 61 49 37 30 28 32 41 56 70 79 80 75 64 47 29 16 10 12 2118 330HK 3 0 731445 8199999999999999 849 282116 1099999999999999
 37 56 70 76 75 68 55 39 26 20 20 27 40 58 73 81 81 74 60 42 25 15 12 1818 331HK 322 771528 8299999999999999 927 192148 1299999999999999
 30 49 67 78 80 74 63 46 28 16 12 15 25 42 62 76 82 79 70 55 37 23 16 1818 4 1HK 344 8016 8 829999999999999910 2 122217 1699999999999999
 26 42 61 77 83 80 70 55 36 18  9  8 14 28 47 66 77 79 74 64 49 33 23 2118 4 2HK 4 9 831646 80999999999999991036  72245 2199999999999999
 26 37 54 72 83 84 77 63 46 26 12  6  8 17 33 52 68 75 75 68 58 44 32 2618 4 3HK 436 851723 76999999999999991111  62313 2699999999999999
 28 36 49 65 79 85 82 71 55 37 20  9  7 12 23 39 56 68 72 69 62 52 41 3318 4 4HK 5 5 8518 1 72999999999999991146  72341 3199999999999999
 32 37 46 59 73 83 83 76 63 48 31 17 10 11 18 29 44 57 65 66 63 56 48 4118 4 5HK 536 841842 67999999999999991223 10999999999999999999999
 37 39 45 55 66 77 81 79 69 56 42 28 18 15 17 24 34 46 56 61 61 58 53 4718 4 6HK 6 8 821929 6199999999999999 010 3713 4 1599999999999999
 43 43 46 52 61 70 76 77 72 63 51 39 28 22 20 23 29 37 46 53 56 56 55 5218 4 7HK 641 772032 5799999999999999 040 421353 2099999999999999
 49 48 48 51 57 63 69 72 71 66 58 48 39 31 26 25 26 31 37 44 49 53 54 5418 4 8HK 719 722233 5499999999999999 114 4815 0 2599999999999999
 53 52 52 52 54 57 61 65 67 66 61 55 48 41 35 30 27 27 30 35 41 46 51 5418 4 9HK 8 9 67999999999999999999999 213 521631 2799999999999999
 56 56 56 55 53 53 54 57 59 61 62 60 56 51 44 38 31 27 25 27 32 38 46 5218 410HK 1 0 56 938 6299999999999999 444 531756 2599999999999999
 57 60 60 58 54 51 48 48 50 54 58 60 61 59 54 47 38 30 24 22 25 30 39 4818 411HK 138 601142 6199999999999999 630 481858 2299999999999999
 56 61 63 62 57 50 44 41 41 44 50 57 62 65 63 57 47 37 27 21 19 23 31 4218 412HK 2 1 6313 2 6599999999999999 729 401945 1999999999999999
 53 62 66 66 61 52 43 35 32 33 40 49 59 67 69 66 58 46 33 23 18 18 25 3618 413HK 223 671355 6999999999999999 810 322023 1799999999999999
 49 61 69 70 66 56 44 32 25 23 28 38 51 64 72 73 68 57 43 29 20 17 20 3018 414HK 244 701440 7499999999999999 846 232057 1799999999999999
 44 59 70 74 71 62 48 33 21 15 16 25 39 56 70 77 76 67 54 39 26 19 19 2618 415HK 3 6 741520 7799999999999999 919 152128 1899999999999999
 39 55 69 77 77 69 55 38 21 10  7 12 25 43 62 75 80 76 65 50 35 25 22 2518 416HK 327 781559 8099999999999999 952  72157 2299999999999999
 35 50 67 78 82 76 64 46 27 11  3  3 12 28 49 67 78 79 73 61 47 33 27 2718 417HK 351 821639 80999999999999991026  22224 2699999999999999
 34 46 62 77 85 83 73 57 37 18  4 -1  3 15 33 54 70 78 76 69 57 44 34 3118 418HK 416 851719 789999999999999911 1 -12252 3199999999999999
 35 44 58 73 84 87 80 67 49 29 11  1  0  6 20 39 58 70 74 72 64 53 43 3718 419HK 445 8718 2 74999999999999991139 -12321 3699999999999999
 38 44 54 67 80 87 85 76 61 43 24 10  3  4 11 25 42 58 67 69 66 60 51 4418 420HK 517 881850 69999999999999991221  22352 4199999999999999
 41 45 52 62 73 83 86 81 70 56 40 24 12  8  9 16 28 43 56 62 64 62 57 5118 421HK 552 861950 64999999999999991311  7999999999999999999999
 47 47 51 57 65 74 81 81 75 65 53 39 26 17 14 15 20 30 42 52 58 60 59 5618 422HK 634 822116 6099999999999999 029 461415 1499999999999999
 53 51 51 54 59 65 71 75 74 70 62 53 42 32 24 20 19 22 30 40 48 54 58 5918 423HK 725 7523 5 5999999999999999 118 501539 1999999999999999
 58 56 54 53 54 56 59 64 67 68 66 62 55 47 38 30 24 21 23 29 38 47 54 5918 424HK 846 68999999999999999999999 259 5317 7 2199999999999999
 62 62 59 55 51 49 49 51 55 60 63 65 64 60 53 43 33 25 21 22 28 38 48 5718 425HK 024 6211 6 6599999999999999 537 491819 2199999999999999
 64 66 65 60 53 46 41 39 41 46 54 61 66 67 64 57 46 34 25 21 23 30 41 5318 426HK 110 661250 6799999999999999 7 0 391915 2199999999999999
 64 70 71 67 58 47 37 31 29 32 40 51 62 69 71 68 59 46 33 25 22 25 34 4718 427HK 143 711354 7199999999999999 752 291959 2299999999999999
 61 71 75 73 66 53 39 27 21 20 26 37 52 65 73 74 70 59 45 32 25 24 29 4018 428HK 210 751443 7599999999999999 833 202037 2399999999999999
 56 70 79 79 73 61 45 28 17 12 14 23 38 56 70 76 76 69 57 42 31 26 28 3618 429HK 236 801526 7799999999999999 910 122111 2699999999999999
 50 66 79 84 80 70 54 35 18  9  7 12 25 43 61 74 78 75 67 54 40 31 30 3518 430HK 3 3 8416 4 7899999999999999 943  72142 2999999999999999
 45 60 76 86 86 78 64 46 26 11  4  6 14 30 49 67 76 77 73 63 50 39 33 3518 5 1HK 331 871641 78999999999999991017  42214 3399999999999999
 42 55 70 83 89 84 72 56 37 18  6  3  8 20 37 56 70 76 75 69 59 47 39 3718 5 2HK 4 1 891717 76999999999999991050  32245 3799999999999999
 42 51 64 78 87 88 79 65 48 29 13  6  6 14 27 45 61 71 74 71 64 55 46 4118 5 3HK 432 891754 74999999999999991124  52317 4199999999999999
 42 49 59 71 82 87 83 72 57 40 24 12  8 12 21 35 51 63 70 70 67 60 52 4618 5 4HK 5 4 871833 71999999999999991159  82350 4599999999999999
 45 48 55 65 75 83 84 77 65 50 35 22 14 14 19 28 41 54 63 67 66 62 57 5218 5 5HK 536 841917 67999999999999991237 13999999999999999999999
 48 48 53 60 68 76 80 78 70 58 45 32 23 18 19 25 34 45 54 61 64 63 60 5618 5 6HK 610 802011 6499999999999999 025 481320 1899999999999999
 52 51 52 55 61 68 73 74 71 63 53 42 32 26 23 24 29 37 45 53 59 61 61 5918 5 7HK 648 742122 6199999999999999 1 7 511411 2399999999999999
 56 54 53 53 56 60 64 67 68 65 58 50 42 35 29 27 27 31 37 45 52 57 60 6118 5 8HK 737 682251 6199999999999999 215 531519 2799999999999999
 60 58 55 53 52 52 55 58 61 62 60 56 51 44 38 32 29 29 31 37 44 52 58 6118 5 9HK 853 62999999999999999999999 410 521638 2899999999999999
 63 62 59 55 50 47 46 48 52 56 58 59 57 53 47 40 34 30 29 31 37 45 54 6118 510HK 0 3 631049 5999999999999999 549 461748 2899999999999999
 65 66 63 58 51 44 39 38 40 46 52 58 61 61 57 51 42 35 29 28 32 39 49 5818 511HK 047 661226 6299999999999999 651 381844 2899999999999999
 66 70 69 64 55 44 35 30 29 33 42 52 61 66 66 61 53 43 34 29 29 34 43 5518 512HK 119 701332 6799999999999999 737 291930 2999999999999999
 66 73 74 70 61 48 35 24 19 21 29 41 55 66 72 71 65 54 43 34 30 32 39 5118 513HK 147 741423 7299999999999999 815 1920 9 3099999999999999
 64 74 79 77 69 55 39 23 13 11 15 27 43 60 72 77 74 66 55 43 35 33 38 4718 514HK 214 8015 9 7799999999999999 852 102045 3399999999999999
 60 74 83 84 78 65 48 28 13  4  4 13 28 48 66 77 80 76 66 54 42 37 38 4518 515HK 241 851552 8099999999999999 929  32119 3799999999999999
 56 70 84 90 87 76 60 39 19  4 -1  2 14 32 54 71 80 81 75 65 52 43 40 4418 516HK 311 901635 819999999999999910 7 -12152 4099999999999999
 53 65 80 91 93 86 72 53 31 11  0 -3  3 17 38 59 74 80 79 73 62 51 45 4518 517HK 343 941719 81999999999999991047 -32226 4499999999999999
 50 60 74 88 95 93 83 67 47 25  8 -1 -1  7 23 43 62 74 78 76 69 59 50 4718 518HK 418 9618 4 78999999999999991129 -223 3 4799999999999999
 49 56 66 80 91 95 90 78 62 42 23  9  3  5 13 29 48 63 72 74 72 66 57 5118 519HK 456 951855 74999999999999991214  32343 4999999999999999
 49 53 60 70 81 90 91 84 73 58 40 24 13  9 11 20 34 50 63 69 71 68 63 5618 520HK 538 911952 719999999999999913 4  9999999999999999999999
 52 52 55 61 70 79 84 84 78 68 55 40 27 19 16 18 26 38 51 61 67 68 67 6218 521HK 625 852058 6899999999999999 032 5114 2 1699999999999999
 57 53 52 55 59 65 72 77 76 72 64 54 43 32 25 22 24 30 40 52 61 66 68 6718 522HK 724 7722 7 6899999999999999 139 5215 9 2299999999999999
 63 58 53 51 51 53 58 63 68 69 67 62 56 47 38 31 28 28 34 43 53 62 67 7018 523HK 849 692311 7099999999999999 329 511621 2799999999999999
 69 64 58 52 47 45 45 49 54 60 63 65 63 58 51 43 35 31 32 37 45 56 65 7118 524HK1056 65999999999999999999999 520 451727 3199999999999999
 73 71 66 57 48 41 37 36 40 47 55 61 65 65 62 55 46 38 34 35 40 49 60 7018 525HK 0 2 731239 6699999999999999 635 361823 3499999999999999
 76 77 74 65 54 42 32 28 28 33 42 53 62 68 69 66 58 48 40 36 38 44 55 6718 526HK 044 771348 6999999999999999 729 271911 3699999999999999
 77 82 81 74 63 48 34 24 20 21 29 41 55 66 72 73 68 59 49 41 39 42 49 6118 527HK 120 821440 7399999999999999 813 191954 3999999999999999
 74 83 86 82 73 58 40 25 16 14 18 28 44 59 71 76 75 69 59 49 42 42 47 5618 528HK 154 861523 7699999999999999 851 142034 4199999999999999
 69 82 89 89 81 68 51 32 18 10 11 18 32 50 66 76 79 76 69 58 48 44 46 5218 529HK 227 9016 1 7999999999999999 926 102112 4499999999999999
 63 76 88 93 89 78 62 43 24 12  8 12 22 38 57 72 79 80 75 67 56 48 46 5018 530HK 3 0 931636 809999999999999910 0  82149 4699999999999999
 58 70 84 93 93 85 72 54 35 18  9  9 15 29 46 64 76 80 79 73 64 54 49 4918 531HK 334 941710 80999999999999991034  82225 4899999999999999
 55 65 77 89 94 91 80 64 46 28 15 10 12 22 37 54 69 78 79 76 69 60 53 5018 6 1HK 4 7 941745 799999999999999911 8 1023 1 5099999999999999
 52 60 70 82 91 93 86 73 56 39 24 14 13 18 29 45 60 72 77 76 72 65 57 5218 6 2HK 441 931821 77999999999999991143 122337 5199999999999999
 51 56 64 74 84 90 88 79 65 49 34 22 16 17 25 37 51 64 72 75 73 68 61 5518 6 3HK 515 9019 0 75999999999999991218 16999999999999999999999
 52 53 58 66 76 83 85 81 71 58 44 31 22 20 23 31 43 55 66 71 72 70 65 5918 6 4HK 551 851944 7299999999999999 015 521256 2099999999999999
 55 53 55 60 67 74 79 79 74 64 52 40 30 25 24 28 37 47 58 66 70 70 67 6318 6 5HK 630 802034 7199999999999999 1 0 531338 2499999999999999
 58 54 53 54 58 64 70 73 72 67 59 49 39 32 29 29 33 41 50 59 66 69 69 6718 6 6HK 718 732130 7099999999999999 2 0 531426 2899999999999999
 62 58 54 52 52 55 59 64 67 66 63 56 49 41 36 33 33 37 44 52 61 67 70 7018 6 7HK 824 672228 7199999999999999 325 521526 3299999999999999
 67 62 57 52 48 47 49 53 58 62 63 61 57 51 45 40 36 36 40 47 55 64 70 7318 6 8HK 958 632321 7399999999999999 455 471632 3699999999999999
 72 68 62 55 47 41 39 41 46 52 59 63 63 61 56 50 44 40 40 43 50 59 68 7418 6 9HK1143 64999999999999999999999 6 5 391734 3999999999999999
 77 75 70 61 50 40 33 30 33 40 49 59 65 68 66 61 54 47 43 43 47 55 65 7418 610HK 0 7 7713 6 6899999999999999 659 301829 4399999999999999
 80 82 78 69 57 43 30 23 21 26 36 49 62 70 74 72 66 58 50 46 47 52 61 7218 611HK 047 8214 9 7499999999999999 745 211918 4699999999999999
 82 87 87 80 68 51 34 21 13 14 21 35 51 66 76 79 77 69 60 52 49 51 58 6818 612HK 124 8815 1 7999999999999999 828 1320 3 4999999999999999
 80 90 94 91 80 64 44 25 12  6  9 19 36 56 72 81 83 79 70 60 53 52 56 6318 613HK 2 2 941548 8399999999999999 911  62045 5299999999999999
 75 88 98 99 92 79 60 38 18  6  2  7 20 40 61 77 84 84 79 70 60 54 54 5918 614HK 2411001633 8599999999999999 954  22127 5399999999999999
 68 82 95103101 92 76 54 32 13  3  2  9 24 46 66 80 85 84 77 67 58 54 5618 615HK 3211031717 85999999999999991038  12210 5499999999999999
 62 73 87 99105100 89 71 50 28 11  3  4 14 31 52 70 80 84 81 74 64 56 5418 616HK 4 310518 2 84999999999999991123  32255 5499999999999999
 57 64 75 89100103 96 84 67 46 26 13  7 10 20 38 57 72 80 81 78 71 61 5418 617HK 4471031846 829999999999999912 8  72343 5399999999999999
 53 57 64 75 88 96 97 90 78 62 44 27 17 14 18 29 45 62 74 79 79 75 67 5818 618HK 533 981931 80999999999999991254 14999999999999999999999
 53 52 56 62 73 83 89 89 83 72 59 43 30 23 21 26 37 51 65 75 79 78 73 6518 619HK 624 902018 7999999999999999 038 521341 2199999999999999
 57 52 51 53 59 67 76 81 80 75 67 57 45 35 29 29 34 44 57 69 76 79 77 7218 620HK 724 8121 7 7999999999999999 146 511432 2999999999999999
 64 56 51 48 49 53 60 67 71 72 69 64 57 48 40 36 36 41 50 61 72 78 80 7818 621HK 840 722159 8099999999999999 314 481527 3699999999999999
 73 65 56 49 45 44 46 52 58 64 66 66 64 59 52 46 42 43 47 55 65 75 80 8218 622HK1029 672253 8299999999999999 448 441626 4299999999999999
 80 74 65 55 46 40 37 39 44 52 59 64 66 66 62 57 51 47 47 52 59 69 78 8418 623HK1223 662346 8599999999999999 6 5 371726 4799999999999999
 85 82 75 64 52 41 34 31 33 39 48 58 65 69 70 67 61 54 51 51 56 63 73 8218 624HK1342 70999999999999999999999 7 5 311823 5099999999999999
 88 88 84 75 62 47 35 27 25 28 37 48 60 69 74 74 70 63 57 53 54 59 67 7818 625HK 036 891438 7599999999999999 754 251916 5399999999999999
 87 92 91 84 73 57 41 29 22 21 27 38 52 65 74 79 78 73 65 58 55 57 62 7218 626HK 120 921521 7999999999999999 835 2120 5 5599999999999999
 83 92 96 92 83 69 51 35 23 18 20 28 42 58 72 80 82 80 73 64 58 56 59 6618 627HK 2 1 961557 8299999999999999 912 182050 5699999999999999
 76 88 97 98 91 79 63 44 28 18 16 21 32 49 65 78 84 84 79 71 62 57 57 6118 628HK 239 981629 8499999999999999 947 162131 5699999999999999
 70 82 93100 98 88 73 55 37 23 16 17 25 39 57 72 82 85 83 76 67 59 56 5718 629HK 31610017 0 85999999999999991021 152210 5599999999999999
 64 74 87 97100 95 82 66 48 31 19 16 20 31 47 64 78 84 84 80 72 63 56 5518 630HK 3511001730 85999999999999991055 162247 5599999999999999
 59 67 79 91 98 98 89 75 58 40 26 18 19 26 39 55 71 81 84 81 75 67 59 5418 7 1HK 426 9918 2 84999999999999991128 172324 5499999999999999
 55 60 70 82 92 96 92 82 67 50 34 24 20 23 33 47 62 75 81 82 78 71 62 5518 7 2HK 5 1 961835 829999999999999912 1 20999999999999999999999
 53 55 62 72 83 90 91 85 73 59 44 31 24 24 29 40 54 68 77 81 79 74 66 5918 7 3HK 538 921911 8199999999999999 0 2 531233 2399999999999999
 53 52 56 63 72 81 86 84 77 66 52 40 31 27 29 36 48 61 72 78 80 77 71 6318 7 4HK 617 861948 8099999999999999 044 5213 7 2799999999999999
 56 52 52 55 62 70 77 80 77 70 60 49 39 33 32 36 43 54 66 74 79 79 75 6818 7 5HK 7 2 802029 7999999999999999 134 521343 3299999999999999
 61 55 51 50 53 59 66 71 74 71 66 57 49 42 38 38 42 50 60 70 77 80 79 7418 7 6HK 8 0 742112 8099999999999999 239 501425 3899999999999999
 67 60 53 49 47 49 53 60 65 68 68 64 58 52 47 44 45 49 56 65 74 80 82 8018 7 7HK 919 6922 0 8299999999999999 4 0 471518 4499999999999999
 75 67 59 51 44 41 42 47 54 61 65 67 66 62 58 53 51 51 55 61 70 78 83 8518 7 8HK11 4 672253 8599999999999999 518 411622 5099999999999999
 82 76 68 57 46 38 34 34 40 48 57 65 69 70 68 64 59 56 56 60 66 74 82 8818 7 9HK1249 702349 8999999999999999 624 341729 5699999999999999
 89 86 79 68 54 41 31 26 27 33 44 57 67 74 76 75 70 64 60 60 64 70 79 8718 710HK14 4 76999999999999999999999 720 251832 6099999999999999
 94 95 91 81 67 50 34 23 18 20 29 43 58 71 79 82 80 74 67 62 62 66 73 8318 711HK 044 9515 0 8299999999999999 811 181930 6299999999999999
 93100101 94 82 65 45 27 15 12 15 27 44 63 77 84 86 82 75 67 62 63 67 7518 712HK 1351011546 8699999999999999 9 0 122024 6299999999999999
 87 99106105 97 82 61 39 21 10  8 14 28 48 68 82 88 88 82 73 64 60 61 6718 713HK 2241071628 8899999999999999 947  82115 6099999999999999
 77 91104110107 96 79 57 35 17  8  8 16 33 55 74 85 89 87 80 69 60 57 5918 714HK 31111017 6 89999999999999991031  722 4 5799999999999999
 66 78 93106110105 93 75 53 31 16  9 11 22 41 63 79 88 89 85 75 64 55 5318 715HK 3571101743 89999999999999991114  92251 5399999999999999
 57 65 78 94105107101 88 70 49 29 17 14 18 31 50 70 83 89 87 81 70 59 5118 716HK 4431081817 89999999999999991154 142340 5099999999999999
 50 54 64 77 92100101 94 81 64 45 30 21 21 28 41 60 77 86 88 85 77 66 5418 717HK 5301021851 88999999999999991233 20999999999999999999999
 48 48 52 62 74 87 93 92 85 74 59 44 33 28 30 38 52 68 81 88 88 83 74 6218 718HK 619 931928 8899999999999999 032 471310 2899999999999999
 52 47 47 51 59 70 79 84 82 77 68 57 45 38 36 40 48 61 75 85 89 87 81 7118 719HK 713 8420 8 8999999999999999 130 461347 3699999999999999
 60 51 46 46 48 55 64 71 75 74 70 64 56 49 45 45 49 57 68 79 87 89 86 8018 720HK 818 752053 8999999999999999 241 451429 4499999999999999
 71 61 52 46 44 45 50 57 63 67 68 67 64 59 54 52 52 56 63 73 82 88 89 8618 721HK 955 682146 8999999999999999 4 7 441521 5199999999999999
 80 71 61 52 45 41 41 45 51 58 63 66 68 67 64 60 58 58 61 67 75 83 88 9018 722HK1212 682249 9099999999999999 531 411628 5899999999999999
 87 81 73 62 51 42 38 37 40 47 55 62 68 71 72 69 66 62 62 64 70 77 84 9018 723HK1342 722355 9199999999999999 641 371742 6299999999999999
 91 89 83 73 61 48 38 33 32 37 45 55 65 72 76 77 74 69 64 63 65 71 78 8618 724HK1437 77999999999999999999999 736 321850 6399999999999999
 92 94 91 84 72 58 43 33 28 29 35 46 59 70 78 82 81 76 69 64 63 66 71 8018 725HK 055 941516 8299999999999999 821 281949 6399999999999999
 89 96 97 93 83 69 52 37 28 25 28 37 50 65 77 84 85 82 75 67 62 62 65 7318 726HK 143 981547 8599999999999999 9 0 252038 6199999999999999
 83 94100 99 92 79 63 45 31 23 23 29 41 57 73 83 87 86 80 72 64 59 60 6618 727HK 2251011615 8799999999999999 935 222120 5999999999999999
 75 87 98103 99 88 73 55 38 26 21 24 33 48 65 79 87 88 84 76 66 59 56 5918 728HK 3 31031640 889999999999999910 7 212158 5699999999999999
 67 79 92101103 96 82 65 47 31 22 21 27 40 57 73 85 89 86 80 70 60 54 5318 729HK 33910317 6 89999999999999991039 202234 5399999999999999
 59 69 83 95102 99 89 74 57 39 26 21 24 34 49 66 80 87 88 83 74 63 54 5018 730HK 4151021733 889999999999999911 9 2123 9 5099999999999999
 52 60 72 86 96 99 94 82 65 48 33 25 24 30 42 58 74 85 88 85 78 67 57 5018 731HK 449 9918 1 88999999999999991138 232344 4899999999999999
 48 53 62 75 87 94 94 86 73 57 42 31 26 29 38 52 67 80 87 87 81 72 61 5218 8 1HK 525 951829 889999999999999912 5 26999999999999999999999
 47 48 54 64 76 86 90 87 78 65 51 39 32 32 37 48 62 75 84 87 84 77 67 5618 8 2HK 6 4 901859 8799999999999999 022 461233 3199999999999999
 49 46 48 54 64 74 82 84 80 71 60 48 40 37 39 47 57 70 81 87 87 82 73 6318 8 3HK 647 841931 8799999999999999 1 4 4613 2 3799999999999999
 54 47 45 47 53 62 71 76 77 73 66 58 50 45 44 48 56 66 76 84 88 86 80 7118 8 4HK 739 7820 7 8899999999999999 157 451334 4499999999999999
 61 52 46 44 45 50 57 65 71 72 70 65 59 54 52 53 57 64 72 81 87 88 86 7918 8 5HK 851 722050 8899999999999999 3 8 441414 5299999999999999
 71 61 52 45 42 41 45 51 59 65 68 69 67 64 61 60 61 64 70 77 84 89 90 8718 8 6HK1041 692147 9099999999999999 434 411511 6099999999999999
 81 73 63 52 43 37 36 38 45 53 62 68 71 72 71 68 66 66 68 73 79 85 90 9218 8 7HK1255 7223 0 9299999999999999 555 361635 6699999999999999
 90 85 76 64 51 39 31 29 31 39 49 61 70 76 78 77 74 70 69 70 73 79 87 9318 8 8HK1411 78999999999999999999999 7 3 2918 4 6899999999999999
 97 96 90 79 65 49 34 25 22 25 34 48 63 74 81 84 81 76 70 67 68 72 79 8818 8 9HK 018 971459 8499999999999999 8 0 221920 6799999999999999
 97102101 94 82 64 45 29 19 16 21 34 51 68 80 87 87 83 75 67 63 64 69 7718 810HK 1241021537 8899999999999999 851 162022 6399999999999999
 89101107106 97 82 61 40 23 14 13 21 37 57 75 86 90 88 81 70 61 57 59 6518 811HK 2191081610 9099999999999999 936 132114 5799999999999999
 76 91105110107 96 79 57 35 20 13 15 25 44 65 82 91 92 87 76 63 54 50 5318 812HK 3 81101639 92999999999999991017 1322 0 5099999999999999
 62 76 93106110105 93 74 52 32 19 15 20 34 54 75 89 93 91 83 70 55 46 4518 813HK 35411017 7 94999999999999991055 152244 4499999999999999
 49 60 76 94105106100 87 68 47 30 21 21 30 45 66 84 93 94 88 77 62 48 4118 814HK 4391071735 95999999999999991129 202328 4099999999999999
 41 47 59 76 92100 99 92 79 62 44 31 27 31 41 58 77 90 95 93 84 71 56 4418 815HK 52310118 5 959999999999999912 0 27999999999999999999999
 38 40 47 59 74 87 92 90 83 71 57 43 36 36 42 53 69 85 94 95 90 80 66 5218 816HK 6 9 931837 9699999999999999 014 381230 3599999999999999
 42 38 41 48 59 71 81 84 81 75 66 55 46 43 45 53 64 78 89 95 93 86 76 6318 817HK 657 841913 9599999999999999 1 3 3813 1 4399999999999999
 51 43 40 42 48 57 67 73 75 73 69 63 56 51 51 55 62 72 83 91 93 90 83 7318 818HK 754 751954 9399999999999999 2 1 401335 5199999999999999
 62 52 45 43 43 47 54 61 67 69 69 67 64 61 58 59 62 68 76 84 90 91 88 8118 819HK 922 692043 9199999999999999 317 421419 5899999999999999
 73 64 55 48 44 43 45 50 56 62 65 68 69 68 66 65 65 67 71 77 83 88 89 8718 820HK1212 692148 8999999999999999 449 431531 6599999999999999
 82 75 66 57 49 43 40 42 46 53 59 65 70 73 74 72 70 68 69 72 76 82 86 8818 821HK1345 742315 8899999999999999 611 401715 6899999999999999
 88 84 77 68 57 47 40 37 38 43 51 60 69 75 78 78 75 71 68 67 70 74 80 8618 822HK1430 79999999999999999999999 714 361843 6799999999999999
 90 90 86 79 67 55 43 35 32 35 42 53 64 74 81 83 81 76 69 65 64 67 73 8118 823HK 034 9115 1 8399999999999999 8 1 321945 6499999999999999
 88 93 93 88 78 64 49 37 30 29 34 44 57 71 81 85 85 80 73 65 60 60 64 7218 824HK 130 941526 8699999999999999 840 282031 6099999999999999
 83 92 97 95 87 74 58 43 31 26 27 36 49 65 78 86 88 84 76 66 58 54 56 6318 825HK 214 971548 8899999999999999 914 2521 9 5499999999999999
 74 87 97100 95 84 68 51 35 26 24 29 41 57 73 85 89 87 80 70 58 51 49 5418 826HK 25210016 9 8999999999999999 945 242144 4999999999999999
 64 78 91100 99 91 77 60 43 29 23 25 35 50 67 82 89 90 84 73 61 50 45 4618 827HK 3281011632 90999999999999991014 232218 4499999999999999
 54 67 82 95100 96 85 69 52 36 26 25 31 43 60 77 88 91 87 78 65 52 43 4018 828HK 4 31001655 91999999999999991042 242250 4099999999999999
 45 56 71 86 96 97 90 77 61 44 32 27 30 39 54 71 85 92 90 83 70 56 44 3818 829HK 438 981718 929999999999999911 8 272323 3799999999999999
 38 46 59 74 88 94 92 83 69 54 40 32 32 38 50 66 81 90 92 87 76 63 49 3918 830HK 514 951742 92999999999999991132 312358 3599999999999999
 35 39 48 62 76 87 90 85 76 63 49 40 36 40 49 62 76 88 93 90 82 70 56 4318 831HK 552 9018 8 93999999999999991157 36999999999999999999999
 36 36 41 50 63 76 83 84 79 70 59 49 43 44 50 60 72 84 92 92 87 77 65 5218 9 1HK 634 841837 9399999999999999 036 351222 4399999999999999
 41 36 37 42 51 62 72 78 77 73 66 58 52 50 53 60 69 79 88 92 91 84 74 6218 9 2HK 725 781911 9399999999999999 122 361250 5099999999999999
 51 42 38 38 42 50 59 67 71 72 69 65 61 58 59 62 68 76 83 90 92 88 82 7318 9 3HK 836 721952 9299999999999999 226 381322 5899999999999999
 62 52 44 39 38 40 45 53 61 66 69 69 68 66 65 66 69 73 78 84 89 90 88 8218 9 4HK1047 692051 9099999999999999 356 381410 6599999999999999
 75 66 56 46 39 35 35 40 47 55 63 68 72 73 73 71 71 71 74 77 82 86 89 8918 9 5HK1313 732224 8999999999999999 531 3516 2 7199999999999999
 85 79 70 59 47 37 31 30 33 42 52 63 71 77 79 78 75 71 70 70 73 78 84 9018 9 6HK14 8 79999999999999999999999 647 291815 7099999999999999
 92 91 85 75 61 46 33 26 24 29 39 53 67 77 83 84 80 74 68 64 64 67 74 8318 9 7HK 010 921443 8499999999999999 746 241934 6399999999999999
 92 97 96 90 77 61 43 29 21 20 27 41 58 73 84 88 86 79 69 60 55 56 61 7018 9 8HK 124 971511 8899999999999999 835 202027 5599999999999999
 84 96102100 92 77 58 38 24 18 20 30 47 67 82 90 91 85 74 60 50 46 48 5518 9 9HK 2201021536 9199999999999999 916 182111 4699999999999999
 69 86 99105101 91 74 53 34 22 19 24 38 57 77 90 94 91 81 66 50 40 37 4218 910HK 3 710516 0 9499999999999999 953 192152 3799999999999999
 52 69 88101104 99 87 69 48 31 23 24 33 49 70 87 96 95 88 74 56 41 32 3218 911HK 3511041624 97999999999999991025 232231 3199999999999999
 39 52 71 89100100 93 80 63 44 32 28 33 44 62 82 95 99 93 82 66 48 33 2718 912HK 4331011650 99999999999999991055 282310 2799999999999999
 30 39 54 73 89 95 94 86 73 57 43 35 36 43 57 74 91 99 98 89 76 58 41 3018 913HK 515 961719100999999999999991123 352350 2799999999999999
 27 31 41 57 74 85 89 86 78 67 54 44 42 46 55 68 84 96 99 94 83 69 52 3818 914HK 557 891751 99999999999999991151 42999999999999999999999
 30 30 35 45 59 72 80 82 78 72 63 54 49 50 56 65 77 89 97 96 89 77 64 5018 915HK 642 821825 9799999999999999 033 291220 4999999999999999
 39 33 34 39 48 59 69 74 75 72 68 62 57 56 58 64 73 82 90 94 91 83 73 6118 916HK 735 7519 2 9499999999999999 121 331252 5699999999999999
 50 42 38 39 43 49 57 65 69 70 69 67 64 62 63 65 70 76 83 88 89 86 79 7118 917HK 856 701945 8999999999999999 222 381329 6299999999999999
 62 53 46 42 42 43 48 54 60 65 67 69 69 69 68 68 69 72 76 80 84 84 82 7718 918HK12 3 692044 8499999999999999 348 411442 6899999999999999
 71 64 57 50 44 42 42 45 51 57 63 68 72 74 74 72 70 69 70 72 76 79 81 8118 919HK1331 742223 8199999999999999 523 4117 7 6999999999999999
 78 74 67 59 50 43 39 39 42 48 56 65 72 76 78 77 73 69 66 65 67 71 76 8018 920HK14 6 78999999999999999999999 636 381843 6599999999999999
 82 81 77 69 59 48 40 35 35 40 48 59 69 77 81 81 77 71 64 60 59 62 68 7618 921HK 0 9 821430 8299999999999999 728 341939 5999999999999999
 82 86 84 78 68 56 43 34 31 33 40 51 64 76 83 84 81 74 64 56 52 53 58 6718 922HK 114 861450 8499999999999999 8 8 312019 5299999999999999
 78 86 89 86 78 65 50 38 30 28 33 44 58 72 83 87 85 77 67 55 47 45 48 5718 923HK 2 0 8915 9 8799999999999999 842 282054 4599999999999999
 70 82 91 92 86 74 59 44 32 27 29 38 51 67 81 88 88 82 70 57 45 38 39 4618 924HK 240 921529 8999999999999999 913 272126 3799999999999999
 59 74 87 94 92 83 69 53 38 29 27 33 45 62 78 88 91 86 75 61 46 35 31 3518 925HK 317 941550 9199999999999999 941 272158 3199999999999999
 46 63 79 91 95 90 78 63 46 34 29 32 41 56 73 87 93 91 81 67 50 35 27 2718 926HK 352 951611 939999999999999910 8 292229 2699999999999999
 35 50 68 84 93 93 85 72 56 42 34 33 40 52 69 84 94 94 87 74 57 40 27 2318 927HK 428 941633 95999999999999991033 3323 1 2399999999999999
 27 38 54 73 87 92 89 79 66 51 41 37 41 50 64 80 92 96 92 81 65 48 32 2318 928HK 5 5 921657 96999999999999991057 372335 2299999999999999
 23 29 42 59 76 86 88 83 73 61 50 43 44 51 62 75 89 96 96 87 74 58 41 2818 929HK 543 881724 97999999999999991122 43999999999999999999999
 23 25 33 46 62 75 82 82 77 68 59 51 49 53 61 72 84 93 97 92 82 68 53 3818 930HK 627 831754 9799999999999999 012 231148 4999999999999999
 28 26 29 36 48 62 72 77 76 72 66 59 56 57 62 70 79 88 94 94 87 77 64 511810 1HK 719 771828 9599999999999999 057 261217 5599999999999999
 39 32 30 32 38 48 59 67 71 71 69 66 63 62 64 69 75 81 88 91 89 83 74 641810 2HK 837 711910 9199999999999999 156 301250 6299999999999999
 53 43 36 33 34 38 45 54 61 66 69 70 69 68 67 69 71 75 79 83 86 85 81 751810 3HK11 2 702012 8699999999999999 324 331344 6799999999999999
 67 58 48 40 35 33 35 41 49 58 65 70 73 74 73 71 70 69 71 73 77 80 82 811810 4HK1252 742210 8299999999999999 5 4 331638 6999999999999999
 78 72 63 53 43 34 30 31 37 46 57 67 74 78 78 75 70 66 63 63 65 70 76 811810 5HK1336 78999999999999999999999 622 301840 6299999999999999
 84 83 78 68 55 42 32 27 28 35 47 60 72 80 83 81 74 66 58 53 52 56 64 741810 6HK 015 8414 6 8399999999999999 721 271940 5299999999999999
 83 88 88 82 70 55 40 29 25 28 37 52 68 80 86 87 81 70 57 47 42 42 49 601810 7HK 128 891431 8799999999999999 8 7 252024 4199999999999999
 75 87 93 92 84 70 53 37 28 26 31 44 61 78 89 91 87 77 61 46 35 31 34 441810 8HK 221 931454 9299999999999999 846 2521 2 3199999999999999
 60 77 90 95 92 83 67 49 35 28 29 38 53 72 88 95 94 85 70 51 34 25 24 301810 9HK 3 7 951517 9699999999999999 919 282139 2399999999999999
 43 62 81 93 95 90 79 63 46 35 32 37 48 66 84 96 99 92 79 61 40 25 18 20181010HK 348 951542 9999999999999999 950 322215 1899999999999999
 30 46 66 84 93 93 86 74 58 44 37 38 46 60 78 94101 98 87 71 51 32 19 16181011HK 428 941610101999999999999991019 372250 1699999999999999
 21 33 51 71 85 90 88 80 68 55 45 42 47 57 71 88 99101 94 80 63 43 26 18181012HK 5 7 901640102999999999999991048 422327 1799999999999999
 18 26 39 56 73 84 86 82 75 64 54 48 49 56 67 81 94100 97 87 72 55 38 25181013HK 547 861712100999999999999991118 48999999999999999999999
 21 23 32 45 60 74 80 80 76 70 62 55 53 57 64 75 86 95 97 91 79 65 50 36181014HK 630 811745 9799999999999999 0 5 211149 5399999999999999
 28 26 30 38 50 62 72 76 75 72 67 62 59 59 64 70 79 87 92 91 84 73 60 48181015HK 719 761819 9299999999999999 046 261222 5999999999999999
 38 32 32 36 43 52 61 68 71 71 70 67 65 63 65 68 73 79 84 86 84 77 68 58181016HK 829 711858 8699999999999999 135 3213 2 6399999999999999
 49 42 38 37 40 45 52 59 65 68 69 70 69 68 67 67 69 72 75 79 79 77 72 66181017HK1046 701949 8099999999999999 241 371420 6799999999999999
 59 52 46 41 40 41 44 50 57 63 67 70 72 72 71 69 67 66 67 69 72 73 73 71181018HK1235 722121 7499999999999999 4 9 391653 6699999999999999
 67 61 55 48 43 39 39 42 48 55 63 69 73 75 75 72 67 63 60 60 63 66 70 72181019HK1315 762329 7299999999999999 534 391828 6099999999999999
 72 69 64 57 49 42 37 37 40 48 57 66 73 78 78 75 69 62 55 52 52 56 63 69181020HK1340 79999999999999999999999 635 361921 5299999999999999
 74 75 73 66 57 47 39 34 35 41 50 61 72 79 82 79 73 63 53 45 43 45 52 62181021HK 050 7514 1 8299999999999999 721 341958 4399999999999999
 72 78 79 75 67 55 44 35 32 35 44 56 69 79 85 84 77 66 53 42 35 35 41 52181022HK 143 801422 8599999999999999 759 322032 3499999999999999
 65 77 83 83 76 65 52 40 33 33 39 50 64 78 87 88 83 72 56 41 30 26 29 39181023HK 226 841443 8999999999999999 832 3221 4 2699999999999999
 54 70 82 87 84 75 62 48 38 34 37 46 60 75 87 92 89 78 63 45 29 20 19 27181024HK 3 6 8715 5 9299999999999999 9 3 342135 1999999999999999
 41 60 77 87 89 84 72 58 45 38 37 44 56 71 86 95 94 86 71 52 33 19 14 17181025HK 343 901528 9699999999999999 931 3722 8 1499999999999999
 28 46 66 82 90 89 81 68 54 44 40 44 53 67 83 95 98 93 80 62 42 24 13 11181026HK 421 901553 9999999999999999 959 402241 1199999999999999
 18 32 52 72 85 89 86 77 64 52 46 46 52 63 78 92100 98 88 73 53 33 18 11181027HK 459 891620100999999999999991026 452317 1099999999999999
 12 22 38 58 75 85 86 81 72 61 53 50 53 61 73 86 97101 95 82 65 46 28 16181028HK 540 861650101999999999999991054 502356 1399999999999999
 13 17 27 43 61 75 81 81 76 69 60 55 55 61 69 80 91 98 97 89 76 60 42 27181029HK 626 821724 99999999999999991125 54999999999999999999999
 19 17 22 32 46 61 72 76 76 72 67 61 59 61 66 74 83 91 95 91 83 71 57 42181030HK 722 7718 3 9599999999999999 042 1712 0 5999999999999999
 30 24 23 27 35 47 59 68 72 72 71 67 64 63 65 69 74 81 86 88 84 77 68 57181031HK 842 721850 8899999999999999 139 231246 6399999999999999
 45 36 30 28 31 37 46 57 64 69 71 71 69 67 65 66 67 70 74 78 80 78 74 681811 1HK1028 711959 8099999999999999 256 281412 6599999999999999
 60 50 42 35 32 32 37 45 55 63 69 73 74 72 69 65 63 61 62 65 69 72 74 731811 2HK1151 742210 7499999999999999 427 3217 9 6199999999999999
 70 64 56 47 39 33 32 36 45 55 65 73 77 78 74 68 61 55 52 52 55 61 67 731811 3HK1241 78999999999999999999999 543 321836 5199999999999999
 75 74 69 61 50 40 34 33 37 46 59 70 79 82 81 75 65 54 45 41 41 46 55 651811 4HK 017 751315 8299999999999999 642 321930 4099999999999999
 74 79 79 73 63 51 40 34 34 40 51 66 78 86 87 82 72 58 44 34 29 31 39 521811 5HK 130 801343 8799999999999999 729 332012 2999999999999999
 66 78 83 82 76 64 50 39 35 37 46 59 75 87 92 90 81 66 48 32 23 21 25 371811 6HK 223 831410 9299999999999999 8 8 352049 2099999999999999
 54 70 82 86 84 75 62 48 40 38 43 54 69 85 95 96 89 76 58 38 22 15 15 231811 7HK 3 8 861438 9799999999999999 843 382124 1499999999999999
 39 58 75 85 88 83 73 60 48 42 43 50 63 79 94100 97 85 69 48 28 15 11 151811 8HK 349 8815 710099999999999999 916 422158 1099999999999999
 26 44 64 80 87 87 81 70 57 48 45 50 59 73 89100101 93 79 60 39 21 11 111811 9HK 426 88153810299999999999999 949 452232 1099999999999999
 18 32 51 70 83 87 84 77 67 56 50 50 57 67 82 95102 98 87 71 51 31 17 12181110HK 5 3 871610102999999999999991022 4923 7 1199999999999999
 14 24 40 58 74 83 84 80 73 64 55 53 56 64 75 88 98100 92 79 62 44 27 17181111HK 540 841642100999999999999991056 532343 1599999999999999
 15 21 32 47 64 76 81 80 76 69 62 57 56 61 69 80 90 96 94 84 71 55 39 26181112HK 620 811716 96999999999999991131 56999999999999999999999
 20 21 28 39 53 66 75 78 76 72 67 61 59 60 65 73 81 88 91 86 76 63 49 37181113HK 7 4 781750 9199999999999999 020 2012 8 5999999999999999
 28 25 28 35 45 57 67 73 74 73 70 66 62 61 63 67 73 79 83 83 78 69 58 47181114HK 758 741828 8499999999999999 1 1 251254 6199999999999999
 38 32 30 33 39 48 57 65 70 72 71 69 66 64 63 63 66 70 74 76 75 71 63 55181115HK 9 8 721914 7699999999999999 150 3014 6 6399999999999999
 47 40 36 35 37 42 49 57 64 69 71 71 70 67 64 62 61 62 64 67 69 69 66 61181116HK1034 712028 6999999999999999 252 3516 6 6199999999999999
 55 49 44 39 37 39 43 49 57 64 69 72 73 71 68 63 58 55 54 56 59 63 65 64181117HK1143 732227 6599999999999999 4 9 371746 5499999999999999
 62 58 52 46 41 38 39 43 50 58 66 72 76 75 72 66 58 51 47 46 48 53 59 64181118HK1227 76999999999999999999999 522 381846 4599999999999999
 66 65 62 55 48 42 39 39 44 52 62 71 77 80 77 71 61 51 41 36 37 41 50 59181119HK 014 6613 0 8099999999999999 619 381929 3699999999999999
 67 71 70 65 58 49 42 39 41 48 57 68 78 83 83 77 67 53 40 30 26 29 38 50181120HK 122 711328 8499999999999999 7 6 3920 5 2699999999999999
 62 72 76 75 68 58 49 42 41 44 53 65 77 86 89 85 74 59 43 28 19 18 24 37181121HK 213 761355 8999999999999999 746 402040 1899999999999999
 53 68 78 81 78 69 58 48 43 44 50 61 74 86 93 92 83 69 50 31 17 11 13 23181122HK 256 811422 9399999999999999 822 432114 1099999999999999
 40 59 75 84 85 79 69 57 48 46 49 57 70 84 95 98 92 79 61 39 20  8  5 11181123HK 337 851450 9899999999999999 856 462150  599999999999999
 25 45 66 80 87 85 78 67 56 49 50 55 66 79 93101100 90 73 52 30 13  4  4181124HK 418 87152110299999999999999 929 492227  399999999999999
 13 30 52 71 83 87 84 76 65 55 52 54 62 73 88100104 98 85 66 44 23  9  3181125HK 459 8715551049999999999999910 2 5223 6  399999999999999
  6 18 36 57 74 83 85 80 72 62 55 54 59 68 80 93102102 93 79 60 39 20  9181126HK 542 851631103999999999999991037 542348  699999999999999
  6 11 24 42 61 75 81 81 77 69 60 56 57 63 71 83 94100 97 87 72 55 36 21181127HK 628 821711100999999999999991117 56999999999999999999999
 13 12 18 30 47 63 74 78 77 73 66 60 57 59 64 72 82 90 93 89 80 67 52 36181128HK 721 781755 9399999999999999 034 1112 2 5799999999999999
 24 19 19 25 36 50 63 72 75 75 71 65 60 58 59 63 69 77 83 84 81 73 63 51181129HK 822 751847 8599999999999999 126 1813 2 5899999999999999
 39 30 26 26 31 40 52 63 71 74 74 71 66 61 58 57 59 63 68 73 75 73 69 62181130HK 929 7420 0 7599999999999999 227 251440 5799999999999999
 53 44 36 32 32 35 43 54 64 71 75 75 72 67 60 55 52 52 54 58 63 67 68 671812 1HK1034 752159 6899999999999999 337 311648 5299999999999999
 63 57 49 42 37 36 39 47 57 67 74 78 78 74 67 58 50 45 42 43 48 55 61 661812 2HK1130 78999999999999999999999 448 361812 4299999999999999
 67 66 62 54 47 41 40 43 50 61 71 79 82 81 76 66 54 43 35 32 34 40 49 591812 3HK 0 9 671216 8399999999999999 550 391911 3299999999999999
 67 71 70 66 58 49 44 43 46 55 66 77 85 87 84 76 63 47 34 26 23 26 35 481812 4HK 129 711255 8799999999999999 643 421957 2399999999999999
 61 70 75 75 69 60 51 46 46 51 60 73 84 91 91 85 73 57 39 25 17 16 22 351812 5HK 227 751331 9299999999999999 729 452036 1699999999999999
 51 66 75 79 78 71 60 51 48 49 56 66 80 91 96 93 83 68 49 30 17 11 13 231812 6HK 312 7914 6 9699999999999999 811 472112 1199999999999999
 38 57 72 80 82 79 70 60 52 50 53 61 73 87 97 99 92 79 61 40 22 11  9 141812 7HK 352 821441 9999999999999999 851 502147  999999999999999
 27 45 64 77 84 83 78 68 58 52 52 57 67 80 93100 98 88 72 52 32 16  9 101812 8HK 427 84151510199999999999999 929 512220  899999999999999
 19 34 53 71 81 85 82 75 65 57 53 55 62 73 86 97100 94 81 64 44 25 13 101812 9HK 5 1 8515501019999999999999910 7 532254 1099999999999999
 14 26 42 61 76 83 83 79 71 62 55 54 58 66 78 90 98 97 88 73 55 36 21 13181210HK 533 841624 99999999999999991044 542327 1299999999999999
 13 21 34 51 67 78 82 80 75 67 59 55 55 61 70 81 91 95 90 79 64 47 31 20181211HK 6 7 821659 95999999999999991121 54999999999999999999999
 16 19 28 42 57 71 78 79 76 70 63 57 55 57 63 72 82 88 89 82 70 56 41 28181212HK 644 791734 9099999999999999 0 2 1612 0 5599999999999999
 21 20 25 36 49 62 72 76 76 72 67 60 56 55 58 64 72 79 83 81 73 62 49 37181213HK 724 771811 8399999999999999 037 201244 5599999999999999
 28 24 26 32 42 54 64 72 75 73 69 64 59 56 55 57 62 68 73 75 72 65 56 46181214HK 810 751855 7599999999999999 114 241341 5599999999999999
 37 31 29 31 38 47 57 66 71 73 72 68 63 58 55 54 55 58 62 66 67 65 60 53181215HK 9 1 731953 6799999999999999 156 2915 4 5399999999999999
 45 39 35 34 36 42 50 59 67 72 73 72 68 63 57 53 50 49 51 55 59 61 61 58181216HK 957 732123 6199999999999999 247 341640 4999999999999999
 53 48 43 40 39 41 46 53 62 69 74 75 73 68 62 55 48 43 41 43 48 53 58 60181217HK1053 752320 6099999999999999 351 391756 4199999999999999
 60 57 53 48 44 43 44 49 57 65 73 77 78 75 69 60 49 40 34 32 35 42 50 58181218HK1143 78999999999999999999999 5 0 431851 3299999999999999
 63 64 62 58 53 48 46 48 53 61 70 78 82 82 77 67 55 42 30 24 23 29 38 50181219HK 057 641227 8399999999999999 6 2 461936 2399999999999999
 61 68 70 68 63 56 51 49 51 58 67 77 84 88 86 77 64 48 32 20 14 16 24 38181220HK 2 2 7013 6 8899999999999999 655 492017 1499999999999999
 53 66 74 76 73 66 58 53 52 55 63 73 84 92 93 88 76 59 40 22 10  7 11 23181221HK 252 761344 9499999999999999 742 512058  799999999999999
 40 59 73 80 81 76 67 58 54 54 59 68 80 92 99 97 89 73 53 31 13  3  2  9181222HK 336 811422 9999999999999999 826 532138  299999999999999
 25 45 65 78 83 82 76 66 58 54 56 62 73 86 98103 99 87 68 46 23  7 -1  1181223HK 418 8415 110399999999999999 9 8 542220 -199999999999999
 11 30 52 70 81 85 82 74 63 56 54 57 65 77 92102104 97 83 63 39 18  4 -1181224HK 459 85154210599999999999999 950 5323 2 -199999999999999
  3 16 36 58 74 82 83 79 70 60 53 53 58 67 80 94103102 92 77 57 34 16  5181225HK 539 841624104999999999999991033 522343  299999999999999
  3  9 23 44 63 76 82 81 75 65 56 51 52 58 67 81 93 99 96 86 70 52 32 16181226HK 619 8217 8 99999999999999991119 51999999999999999999999
  9  9 17 32 51 67 77 80 78 71 61 53 49 51 56 66 78 88 91 87 78 64 48 31181227HK 7 0 801756 9199999999999999 025  812 9 4999999999999999
 20 15 18 26 40 57 70 77 78 75 68 58 51 47 49 54 62 72 79 82 78 70 59 46181228HK 742 791849 8299999999999999 1 8 1513 9 4799999999999999
 33 25 23 27 35 48 62 73 78 77 73 66 57 50 46 46 49 55 63 69 71 69 64 56181229HK 827 781954 7199999999999999 152 231427 4699999999999999
 47 38 33 32 35 43 54 66 75 78 77 73 66 57 49 44 42 43 48 54 60 63 63 60181230HK 917 782131 6399999999999999 241 3216 8 4299999999999999
 56 50 44 40 39 42 49 59 69 77 80 79 74 66 57 47 40 36 36 39 45 51 56 59181231HK1013 802353 6099999999999999 339 391739 3599999999999999
