 57 27  4 -6 -1 17 41 66 88105108 97 76 55 39 33 40 60 8510912814013812018 1 1HR 944109212714199999999999999 310 -61458 3399999999999999
 87 50 17 -6-15 -6 15 42 68 93110111 95 72 49 34 31 42 66 9211613514514018 1 2HR1033113221414699999999999999 4 0-151545 3099999999999999
117 81 42  9-13-18 -6 18 46 73 98112109 90 65 43 30 30 46 71 9812113814618 1 3HR111811323 114699999999999999 447-181629 2899999999999999
137110 73 35  4-14-15  1 26 53 79101111102 81 57 37 28 32 51 7610112113718 1 4HR12 2111234714199999999999999 532-171712 2799999999999999
141128100 64 30  3-10 -6 12 36 61 85102106 93 72 50 34 29 37 57 8010111818 1 5HR1243106999999999999999999999 615-101754 2999999999999999
130130115 88 56 27  7  0  8 26 48 69 88100 98 84 64 46 35 34 44 61 80 9718 1 6HR 033132132410199999999999999 656  01837 3399999999999999
110118116100 76 50 28 15 13 24 41 59 76 89 95 90 77 60 46 39 40 49 63 7718 1 7HR 11911914 5 9599999999999999 735 121924 3899999999999999
 89 99104100 87 67 48 32 25 28 39 53 67 79 88 91 85 73 60 50 44 45 52 6118 1 8HR 2 71041448 9199999999999999 814 252022 4499999999999999
 71 79 86 90 86 76 63 49 39 36 40 50 61 72 81 87 88 83 74 63 54 48 47 5018 1 9HR 3 4 901539 8999999999999999 856 362144 4799999999999999
 55 62 69 75 78 77 71 62 53 47 45 48 56 65 75 83 88 89 85 77 67 57 49 4518 110HR 419 791643 8999999999999999 949 452337 4499999999999999
 45 47 53 59 66 72 74 71 65 58 52 50 52 58 67 77 86 91 93 90 81 70 57 4618 111HR 557 741752 939999999999999911 3 50999999999999999999999
 39 37 39 45 54 63 71 75 75 70 62 54 50 51 58 68 80 90 97 99 95 84 69 5318 112HR 725 761850 9999999999999999 1 1 371219 5099999999999999
 40 31 28 32 41 52 64 74 80 80 72 62 52 47 48 57 71 86 97104105 98 84 6518 113HR 825 81193810699999999999999 153 281318 4799999999999999
 46 30 21 21 28 40 55 69 81 86 83 72 58 47 42 46 59 76 93106112110 99 7918 114HR 9 9 86201911299999999999999 235 2014 5 4299999999999999
 56 35 20 13 16 28 44 61 76 88 91 83 68 51 40 37 46 63 84102114118112 9518 115HR 946 91205611899999999999999 311 131445 3799999999999999
 71 45 24 11  8 16 32 50 69 85 94 92 78 60 43 33 35 49 71 9311012012110918 116HR1019 94213212299999999999999 345  81522 3299999999999999
 87 59 33 14  4  7 20 39 59 78 92 96 88 70 50 34 28 36 56 8010211812411918 117HR1050 9722 712499999999999999 416  41556 2899999999999999
102 75 46 21  5  2 11 28 49 70 87 97 94 80 59 39 27 28 41 65 9011012212518 118HR1119 97224112599999999999999 447  11630 2699999999999999
114 90 61 32 11  1  4 19 40 61 79 93 97 88 69 48 32 25 31 50 75 9811512318 119HR1148 97231612499999999999999 516  117 3 2599999999999999
120103 76 46 21  6  2 12 31 52 71 87 95 93 78 58 39 27 26 38 59 8310311618 120HR1217 96235112099999999999999 545  21736 2599999999999999
120111 90 62 35 15  5  9 24 44 64 80 91 94 85 69 49 34 27 30 45 67 8810318 121HR1246 94999999999999999999999 614  51811 2699999999999999
112112 99 76 50 27 13 10 20 37 57 73 85 92 89 78 61 44 32 29 36 51 71 8818 122HR 0281141317 9299999999999999 644 101851 2999999999999999
100105101 87 65 43 26 17 20 32 50 66 79 87 90 85 73 57 43 34 33 40 54 7018 123HR 1 81051351 9099999999999999 716 171939 3299999999999999
 83 92 95 90 77 59 41 29 26 31 44 59 73 82 88 88 83 71 57 45 36 35 41 5118 124HR 156 951435 8999999999999999 753 252042 3599999999999999
 64 75 82 85 82 72 58 45 36 35 41 52 65 76 84 88 89 84 74 61 48 38 34 3618 125HR 259 851538 8999999999999999 838 3522 8 3499999999999999
 44 54 64 72 77 77 71 62 52 45 44 48 56 66 76 85 91 93 90 81 67 51 38 3018 126HR 430 7817 0 9399999999999999 943 442347 2899999999999999
 28 32 41 53 63 72 76 75 69 60 52 49 50 55 65 76 87 96101 99 90 73 53 3518 127HR 618 771819101999999999999991119 48999999999999999999999
 22 16 19 29 43 58 71 80 83 77 67 56 48 46 51 62 77 91104111111 99 77 5218 128HR 747 83192711299999999999999 1 8 161251 4699999999999999
 28 11  3  7 20 37 57 74 88 91 84 70 55 43 39 45 59 79 97113123122106 8018 129HR 850 92202612499999999999999 211  31357 3999999999999999
 48 20  0 -8 -3 14 36 59 81 97 99 88 68 49 35 31 39 59 8210412213313011018 130HR 940100212013499999999999999 3 5 -81451 3199999999999999
 78 42 11-10-16 -7 15 40 66 90105103 86 62 40 25 23 36 60 8711113014013418 131HR1024106221014099999999999999 353-171538 2299999999999999
108 72 34  2-17-19 -4 21 48 76 99110102 79 52 30 17 19 37 64 9111513414218 2 1HR11 4110225614299999999999999 436-201622 1699999999999999
130100 62 25 -4-18-14  6 32 60 86106110 95 68 41 21 13 20 42 69 9511713418 2 2HR1142111234013899999999999999 517-1917 4 1399999999999999
136120 88 51 18 -5-12 -2 21 47 73 95108104 84 57 33 17 14 25 48 73 9611518 2 3HR1217109999999999999999999999 554-121744 1399999999999999
127124104 73 41 14 -1  0 16 39 62 83100105 94 72 48 28 17 19 33 55 76 9418 2 4HR 021128125010599999999999999 628 -21822 1799999999999999
108114107 86 59 34 16  9 17 35 56 75 90 99 97 83 62 42 28 23 28 42 59 7518 2 5HR 1 0114132110099999999999999 658  919 1 2399999999999999
 88 97 98 88 70 50 32 23 23 35 52 69 83 92 95 88 74 57 42 32 30 36 48 6018 2 6HR 138 991350 9599999999999999 726 221944 3099999999999999
 70 79 83 82 73 60 46 36 33 38 50 64 76 85 90 89 82 70 56 45 39 38 42 4918 2 7HR 218 841421 9099999999999999 754 332039 3799999999999999
 56 63 68 70 69 64 56 48 44 44 50 59 69 78 84 87 85 79 70 59 50 44 42 4318 2 8HR 314 7115 8 8799999999999999 827 432212 4299999999999999
 46 50 54 58 61 63 62 58 54 52 52 56 62 69 76 82 85 85 81 74 65 55 47 4218 2 9HR 5 1 631626 8599999999999999 926 52999999999999999999999
 39 39 41 46 52 58 63 65 64 61 58 55 56 59 66 74 81 87 88 86 79 69 57 4618 210HR 718 651755 8899999999999999 032 391125 5599999999999999
 37 32 31 34 41 50 60 68 72 71 66 59 53 51 54 62 73 84 92 95 92 84 71 5518 211HR 823 7219 5 9599999999999999 144 301256 5199999999999999
 40 29 23 23 30 41 54 66 76 80 76 66 55 46 43 49 61 76 90 99102 98 87 6918 212HR 9 2 80195810299999999999999 227 221350 4399999999999999
 49 31 19 15 19 30 45 61 75 85 85 76 61 46 37 36 46 63 83 98108109101 8418 213HR 934 86204211099999999999999 3 1 151432 3599999999999999
 61 38 20 10 10 19 35 53 71 85 92 86 71 51 35 28 32 48 70 9110711511410018 214HR10 3 92212111699999999999999 332  815 9 2899999999999999
 77 50 26  9  3  9 25 44 65 83 94 94 81 60 39 25 22 33 54 7910011512111418 215HR1030 96215812199999999999999 4 0  31544 2199999999999999
 93 64 36 14  1  2 15 35 57 77 93100 91 71 47 27 17 20 37 63 8910912112218 216HR1057100223412499999999999999 428  01617 1699999999999999
108 81 50 23  4 -2  6 25 48 70 89101 99 83 58 35 18 13 23 46 73 9711512418 217HR112310223 912499999999999999 455 -21651 1399999999999999
118 97 66 36 12  0  2 17 40 63 84 99103 93 71 45 24 12 14 30 55 8110311718 218HR1150103234512199999999999999 523 -11725 1199999999999999
120108 82 51 25  7  2 12 32 56 77 94103100 83 59 35 18 11 18 38 63 8610418 219HR1218103999999999999999999999 550  218 1 1199999999999999
114112 95 68 40 19  8 11 27 49 71 88 99102 92 73 49 29 16 14 25 46 68 8718 220HR 021115124510299999999999999 618  81839 1499999999999999
100106 99 80 56 34 20 16 25 43 64 82 94100 97 84 65 44 27 19 20 32 50 6818 221HR 059106131310099999999999999 647 161922 1899999999999999
 82 92 94 86 69 50 34 27 29 40 58 75 88 95 97 91 79 62 44 30 24 26 35 4918 222HR 142 941346 9799999999999999 718 262017 2399999999999999
 62 73 80 81 75 63 50 40 37 42 53 67 79 88 93 93 88 78 64 49 36 29 28 3418 223HR 239 811436 9499999999999999 755 372135 2899999999999999
 43 53 62 68 71 69 63 56 50 48 52 59 69 78 85 90 92 90 83 71 57 43 32 2718 224HR 4 9 7116 8 9299999999999999 848 482324 2799999999999999
 28 33 41 50 59 66 70 69 65 60 56 56 58 64 72 81 88 95 97 93 82 65 47 3218 225HR 618 701755 97999999999999991040 55999999999999999999999
 21 18 21 30 42 55 67 76 78 74 66 58 52 51 55 65 77 90101107105 93 72 4918 226HR 751 79191710799999999999999 1 1 181245 5199999999999999
 27 12  6 10 22 39 57 74 86 89 82 68 53 43 40 45 59 77 95110119117101 7518 227HR 846 89202112099999999999999 2 6  61354 3999999999999999
 45 20  2 -4  4 21 42 64 85 98 97 83 63 43 30 27 37 57 8010111912912510418 228HR 928 99211513099999999999999 255 -41445 2799999999999999
 72 38 10 -7 -9  4 26 51 76 98108101 79 53 31 17 18 33 58 8410812713612718 3 1HR10 610822 313699999999999999 338-101529 1699999999999999
100 63 29  2-12 -8 11 37 64 89109113 97 69 40 18  8 13 34 62 8911313213718 3 2HR1042114224613799999999999999 417-131611  899999999999999
121 89 52 19 -4-11  1 25 52 79102116111 87 56 28  9  4 15 39 67 9311613118 3 3HR1115117232613399999999999999 452-111650  499999999999999
129108 74 40 12 -3 -2 17 43 69 93111116101 74 44 19  5  6 22 47 73 9611418 3 4HR1146116999999999999999999999 525 -51727  499999999999999
123115 90 59 31 11  4 14 37 62 84103113108 88 60 34 15  8 14 33 56 77 9518 3 5HR 0 3123121411399999999999999 554  418 3  899999999999999
108109 96 73 47 26 15 18 34 56 78 95106108 96 74 49 29 16 15 25 43 62 7818 3 6HR 038111123710999999999999999 620 141837 1499999999999999
 90 96 93 78 59 40 28 25 35 53 73 89100104 98 83 63 44 29 22 25 36 50 6418 3 7HR 110 97125710499999999999999 643 251912 2299999999999999
 74 81 83 77 65 51 40 35 39 51 67 82 93 98 97 88 74 58 43 34 31 35 44 5318 3 8HR 143 831319 9899999999999999 7 5 351953 3199999999999999
 61 67 71 70 66 58 50 45 45 52 62 74 84 91 92 89 81 70 58 48 41 39 41 4618 3 9HR 224 711352 9299999999999999 730 452055 3999999999999999
 51 55 59 61 62 61 58 55 54 55 60 67 74 81 85 86 85 79 72 63 54 48 44 4318 310HR 356 621459 8699999999999999 8 3 542314 4399999999999999
 43 45 47 51 56 60 63 64 63 62 61 62 64 69 74 79 84 85 82 77 69 61 52 4418 311HR 710 641651 85999999999999991014 61999999999999999999999
 39 37 37 41 48 56 63 69 72 71 66 61 57 57 61 68 77 85 89 89 84 75 63 5118 312HR 812 721826 9099999999999999 121 361234 5699999999999999
 39 32 28 31 38 49 61 71 79 80 75 65 54 48 47 54 66 80 91 97 97 91 78 6118 313HR 843 801933 9899999999999999 2 6 281334 4799999999999999
 44 31 23 22 28 40 55 70 82 88 84 73 57 44 37 39 51 68 86 99106104 94 7618 314HR 9 9 88202310699999999999999 238 211415 3799999999999999
 54 34 21 15 19 31 48 66 82 93 94 83 64 45 31 27 35 53 75 94108114109 9218 315HR 934 9521 411499999999999999 3 6 151451 2799999999999999
 68 43 23 11 11 22 40 60 80 95102 94 75 52 31 19 20 35 59 8410411712010818 316HR10 0102214312199999999999999 333 101526 1899999999999999
 84 55 30 12  6 13 30 53 75 94106105 88 63 37 18 11 19 40 67 9311312412118 317HR1026108222012599999999999999 359  616 0 1199999999999999
102 72 42 18  5  6 21 44 69 90107113102 77 48 23  8  6 21 48 7610111912618 318HR1053113225712699999999999999 427  41635  599999999999999
116 90 58 30 11  4 14 35 61 85104115112 93 63 34 13  2  7 28 57 8410612118 319HR1120116233412499999999999999 456  41711  299999999999999
122105 76 46 22  9 11 28 53 78 98113117106 80 50 24  7  2 13 37 64 8810718 320HR1148117999999999999999999999 524  81748  299999999999999
117112 91 63 38 20 15 24 46 71 92108116112 95 68 41 19  6  7 21 44 68 8818 321HR 012117121611699999999999999 553 151828  599999999999999
102107 98 77 54 35 25 27 41 63 85101110112104 85 60 37 19 11 15 29 49 6818 322HR 052107124411399999999999999 622 241912 1199999999999999
 83 92 93 84 68 50 38 35 42 57 76 92103107106 96 79 58 39 25 19 23 35 4918 323HR 136 94131610899999999999999 652 3520 5 1999999999999999
 62 73 80 81 74 63 53 47 47 55 68 82 92 99101 99 91 78 62 46 33 27 28 3518 324HR 234 8114 410199999999999999 726 462120 2799999999999999
 44 54 62 69 72 71 66 60 57 58 63 71 79 86 91 95 96 92 83 70 55 42 33 2918 325HR 410 721545 9699999999999999 818 572311 2999999999999999
 31 36 44 53 62 70 73 73 70 66 63 63 65 70 77 84 91 97 98 93 81 65 48 3418 326HR 621 741743 99999999999999991034 62999999999999999999999
 25 23 28 37 49 62 74 82 83 78 70 61 55 54 58 67 79 92103108104 91 71 4918 327HR 740 8319 910899999999999999 049 231245 5499999999999999
 30 18 15 21 34 51 69 84 94 93 82 67 52 42 40 46 61 79 96110118114 97 7118 328HR 826 95201211999999999999999 149 151347 3999999999999999
 45 23 10  9 20 39 59 80 97105 99 81 58 39 27 27 38 59 81102119127120 9718 329HR 9 410521 412799999999999999 234  81434 2599999999999999
 66 37 15  4  9 26 49 72 95111113 99 73 46 25 14 18 36 60 8510812613111818 330HR 939115214913299999999999999 313  41516 1499999999999999
 90 57 28  9  3 15 38 63 88109121115 91 61 33 13  6 16 39 65 9011312912918 331HR1012121223013299999999999999 348  31555  699999999999999
109 78 46 20  7  9 28 54 80103120124108 79 47 21  5  4 20 45 71 9511612718 4 1HR104312523 812799999999999999 421  51633  399999999999999
120 96 64 36 17 11 22 46 72 96115125119 96 64 35 13  3  9 29 54 77 9911518 4 2HR1111125234411999999999999999 451 1117 8  399999999999999
119105 80 52 30 18 21 40 65 89108121122107 80 51 26 10  8 19 40 62 82 9918 4 3HR1136123999999999999999999999 519 181742  799999999999999
109105 89 65 44 29 26 37 59 82102115120112 92 66 41 22 13 17 31 50 68 8418 4 4HR 017109115612099999999999999 544 261814 1399999999999999
 95 98 90 74 55 41 34 39 54 75 95108115112 99 79 56 36 24 21 28 42 58 7118 4 5HR 048 98121511599999999999999 6 7 341846 2199999999999999
 81 87 86 77 64 51 43 43 53 69 86100108109102 88 69 51 37 30 31 39 50 6118 4 6HR 119 87123610999999999999999 631 421923 2999999999999999
 70 75 78 75 68 60 53 51 54 64 77 90 99102100 92 80 66 52 42 38 40 46 5318 4 7HR 157 7813 810299999999999999 656 512011 3899999999999999
 59 64 68 70 69 66 62 59 60 63 71 79 87 92 94 93 87 78 67 57 50 46 45 4818 4 8HR 311 7014 4 9499999999999999 729 592136 4599999999999999
 51 54 58 62 66 68 69 68 67 67 67 70 74 79 84 88 89 87 81 73 64 56 50 4618 4 9HR 554 691552 8999999999999999 9 1 67999999999999999999999
 45 46 49 54 61 68 73 76 76 73 69 65 63 65 71 78 85 90 91 87 79 69 58 4918 410HR 728 771736 9199999999999999 0 7 451156 6399999999999999
 42 39 40 45 54 65 75 82 85 82 74 65 56 53 56 64 76 88 96 98 94 85 71 5618 411HR 8 2 851853 9899999999999999 118 3913 5 5399999999999999
 43 35 32 36 46 60 73 85 93 92 84 69 55 44 42 48 62 79 94103106100 86 6818 412HR 828 94195110699999999999999 154 321349 4199999999999999
 49 35 27 28 38 53 70 86 98102 95 79 59 41 31 32 44 64 85102113114103 8318 413HR 854102203811599999999999999 224 271426 3099999999999999
 60 39 26 22 29 45 65 84101111108 92 68 44 26 19 26 45 70 9311112111910218 414HR 921111212012299999999999999 253 2115 2 1999999999999999
 76 50 30 19 20 35 57 80100115120108 83 54 29 13 11 24 49 7710111912711818 415HR 94912022 112799999999999999 323 181539 1099999999999999
 95 66 40 22 16 26 47 73 96115126123102 71 40 16  3  7 27 55 8310712412818 416HR1019127224212999999999999999 354 161617  399999999999999
113 85 55 32 19 20 37 63 89111127132119 91 57 27  6 -1  9 33 62 8911112518 417HR1049132232212699999999999999 426 171656 -199999999999999
122102 74 47 28 22 30 53 80104122133130110 78 46 19  2  0 15 40 67 9111118 418HR1121134999999999999999999999 458 221737 -299999999999999
120112 90 65 43 30 30 45 70 94114127132122 99 68 39 16  3  6 23 46 70 9018 419HR 0 4120115313299999999999999 530 291820  399999999999999
105109 99 80 59 44 37 43 61 84104118126125113 89 62 37 18 10 16 31 50 6918 420HR 048110122612799999999999999 6 2 3719 7 1099999999999999
 85 96 97 88 73 58 49 48 57 74 92106116120116104 84 62 41 26 20 25 37 5118 421HR 137 9813 612099999999999999 636 4720 2 2099999999999999
 65 77 85 87 81 71 62 57 59 67 80 92102108111108 99 84 66 49 36 30 32 3918 422HR 240 8714 511199999999999999 716 572115 3099999999999999
 49 59 69 77 81 80 74 69 65 66 71 78 86 93 98103104100 89 74 58 45 37 3418 423HR 411 81154510499999999999999 821 652252 3499999999999999
 38 45 54 65 75 82 84 82 77 71 68 67 69 74 82 90 98104104 96 83 66 50 3918 424HR 555 841730105999999999999991043 67999999999999999999999
 33 34 41 53 66 79 89 93 90 82 71 62 57 56 62 72 85 98107110104 89 70 5118 425HR 7 6 93185211199999999999999 019 331234 5699999999999999
 36 29 31 41 56 73 88100104 97 83 66 52 43 43 51 67 84100113118110 92 6818 426HR 752104195511899999999999999 117 291332 4299999999999999
 47 32 26 31 46 65 84101112112 99 78 56 38 29 32 46 65 86105119123112 8918 427HR 830114204712399999999999999 2 1 261417 2999999999999999
 63 41 27 25 36 56 78 98115123116 95 68 43 26 19 27 45 68 9011012412410818 428HR 9 5123213112699999999999999 239 241458 1999999999999999
 81 55 34 24 29 46 70 93112127129113 86 56 31 16 14 27 49 73 9511412512018 429HR 938130221212699999999999999 313 241537 1399999999999999
 99 72 47 30 26 38 61 86107125133127104 73 43 21 10 14 32 56 7910011712218 430HR10 8134225012399999999999999 346 261614 1099999999999999
111 87 61 41 30 33 52 77101120132133118 90 59 32 15 10 20 41 64 8510411618 5 1HR1035135232511799999999999999 416 291649 1099999999999999
115 99 75 53 38 34 45 68 93114128134126105 75 47 25 14 16 30 51 72 9010518 5 2HR1059134235811199999999999999 445 341722 1399999999999999
111104 86 65 48 39 43 60 84106122130128114 90 63 39 23 18 25 41 60 78 9318 5 3HR1121131999999999999999999999 513 391754 1899999999999999
102102 92 75 59 48 46 56 75 96114125127119101 77 54 35 25 26 36 52 67 8118 5 4HR 030103114412799999999999999 540 451827 2499999999999999
 91 95 92 82 68 57 51 55 68 86104116121118107 89 69 50 36 31 35 46 59 7118 5 5HR 1 3 95121012199999999999999 6 8 5119 2 3199999999999999
 81 87 88 84 75 66 59 59 65 78 92104112114109 98 82 65 51 41 40 44 53 6218 5 6HR 142 88124611499999999999999 638 581945 3999999999999999
 71 77 81 82 79 74 69 65 66 72 82 92100105106101 92 79 66 55 48 47 50 5618 5 7HR 242 82133810699999999999999 717 652043 4799999999999999
 62 68 74 78 80 80 77 74 71 71 74 80 86 92 97 99 97 91 81 70 60 54 51 5218 5 8HR 421 8015 5 9999999999999999 832 712213 5199999999999999
 55 60 66 72 79 83 85 83 80 75 71 70 72 77 84 92 97 98 94 85 75 64 56 5118 5 9HR 558 851642 98999999999999991052 702347 5099999999999999
 50 52 58 66 76 85 91 93 90 83 73 65 61 62 69 79 90 99102 99 91 78 65 5418 510HR 654 9318 3102999999999999991219 61999999999999999999999
 47 46 50 59 71 84 95101101 94 81 66 54 49 52 62 77 92104109106 95 79 6218 511HR 731102191010999999999999999 046 461311 4999999999999999
 49 42 42 50 64 81 96107113108 93 73 54 41 36 43 59 79 97110116112 97 7618 512HR 8 311320 611699999999999999 128 411354 3699999999999999
 57 43 37 41 55 75 94110121122110 87 61 40 26 25 38 59 83103118123115 9518 513HR 836123205612399999999999999 2 6 371435 2499999999999999
 71 50 37 35 45 65 88109125133128107 77 48 25 14 18 36 61 8710912412811518 514HR 910133214212899999999999999 242 341517 1399999999999999
 90 64 44 34 37 53 78103123138141128 99 65 35 13  5 14 37 65 9111412912818 515HR 945142222813099999999999999 320 331559  599999999999999
110 83 58 41 34 43 65 92116135146144123 89 54 25  5  2 15 40 68 9411712818 516HR1021147231312999999999999999 357 341643  199999999999999
123102 76 54 40 39 54 79105127143149140114 80 46 19  3  3 20 45 72 9611618 517HR1059149235812499999999999999 435 381728  199999999999999
124115 94 71 52 43 48 66 91115133145146133105 72 42 18  6 10 27 50 74 9618 518HR1138147999999999999999999999 512 431815  599999999999999
111115105 86 67 54 50 58 78100119133141139124 98 69 42 22 14 20 35 55 7518 519HR 045116122114199999999999999 550 5019 4 1499999999999999
 92104106 97 81 67 58 58 68 85103117127132129115 94 69 46 30 24 30 43 5818 520HR 137107131013399999999999999 631 571959 2499999999999999
 74 88 98 99 92 81 70 65 66 74 87100110118122120110 92 72 53 40 35 38 4818 521HR 238 99141512399999999999999 720 6421 3 3599999999999999
 60 73 85 93 96 92 84 76 70 70 75 83 91100108113114108 94 77 61 48 43 4418 522HR 350 96153811599999999999999 834 702217 4299999999999999
 51 61 73 85 94 98 96 89 81 73 69 69 73 80 89 99107111108 98 83 67 54 4718 523HR 5 8 9817 6111999999999999991029 692331 4699999999999999
 47 53 63 76 89 99105103 95 84 72 63 60 62 69 80 93104111111102 86 69 5618 524HR 61610518271129999999999999912 9 60999999999999999999999
 48 48 55 68 83 97109114110 99 82 66 54 48 51 61 76 91104113114104 87 6918 525HR 7 8114193311599999999999999 031 471311 4899999999999999
 54 47 49 60 76 93108120123115 98 76 57 43 38 43 57 74 92107117116104 8418 526HR 750123202711899999999999999 119 461358 3899999999999999
 65 51 46 52 67 87105120130129115 92 67 46 33 31 40 57 77 9511112011610018 527HR 827131211312099999999999999 159 461440 3099999999999999
 79 60 48 46 58 78 99118131137130110 82 56 36 25 27 42 61 8110011612111318 528HR 9 1137215512199999999999999 237 451519 2499999999999999
 93 72 54 46 50 67 91112129139140126100 71 45 27 22 29 47 67 8710611911918 529HR 933141223312199999999999999 312 461556 2199999999999999
106 85 65 51 47 58 79104124137143136116 87 59 36 23 22 35 54 75 9411011918 530HR10 214323 911999999999999999 345 471631 2199999999999999
114 97 77 59 49 52 69 92115132142141128103 75 48 30 22 28 43 63 8210011218 531HR1028143234311599999999999999 417 4917 5 2299999999999999
115106 88 69 56 52 61 81104124137141135116 90 63 41 28 26 36 53 72 8910318 6 1HR1055142999999999999999999999 449 521738 2599999999999999
111108 96 80 64 56 58 71 93114129138136125104 79 55 38 30 34 46 63 79 9318 6 2HR 016111112413899999999999999 519 551810 3099999999999999
103106100 88 74 63 59 66 82101118130133128114 93 70 50 38 36 43 56 71 8418 6 3HR 049106115613399999999999999 551 591844 3599999999999999
 95101100 93 82 71 65 65 74 89105118125126118104 85 65 50 42 44 52 64 7618 6 4HR 127101123312799999999999999 625 641922 4299999999999999
 86 94 97 96 89 81 73 69 72 80 92104114119118110 97 80 64 53 48 51 59 6918 6 5HR 213 97132211999999999999999 7 7 6920 6 4899999999999999
 78 86 93 96 94 89 83 76 74 75 81 90 99107111111105 94 80 66 57 54 56 6318 6 6HR 314 96142911299999999999999 8 9 7321 2 5499999999999999
 71 79 87 94 97 97 93 86 80 75 74 77 84 92100106108104 94 82 70 61 58 5918 6 7HR 427 98155110899999999999999 944 742212 5799999999999999
 64 72 81 90 98103103 99 90 80 72 68 69 75 84 95104108106 98 86 73 63 5918 6 8HR 5321041712108999999999999991120 682324 5899999999999999
 59 65 74 85 97107112112104 91 76 64 57 58 65 78 92104111111103 89 75 6318 6 9HR 6241131828112999999999999991227 57999999999999999999999
 57 58 65 78 93107118123120107 88 68 53 45 46 57 74 92107116117108 92 7418 610HR 7 9123193611899999999999999 025 571321 4499999999999999
 61 55 57 68 85104120131134127107 82 57 40 32 36 51 73 93111122123111 9218 611HR 751135203412499999999999999 117 541410 3199999999999999
 72 58 52 57 73 95116133143144130103 73 46 27 20 28 48 72 9611512812711218 612HR 833145212712999999999999999 2 4 521457 2099999999999999
 90 69 55 51 60 81106128144154150130 98 63 35 16 12 24 47 73 9812013212818 613HR 916154221713299999999999999 250 511545 1199999999999999
110 86 65 53 52 66 90116138154161152126 91 55 27  9  9 24 49 7610112313318 614HR10 016123 513399999999999999 334 511633  799999999999999
125105 81 62 52 55 73 99124145159163149120 84 49 22  7 10 28 53 7910412418 615HR1045163235213099999999999999 417 511721  699999999999999
130120 99 76 60 53 61 81106129147159160143113 78 46 22 11 17 35 59 8310618 616HR1132161999999999999999999999 5 0 5318 8 1199999999999999
122125112 92 73 60 57 67 88110130145155152135106 74 46 26 19 27 45 66 8718 617HR 039126122015599999999999999 543 561856 1999999999999999
107119118106 88 72 62 62 73 91110126139145142125100 73 49 34 31 39 55 7318 618HR 127120131214699999999999999 629 611945 3099999999999999
 91106115112101 86 73 66 68 77 91106118129134131117 96 74 55 44 43 51 6418 619HR 218115141013499999999999999 721 662035 4299999999999999
 79 93106112110100 88 77 71 71 77 87 98108117123121110 94 77 62 54 54 6018 620HR 313112151712399999999999999 828 702131 5399999999999999
 71 84 97107112110102 91 81 74 71 74 80 88 98107114114107 95 81 68 62 6118 621HR 414112163311599999999999999 958 712232 6199999999999999
 67 77 89101111116114107 95 83 73 67 67 71 79 89100108111107 97 84 73 6618 622HR 5181161756111999999999999991136 662335 6599999999999999
 66 71 82 95107117122121112 97 82 69 60 58 63 72 84 96106111109 99 86 7418 623HR 6171231911111999999999999991249 58999999999999999999999
 67 67 74 87102115125130126114 96 77 62 52 50 57 69 83 96108114111100 8518 624HR 7 6130201111499999999999999 032 661342 5099999999999999
 73 66 67 78 94110124134137130113 91 69 53 44 45 54 69 85100112117112 9818 625HR 74913721 011799999999999999 121 661426 4399999999999999
 82 69 64 68 83102120134142141129107 82 60 44 38 42 55 72 9010611812011118 626HR 827143214212199999999999999 2 5 6415 5 3899999999999999
 94 77 65 62 71 90111130142147141124 99 72 50 37 34 43 60 78 9611212212018 627HR 9 2147222012399999999999999 244 621542 3499999999999999
106 88 71 61 63 77 99121138148149138115 88 61 42 32 35 48 67 8610411812318 628HR 935150225512399999999999999 321 601617 3299999999999999
116 99 80 65 59 67 86110130145151146130104 76 52 36 32 40 56 76 9511112118 629HR10 7151232812399999999999999 357 591650 3299999999999999
121109 90 72 61 61 74 96119138148150140119 91 65 44 34 35 48 66 8510211518 630HR1039150999999999999999999999 430 601722 3399999999999999
121115100 82 67 61 66 83106127141148145130106 79 56 40 36 43 58 76 9410818 7 1HR 0 0121111214899999999999999 5 4 611753 3699999999999999
117117107 91 75 65 63 74 92113131141144136118 94 70 50 40 42 53 69 8610018 7 2HR 030118114614499999999999999 537 631824 4099999999999999
111116111100 85 72 66 69 81 99117131138137126107 84 63 49 45 50 63 79 9318 7 3HR 1 2116122413899999999999999 613 661856 4599999999999999
105112113106 95 82 72 69 74 87102117127131128116 98 78 62 52 52 60 73 8718 7 4HR 13811313 813199999999999999 653 691932 5199999999999999
 98107112111104 93 82 75 73 78 89101112120124120109 93 76 63 58 60 68 8018 7 5HR 22011214 112499999999999999 745 732013 5799999999999999
 92102109112111104 94 84 77 74 78 86 96106113117114105 92 78 68 64 67 7518 7 6HR 31311315 711799999999999999 855 7421 4 6499999999999999
 85 96105112116115108 97 86 76 72 72 78 88 98107112112106 94 82 73 69 7118 7 7HR 4161161628113999999999999991021 7122 9 6999999999999999
 78 88 99110118123121114101 86 73 65 63 68 79 91103111113109 99 87 77 7218 7 8HR 5201231754113999999999999991144 632324 7299999999999999
 73 79 90103116126132130120103 83 66 55 52 57 70 85100112117115105 92 8018 7 9HR 6191321914118999999999999991252 52999999999999999999999
 73 72 79 92109125137143140126103 78 57 43 39 47 63 82100115123122110 9418 710HR 713143202112499999999999999 035 711350 3999999999999999
 79 70 69 78 96116134148154148130102 72 47 31 28 39 58 8010212013012711218 711HR 8 6154211813099999999999999 136 691444 2899999999999999
 93 76 66 66 79100124143158163155131 98 65 38 22 20 34 57 8110612613613018 712HR 85716322 913699999999999999 229 651535 1999999999999999
112 89 71 61 64 81105131151166170158130 93 58 30 15 17 34 59 8511113113918 713HR 948171225613999999999999999 318 611624 1499999999999999
129107 83 65 57 64 84111136156171173157125 87 52 25 13 19 39 65 9211713518 714HR1038174234014099999999999999 4 5 571710 1399999999999999
139124100 77 61 56 66 88115138158171170150117 80 48 25 17 27 49 74 9912218 715HR1127173999999999999999999999 451 551755 1799999999999999
137134117 93 72 58 57 70 92117138155165161140108 75 47 29 27 40 61 8410718 716HR 022138121516699999999999999 536 561837 2699999999999999
126134128109 87 69 59 61 75 95116134148155148127 99 72 50 39 41 56 75 9518 717HR 1 413413 315599999999999999 621 581918 3899999999999999
113127130120103 84 70 63 67 79 96112126137141133115 93 71 56 51 57 71 8718 718HR 145130135214199999999999999 710 631957 5199999999999999
103117126125115100 85 73 69 72 81 93105116124126120106 90 75 65 64 71 8318 719HR 228127144712799999999999999 8 6 692038 6399999999999999
 96109119124122113101 88 78 73 74 80 88 96105112115111102 90 80 74 75 8118 720HR 316124155611599999999999999 918 732126 7499999999999999
 91102112120124122115104 92 82 75 73 75 81 88 96103107107102 94 86 81 8118 721HR 4141241724108999999999999991057 732231 8199999999999999
 86 94105114122127126119108 95 83 74 69 69 73 81 90 99106108105 98 90 8418 722HR 5201271855108999999999999991229 682347 8399999999999999
 83 87 95107118127132131123110 95 80 68 62 62 68 77 89100109112109101 9118 723HR 62213220 2112999999999999991330 61999999999999999999999
 83 81 85 96110123133138136126110 91 73 61 54 56 65 78 9210511511811210018 724HR 715138205111899999999999999 052 811416 5499999999999999
 88 79 77 84 98116131141144140126106 84 65 52 48 54 66 82 9811212112211218 725HR 8 0144213112399999999999999 143 771454 4899999999999999
 96 81 73 73 85103123138148149140122 98 74 55 45 45 55 71 8910612012712218 726HR 84014922 612799999999999999 226 721529 4499999999999999
107 89 74 67 72 89111131146153151137114 87 63 47 40 46 60 79 9811512712818 727HR 917154223812999999999999999 3 5 6716 2 4099999999999999
118 99 79 66 64 75 96120140152156149129102 75 53 40 40 51 69 8910812313118 728HR 95315623 713199999999999999 341 641633 3999999999999999
126109 89 71 62 65 81105129146156155142118 89 63 45 38 44 60 8110011712918 729HR1028157233613199999999999999 415 6117 2 3899999999999999
130118 99 79 64 60 70 90114136150156150131104 76 54 42 41 53 73 9311112418 730HR11 2156999999999999999999999 449 601730 4099999999999999
130125109 89 71 61 63 77 99122140150152140118 90 66 49 43 50 66 8610411918 731HR 0 3130113715299999999999999 523 601758 4399999999999999
128128117 99 81 67 62 68 85106126140147143128105 80 60 49 50 61 80 9811318 8 1HR 031129121314799999999999999 558 621827 4899999999999999
124128123110 92 76 66 65 75 91110126136140133116 94 73 59 54 60 74 9210818 8 2HR 1 0128125214099999999999999 636 641857 5499999999999999
119126126118104 88 75 68 69 79 94109122129130122107 88 72 63 63 72 8610118 8 3HR 132127133813199999999999999 722 681931 6299999999999999
114122126124115102 88 77 71 72 80 92104114121121115102 88 76 71 73 82 9518 8 4HR 212126143512299999999999999 819 702012 7099999999999999
107117124126124116104 90 79 72 71 77 86 96105112114111102 92 83 79 81 8818 8 5HR 3 6126155411499999999999999 935 7121 8 7999999999999999
 98109118125129128121109 94 80 71 67 69 76 86 97106111112107 98 90 86 8518 8 6HR 42112917341129999999999999911 9 672232 8599999999999999
 90 98109119129135136129116 98 80 66 58 58 65 76 90103112116114106 96 8818 8 7HR 53913619 7116999999999999991233 57999999999999999999999
 85 87 95108122135143146139123101 78 59 47 46 54 69 86103117124122112 9818 8 8HR 649146201712499999999999999 0 9 851339 4599999999999999
 86 79 81 91107126142154157149129101 72 49 36 35 46 65 8710712413312911418 8 9HR 751157211113399999999999999 121 791434 3499999999999999
 95 79 71 73 87109131150164168157131 98 65 40 26 28 43 66 9111513314013218 810HR 849168215714199999999999999 219 701524 2599999999999999
111 88 70 62 67 85111136157172175160129 92 57 32 20 26 46 72 9912414214518 811HR 942176223914699999999999999 3 9 621610 2099999999999999
130104 79 61 55 64 87115141162177177157123 84 50 27 20 32 55 8210913314818 812HR1031179231914999999999999999 356 541652 2099999999999999
144123 95 70 53 51 64 90118143164176172148112 76 46 28 27 44 69 9512014118 813HR1118177235614999999999999999 440 501732 2599999999999999
149138113 85 63 50 52 69 94120142160169160134101 69 46 35 41 60 8510812918 814HR12 2169999999999999999999999 524 4918 8 3599999999999999
144144128103 78 60 52 57 75 98119138152156144119 91 66 50 47 59 7910011918 815HR 031146124515699999999999999 6 6 521842 4799999999999999
135142136118 95 75 61 57 65 82100116130140139126106 85 68 60 63 77 9511218 816HR 1 5142132814199999999999999 649 571913 5999999999999999
126135136127110 91 76 66 66 73 86 98110119125123112 98 84 74 72 79 9210618 817HR 138137141512599999999999999 736 651944 7299999999999999
118127132130121107 92 80 73 73 78 86 94101108112110104 95 87 83 84 9010118 818HR 214132151511299999999999999 833 732019 8299999999999999
111120126128126118107 96 86 80 77 79 82 87 93 98103104102 98 93 91 92 9618 819HR 3 112816541049999999999999910 2 772117 9199999999999999
103111118124126125120111101 91 82 77 75 76 80 86 93100105106104100 96 9418 820HR 41512718511069999999999999912 9 7523 5 9499999999999999
 95100108116123128129125116105 92 81 73 69 69 74 83 93103110112110103 9618 821HR 5381291959112999999999999991321 68999999999999999999999
 90 90 95105116127133135130120105 89 75 65 61 64 72 84 9811011811911310118 822HR 646135204011999999999999999 035 9014 5 6199999999999999
 90 83 83 91105120133140141135121101 82 66 56 55 62 75 9010611812512211118 823HR 739142211412599999999999999 130 821440 5499999999999999
 95 81 74 77 90108127140147146136116 93 72 56 49 52 65 8210011612713012118 824HR 823148214413099999999999999 213 741511 4999999999999999
103 84 71 67 75 93116135148153148132107 82 61 48 46 55 72 9211112613413018 825HR 9 3153221213499999999999999 250 671540 4599999999999999
114 92 73 62 63 77101124143155156146123 95 69 51 43 47 63 8310412213513718 826HR 940157223813899999999999999 325 6116 8 4399999999999999
125103 80 63 56 64 84110133150159155137110 81 58 44 43 55 75 9711713214018 827HR101515923 414099999999999999 359 561635 4299999999999999
133114 90 68 55 55 69 93119140154158148125 95 68 49 42 49 67 9011112813918 828HR1050159233014199999999999999 432 5317 2 4299999999999999
139125102 78 60 52 58 77102126144154153137110 82 59 47 47 61 8310512313618 829HR1125156235614199999999999999 5 6 521729 4599999999999999
141134114 90 69 55 53 64 85109130144150143123 96 72 56 50 58 76 9811813218 830HR12 1150999999999999999999999 541 521756 5099999999999999
140138125103 81 64 55 57 71 92113129140141130110 87 68 58 59 72 9211212618 831HR 023140123914299999999999999 619 541824 5799999999999999
136138132116 96 77 63 58 63 77 95112124131129118100 83 70 66 72 8710512018 9 1HR 050138132113299999999999999 7 1 581855 6699999999999999
130135134126111 93 77 66 63 68 80 94106115120118109 97 84 77 77 85 9811218 9 2HR 121136141512099999999999999 753 631930 7699999999999999
123130132131123110 95 81 71 67 69 77 87 97105110111106 98 91 86 87 9310318 9 3HR 2 7133153711199999999999999 9 5 672020 8699999999999999
113121127130130125115102 87 75 68 66 70 77 86 95103108108105 99 95 93 9518 9 4HR 3321311733109999999999999991045 662155 9399999999999999
100108116124131134133124110 93 77 65 59 60 66 77 89102111115113107 99 9318 9 5HR 5161351910115999999999999991222 58999999999999999999999
 90 93100111123135142143135119 97 75 58 49 48 57 72 89105119125122111 9818 9 6HR 638144201112599999999999999 0 3 901331 4799999999999999
 86 80 81 91108125141153155146124 97 70 49 38 40 52 72 9311413013512811018 9 7HR 745156205613599999999999999 119 791423 3799999999999999
 90 74 67 70 85107130149163165153125 92 62 39 30 36 54 7810312514114312818 9 8HR 842166213714499999999999999 213 6615 7 3099999999999999
104 79 61 54 62 83109135156171171153121 84 53 32 27 39 62 8911513815014518 9 9HR 933173221415199999999999999 3 0 541548 2699999999999999
122 93 66 49 45 58 84113139161174171147111 75 46 30 31 49 7610312814815518 910HR1020175225015599999999999999 344 451626 2899999999999999
141112 81 55 41 42 60 88116141162172162134 99 66 43 33 42 65 9211814015418 911HR11 4172232315699999999999999 426 3917 1 3399999999999999
152130 99 70 48 39 45 66 93118140158162147119 87 61 45 44 59 8410913014718 912HR1145163235415399999999999999 5 7 391734 4299999999999999
153142117 88 63 46 42 53 74 98118137148147130104 79 61 53 60 7910212213818 913HR1224150999999999999999999999 546 4218 3 5399999999999999
148146130105 80 60 50 51 64 82100116129135129113 93 76 65 66 77 9711513018 914HR 02214813 213599999999999999 625 491829 6499999999999999
140142135117 96 77 63 57 61 73 87100110118120113101 88 78 75 80 9310912318 915HR 047142134312099999999999999 7 4 571854 7599999999999999
132136133124109 92 78 69 67 71 79 88 96102107107103 96 89 84 85 9210311418 916HR 111136143610899999999999999 750 661922 8499999999999999
123128129125117106 94 83 76 74 76 80 85 89 94 98100100 97 94 93 94 9810518 917HR 145129161910099999999999999 858 7420 5 9399999999999999
112118121123121116108 98 89 83 78 76 77 79 83 88 94 99102103101 99 98 9818 918HR 2581231843103999999999999991119 762221 9799999999999999
101105111116120122119113104 94 85 77 72 70 72 78 86 96104109110107101 9518 919HR 4501221944110999999999999991259 70999999999999999999999
 91 92 97105115123126125119108 95 82 71 65 63 68 78 90102112117116108 9618 920HR 615126201811899999999999999 021 911343 6399999999999999
 86 81 82 91104118129133132123109 91 74 62 57 59 68 82 9811212212411710318 921HR 716134204612599999999999999 117 811415 5799999999999999
 87 74 70 76 90108125136141137123104 82 64 54 51 59 74 9210912313012711218 922HR 8 3141211213199999999999999 158 701443 5199999999999999
 92 74 62 62 73 93115133144146138118 94 71 54 47 51 65 8410412213413512318 923HR 844147213813699999999999999 233 611510 4799999999999999
102 78 60 52 58 76101124141151149133108 81 59 46 45 56 76 9811813414113418 924HR 92215122 314199999999999999 3 7 521536 4499999999999999
114 88 64 49 46 59 83109132148154146124 95 68 49 42 49 67 9111313214414318 925HR 958154222914699999999999999 340 4516 3 4299999999999999
127100 73 51 41 45 64 91118139152153138110 81 58 44 44 59 8310712814314818 926HR1035155225514899999999999999 414 401630 4399999999999999
139115 86 60 42 38 49 72100124142152146125 96 70 52 45 53 7410012213914818 927HR1111152232214999999999999999 449 371658 4599999999999999
146129101 73 51 38 39 56 81106127141146135111 85 64 52 53 68 9111513314518 928HR1149146234914899999999999999 526 371727 5199999999999999
148139117 89 65 47 39 45 64 87108125136135121 99 78 64 59 66 8410712613818 929HR1228137999999999999999999999 6 4 391756 5999999999999999
145142129106 82 61 48 44 53 70 89106119125122109 92 77 69 69 80 9811713018 930HR 016145131212699999999999999 647 441826 6899999999999999
138140134120101 80 63 53 51 59 73 87100109114111102 90 81 78 81 921071201810 1HR 04714014 811499999999999999 739 5119 1 7899999999999999
128133133127116101 84 70 60 58 62 71 81 91 99104104100 94 89 87 90 981071810 2HR 131133153610599999999999999 849 581951 8799999999999999
115121125127125119107 92 78 66 61 61 65 72 81 91 99104105102 97 94 93 951810 3HR 3 51271737105999999999999991030 602147 9399999999999999
100106112119126128126116101 84 69 59 55 57 64 75 88101110113110103 95 881810 4HR 5 412919 11139999999999999912 9 54999999999999999999999
 85 87 94105117128136136127109 88 68 53 46 49 59 75 92108120124118104 891810 5HR 631137195212499999999999999 0 8 851314 4699999999999999
 77 71 73 84100118134145146135113 86 62 45 39 44 60 80101120132133120 991810 6HR 738147203213499999999999999 116 7014 2 3999999999999999
 78 62 55 61 77 99122141153154138111 80 54 38 35 46 67 921141341441371161810 7HR 83315621 914499999999999999 2 4 551443 3499999999999999
 88 63 47 42 53 75101126147159156135103 71 46 33 36 54 801061291461501351810 8HR 921161214415199999999999999 248 421520 3299999999999999
106 75 50 35 35 51 77105130150161152126 93 63 41 34 45 69 961211421541501810 9HR10 5161221715599999999999999 330 331555 3499999999999999
127 93 62 39 28 34 55 82108132151156142113 82 56 41 42 59 86112134151156181010HR1047156224815699999999999999 410 281628 3999999999999999
142113 80 51 33 28 39 62 88111132146145127 99 73 53 46 55 77104126143153181011HR1126148231615399999999999999 449 271658 4699999999999999
149129 98 68 45 32 34 49 71 93113129137130111 87 67 56 57 72 95118135146181012HR12 4137234014999999999999999 526 311726 5499999999999999
148137113 86 61 44 37 44 60 79 96111122124114 97 80 67 63 71 88109127138181013HR1240125999999999999999999999 6 1 371752 6399999999999999
143138122100 77 59 47 46 55 69 84 97107112111102 89 78 71 73 84101117129181014HR 0 1143131711399999999999999 637 461817 7199999999999999
135134125110 92 74 61 55 56 65 75 85 94100102100 94 87 80 79 84 95107118181015HR 02213514 410299999999999999 715 541845 7999999999999999
125127124115103 89 76 66 63 65 70 77 83 88 93 95 95 93 89 87 87 91 98106181016HR 0531271530 9599999999999999 8 7 631923 8699999999999999
113117118116110101 90 80 73 69 69 71 74 78 83 88 93 96 96 95 93 92 93 95181017HR 1511181747 9699999999999999 937 692115 9299999999999999
 99104108111112110104 95 86 78 72 68 67 69 73 80 88 96101103102 97 92 87181018HR 34711219 3103999999999999991154 672350 8699999999999999
 86 89 94102109114114109101 90 79 70 64 62 64 71 82 93103109110105 95 85181019HR 5281141939111999999999999991257 62999999999999999999999
 77 75 79 88101112119120115104 89 75 63 57 56 63 75 89103113118115103 88181020HR 64012020 611899999999999999 053 751333 5699999999999999
 73 64 63 72 87104118126126118103 84 67 55 51 55 67 83100115124125114 95181021HR 733127203212699999999999999 134 6314 3 5099999999999999
 75 59 51 55 70 90110125133131118 97 75 57 47 47 58 76 96114128133126107181022HR 818133205813399999999999999 210 511430 4699999999999999
 82 59 44 41 52 73 97118133139132112 87 64 48 43 49 67 90111129139138121181023HR 859139212414099999999999999 245 411459 4399999999999999
 94 66 44 32 35 53 78104125139141128103 76 54 42 43 57 81105126141146136181024HR 939142215314699999999999999 320 321528 4199999999999999
111 79 51 31 25 34 57 85111131143139120 92 66 48 41 49 70 97120139150147181025HR1019143222315199999999999999 356 251559 4199999999999999
128 97 65 39 23 22 38 64 91115134141132108 81 59 46 46 60 86112133147152181026HR1059141225315299999999999999 433 201631 4499999999999999
142116 83 53 30 19 24 44 70 96117132135121 97 73 56 49 55 75101124140149181027HR1139136232415099999999999999 513 1917 3 4999999999999999
148132104 73 46 28 22 31 51 75 97115126124109 88 69 58 57 69 90113131142181028HR1222127235714699999999999999 554 211735 5699999999999999
146139121 94 67 45 30 28 39 57 77 95109116112 99 83 70 64 68 81100118131181029HR1310116999999999999999999999 640 2718 9 6499999999999999
137138129112 90 67 48 37 37 46 61 76 90100106103 94 83 75 72 78 90104116181030HR 03413814 910699999999999999 732 361849 7299999999999999
124128128122108 90 71 55 46 44 50 60 72 83 92 98 99 94 87 82 80 84 91100181031HR 1281291533 9999999999999999 839 441948 8099999999999999
108114119121118109 95 79 64 53 49 51 57 67 77 88 96100 99 94 88 84 83 851811 1HR 3 212117131009999999999999910 8 492151 8399999999999999
 89 96103111117119114103 87 70 57 49 48 53 63 76 89101107107101 91 82 751811 2HR 4501191828108999999999999991139 482358 7399999999999999
 73 75 83 94107118124121110 92 73 56 46 44 51 64 80 96110117116105 89 731811 3HR 6161241919118999999999999991243 44999999999999999999999
 62 57 61 73 89106121129128115 94 71 52 42 42 52 70 89108122128122104 811811 4HR 72413020 012899999999999999 1 4 571331 4099999999999999
 61 47 43 50 67 88108125135132115 90 65 47 38 42 58 80102121135136122 971811 5HR 819136203713799999999999999 152 431411 3899999999999999
 70 47 33 32 44 66 89111129139132111 83 58 42 37 48 70 941161341441391171811 6HR 9 7139211214599999999999999 235 301448 3799999999999999
 86 56 34 23 26 44 68 92115132138127102 74 52 39 41 59 841091291441481341811 7HR 951138214514999999999999999 316 221523 3899999999999999
106 73 44 24 18 27 48 73 96118133133117 91 66 48 41 50 73 991221391491451811 8HR1032135221514999999999999999 355 181556 4199999999999999
124 92 60 34 19 19 33 56 79100119129124104 80 59 47 48 63 881131321441471811 9HR1110129224214899999999999999 432 171627 4599999999999999
135109 78 49 29 20 25 42 64 85103118122112 92 71 56 50 58 78103123137143181110HR114712223 714399999999999999 5 8 201657 5099999999999999
139121 94 65 42 28 25 35 53 72 89104113111 99 82 66 57 58 71 91113128137181111HR1222113232913899999999999999 542 251725 5699999999999999
137126106 81 57 40 31 34 46 62 78 91101105100 89 75 65 61 67 82101117128181112HR1257105235513199999999999999 615 311754 6199999999999999
131126113 94 72 54 42 38 44 55 69 80 90 96 97 92 83 74 68 68 77 90105116181113HR1338 97999999999999999999999 651 381825 6799999999999999
122121115102 85 68 55 47 47 53 62 71 80 86 90 91 87 82 76 73 75 82 92102181114HR 0281221436 9199999999999999 732 4619 6 7399999999999999
109113112106 95 82 69 59 53 54 58 64 71 77 83 87 89 88 84 81 78 79 82 88181115HR 11711316 8 8999999999999999 827 532019 7899999999999999
 94100104104101 93 83 72 64 58 57 59 63 69 75 82 88 91 92 89 85 80 77 77181116HR 2421041739 9299999999999999 950 572239 7799999999999999
 79 85 91 97101100 95 86 76 67 60 57 57 61 67 76 85 93 98 99 94 86 77 70181117HR 4231011835 99999999999999991125 57999999999999999999999
 67 68 75 85 95102103 99 90 79 67 58 54 54 59 69 81 93103107105 96 82 68181118HR 546103191210799999999999999 0 9 671227 5399999999999999
 58 54 58 69 83 97106108104 93 78 64 53 49 51 61 75 91105114116108 92 73181119HR 653109194311699999999999999 1 1 5413 9 4999999999999999
 55 44 42 50 66 85101112114107 92 74 58 47 45 52 67 86104118125122107 84181120HR 748115201412699999999999999 142 421345 4599999999999999
 59 40 30 32 46 68 89107118119108 88 67 50 42 44 57 78 99118131134124100181121HR 836120204613599999999999999 220 291420 4199999999999999
 71 44 25 18 26 46 71 94113124122106 82 60 44 39 47 66 91114131141139120181122HR 921125212014299999999999999 259 181456 3999999999999999
 89 57 30 13 11 24 48 75 99118127120100 74 53 40 40 54 79105126142148138181123HR10 5127215614899999999999999 339 101533 3899999999999999
112 77 44 18  5  7 26 52 79103121127115 92 67 48 40 45 65 91117136148148181124HR1049127223315099999999999999 421  41610 4099999999999999
132101 66 34 11  2  9 30 57 82105120121106 83 61 47 43 54 76103125140148181125HR1134123231114899999999999999 5 4  21647 4399999999999999
143123 91 57 28  9  4 15 36 61 84104116113 97 76 58 48 49 64 87110127139181126HR1219116235214399999999999999 549  41725 4799999999999999
143135113 83 53 28 12 11 23 43 64 84100108104 89 72 59 53 58 73 93111124181127HR13 8108999999999999999999999 636 1018 5 5399999999999999
133134125105 78 52 31 20 20 31 48 65 82 95100 96 85 72 62 59 65 77 93106181128HR 03913514 410099999999999999 727 181851 5999999999999999
116123123116 99 77 56 38 29 30 39 52 66 79 90 95 93 84 74 67 64 68 76 87181129HR 13712415 9 9599999999999999 825 281955 6499999999999999
 97105111114109 97 80 61 46 38 37 44 54 66 78 89 94 94 88 79 71 66 66 70181130HR 2541141624 9599999999999999 933 372135 6599999999999999
 76 84 93101107106 98 84 67 53 44 42 46 55 67 80 91 99 99 94 84 73 64 591812 1HR 4241071737100999999999999991048 422330 5899999999999999
 59 63 72 83 94103106100 88 72 57 47 44 47 57 71 86 98107107100 86 70 561812 2HR 5511061836108999999999999991157 44999999999999999999999
 48 46 51 62 77 91103108104 91 73 57 46 43 49 62 79 95109117115103 84 631812 3HR 7 5108192311799999999999999 045 451252 4399999999999999
 46 35 34 42 57 74 91104111106 91 71 54 44 43 52 69 89106120126120102 771812 4HR 8 511120 412699999999999999 138 331337 4299999999999999
 53 34 24 25 37 55 74 93108113105 87 67 50 41 44 58 79100117129132120 961812 5HR 855113204213299999999999999 223 231417 4199999999999999
 67 42 23 15 21 37 57 78 97111114102 81 60 45 40 48 67 911121271361331141812 6HR 940115211613699999999999999 3 4 151455 4099999999999999
 85 55 31 15 12 22 41 62 83102113111 95 73 53 41 41 55 791031221341381281812 7HR1020114214813899999999999999 343 111530 3999999999999999
104 73 44 21 10 12 27 48 69 89106112105 86 64 47 40 46 66 901131291371341812 8HR1058112221813799999999999999 420  916 4 4099999999999999
118 90 60 33 15 10 18 35 56 76 94107107 95 76 57 44 43 55 771011201321351812 9HR1134109224613599999999999999 454 101637 4199999999999999
125104 76 48 26 14 14 27 45 65 83 97104 99 85 67 51 44 49 65 88109124130181210HR12 7104231313199999999999999 527 1217 8 4499999999999999
127113 90 63 39 22 16 22 37 55 72 87 96 98 90 75 60 49 47 57 75 95112123181211HR1240 98234312599999999999999 559 161739 4799999999999999
124117100 77 53 34 23 23 32 47 63 77 88 93 91 81 68 57 51 53 65 82 99111181212HR1313 93999999999999999999999 631 221813 5199999999999999
117115105 88 67 47 33 28 32 42 56 69 79 86 88 84 76 66 57 55 60 71 84 97181213HR 0171171352 8899999999999999 7 4 281852 5599999999999999
105109105 95 79 61 46 36 35 40 50 61 71 79 84 85 81 74 66 61 59 63 72 82181214HR 1 01091442 8599999999999999 743 341945 5999999999999999
 91 97 99 96 87 74 60 48 41 41 47 55 64 72 79 83 85 82 76 69 64 61 63 68181215HR 158 991550 8599999999999999 830 4121 9 6199999999999999
 75 82 89 92 91 84 73 61 52 46 46 50 57 65 73 80 86 88 86 80 72 64 59 57181216HR 315 9217 2 8899999999999999 931 462255 5799999999999999
 59 65 74 82 88 89 84 75 65 55 49 48 51 58 66 76 86 93 96 93 84 72 60 51181217HR 442 8918 1 96999999999999991047 48999999999999999999999
 47 48 56 67 78 87 90 88 79 68 57 50 47 50 58 70 83 94102105 99 86 69 52181218HR 6 5 90184810599999999999999 013 471158 4799999999999999
 40 34 37 48 63 77 89 95 93 83 70 57 48 45 49 60 76 92105114114103 84 61181219HR 717 95193111599999999999999 1 8 341255 4599999999999999
 40 26 21 27 42 61 79 93101 98 86 69 54 44 42 49 65 85103118125121104 78181220HR 816101201212599999999999999 156 211344 4199999999999999
 50 27 12  9 20 40 62 82 99107102 86 66 49 39 39 52 73 96115129134125102181221HR 9 8107205513499999999999999 241  91429 3899999999999999
 70 39 14  0  1 16 39 64 87105112103 83 61 44 35 39 56 81106126139140126181222HR 957112213814199999999999999 327 -21513 3599999999999999
 96 61 28  3 -9 -4 15 41 67 92109113100 78 55 39 33 41 63 90114133144142181223HR1043114222314599999999999999 412 -91556 3399999999999999
122 89 52 19 -4-13 -4 18 45 72 96111111 94 71 49 35 33 46 70 97120137145181224HR112811323 814599999999999999 458-131638 3299999999999999
139115 81 44 13 -7-11  2 25 51 76 98110105 87 64 44 34 36 52 77101121135181225HR1213110235514199999999999999 544-111721 3399999999999999
141131106 73 39 12 -4 -4 11 34 57 80 98105 97 79 58 42 35 41 58 80101117181226HR1258105999999999999999999999 629 -618 5 3599999999999999
129132120 96 66 37 15  4  8 23 43 64 82 96 99 90 73 55 43 39 46 61 79 96181227HR 043132134410099999999999999 714  41852 3999999999999999
109118119108 87 62 38 22 16 21 35 52 69 84 93 94 85 70 56 47 44 50 61 75181228HR 1361201433 9599999999999999 8 0 161949 4499999999999999
 87 97105106 97 81 61 43 31 28 33 45 59 72 84 91 91 84 72 60 51 47 50 57181229HR 2361071529 9299999999999999 850 2821 4 4799999999999999
 66 75 85 92 94 89 77 63 49 40 38 43 52 64 75 86 92 92 86 76 64 54 47 46181230HR 349 941633 9399999999999999 947 382247 4699999999999999
 49 55 64 73 82 86 85 77 66 55 47 45 48 56 67 79 89 96 97 92 81 67 53 44181231HR 517 871741 98999999999999991053 45999999999999999999999
