  5 34 76119153172173158132103 81 70 74 90118148170176165137 96 50 11-1318 1 1HW 5341741652176999999999999991116 702341-1799999999999999
-17  1 37 85131165180177158128 98 76 68 75 95125156175177161128 84 36 -118 1 2HW 62018117361799999999999999912 2 68999999999999999999999
-21-19  4 46 96142171182175151119 89 71 67 77101133162177174154118 72 2618 1 3HW 7 4182182117899999999999999 025-231247 6699999999999999
 -7-21-13 15 59109150173179167141109 82 68 68 81106138163174167144107 6218 1 4HW 74817919 517499999999999999 1 8-211331 6699999999999999
 21 -5-12  0 31 75120154170170156129 99 77 67 70 85110139159165155132 9618 1 5HW 830172195016599999999999999 151-121416 6799999999999999
 56 23  5  4 19 50 90128153163160144118 92 74 68 72 8711113515015214212018 1 6HW 914164203715399999999999999 234  215 5 6899999999999999
 89 57 32 21 24 40 68103132150155149133109 87 74 69 74 8710712713813812918 1 7HW 958155213113999999999999999 317 2116 1 6999999999999999
112 88 63 46 41 45 60 84111133144146140124103 85 74 70 72 8310011612412618 1 8HW1045147224312699999999999999 4 2 4117 9 7099999999999999
121109 91 74 64 61 65 77 96116132139140134119100 84 73 68 68 77 9010411318 1 9HW1138141999999999999999999999 456 611828 6799999999999999
117118111100 88 81 78 80 88103119130137137130116 99 83 71 63 61 68 80 9418 110HW 034118123713899999999999999 613 781943 6099999999999999
106115120118111102 94 89 88 94106120130137137130115 97 79 65 54 52 59 7218 111HW 214121133713899999999999999 741 882047 5199999999999999
 89106120128128121111102 94 91 96108122133140140131114 93 73 56 44 42 5118 112HW 329129143114199999999999999 853 912141 4299999999999999
 69 91112129138137128115103 93 90 96110126139145143131111 86 63 44 33 3518 113HW 424139151814699999999999999 949 902225 3299999999999999
 49 72 99123141148143130113 98 88 87 97114133146151146129104 75 50 31 2418 114HW 5 514816 0151999999999999991034 8623 3 2499999999999999
 31 51 81112137152155144126105 89 82 85100121142154156145123 92 61 35 2018 115HW 5411551638157999999999999991112 822336 1799999999999999
 19 33 61 95127150160156139116 94 80 77 86106131151161157140112 77 45 2218 116HW 6131611712161999999999999991146 77999999999999999999999
 13 19 41 75112143160163152129103 83 73 76 91115142160164153129 96 59 2918 117HW 643164174516499999999999999 0 7 131217 7399999999999999
 12 11 25 55 93129154164160142116 90 73 70 78 99126151164161144114 78 4218 118HW 711165181816599999999999999 035 101247 6999999999999999
 18  9 16 38 72111143161163151129101 78 67 70 84108137158164154130 97 6118 119HW 738164185116599999999999999 1 2  91317 6699999999999999
 29 13 13 28 55 92128152161156139113 87 68 64 73 91118144160159142115 8118 120HW 8 5161192616299999999999999 128 111348 6499999999999999
 47 23 15 24 44 74110140156157145125 99 75 63 64 77 9812414715714912910118 121HW 83315820 315799999999999999 157 151422 6299999999999999
 69 41 25 25 40 63 93124146154149134112 86 67 59 65 8010112614414913811818 122HW 9 3154204614999999999999999 227 2315 2 5999999999999999
 92 64 43 34 41 57 80107132148149140123101 77 61 57 65 8010012213713912818 123HW 937150213614099999999999999 3 2 341548 5799999999999999
110 89 67 52 49 58 74 94117136146143133116 94 72 58 55 61 75 9411412712918 124HW1017146224212999999999999999 342 491647 5599999999999999
122110 93 77 67 66 74 86102121136142139129112 90 69 55 50 54 65 8210211618 125HW11 9142999999999999999999999 433 6518 3 5099999999999999
123122116104 92 83 81 84 92105120134140138129113 90 68 51 42 42 50 68 9018 126HW 023123121814099999999999999 549 801932 4199999999999999
109122128127119107 96 90 89 93103118132141142134117 92 66 44 30 26 34 5418 127HW 222129133814299999999999999 747 892049 2699999999999999
 80106127139141134120104 93 87 88 99115133145149141122 93 61 33 15  9 1918 128HW 343142145014999999999999999 919 862152  999999999999999
 43 76110137153155145126106 89 80 82 94115137153158149126 91 53 21  0 -518 129HW 4411561552158999999999999991022 792246 -699999999999999
  9 39 79119149165165150126100 80 71 75 92118144163167154126 86 43  8-1318 130HW 5301671645167999999999999991114 712334-1699999999999999
-14  5 43 89132162174169148118 89 69 62 70 92123153171172155122 77 32 -318 131HW 6131751734174999999999999991159 62999999999999999999999
-20-15 11 54103145170178166139106 76 58 56 69 96131160175172151113 66 2218 2 1HW 652178182017699999999999999 018-211241 5599999999999999
 -8-18 -7 25 71119155174174156125 90 64 51 53 71102137164174167142102 5618 2 2HW 73017619 417499999999999999 1 0-181321 5099999999999999
 17 -5 -8  9 45 91133161172164142109 76 54 47 54 76108141163167156129 9018 2 3HW 8 5172194616899999999999999 139 -914 1 4799999999999999
 50 19  6 10 32 68110143162164151125 93 65 49 47 58 8211314115615514111518 2 4HW 837165202915799999999999999 215  61439 4699999999999999
 81 49 29 24 34 57 90124148157152135109 80 59 49 51 64 8611413514414112718 2 5HW 9 8157211314499999999999999 249 241520 4899999999999999
105 78 55 45 46 58 80108133146148139122 97 73 57 52 56 68 8811012513012718 2 6HW 93714922 313099999999999999 322 4416 4 5299999999999999
117100 81 67 63 68 79 97118135141138128111 90 71 60 57 60 70 8610311411818 2 7HW10 8141232011899999999999999 355 6317 0 5799999999999999
117111101 89 82 82 86 94108122132135130121106 88 73 64 60 61 68 80 9310318 2 8HW1047135999999999999999999999 434 811822 6099999999999999
110113113107101 97 96 97102111121128129126119106 91 77 67 60 58 62 72 8518 2 9HW 124114114712999999999999999 553 961956 5899999999999999
 97108116120117112107103100102109118125128127121110 94 79 66 55 50 53 6418 210HW 3 2120132312899999999999999 81110021 9 5099999999999999
 80 97113125130127120111102 97 97104115125131132127114 96 77 59 46 40 4518 211HW 4 6130144413399999999999999 927 9622 4 4099999999999999
 60 81104123137140134121107 95 89 91101115129138140132115 93 69 48 34 3018 212HW 4491401542140999999999999991019 882246 3099999999999999
 40 62 89116137148147134116 98 84 80 85101121138148147135112 84 55 33 2218 213HW 5231491627149999999999999991059 802322 2199999999999999
 24 41 70103132151157148128105 84 72 72 84106130149157151132103 69 39 2018 214HW 55415717 5157999999999999991133 712353 1499999999999999
 14 24 50 85121148161159142116 89 70 62 68 87115143160162149123 88 51 2418 215HW 62216217391639999999999999912 4 62999999999999999999999
 10 13 32 65105139160164154129 99 72 57 56 70 96128155167162141109 70 3518 216HW 648165181216799999999999999 021  91233 5599999999999999
 13  8 20 47 86125153165161141111 79 56 48 55 76108141163168155128 92 5318 217HW 713166184516999999999999999 047  813 1 4899999999999999
 23 10 15 35 68108142162163150124 91 61 44 44 59 86120151167163144113 7518 218HW 736165191916899999999999999 113 101331 4299999999999999
 40 19 16 30 56 91127154163155135105 72 47 38 45 65 95129155164154130 9818 219HW 8 0163195616499999999999999 139 1514 2 3899999999999999
 64 36 25 31 50 78111141158157142118 87 57 38 36 48 7210213315315514111718 220HW 826160203615699999999999999 2 8 251438 3599999999999999
 88 60 41 38 50 71 98126148155147129103 73 48 35 37 52 7510413014414312918 221HW 856155212314699999999999999 240 371519 3499999999999999
109 85 64 53 56 70 89112134148148137117 93 66 45 36 40 54 74 9912113213118 222HW 932150222313399999999999999 316 5316 9 3699999999999999
122107 90 76 70 75 86101118134143140129111 89 65 47 39 41 51 67 8910812018 223HW1016143235812399999999999999 4 1 701717 3899999999999999
123120113101 91 87 89 95105117129135134126112 92 70 52 41 38 42 55 75 9518 224HW1119136999999999999999999999 5 6 871854 3899999999999999
111121126124116107100 96 96101110121130133129119100 77 55 39 30 30 41 6118 225HW 212126125913399999999999999 731 962031 2899999999999999
 85108126136138130118105 95 90 91101115128137138129110 84 56 33 18 15 2718 226HW 337138143913999999999999999 919 892142 1599999999999999
 52 82113136150151139121102 86 78 79 92112132146150141118 86 52 23  5  318 227HW 4331521550150999999999999991021 772237  299999999999999
 19 50 88124150162159142116 91 72 63 68 87114140158162150122 83 44 12 -518 228HW 51716316461629999999999999911 8 632325 -799999999999999
 -3 19 57100138163171160135103 75 56 50 62 87121151169170153119 75 33  318 3 1HW 5551711734171999999999999991150 50999999999999999999999
 -9 -1 29 72118153172172153121 86 57 41 42 60 93131161175172149110 65 2518 3 2HW 630174181817699999999999999 0 6 -91228 3999999999999999
  0 -5 11 47 93136164174165139102 66 41 32 40 65103141167176166139 98 5418 3 3HW 7 1174185917699999999999999 044 -513 3 3299999999999999
 21  5  9 32 71115150168168151119 81 49 31 29 44 74113148168170155124 8518 3 4HW 730171193717199999999999999 119  41337 2899999999999999
 48 25 19 30 57 96133158165156133 99 63 38 28 33 53 8612215016215814011018 3 5HW 755165201416299999999999999 151 1814 9 2899999999999999
 76 48 36 38 55 83117145158156140113 81 51 34 32 42 65 9612614515014212418 3 6HW 819159205115099999999999999 219 351440 3199999999999999
 98 72 55 52 61 79104131149152142123 97 68 47 38 41 54 7510112413613612818 3 7HW 842152213013799999999999999 245 521512 3799999999999999
113 93 76 68 71 82 98119137145141128109 86 64 49 46 51 63 8110211712412318 3 8HW 9 8145221912499999999999999 311 681549 4699999999999999
117107 94 85 83 88 97110124135137130117101 82 66 57 56 60 68 82 9610711318 3 9HW 940137999999999999999999999 341 831639 5599999999999999
114113108101 96 97100105113122128128122112100 85 73 65 63 63 67 76 88 9818 310HW 0 7114102312999999999999999 424 961823 6399999999999999
106112116115111107105104105109116121121119114105 93 80 71 64 60 61 68 8018 311HW 219116114212299999999999999 7161042025 5999999999999999
 93106117125125120113107101 98101108115121123121113100 85 71 59 51 51 5918 312HW 33412614 612399999999999999 9 2 982133 5099999999999999
 75 94113128136134125113100 90 87 91102115126132131121104 84 64 48 39 4118 313HW 419137152213299999999999999 958 872220 3899999999999999
 55 78103126142147139123104 87 76 75 85102121137144140126102 76 51 34 2818 314HW 4531471612144999999999999991037 742257 2899999999999999
 36 58 88118142154152137113 89 70 62 66 83108133150155146124 94 62 36 2218 315HW 5221551652155999999999999991111 622329 2099999999999999
 22 39 69105136156162151127 96 69 53 50 63 88120147162162146116 80 46 2318 316HW 5491621727164999999999999991141 492358 1699999999999999
 16 25 50 87125153166161141109 75 49 39 44 65 99135161171162139103 64 3318 317HW 61416618 1171999999999999991210 38999999999999999999999
 17 18 36 69109144165167152123 86 52 32 30 44 74113149171173157126 87 5018 318HW 637168183517499999999999999 025 151239 2899999999999999
 25 18 29 55 92131159169160136101 63 33 21 27 50 86127160174168146112 7318 319HW 7 1169191117599999999999999 052 1813 8 2099999999999999
 42 26 29 47 78115148166164147116 79 42 20 16 31 60 98137164170158132 9918 320HW 725168194817199999999999999 119 251340 1599999999999999
 65 41 36 47 69100133157164154130 97 60 29 14 18 38 6910714116016014512018 321HW 752165202916299999999999999 149 351416 1499999999999999
 90 64 50 52 67 90117143158156140113 81 48 24 16 25 46 7611013815014713318 322HW 823160211615199999999999999 221 491456 1699999999999999
112 89 70 64 70 85105127145152145127102 73 45 27 23 32 51 7710612813713518 323HW 858152221613799999999999999 257 641544 2399999999999999
125111 94 83 80 87 98112128140142133118 97 73 50 35 32 38 52 72 9511412418 324HW 941142235712799999999999999 343 801648 3299999999999999
127124116105 97 95 97102110121130131126116100 80 60 45 38 38 46 62 8310218 325HW1044132999999999999999999999 454 951829 3899999999999999
116126129126118109103 99 98101110119124125121110 92 72 54 40 34 37 50 7218 326HW 2 3129124512599999999999999 749 972014 3499999999999999
 95115131140138128115102 91 85 87 97110123131132124105 81 57 37 26 26 4118 327HW 320140144013399999999999999 917 852128 2499999999999999
 66 95122142152148133113 93 77 69 73 87108128142146137115 86 55 31 17 1918 328HW 4121521551147999999999999991012 692223 1699999999999999
 38 69104135155161152130102 77 58 52 61 83111138156159147120 84 49 23 1118 329HW 4521611645160999999999999991055 5223 8 1199999999999999
 18 44 81119150166165147117 84 56 40 39 56 86121151168168150117 77 41 1818 330HW 5271681731170999999999999991133 382348 1199999999999999
 12 26 58 99137163171161135 98 63 37 26 33 58 95134163175170145108 67 3518 331HW 55817118121769999999999999912 8 26999999999999999999999
 18 20 42 79120153170169149115 76 42 22 20 35 67109146170176164134 95 5818 4 1HW 625172184917699999999999999 024 171240 1999999999999999
 34 26 37 64103140164170158131 93 55 27 16 21 45 82123155171170152120 8418 4 2HW 650170192517399999999999999 055 261310 1599999999999999
 54 39 41 58 89125154166161142109 72 39 20 17 31 59 9713415816515813610618 4 3HW 712167195816599999999999999 123 381338 1699999999999999
 76 56 51 60 81111141159160147122 89 55 30 21 27 45 7511013915415414312218 4 4HW 735162203015699999999999999 149 5114 5 2199999999999999
 96 74 64 67 80102127149156149130104 74 46 31 30 41 61 8911713814514112918 4 5HW 75915621 514599999999999999 213 631434 2899999999999999
111 91 78 76 84 98116136148147134115 91 65 46 38 42 55 73 9611813113312818 4 6HW 826149214613399999999999999 239 7515 6 3899999999999999
119106 93 87 89 97109123136141135121104 84 65 52 49 55 65 80 9711312112318 4 7HW 858141225412399999999999999 311 871545 4999999999999999
121116108100 97100105112121129131124113100 85 71 62 60 63 69 79 9210411218 4 8HW 940131999999999999999999999 356 971644 6099999999999999
117120119114108105105105108114120122118112103 92 80 71 67 65 67 73 85 9818 4 9HW 119120104612299999999999999 55310519 9 6599999999999999
109119126127122115108102 98 98104111116118117112101 89 77 67 61 59 66 7918 410HW 24212713 911899999999999999 825 972044 5999999999999999
 96112127136136128115102 91 85 86 94107118125128123110 93 76 62 52 50 5918 411HW 332137145112899999999999999 924 842139 5099999999999999
 78101123139147142128108 90 75 69 74 89108126138141133116 93 70 51 42 4418 412HW 4 814715481419999999999999910 5 692221 4199999999999999
 59 84113138153155143120 94 71 56 54 66 89116139152153140115 86 59 40 3418 413HW 4391561631154999999999999991039 542256 3499999999999999
 43 66 98130153163156135104 73 49 38 44 64 96130155166160140109 75 48 3318 414HW 5 61631710166999999999999991111 382327 3199999999999999
 34 50 81117148166166150120 82 49 28 25 39 69108145169174162135 99 63 3918 415HW 5321681747175999999999999991142 242358 3299999999999999
 32 40 65100137163172162136 98 58 26 12 18 41 80123160178176157125 87 5518 416HW 5571721825180999999999999991213 12999999999999999999999
 37 38 54 84121154172170150117 75 35  9  4 18 49 93137169180172148113 7718 417HW 62417319 218099999999999999 028 351246  399999999999999
 51 43 51 73105139165173161134 96 53 18  0  3 25 6110514617117616213610318 418HW 652173194217699999999999999 059 431321 -199999999999999
 73 55 54 68 92122151168166147116 77 38  9  0  9 35 7211414916616515012618 419HW 723169202616899999999999999 132 521359  099999999999999
 97 74 64 69 85107134155163154132101 65 31 10  7 20 45 7911614415615314018 420HW 757163211615699999999999999 2 8 641441  699999999999999
120 97 81 77 84 98117137151153141120 92 61 34 18 18 30 52 8211213414314218 421HW 836154222114499999999999999 249 771530 1799999999999999
133119103 92 90 95104118132141140130113 90 65 43 31 31 39 55 7910412313318 422HW 923142999999999999999999999 342 901635 3099999999999999
136133123111102 99 99102111121128129123113 97 76 57 45 40 43 54 73 9511418 423HW 0 2136103312999999999999999 527 991813 4099999999999999
127136137131120109101 94 93 98107116122124120108 90 72 56 46 42 49 66 8918 424HW 141138125312499999999999999 747 931952 4299999999999999
111129142145138125109 94 82 78 82 94109122131132122104 83 62 46 39 45 6318 425HW 249146143713399999999999999 9 0 7821 5 3999999999999999
 89115137151153142123101 80 65 60 68 86108128142146136115 88 63 44 36 4418 426HW 338154154514699999999999999 952 6022 0 3699999999999999
 66 96126149161157140114 85 61 46 45 59 84114139156158144119 88 60 41 3718 427HW 4171611638159999999999999991034 442246 3699999999999999
 50 77110141161167156130 97 65 41 30 36 58 91125153167165146116 83 55 4118 428HW 4501671723169999999999999991111 302325 3999999999999999
 42 61 93128155169166146114 77 45 25 20 34 64103139165174166142108 75 5318 429HW 52017018 2174999999999999991145 202359 4599999999999999
 45 54 79113145166171158131 93 55 27 14 19 41 78119153172174160131 97 6918 430HW 5461711838176999999999999991216 14999999999999999999999
 54 54 70 99132159170165144110 71 37 17 13 25 55 95134162173168148118 8818 5 1HW 610171191217399999999999999 030 521244 1299999999999999
 67 60 68 89119148166167153126 90 53 26 14 19 39 7211214516416715713410618 5 2HW 633169194316899999999999999 057 601311 1499999999999999
 82 70 71 84107135157165157136106 71 40 22 20 32 56 9012515016015714412118 5 3HW 658165201416199999999999999 123 691338 1999999999999999
 97 81 77 84100122145159158143119 89 59 35 26 31 47 7310413214915214613218 5 4HW 725160204715299999999999999 149 7714 6 2699999999999999
112 94 85 87 97112131148154146128105 78 53 38 36 45 62 8511213314214213618 5 5HW 756154212714399999999999999 218 841438 3599999999999999
124108 96 92 96106118133144144133116 95 73 54 45 48 58 73 9211312813513418 5 6HW 831146222413599999999999999 255 921515 4599999999999999
130121109101 99103109119129136134123109 92 75 61 56 59 66 78 9411012312918 5 7HW 915136999999999999999999999 345 9916 5 5699999999999999
131129123113106103103106113121127125118108 96 81 70 65 66 70 78 9110611918 5 8HW 0 7131101612799999999999999 5181031722 6599999999999999
128133134128117107101 97 97103112119121120114104 91 79 71 68 68 75 8810518 5 9HW 13413412 212199999999999999 729 961926 6799999999999999
120133140140132117103 91 84 84 91103116124127125115100 85 73 65 64 71 8718 510HW 23014114 412899999999999999 835 832041 6399999999999999
108127142149146132112 91 76 67 69 81100119133140137125106 86 69 60 59 7018 511HW 311150151414099999999999999 922 662133 5899999999999999
 91116139154157148126 99 73 55 49 55 75102128147154149132108 83 64 55 5818 512HW 34615816 61559999999999999910 1 492215 5499999999999999
 74101130153165162143114 80 51 34 32 47 75110141162167157135105 77 58 5318 513HW 4171651651168999999999999991037 312253 5399999999999999
 62 84115146167172160133 95 57 28 16 21 44 80122156175176160132 99 71 5618 514HW 4471721733178999999999999991113 152330 5499999999999999
 56 71 98132161176172152117 74 35  9  3 16 47 91136169183179158126 92 6718 515HW 5181771814184999999999999991149  2999999999999999999999
 57 63 84114148172179167139 98 53 16 -4 -3 18 56103148177185175151118 8618 516HW 551179185618599999999999999 0 6 571227 -699999999999999
 66 63 75 98130160177176156123 80 36  4 -9 -1 26 6711515517818116714211118 517HW 625179194018299999999999999 042 6213 6 -999999999999999
 84 71 73 87111141166175167143108 66 26  1 -5  8 37 7812215617317215813418 518HW 7 2175202617499999999999999 121 701348 -699999999999999
106 86 78 83 98121146164167155130 96 58 24  6  5 20 48 8612515216416214918 519HW 741168212016499999999999999 2 3 781433  399999999999999
128106 91 87 92105124144156156142120 90 58 31 18 19 33 58 9112314415415318 520HW 826158222515599999999999999 252 871524 1699999999999999
144127109 97 94 97105120136144143133115 91 64 43 33 34 44 64 9211813714618 521HW 920145234614999999999999999 359 941627 3299999999999999
148142128113102 96 95 99110123131132127116 98 77 59 49 46 52 68 9111413218 522HW1040132999999999999999999999 547 951751 4699999999999999
144148144131116103 93 87 88 97109120126128123109 91 75 62 56 58 70 9111318 523HW 1 3148124912899999999999999 722 861920 5599999999999999
132146152147133115 98 83 73 73 83 98113126134133122105 87 71 61 61 73 9318 524HW 2 5152142513599999999999999 831 722032 6099999999999999
116137152157149132109 87 68 58 59 72 92113133145145134115 94 76 64 64 7718 525HW 254157153414799999999999999 925 562131 6299999999999999
100125146160161148125 98 71 51 42 47 66 93120143156156142120 96 76 66 6918 526HW 33516216281589999999999999910 9 422218 6599999999999999
 85110137157166161142113 82 54 36 31 42 68101132156166162144118 93 75 6918 527HW 4101661713167999999999999991048 312259 6999999999999999
 76 97125150166169156131 97 63 37 24 26 45 77114146166172162140112 88 7518 528HW 4411701752172999999999999991123 232334 7299999999999999
 74 87111140162171166146115 78 46 25 18 28 55 92130158173172157131104 8418 529HW 5 91721827175999999999999991154 18999999999999999999999
 76 82100127153170171158132 97 61 32 18 20 38 70109144167174167147120 9618 530HW 53617219 017499999999999999 0 6 761224 1799999999999999
 82 81 92114141163172165145115 79 46 25 19 29 53 8812615516917015713510918 531HW 6 3172193117199999999999999 035 801252 1999999999999999
 90 84 89104127152167168154130 98 63 36 23 26 42 7010513816016716214612318 6 1HW 63217020 216799999999999999 1 3 841319 2399999999999999
102 89 88 98115137158166159141114 82 52 33 28 37 57 8611914615916015213618 6 2HW 7 3166203516199999999999999 132 871348 2899999999999999
115 98 91 95106123143158160148127100 72 48 36 38 51 72 9912814715515314318 6 3HW 737161211315599999999999999 2 5 911419 3599999999999999
128110 98 95101112128144153150136115 91 67 49 43 50 64 8410813214615014718 6 4HW 814154215915099999999999999 245 951455 4399999999999999
138123108 99 99104114127140146140126108 87 67 55 53 61 74 9211313214314618 6 5HW 859146225914699999999999999 334 981537 5399999999999999
143135122108100 99102110122133137132121107 90 73 64 64 70 81 9611513214218 6 6HW 956137999999999999999999999 443 981632 6399999999999999
145144135121107 97 94 95102113125131129123112 97 83 74 72 76 84 9911713318 6 7HW 011146111613199999999999999 615 931748 7299999999999999
144149146136119102 90 83 83 90104118128132130121107 93 82 77 78 8610011918 6 8HW 11314913 713299999999999999 733 821922 7799999999999999
137149154150136115 93 77 67 67 77 95115131141141133118101 87 79 78 8710318 6 9HW 2 3154143614299999999999999 831 662036 7899999999999999
125145158161152133106 79 59 49 51 66 90117140153155146127106 89 78 78 8918 610HW 247161154015699999999999999 920 482132 7799999999999999
109134155167167152126 92 61 39 30 36 58 90124152167168155132107 87 77 7918 611HW 32716916331699999999999999910 5 302221 7699999999999999
 93117145167176170148115 76 41 19 14 26 56 95135165179177159133104 84 7618 612HW 4 61761720180999999999999991048 1323 5 7699999999999999
 81100127157177181169141101 58 23  3  3 22 59104147176187180159129100 8118 613HW 44618218 6187999999999999991130  12348 7699999999999999
 77 86108139167184183164130 87 42  8 -7 -1 25 66115157183190179154123 9518 614HW 5261861851190999999999999991213 -7999999999999999999999
 80 80 93117148175186179156118 73 30  0 -9  2 33 7712616418518717314711618 615HW 6 7186193718899999999999999 031 781256 -999999999999999
 92 81 84100125155177183172145107 63 23  0 -4 12 44 8913416618118016513918 616HW 650183202418399999999999999 115 811341 -599999999999999
111 91 84 89105130156173175161135 98 57 24  7  8 26 58 9913816417517115618 617HW 735176211417599999999999999 2 3 841427  699999999999999
132108 92 87 93107129152165164150126 93 59 33 21 25 42 7110814016016716318 618HW 825166221016799999999999999 256 871516 2199999999999999
149127106 93 89 93105125143153151141121 94 66 47 39 42 57 8311313915516118 619HW 922153231016199999999999999 4 1 891611 3999999999999999
158144124106 94 88 89 99115131140141135121100 79 64 57 59 71 9211713815118 620HW1039141999999999999999999999 521 881718 5799999999999999
157154142123105 92 83 82 89104118129134134126110 94 81 74 73 81 9912013818 621HW 013157122813599999999999999 642 811837 7299999999999999
151157153140121102 86 75 71 78 92108123134138134122108 95 86 83 8910412318 622HW 11115714 313899999999999999 752 711953 8399999999999999
141153158154138117 96 77 64 60 67 84103123138147144134119104 93 89 9511018 623HW 2 4158151814799999999999999 852 602057 8999999999999999
129146158161153135111 87 66 52 49 60 80105129147156154141124108 96 92 9918 624HW 249162161515799999999999999 942 492150 9299999999999999
116136154164164152129101 74 53 41 42 58 83113139158165159144124106 95 9418 625HW 33016517 2165999999999999991025 402235 9399999999999999
105124146162169164147120 89 61 41 33 40 62 93125152168171160140119102 9418 626HW 4 616917411729999999999999911 3 332314 9399999999999999
 97112134156170172161138107 74 48 32 30 44 72107140164175172155132110 9618 627HW 4401731816175999999999999991138 292348 9399999999999999
 93101120145165175171154126 92 60 37 27 33 53 8712415417217716714612210218 628HW 51217518491779999999999999912 9 27999999999999999999999
 93 95108130155172176165143111 76 47 30 28 41 6810413916517617315913511118 629HW 544176191917699999999999999 020 921239 2799999999999999
 96 92 99116141164175172156129 95 62 38 29 34 53 8512115217017416614812318 630HW 616176194917599999999999999 050 9213 6 2999999999999999
102 92 94105125150169174164143113 80 51 34 33 45 6910213616017116915713618 7 1HW 649174202017299999999999999 121 921334 3299999999999999
113 97 92 98112133155169168153129 99 68 45 37 43 59 8511714616416816214718 7 2HW 724170205116899999999999999 154 9214 3 3799999999999999
126105 93 93102117138157165159141117 88 62 46 45 55 7510112915216316315418 7 3HW 8 2165212516499999999999999 231 921435 4499999999999999
138117100 92 94104120139155158149131108 83 63 53 57 70 8911313815516115818 7 4HW 84515922 516199999999999999 314 921512 5399999999999999
147131111 96 90 94103118136149150141125105 85 69 64 70 8310012214215515818 7 5HW 936151225115999999999999999 4 5 901555 6499999999999999
154143125106 92 86 89 98113129141143137125109 92 80 77 82 9310812714515618 7 6HW1042143234515899999999999999 5 8 861649 7799999999999999
158152140121101 86 79 80 88103121134140138131118104 93 89 9210011313114718 7 7HW1215140999999999999999999999 624 7918 3 8999999999999999
157159153139118 96 78 68 67 75 92112130141145141131116104 97 9710311513318 7 8HW 04615914 014599999999999999 738 661936 9699999999999999
150161164157139114 88 66 53 51 61 81107131148157155144127111101 9810311618 7 9HW 147164151915799999999999999 842 512055 9899999999999999
136155168170161139109 78 52 36 34 47 73105136159170168154134114100 9610118 710HW 243171162017099999999999999 938 342157 9699999999999999
117140162176177164138102 66 36 20 20 37 69109146171182177160135111 96 9218 711HW 3351781711182999999999999991029 182250 9299999999999999
100120146171184183166134 93 52 21  6 10 33 72117157182190182160131105 9018 712HW 4251861758190999999999999991117  52338 8899999999999999
 89100124153179191186164127 82 39  9 -3  7 36 80128167190194181154123 9818 713HW 51319118431959999999999999912 4 -3999999999999999999999
 85 86102129160185194185159119 72 30  3 -4 11 45 9214017619319217514511418 714HW 6 0194192719599999999999999 024 841248 -499999999999999
 91 81 86104134165187192179151109 63 25  4  4 23 6010715018019118516513418 715HW 64619220 919199999999999999 110 811332  199999999999999
105 85 79 87107137166184185170141101 59 28 14 18 40 7712115817918517615318 716HW 733187205218599999999999999 156 791415 1399999999999999
124 97 82 79 88109137163176174159132 96 61 37 30 38 60 9513216117517616518 717HW 822177213417799999999999999 244 781459 3099999999999999
142115 92 81 79 89109134155164162148125 95 69 53 50 59 8011014016116916718 718HW 916165221917099999999999999 337 791544 5099999999999999
155133109 90 81 80 88105127144151150141123101 82 72 72 80 9712214415816318 719HW102115223 616399999999999999 438 791635 7199999999999999
160147127106 90 81 78 85 99117132140142138126111 98 91 90 9611012914515518 720HW1154142999999999999999999999 548 781740 9099999999999999
159155143124104 89 79 75 79 9210812213314014013312311310710410711713214518 721HW 0 1159133514199999999999999 7 3 7519 410499999999999999
154157153141123104 88 75 69 72 8310011613114314714313412411611111212013418 722HW 1 1157145914799999999999999 814 69202311099999999999999
146155158154141122102 83 69 61 64 77 9611713615115615214213011911211212118 723HW 2 015816 215699999999999999 914 61212711199999999999999
135149159162156141120 97 76 60 53 59 75 9912414616116415814412911610911118 724HW 25516216491659999999999999910 5 53221710899999999999999
122139155165167158140115 88 65 50 46 56 7910813615817117015814012210910418 725HW 3421671728172999999999999991047 46225810499999999999999
110125145163172171158134105 76 54 42 43 60 8812115117017717115313111210118 726HW 42317318 1177999999999999991124 402334 9999999999999999
100111131154171178171153124 91 62 43 36 45 6910313816517917916614311910118 727HW 5 01781831181999999999999991157 36999999999999999999999
 94 99115140164179180168143110 76 49 35 36 53 8412115417618317615612910618 728HW 53518119 018399999999999999 0 7 941226 3499999999999999
 92 91101123151173183178159129 93 61 40 34 43 6710213916818118116714211518 729HW 6 8183192718399999999999999 037 901253 3499999999999999
 94 86 91107133161180183170146113 77 49 36 39 56 8512215517618117315412718 730HW 641183195318199999999999999 1 7 861318 3699999999999999
101 86 84 95115143168181177159131 97 65 45 41 51 7310514016617817616213918 731HW 715182201817999999999999999 137 831345 4099999999999999
112 90 81 85100123150171178167146117 85 59 48 52 68 9312415317217616714918 8 1HW 751178204517699999999999999 210 811413 4799999999999999
125100 83 79 87105129154170170156134107 80 62 58 67 8611113816117216915718 8 2HW 831172211617399999999999999 246 791445 5799999999999999
137113 90 78 78 89107130152163160147127104 83 71 73 8510312514816416916218 8 3HW 917164215216999999999999999 327 771522 7099999999999999
148128105 85 75 77 88105126145154152141125107 92 85 8910011513415216416518 8 4HW1015155223616699999999999999 418 7516 7 8599999999999999
157143123100 82 73 74 82 9811813614614714113111710510010311012213715216118 8 5HW1136147233516399999999999999 523 7217 810099999999999999
162155141122 99 80 69 66 72 8610612614014714714113011911311111512313615018 8 6HW1334148999999999999999999999 647 66184611199999999999999
160163158145124 99 77 61 55 58 72 9411813915315815514413111911311311913218 8 7HW 05216315 715899999999999999 811 55203611299999999999999
148162168165151128 99 71 51 40 43 59 8511614416317116815413612010910611318 8 8HW 211168161117299999999999999 920 40214810699999999999999
129149167176174158131 96 63 37 25 29 49 82120154176184177159135113100 9718 8 9HW 31917717 2184999999999999991017 242243 9799999999999999
107127153175186183164131 91 52 24 12 20 46 86130166188193181156127102 8818 810HW 41718717461939999999999999911 8 122331 8799999999999999
 88102129159184195189165127 82 41 14  6 19 51 97143179196195177147114 8918 811HW 5 91951827198999999999999991154  5999999999999999999999
 78 82101133167192200190162120 72 32  9  7 26 65113158188199191167133 9918 812HW 55720019 519999999999999999 015 771237  599999999999999
 77 70 79103139173196200185154110 64 29 13 18 42 8413117019219518115211718 813HW 643201194119699999999999999 057 701317 1299999999999999
 86 68 66 80108144176194193176143101 60 34 26 36 6410514717719018616713618 814HW 728196201519199999999999999 138 651356 2699999999999999
102 76 64 67 83113148175186182163132 95 63 46 45 59 8812515817818317315218 815HW 813187204818399999999999999 219 631434 4399999999999999
121 91 71 64 70 89117147168174168151124 94 73 64 68 8310914016417417216018 816HW 9 0174211917599999999999999 3 1 641510 6499999999999999
138110 85 71 69 76 93118142157160155141121100 87 85 9010512614816316716118 817HW 953160215216799999999999999 346 681547 8499999999999999
148127104 85 75 74 80 9511513314414814613712311110410410911913515015915918 818HW11 8148223016099999999999999 441 74163010399999999999999
153141123103 89 81 79 82 9310912313313914213913112311911812012713814815318 819HW1259142232715399999999999999 556 79175211899999999999999
153148138123107 94 85 80 80 8810111412713714414514013412912512312713514418 820HW1436146999999999999999999999 728 79195312399999999999999
149151149141127111 97 85 76 74 81 9411012714215215414914113212412012313118 821HW 1 1151154515499999999999999 846 7421 912099999999999999
141149154154146131113 96 80 69 66 74 9111213415216216215414112811711311718 822HW 227155163016499999999999999 944 6622 311399999999999999
128142154162161151133111 89 70 59 59 72 9512114616517216715313511810610418 823HW 32816217 6172999999999999991030 57224310399999999999999
112129148163171168153130102 77 58 49 55 75105136161176178166145122104 9518 824HW 41417117361799999999999999911 7 492318 9499999999999999
 97112135158174179171150120 89 62 46 44 58 86121153176184178158131106 9018 825HW 45317918 5184999999999999991139 432349 8699999999999999
 86 95117145170184183168140106 72 49 40 46 68103140170185186170144113 9018 826HW 52718518301879999999999999912 7 39999999999999999999999
 79 82 99127158181189181159126 88 58 41 40 55 85124159182188179156125 9518 827HW 559189185418999999999999999 018 781232 3899999999999999
 76 72 83107140171189189174145108 73 48 41 49 7210714517418718416613810518 828HW 631191191718899999999999999 045 711257 4099999999999999
 78 66 71 89118153180191183161129 93 62 47 49 65 9412916218218517314911818 829HW 7 4191193918699999999999999 114 661322 4699999999999999
 86 66 62 74 97129162184186172147115 82 60 54 64 8611514817318317715813118 830HW 73918820 418399999999999999 143 621349 5499999999999999
 99 73 60 63 80106138166181177160134105 79 66 68 8410713416117717816514318 831HW 817181203217999999999999999 216 591419 6599999999999999
115 86 65 58 66 85111141164172165149126103 84 79 8610312414716617416915318 9 1HW 9 117221 517599999999999999 254 581453 7999999999999999
130104 79 63 60 70 88112137155161155142125108 96 9510411713415116516816018 9 2HW 955161214616899999999999999 340 601535 9499999999999999
144124100 78 65 63 71 8510612814415014814213111911111011612513614915916118 9 3HW1114150224116199999999999999 440 62163210999999999999999
154142124103 82 69 64 67 77 9411513214314814814213212412112112413214315218 9 4HW1325149999999999999999999999 6 6 64182412099999999999999
156154146131110 88 71 60 57 64 8010312514315515915514413312311711612213418 9 5HW 0 915715 015999999999999999 749 57204011699999999999999
147157160156142119 93 69 52 45 50 68 9512414916617216715213411710610411118 9 6HW 15816016 017299999999999999 9 7 45214710399999999999999
127147163171168153126 94 63 41 31 38 61 95131161180184173152126105 91 8918 9 7HW 31717216461849999999999999910 7 312238 8999999999999999
101124151173184180161128 90 54 29 21 32 62103144175191190172143112 87 7518 9 8HW 4171851725193999999999999991056 212321 7499999999999999
 77 96126159184195189164125 82 44 21 18 36 72118160188198189163128 93 7018 9 9HW 5 819618 1198999999999999991140 17999999999999999999999
 61 70 96133169194202190160117 72 37 20 24 49 90137175196197180147108 7518 910HW 554202183419999999999999999 0 0 611220 1999999999999999
 55 53 69101142178200202185151107 65 37 28 39 69113155185197189164127 8818 911HW 63720419 519799999999999999 038 511257 2899999999999999
 59 47 51 73110151183199195174139 97 63 44 43 61 9413417018919017414510718 912HW 719200193319299999999999999 114 461331 4199999999999999
 72 51 45 56 83120157183191183160127 92 67 58 65 8611815217718517715612518 913HW 759191195918599999999999999 149 4514 3 5899999999999999
 91 63 50 51 66 94128159176178168146118 93 78 77 8810913616217617416113918 914HW 839179202417799999999999999 223 481433 7699999999999999
110 81 61 55 61 78103132154164163153136115 99 94 9810912714716416816114618 915HW 923165205116899999999999999 258 5515 2 9499999999999999
126101 79 67 66 73 8710813014515115014413211911011011412313615015915814918 916HW1019151212316099999999999999 337 65153510999999999999999
136119 99 84 77 77 82 9210712313413914114013412612212212513013814615114818 917HW12 914122 615199999999999999 428 76162412299999999999999
141132119104 92 86 84 85 9110211512513314014314113613212912712813213914218 918HW14 3143232814399999999999999 615 84192412799999999999999
142140134125112101 92 86 82 85 9410712113414515114914313612812212012313118 919HW1515151999999999999999999999 8 8 82205111999999999999999
138143145142133120106 92 81 75 77 8810512414215616115614513211911010811518 920HW 2 1145155916199999999999999 916 74214310899999999999999
126139149154152141123104 85 71 65 70 87110135156168169158140121105 96 9718 921HW 31315416331709999999999999910 3 652222 9599999999999999
110128147160166160144120 95 73 59 56 68 92122150170178171152127104 88 8218 922HW 4 116617 2178999999999999991041 562254 8299999999999999
 90110136159173175164141111 81 60 49 54 74106140167182182166139109 84 7118 923HW 4401761729184999999999999991112 492324 7099999999999999
 73 90118149173184180161131 96 67 49 46 60 88125159182188178153119 87 6618 924HW 5141851753188999999999999991140 452352 5999999999999999
 60 70 95130164186191179152116 81 55 45 51 74108147176189185165132 96 6618 925HW 54619118151909999999999999912 6 45999999999999999999999
 51 54 74107146178194191171139101 68 50 49 65 94131166187189174146109 7318 926HW 619195183719099999999999999 020 501232 4799999999999999
 49 43 55 83121160187195184158123 87 62 53 62 84116152179189180157124 8618 927HW 65219519 118999999999999999 048 431258 5399999999999999
 54 39 42 62 95135170190189172144110 80 64 65 8010613716718418316613810318 928HW 727192192718699999999999999 118 381325 6299999999999999
 68 43 36 47 72106144173185178159132103 81 74 8210012515217418117215012018 929HW 8 6185195618199999999999999 151 361356 7399999999999999
 87 57 40 40 55 81113146168174165147125103 89 88 9911713815917317215813618 930HW 850174202917499999999999999 229 381431 8799999999999999
108 79 55 43 47 62 861141411581611541411251091011041141271431571651611471810 1HW 944162211016599999999999999 314 43151410199999999999999
128104 79 60 51 55 66 851081311451501481411311201151161211291391491541511810 2HW11 815022 615499999999999999 411 51161511499999999999999
141127108 87 69 60 59 65 78 981181341441491481411321251211201221281381441810 3HW1321149234814699999999999999 539 59185812099999999999999
146143134119 99 80 66 58 58 67 861081291461561591521401281171101081141261810 4HW1445159999999999999999999999 733 57204310899999999999999
138147151146132111 88 67 53 48 57 77104131154168170160142122105 93 911001810 5HW 2 1151153917199999999999999 853 482141 9099999999999999
118138155164161146120 90 63 45 39 50 75108141167180178161135108 86 73 741810 6HW 319164162118199999999999999 951 392226 7299999999999999
 90116144167178174155123 87 56 37 34 50 82121156181189179154120 88 65 551810 7HW 4171791657189999999999999991039 3323 5 5599999999999999
 62 86120155180190183157120 81 49 33 36 59 97138172191191172138100 66 461810 8HW 5 51911729193999999999999991121 322342 4199999999999999
 42 58 90130167191197184153112 73 46 37 47 76117157185194184157117 77 471810 9HW 5491981759194999999999999991159 37999999999999999999999
 33 37 61100143178197197177143102 68 48 47 65 98139173190189170136 95 57181010HW 629199182619299999999999999 016 321234 4599999999999999
 34 28 41 71113155184196189166130 94 67 58 65 87121157181188177151114 75181011HW 7 7196185118899999999999999 049 2813 5 5899999999999999
 44 29 32 52 86127163184188176151118 90 73 72 85110141168182178160130 94181012HW 744188191518299999999999999 120 291333 7199999999999999
 61 39 34 44 67101137165177175161137111 91 84 90105128154172174163141112181013HW 819177194017599999999999999 149 3414 0 8499999999999999
 81 55 43 45 59 82113142160165160147128109 98 98107121140158167162147125181014HW 85716520 716799999999999999 219 421427 9799999999999999
100 75 58 53 60 74 94119139150152147138124112108111119130144155157148133181015HW 942152203915799999999999999 252 5315 010899999999999999
116 95 77 67 67 73 84100118133140142140135126119118120125132140146145137181016HW11 3142212014799999999999999 331 66154711899999999999999
126113 98 85 78 78 82 88 99113124132137140138132127124123123125131136135181017HW1310140222613699999999999999 431 78183912299999999999999
131125117106 95 88 85 84 86 94106119130140146145139131124117113114120127181018HW1426146999999999999999999999 7 1 84201811399999999999999
131133132126116104 93 85 79 79 88102119135148155153142129116105 99102111181019HW 112133151415599999999999999 830 782112 9999999999999999
123134141142137124108 92 79 71 72 84104126146160164156139119101 88 84 91181020HW 245143154916499999999999999 924 702151 8499999999999999
107126143153155145127105 85 69 62 68 86112139161172169153128102 81 69 70181021HW 33815516191739999999999999910 4 622224 6899999999999999
 85110136157167165150125 97 74 59 57 70 96127156175179167142110 80 59 53181022HW 4201681646179999999999999991038 562255 5399999999999999
 63 87119151172179170148117 86 63 54 59 80112146172184178157123 86 56 41181023HW 45717917111849999999999999911 9 532324 3999999999999999
 42 62 95134167185185169140105 75 57 55 68 96132164184186170139 99 61 35181024HW 5321871735187999999999999991138 532354 2899999999999999
 28 39 68108150180192185162129 93 67 56 63 84116151179188179154117 75 39181025HW 6 619218 01889999999999999912 6 56999999999999999999999
 21 23 43 79123164188193179151116 84 65 63 77103136167186185166134 94 53181026HW 642193182718899999999999999 025 191236 6299999999999999
 24 14 25 52 92136172189186168139106 81 70 76 94121152176185174149114 74181027HW 720190185718599999999999999 057 1413 7 7099999999999999
 38 17 16 33 63104145173183175155129101 83 81 91110135160177177160133 98181028HW 8 0183192917999999999999999 133 141340 8099999999999999
 62 32 19 24 43 74111146167171163145123102 91 93105122142161170164146120181029HW 84617220 617099999999999999 213 181419 9199999999999999
 89 58 35 27 35 53 80112141157159153140123108102105114126141154158151135181030HW 944160205115999999999999999 259 2715 810299999999999999
113 88 62 45 39 45 59 81108131145150148141128117111111115122132142145140181031HW1112150215214599999999999999 356 39162611199999999999999
130115 95 74 58 52 53 61 781001221371461501461361241161101081101181281341811 1HW13 1150235013599999999999999 521 5119 510899999999999999
135132123107 88 72 61 56 59 72 93116135149156154142127113101 93 931021151811 2HW1414157999999999999999999999 710 552028 9299999999999999
128137141136122102 82 65 55 55 68 90116140158165160144123102 84 74 75 881811 3HW 2 114115 716599999999999999 830 532123 7399999999999999
108129145154151136112 87 65 51 52 67 93123150168173162140111 84 63 54 601811 4HW 316155154817399999999999999 930 5022 8 5499999999999999
 80107136158168164144116 86 62 49 53 72103137164178176158127 93 63 43 381811 5HW 4121691624179999999999999991018 482247 3899999999999999
 51 79114148171180171147114 82 59 50 59 85119153176183173146109 72 42 271811 6HW 5 018016551839999999999999911 0 502323 2599999999999999
 29 50 86127161182186172142107 77 58 56 72102138167183181162128 87 50 261811 7HW 5421871724184999999999999991138 552356 1899999999999999
 18 29 58 99141173188185165133 99 73 62 68 89121155177183172145107 66 341811 8HW 6211891750184999999999999991211 62999999999999999999999
 17 18 37 72115154179187177153121 92 74 71 83108139167180176157125 86 491811 9HW 657187181618199999999999999 027 151241 7099999999999999
 25 17 26 52 90131163179179165139110 88 79 83100125153173176163139105 69181110HW 731181184117799999999999999 056 1713 9 7999999999999999
 39 24 25 41 69106141164172167151127103 89 88 97115138160171165147121 89181111HW 8 417219 917199999999999999 124 231336 8799999999999999
 58 37 31 39 58 86119146160162154138118101 94 98109126145160162151131106181112HW 838163193916399999999999999 153 3114 5 9499999999999999
 78 54 42 43 54 73 99125145152151143130114104102107117131145154150137118181113HW 917153201315499999999999999 224 41144010199999999999999
 96 74 58 52 57 68 85106126139144142137127115108108112119129139143138126181114HW1013144205514399999999999999 259 52153010899999999999999
111 94 77 66 64 69 77 90107123133138139136128119113111111115122130132128181115HW1151139215313299999999999999 345 6417 811199999999999999
121110 98 85 76 74 76 81 91105119130137141140132121113107104105111119124181116HW1317141233812599999999999999 455 74191910399999999999999
125122116106 94 85 80 78 80 88102118132142147145134120107 96 90 91 99111181117HW1413148999999999999999999999 7 7 782024 9099999999999999
121128130126116103 90 81 76 76 86102122139151155148133113 94 80 73 77 90181118HW 155130145415599999999999999 825 752110 7399999999999999
108125137142138126108 91 78 71 73 86107131150161161148125 98 75 60 56 65181119HW 3 5142152816399999999999999 917 702148 5699999999999999
 86112135151156149131108 87 72 67 73 91118144163170162141110 78 53 40 42181120HW 355156155917099999999999999 959 672223 3999999999999999
 59 88122149166167155132104 80 67 65 78102132159174174157127 90 54 30 23181121HW 4371691628176999999999999991036 642257 2399999999999999
 33 59 97135165178175156127 97 74 64 69 87117148172181171146108 66 31 12181122HW 5171791658181999999999999991110 642331  999999999999999
 12 30 65109150177185176152119 89 70 66 77101133163181181163130 87 44 13181123HW 5561851729183999999999999991144 65999999999999999999999
  0  8 35 76123163184186171143110 83 70 72 89115147174184175150112 67 26181124HW 63518718 218499999999999999 0 6  01219 6999999999999999
  1 -4 11 44 89135169184181162133102 80 74 82101129158178180164134 95 51181125HW 716185183718199999999999999 043 -51255 7499999999999999
 16 -3  0 20 55100142170179171152124 98 82 81 92112137162175170151120 82181126HW 759179191517599999999999999 123 -41334 8099999999999999
 43 13  2  9 32 67108144165169161143119 98 87 89100118139159166158138109181127HW 848170195816699999999999999 2 5  21419 8799999999999999
 75 42 20 14 23 44 76111141156159152137117101 93 95103117135149153144128181128HW 945160204715399999999999999 252 141515 9399999999999999
104 76 49 32 29 36 54 81111135148152147135119105 97 96100110124135139134181129HW1058152215313999999999999999 347 281643 9699999999999999
123106 83 62 48 44 48 61 83108129142149147137121107 97 91 90 97109121127181130HW1220149234812999999999999999 5 0 441837 9099999999999999
129125113 96 78 64 57 56 65 84106126141150150140123105 91 80 76 81 941081812 1HW1329151999999999999999999999 635 561957 7699999999999999
121130132125111 93 77 66 61 68 84107128145155154141121 98 79 64 58 65 811812 2HW 148132142415699999999999999 757 612057 5899999999999999
102121137143139124104 85 70 64 70 88111135153161156139113 86 62 46 42 531812 3HW 3 614415 916199999999999999 9 3 642146 4299999999999999
 75102128148156150133110 88 72 66 74 95121145162166155132101 70 44 30 301812 4HW 4 6156154816699999999999999 956 662228 2899999999999999
 47 76109139160166157136110 87 71 69 81105133156169167149120 84 51 28 181812 5HW 4541661622170999999999999991040 6823 5 1899999999999999
 25 49 85122152170172158133105 83 72 75 92119147166172162138103 66 35 161812 6HW 5371731653172999999999999991119 712340 1299999999999999
 13 28 59 99137163176171152124 97 80 74 83105133158172170153123 85 48 221812 7HW 6141761722173999999999999991153 74999999999999999999999
 10 16 38 75116150170175165141113 90 78 80 94118146166172162139105 67 341812 8HW 649175175117299999999999999 012 101224 7799999999999999
 16 12 26 54 93131159171169153128102 85 80 88106131156169166150122 87 521812 9HW 721172182017099999999999999 041 121253 8099999999999999
 26 16 21 40 72110143162167159140116 95 84 85 97117141160165156135105 72181210HW 752167185016699999999999999 1 9 161322 8399999999999999
 42 25 23 34 57 90123148160159148128106 91 86 92105125146159157142119 90181211HW 823161192316099999999999999 137 221353 8699999999999999
 61 38 29 34 50 74104132149154149137119101 90 90 98111129146152145129106181212HW 857154195915299999999999999 2 6 291429 8999999999999999
 80 56 41 39 48 64 87113135146147141130113 99 92 94101113128141143133117181213HW 937148204014399999999999999 238 381514 9299999999999999
 98 76 57 48 51 61 76 96118135142142136125111 98 93 94100110123132132124181214HW1028143213113399999999999999 316 481615 9399999999999999
111 95 78 64 59 62 71 84102120133139140135124109 97 91 90 93102114123124181215HW1134140224312599999999999999 4 2 591743 9099999999999999
120111 99 85 74 70 72 78 89104120133139141135123107 93 84 80 82 91104115181216HW1243141999999999999999999999 5 7 701911 8099999999999999
121121117108 95 85 79 78 81 90105122135143144137122102 84 71 65 68 79 96181217HW 035122134014599999999999999 645 772015 6599999999999999
112124129128120106 93 84 79 81 91107126141150149138117 93 70 54 48 53 69181218HW 220130142715199999999999999 814 7921 5 4899999999999999
 92115132142141131115 97 84 78 81 93112134150158153136109 79 52 35 30 40181219HW 32714315 915899999999999999 915 782150 3099999999999999
 62 93123145156153140118 97 82 76 81 96120144161165155131 97 61 32 15 14181220HW 42015615481659999999999999910 4 762232 1399999999999999
 31 61 99135159168162143117 93 77 74 82103130155170170153122 82 42 12 -2181221HW 5 61681627172999999999999991048 732313 -299999999999999
  4 27 66110148171176165141112 87 73 73 87111141166177170147110 65 24 -4181222HW 54917617 7177999999999999991129 712354-1299999999999999
-12  0 31 75122159178179163135104 80 71 75 93121152174179166137 96 49  9181223HW 6311811747180999999999999991210 70999999999999999999999
-14-16  3 39 87134167180175156126 96 76 70 79100129159177176158125 82 37181224HW 713180182917999999999999999 036-181251 7099999999999999
  1-16-11 12 52 99142169177168146116 89 73 72 84106135161173168147114 71181225HW 757177191217499999999999999 117-161335 7199999999999999
 30  1 -9  0 26 65110146166169158136108 85 73 75 87108135157165156135104181226HW 842170195816599999999999999 2 1 -91422 7399999999999999
 65 30  9  4 16 42 79117146160160149127102 83 74 76 87107130147152144125181227HW 930162205015299999999999999 246  41517 7499999999999999
 98 66 38 23 22 34 57 89121143153152141121 99 82 75 75 84100120134138133181228HW1024154215313899999999999999 334 211626 7499999999999999
119 98 73 53 42 42 51 70 97122139147146136118 97 82 73 71 76 90107120126181229HW1124148232912699999999999999 432 411751 7199999999999999
126118104 85 70 61 59 65 80102122136144143134116 96 80 69 63 66 77 93107181230HW1229145999999999999999999999 547 591913 6399999999999999
118124123114100 87 78 73 75 87105122136144144134115 94 75 60 51 53 64 81181231HW 124124133014599999999999999 713 732023 5099999999999999
