 -5 -5 13 45 82117140146138119 97 77 65 67 84110140166180176152116 73 3118 1 1IS 653147181718199999999999999 030 -81224 6499999999999999
 -3-20-15  9 46 88124146150139118 95 75 64 69 90119150175186176148107 6118 1 2IS 74315119 318699999999999999 117-211312 6499999999999999
 18-14-26-16 13 53 96131150150135113 89 70 63 72 96127157180186172140 9718 1 3IS 829152195018699999999999999 2 4-271358 6399999999999999
 52 11-17-24 -9 23 64105136150145128106 83 67 63 7610113115917818016312918 1 4IS 914150203718299999999999999 249-251444 6399999999999999
 88 46  9-13-14  5 38 77113138146139121 99 79 66 66 8010413115617016814918 1 5IS 959146212417199999999999999 334-161531 6499999999999999
117 80 43 14 -1  3 24 55 89119138141131114 94 76 66 68 8210412714615615218 1 6IS1043142221415699999999999999 418 -21621 6699999999999999
134106 75 45 24 15 23 44 71100123136136125109 91 76 69 71 8310011813213918 1 7IS112913723 713999999999999999 5 1 151717 6899999999999999
135120 97 73 52 37 34 43 62 85107125133131121106 90 77 70 71 79 9210511718 1 8IS1217133999999999999999999999 545 341824 7099999999999999
122120109 93 76 61 52 52 61 76 95112125131128119105 91 78 70 68 72 80 9118 1 9IS 012122131013199999999999999 632 511949 6899999999999999
102108109104 94 82 72 66 66 73 85100115126131128119106 91 77 66 60 61 6818 110IS 13711014 913199999999999999 728 652120 6099999999999999
 78 90100105104 98 90 81 76 75 80 91104118128133130121106 89 71 58 50 5018 111IS 32010515 813399999999999999 838 742231 4999999999999999
 57 69 85 98107109105 96 87 81 79 83 94108122133138133121103 82 62 46 3718 112IS 44610916 213899999999999999 949 782322 3799999999999999
 39 49 66 85103113115110100 89 81 79 84 97113129140143136119 97 72 49 3218 113IS 5451161648143999999999999991048 78999999999999999999999
 26 31 47 69 92111121121113100 86 78 77 86102121138148148135113 86 58 3418 114IS 628123172914999999999999999 0 2 261135 7699999999999999
 19 17 29 51 77103121128123111 95 81 73 76 90110131148155149131103 72 4218 115IS 7 412818 515599999999999999 038 161214 7399999999999999
 20 10 15 33 61 90115130131121104 87 73 70 78 97121143157159147122 90 5618 116IS 735132183916099999999999999 110 101249 7099999999999999
 27  9  6 19 44 75105126135130114 95 78 67 69 84107133154164159139109 7418 117IS 8 5135191216499999999999999 141  51322 6699999999999999
 41 16  4  9 30 59 91118134135124105 85 69 64 72 92118144161165153127 9318 118IS 834137194516699999999999999 211  41355 6499999999999999
 58 28  9  6 19 45 77107129137131115 95 76 64 64 7810212915216416114211218 119IS 9 3137201916599999999999999 241  51430 6299999999999999
 77 45 20  9 14 34 63 94121136136124106 85 69 61 67 8511113615416115112818 120IS 933138205416199999999999999 311  815 5 6199999999999999
 96 64 36 18 15 28 52 82109130138132116 97 78 65 62 72 9211713815215213818 121IS10 4138213215499999999999999 342 141544 6199999999999999
113 83 55 33 23 27 45 70 97120134136126109 90 73 63 64 76 9611713514414018 122IS1038137221514499999999999999 414 231627 6299999999999999
125101 75 52 37 33 42 62 86109127136133121103 85 71 63 65 77 9511312713318 123IS111613623 613399999999999999 448 331718 6399999999999999
128114 93 73 56 47 47 58 76 97116130135130117100 83 70 62 64 73 8710211518 124IS12 1135999999999999999999999 527 461821 6299999999999999
121118107 92 77 65 59 61 71 87104120131135130117100 83 68 59 57 63 75 8918 125IS 012121125513599999999999999 615 591944 5799999999999999
102110112107 97 86 77 72 73 80 92108122133138133121103 83 65 52 45 48 5818 126IS 14511314 013899999999999999 723 712113 4599999999999999
 73 90104112112107 98 88 82 79 84 94109125138144141127107 83 59 40 29 3018 127IS 332113151014499999999999999 852 792228 2899999999999999
 41 60 82103117122118108 97 86 81 83 93110129145154151135110 81 51 26 1218 128IS 4591221616154999999999999991016 802329 1099999999999999
 12 26 51 80108126133128116100 86 77 79 91112135155166162142111 75 39 1018 129IS 6 11331715166999999999999991122 76999999999999999999999
 -5 -2 17 49 84117137143134117 98 80 70 74 90115143166177170146109 67 2718 130IS 65014318 817799999999999999 021 -61216 7099999999999999
 -3-17 -9 17 54 94128147148135114 90 71 62 69 91121152176185174144103 5818 131IS 734150185718599999999999999 1 9-1713 5 6299999999999999
 17-12-21 -7 25 66107139153149130105 80 62 56 68 94127159182187170136 9318 2 1IS 814154194418799999999999999 153-211350 5699999999999999
 49 10-14-16  4 40 82121148155144121 95 70 54 52 69 9813216218118016012418 2 2IS 852155203018399999999999999 235-181434 5199999999999999
 82 41  8 -8 -2 23 60100133152151135111 84 61 49 53 7310213315917216714418 2 3IS 928154211417399999999999999 314 -91517 4899999999999999
110 73 38 13  6 19 47 82116141150144124100 75 56 49 57 7710413115115814918 2 4IS10 4151215815899999999999999 351  616 0 4999999999999999
127 97 66 40 25 26 43 70100126143145134114 91 70 56 52 62 8010212313714018 2 5IS1039146224314099999999999999 426 231645 5299999999999999
130111 87 64 47 41 48 66 90113132140137124105 86 69 58 57 66 80 9711212118 2 6IS1115141233512399999999999999 459 411736 5699999999999999
122114 99 83 68 59 59 68 84103120132135130117101 84 70 62 61 66 76 88 9918 2 7IS1153135999999999999999999999 532 581840 6099999999999999
106107103 95 85 77 73 75 83 95109121128130124114100 86 73 65 61 62 68 7718 2 8IS 045107124213099999999999999 611 732012 6199999999999999
 86 94 99 99 96 92 87 84 86 91100110119125127123114102 88 75 64 56 55 5818 2 9IS 239100134912799999999999999 712 842150 5599999999999999
 66 77 89 98103103100 96 92 90 93 99108117124128126118105 89 72 58 48 4418 210IS 43610415 912899999999999999 855 902257 4499999999999999
 48 59 74 90103111112108100 93 89 90 96106118128133132122106 86 65 48 3618 211IS 5391121617134999999999999991023 892343 3499999999999999
 34 42 58 78 98113121119111100 89 84 85 94108123136142138124103 79 54 3518 212IS 61812117 8142999999999999991119 83999999999999999999999
 25 27 41 63 88110125128122108 93 81 76 81 95114133147150142123 96 67 4118 213IS 649128175015199999999999999 020 2512 1 7699999999999999
 23 17 26 47 75103124134131118100 83 71 70 81101124145158157141115 84 5218 214IS 716135182615999999999999999 052 171236 6999999999999999
 27 13 15 33 60 91119136139129110 89 71 62 67 85111137157165157135103 6918 215IS 74214019 116599999999999999 122 121310 6299999999999999
 37 16 10 21 46 78110134144138121 98 75 60 56 69 93122149166168152123 8818 216IS 8 7144193516999999999999999 151 101343 5699999999999999
 53 26 11 14 34 65 99128145146132109 84 63 51 55 7410313415817016314110818 217IS 833148201017099999999999999 219 101417 5099999999999999
 72 41 19 14 26 53 86118142150142121 96 71 52 46 57 8211314216216715312618 218IS 9 0150204616799999999999999 248 131452 4699999999999999
 92 60 34 20 24 44 75107134149149133109 83 59 45 46 62 8911914515915713918 219IS 928151212416099999999999999 317 191529 4399999999999999
111 80 52 34 29 41 65 95123143151143123 97 72 52 43 48 68 9412114115014418 220IS 95915122 615099999999999999 348 2816 9 4399999999999999
125 99 73 52 41 44 60 85111134147147134112 88 65 49 44 52 71 9411613213718 221IS1032149225513799999999999999 419 401654 4499999999999999
130113 92 72 59 54 62 79100122138145141127105 83 63 50 46 53 69 8810611918 222IS1110145235812499999999999999 453 541749 4699999999999999
124119106 91 79 71 70 78 92110126137141136123104 83 65 52 47 51 62 77 9218 223IS1159141999999999999999999999 534 6919 5 4799999999999999
105112112106 98 90 85 84 89 99112124134138135124108 89 70 54 45 43 49 6218 224IS 12911313 713899999999999999 636 842041 4399999999999999
 78 94106112113108102 97 93 94 99108120131139140132117 96 74 53 38 31 3418 225IS 331113143714099999999999999 824 932210 3199999999999999
 47 66 87107119123120113103 95 90 92101115131144149144128104 76 49 28 1718 226IS 5 212316 1149999999999999991011 902317 1799999999999999
 20 36 61 89114131135130118103 89 81 82 94113135153162156137107 73 41 1618 227IS 55513617 8162999999999999991121 80999999999999999999999
  4 10 32 63 98127144145134116 95 77 68 72 89115142165174166141106 67 3118 228IS 63614618 317499999999999999 0 9  41213 6799999999999999
  5 -3  9 37 74112141154150132107 82 62 55 64 88119151175182169139 99 5818 3 1IS 712155185218399999999999999 054 -31258 5599999999999999
 22 -1 -3 17 51 92129154160147123 94 67 48 45 61 91126159181183164130 8918 3 2IS 747161193618599999999999999 135 -51339 4499999999999999
 49 16  0  7 34 72112145162159139110 79 53 38 41 63 9613216318017615211718 3 3IS 819163201918199999999999999 212  01419 3799999999999999
 78 42 17 10 26 57 95131156163151125 95 65 42 33 43 6910313616117116113618 3 4IS 85116321 017199999999999999 247 101458 3399999999999999
102 68 40 24 28 50 82116144159157138110 80 54 37 35 50 7610713515315614318 3 5IS 921161214015799999999999999 319 231536 3499999999999999
118 90 63 44 39 50 74104131150156145123 96 69 48 38 42 58 8310812914013918 3 6IS 950156222114199999999999999 349 381614 3799999999999999
125104 82 64 54 57 73 96120139149147132110 85 64 48 44 50 66 8610511912518 3 7IS101815023 712599999999999999 416 531654 4499999999999999
122110 95 80 70 68 76 91110127139142135120100 80 63 53 51 58 70 84 9810818 3 8IS1048142999999999999999999999 443 681742 5199999999999999
111109102 93 85 80 82 91103116128134133125112 96 80 68 60 58 61 69 79 8918 3 9IS 0 6111112313499999999999999 512 801850 5899999999999999
 97102103101 97 93 92 94 99107116123127126120110 98 85 73 65 60 60 63 7118 310IS 151103121712799999999999999 557 922037 5999999999999999
 80 90 98104106105103100 99101105110117121123120114103 91 78 66 58 54 5618 311IS 4 9106135512399999999999999 756 992211 5499999999999999
 63 75 89101111115114109103 98 96 98104112120125126121110 95 78 62 50 4518 312IS 51611515381269999999999999910 1 9623 9 4599999999999999
 48 59 76 94111122125120111100 91 87 90100112125134136129114 94 72 53 4018 313IS 55112516441369999999999999911 4 872349 3699999999999999
 37 44 61 83106124133131120105 90 80 77 85100118135145145134113 88 62 4218 314IS 6191331730147999999999999991145 77999999999999999999999
 30 32 47 70 98122138141132114 94 77 67 69 83105129148157152134107 77 5018 315IS 64314118 915799999999999999 023 291220 6699999999999999
 30 24 34 57 86116139148143126102 79 61 56 65 87115142161165153128 96 6418 316IS 7 7149184616699999999999999 053 241253 5599999999999999
 37 23 25 44 74107136153153138113 86 61 47 48 66 95127155170167148117 8318 317IS 731155192117199999999999999 122 221326 4599999999999999
 51 29 22 34 61 95128152160151127 97 68 45 36 45 7110513916417316313710318 318IS 756160195817399999999999999 151 2214 0 3699999999999999
 70 42 27 30 51 83117147163161141112 80 51 32 30 48 7911514716716915212318 319IS 823164203617199999999999999 221 251435 2899999999999999
 91 60 39 32 45 72105136159166154128 95 63 38 25 30 54 8712114916315913918 320IS 852166211716499999999999999 251 321512 2499999999999999
110 81 57 44 46 65 93124149163161143113 81 52 30 24 35 61 9212314515314618 321IS 92316522 115399999999999999 322 421552 2499999999999999
126101 78 61 55 64 85112137155161152130101 71 46 30 28 41 65 9311813514018 322IS 956161225214099999999999999 355 551637 2799999999999999
132115 96 80 71 71 82102123142153153142120 94 68 47 35 35 46 66 8810812218 323IS1033155235712799999999999999 429 691731 3399999999999999
127122111 98 89 84 86 96111127139146145134116 94 72 54 42 40 47 61 78 9618 324IS1122147999999999999999999999 511 841843 4099999999999999
109117117113106100 97 97103112123132138139132119100 81 63 49 42 44 53 6718 325IS 134118123613999999999999999 620 962020 4299999999999999
 84101113120120117111105101101105113123132137136127112 92 71 52 40 36 4318 326IS 333121142213899999999999999 8321012151 3699999999999999
 57 78 99118129131127117106 97 92 93102115130142146140124101 75 51 34 2818 327IS 4491311555146999999999999991017 912258 2899999999999999
 34 53 78106128141142133117100 85 77 79 91111133151158152132105 74 45 2618 328IS 53314317 3158999999999999991118 762349 2199999999999999
 21 32 56 88119143153148132110 87 68 60 66 85112140162169159135103 68 3818 329IS 6 915317561699999999999999912 5 60999999999999999999999
 20 20 37 68104136157161148124 96 70 50 46 58 85118149171175160131 96 6118 330IS 642162184317699999999999999 031 181246 4599999999999999
 32 19 26 51 86123153167162141111 79 51 35 37 57 89125157175174154122 8618 331IS 713168192617799999999999999 1 9 191324 3499999999999999
 53 30 25 41 72108143166170155127 94 61 36 26 35 61 9713316117316614211018 4 1IS 74317120 617399999999999999 144 2514 1 2699999999999999
 77 49 34 39 62 95130158171165142110 76 45 26 24 40 7010513816016515212718 4 2IS 812171204616599999999999999 216 341437 2299999999999999
 97 69 50 45 58 85117146165168153125 92 60 35 23 29 50 8011213815315213618 4 3IS 840169212515499999999999999 246 441512 2399999999999999
113 88 67 56 61 80106134155164158137108 77 50 32 27 38 61 8811513414213718 4 4IS 9 616422 414299999999999999 313 561546 2799999999999999
121102 83 70 68 79 99122143156156144121 93 67 46 35 36 50 71 9311412713018 4 5IS 932158224713099999999999999 340 671622 3499999999999999
123110 96 84 78 82 95113131145150144129108 84 63 48 43 47 60 77 9410911718 4 6IS10 0150234111999999999999999 4 7 7817 2 4399999999999999
119114105 96 89 89 95106120132140140132118100 81 65 55 52 56 66 78 9110218 4 7IS1033141999999999999999999999 438 881754 5299999999999999
109112110106101 98 98103110119127131130124113 99 85 72 63 60 61 67 75 8618 4 8IS 1 6112111913299999999999999 524 981914 6099999999999999
 97105111113112109106104105108113119123124121114103 91 79 70 63 61 63 7118 4 9IS 3 9113124312499999999999999 7101042059 6199999999999999
 82 95107116121120116110104101101105111118123124120111 99 84 71 61 56 5818 410IS 425121144512499999999999999 9281002214 5699999999999999
 67 82 99115126130127119108 97 91 90 96106118128132129119103 85 68 55 5018 411IS 5 513016 8132999999999999991036 8923 3 5099999999999999
 54 68 88109127138139130115 99 85 77 79 90106124138143138124103 80 60 4718 412IS 53414017 2143999999999999991119 772341 4499999999999999
 45 55 75100125143149143127105 84 68 63 70 88112135151154144124 98 72 5118 413IS 6 01491746155999999999999991155 63999999999999999999999
 40 44 62 89118143157155140116 89 65 50 50 66 92122148163161145119 89 6218 414IS 625158182616499999999999999 015 401230 4899999999999999
 43 38 50 76108138160166155130 99 69 45 34 42 67100134160171163141110 8018 415IS 65116619 517199999999999999 047 3813 5 3499999999999999
 54 40 43 64 95129157172168147115 80 48 27 23 40 7210914416717315913210118 416IS 718173194617399999999999999 119 391341 2299999999999999
 71 50 43 55 82116149171177163134 97 61 30 14 18 43 7911815016916815012218 417IS 748177202717199999999999999 152 431418 1399999999999999
 92 67 52 53 72103136163178174152118 80 45 18  9 20 49 8612315116415913918 418IS 820179211216599999999999999 225 501458  999999999999999
113 88 68 60 69 91121150170177166139104 67 35 14 11 27 56 9112314615514718 419IS 85417722 015599999999999999 3 0 601540 1099999999999999
129107 87 74 73 85108134156169170154126 93 60 34 18 19 35 62 9111913714318 420IS 931171225514399999999999999 336 721628 1699999999999999
136122106 92 84 87100119139155162159143118 89 61 39 27 29 42 64 8911112718 421IS1013163999999999999999999999 417 841723 2699999999999999
132129120109100 96 98108122136147152148136115 92 68 49 38 38 47 63 8310318 422IS 0 513211 815299999999999999 5 9 961834 3799999999999999
118127127123116109104104108116126135141141134119100 79 61 48 43 48 60 7818 423IS 137128123014299999999999999 63610320 1 4399999999999999
 97115127132130124115107102101105113124134139137127110 91 70 54 45 46 5718 424IS 311132141613999999999999999 8411002124 4599999999999999
 75 97118134140138130117103 92 87 90100115131142145137121 99 76 56 44 4518 425IS 41514115461459999999999999910 8 872229 4399999999999999
 57 78104128145151145131112 92 77 70 75 90111133149154146127102 76 54 4318 426IS 45815116531549999999999999911 5 702320 4299999999999999
 45 61 87116142158158146125100 76 59 54 64 85112139157162150128100 73 5118 427IS 5341601746162999999999999991150 54999999999999999999999
 43 50 72102133157168161141113 84 58 42 42 58 85118147164165149124 95 6818 428IS 6 6168183216799999999999999 0 2 431230 4099999999999999
 50 47 62 89121151170172157129 97 65 40 29 36 59 91126154167162143116 8718 429IS 637173191416899999999999999 039 4613 7 2999999999999999
 63 51 57 78108140165176169146113 79 47 26 22 37 6510013415816515513310618 430IS 7 7176195416599999999999999 113 511343 2299999999999999
 81 62 58 71 97128156174175159130 95 61 33 19 23 44 7611014015715814412218 5 1IS 736177203316099999999999999 144 581417 1999999999999999
 97 76 65 70 89116144166175167144112 77 47 25 20 31 56 8711814215214813218 5 2IS 8 3175211115399999999999999 214 651450 1999999999999999
111 90 76 73 84106132155169169154127 95 63 38 25 26 43 68 9712314014413718 5 3IS 831171215014499999999999999 243 731523 2399999999999999
121103 88 80 84 99120142159165158138111 82 55 37 30 37 55 7910412413513518 5 4IS 859165223213699999999999999 312 801558 3099999999999999
127113100 90 88 95111130146156156145124 99 74 53 41 40 50 67 8710712212918 5 5IS 929158232112999999999999999 342 871635 3999999999999999
127120110100 95 96105118133144149145133114 93 72 57 49 51 60 74 9110711818 5 6IS10 5149999999999999999999999 419 941720 4999999999999999
124123119112105102103110120130138140135124109 92 76 64 59 60 67 78 9210518 5 7IS 026124105114099999999999999 5101011819 5899999999999999
116122124121116111107106110116123129131129121110 96 82 72 65 65 69 79 9118 5 8IS 15312412 113199999999999999 6371061939 6499999999999999
105117126129128122114108103103107114121127128124115103 89 77 69 66 69 7818 5 9IS 311129134512899999999999999 8331032059 6699999999999999
 92109123134137134125114102 94 92 96105117127132131123109 94 79 68 64 6818 510IS 4 2137151913299999999999999 952 9222 2 6499999999999999
 80 98117134145146138124106 90 80 78 85100117132141140130114 94 77 64 6118 511IS 4381471626142999999999999991043 782250 6199999999999999
 68 85108131149157152137116 93 73 62 64 77 98122142152149135115 92 72 6018 512IS 5 81571718152999999999999991124 612331 5899999999999999
 60 73 96123148164166153130102 74 53 44 51 73101131153162156137112 87 6718 513IS 53816718 51629999999999999912 3 44999999999999999999999
 58 63 83111141165176170148117 83 53 32 29 44 73108140163169158135108 8218 514IS 6 9176184916999999999999999 0 9 581241 2899999999999999
 64 60 72 98129159179183168138101 63 32 15 18 41 7611514916917015513010318 515IS 642184193417299999999999999 047 591321 1499999999999999
 79 64 66 85115147174189184161124 84 46 17  5 15 43 8212215417016714912418 516IS 717189202017199999999999999 124 6314 3  599999999999999
 98 78 69 77100131161184191179150111 70 33  8  2 17 49 8812615416616014218 517IS 75419121 816699999999999999 2 3 691446  199999999999999
119 96 81 77 90114143169186187170138100 61 27  7  6 25 56 9212615015815118 518IS 83418922 015899999999999999 243 771533  499999999999999
135115 97 87 88102125150170182178159129 93 58 29 14 16 34 63 9512414415018 519IS 918182225715099999999999999 326 851623 1399999999999999
144130115101 94 97110129149165172167149122 91 61 38 26 29 44 69 9612113818 520IS10 8172999999999999999999999 415 941719 2599999999999999
144140129117106101102112126142154160156142120 94 69 50 39 41 53 73 9611818 521IS 0 314411 916099999999999999 5171001822 3899999999999999
134141139132121111104103108118130141148148139122101 80 62 51 51 60 77 9718 522IS 117141122914999999999999999 6431031934 5099999999999999
118134143143136125113103 97 98105116128139144140127110 90 73 61 58 65 8018 523IS 22914414 314499999999999999 824 972047 5899999999999999
101122140149149141127111 96 86 84 90103119134144143134118 98 80 66 63 7018 524IS 328150152914599999999999999 945 842151 6399999999999999
 86108131149157155142124103 84 72 69 77 93114134147149139122102 83 69 6718 525IS 4151581639149999999999999991044 692244 6699999999999999
 76 95119143160165158140116 91 69 56 56 68 89115138152153142123102 82 7018 526IS 4541651734154999999999999991132 542328 6999999999999999
 71 84107133156170170156132103 75 53 42 46 64 91120144157155141121 99 8018 527IS 5301721822158999999999999991213 42999999999999999999999
 72 78 96121148168177170148119 87 58 38 32 43 67 97128151160154137115 9418 528IS 6 317719 416099999999999999 0 7 721250 3299999999999999
 79 76 87110137161177178163136103 70 43 27 29 46 7410713615515914913010818 529IS 635180194416099999999999999 043 751326 2699999999999999
 89 79 83100125151172181174152120 86 55 32 23 32 55 8511714315715514112118 530IS 7 5181202215899999999999999 116 7914 0 2399999999999999
101 86 83 92113139162177179164137104 71 43 26 25 40 67 9812714715414813218 531IS 735180205915499999999999999 148 821433 2499999999999999
113 96 87 89104127151169178172151122 89 59 36 27 33 53 8010913314814913918 6 1IS 8 6178213615099999999999999 219 8615 6 2799999999999999
123107 94 90 98115137158171173161137107 77 52 36 34 45 66 9311813714514218 6 2IS 837174221414599999999999999 251 901539 3399999999999999
132117103 95 96106124144160168164148124 96 70 50 41 44 58 7910312313714118 6 3IS 911168225714199999999999999 325 941615 4199999999999999
137126114103 98102114130146157160153136114 90 68 54 50 56 70 9011012613618 6 4IS 949161234613999999999999999 4 5 981655 5099999999999999
138134124114106103107117130143151151143128108 88 71 61 59 66 80 9711412818 6 5IS1034152999999999999999999999 4551031740 5999999999999999
136138134126116109106108116126136143143136123107 90 77 69 68 74 8610211718 6 6IS 044138113314499999999999999 6 31061836 6799999999999999
131139141137128118109104104109118128135137133124110 96 83 75 74 79 9010618 6 7IS 147141125413799999999999999 7301041943 7499999999999999
122136145146141131118106 97 95 99108119130136136128116102 89 80 77 82 9418 6 8IS 244147142513799999999999999 854 952051 7799999999999999
111129144153154145131113 96 84 80 85 97114129140142136123107 92 82 78 8418 6 9IS 331155154614399999999999999 958 802152 7899999999999999
 99119139156164161147126103 82 67 63 71 89111133147151144129111 94 82 7918 610IS 4131641650151999999999999991049 632245 7999999999999999
 88106130153169175166145117 88 63 47 46 59 84112139156160151133112 93 8118 611IS 4521751746160999999999999991136 442333 7999999999999999
 81 93116143168183183167139105 71 43 28 31 51 82117147165167154134111 9218 612IS 5311851837168999999999999991220 27999999999999999999999
 81 84102129158182194188165130 90 53 25 13 21 48 8412215417117015413210918 613IS 612194192617299999999999999 018 8013 5 1399999999999999
 90 82 90112142171193201189159119 77 39 12  4 18 49 8912815917316815112918 614IS 654201201517399999999999999 1 2 821351  499999999999999
106 90 85 97122153181200202185151110 67 29  6  3 21 55 9513316117116414618 615IS 73820321 417199999999999999 146 851438  199999999999999
125104 90 90105131160185200198178143102 61 27  8  9 30 6410213716016715918 616IS 824202215416799999999999999 232 881526  699999999999999
141121103 93 95111136162184195190168135 97 60 30 16 21 42 7410913915816218 617IS 913195224616299999999999999 320 921615 1699999999999999
153137119104 95 99114136158176184178158128 95 63 40 30 37 57 8511514015518 618IS10 6184234115899999999999999 412 9517 6 3099999999999999
157149135119105 98101113131149164171166149124 97 71 53 46 53 71 9512014118 619IS11 5171999999999999999999999 513 981759 4699999999999999
154155147134119106 99 99108122137150157155143124102 81 67 62 68 8310312518 620IS 038156121615799999999999999 625 981857 6299999999999999
143154155148135120106 97 94 99109123136145147139126109 92 80 75 80 9311118 621IS 137156133914799999999999999 750 941959 7599999999999999
130147157158150136120103 91 85 87 96110126138143140130116101 89 85 8910118 622IS 23415915 714399999999999999 913 8521 3 8599999999999999
118137153162162152136116 97 81 73 75 85101120135144143134121107 95 90 9518 623IS 3271631624145999999999999991021 7322 3 9099999999999999
107125145160168165152132109 86 69 61 64 77 97119138148147138124109 97 9318 624IS 4131681726149999999999999991113 602254 9399999999999999
 99114134154169174167149125 98 73 56 50 57 75 99124144153150139123107 9718 625IS 4551741815153999999999999991157 502338 9499999999999999
 95105122144164176177165142113 84 59 44 42 55 7810613215115715113711910418 626IS 5331781857157999999999999991236 41999999999999999999999
 95 98111132155173182177158131 99 69 46 36 40 59 8611614215715814813111318 627IS 6 9182193515999999999999999 018 951311 3599999999999999
 99 95102120144166181184173148117 84 55 37 33 44 68 9812815116015614212418 628IS 643185201016099999999999999 054 951345 3299999999999999
106 96 96109131155176186182164135102 70 45 32 36 54 8111213915615915013418 629IS 716187204416099999999999999 127 951418 3299999999999999
115101 95101118142165182186176152121 88 59 39 34 45 67 9612514815815614318 630IS 749186211715999999999999999 2 1 951450 3499999999999999
125108 97 96107128152172183182165139107 76 52 40 42 58 8311113615315715018 7 1IS 822184215015799999999999999 235 951521 3999999999999999
135118104 96100115136158174180173153125 95 69 51 45 54 73 9812414415515418 7 2IS 858180222515699999999999999 310 961554 4599999999999999
144129113102 98105121141160172173161140114 87 66 55 55 67 8811213414915518 7 3IS 93517423 215599999999999999 350 981628 5399999999999999
151139125111102101110125143157165163150129106 84 69 62 67 8110112214015218 7 4IS1018166234515599999999999999 43510017 5 6299999999999999
154148136122110103103111124139151157153141123103 86 75 72 79 9311113014518 7 5IS11 9157999999999999999999999 5291021747 7299999999999999
154154147135122109102101107119131142148146136121105 92 83 82 8910211913618 7 6IS 033155121514899999999999999 6361001839 8299999999999999
150157157149136121107 97 94 98108121133141142136125112100 92 91 9610812418 7 7IS 127158133914399999999999999 755 941943 9099999999999999
141155162161152137119101 88 82 85 95110126138144141132120108 99 9610111318 7 8IS 223163151014499999999999999 911 822055 9699999999999999
130147162170168156137114 92 75 66 69 81101122139149149141128115104 9910318 7 9IS 3181711630151999999999999991017 6622 3 9999999999999999
117135156172180176160135106 79 58 48 52 69 94121144158159149134118105 9918 710IS 4101801735160999999999999991113 4823 3 9999999999999999
105120143166184191184162131 97 64 40 30 38 60 9112415216716715513711810318 711IS 5 119118301689999999999999912 4 302356 9899999999999999
 98105125151177196202190163125 86 50 24 17 29 57 9413116017417215613611518 712IS 5512021919175999999999999991253 17999999999999999999999
100 96107130160187206209193160118 75 38 13  9 27 6010013916817917215413218 713IS 63921020 617999999999999999 047 951341  899999999999999
110 95 94109136167195212212191154111 67 30  9 10 32 6811014817318016914918 714IS 728214205118099999999999999 135 931428  799999999999999
126104 92 94112140172198213208184147103 62 29 13 19 45 8212115517517716418 715IS 817213213517899999999999999 223 901513 1299999999999999
142119 99 89 94114142172196206199174138 98 61 34 24 35 62 9713316117517218 716IS 9 6207221917699999999999999 311 891558 2499999999999999
157136114 96 89 96116142168187194185161129 95 64 44 41 55 8111214216417218 717IS 95719423 317299999999999999 4 1 891641 4099999999999999
166150130110 95 90 97115137158174178169149123 96 73 60 61 76 9912514916518 718IS1050179234816999999999999999 454 901725 5899999999999999
169161145127109 96 91 97111128145158162155140120100 84 77 80 9411413515318 719IS1151162999999999999999999999 555 911810 7799999999999999
164165157143126109 97 91 94104117131143147144135121107 97 92 9610812314018 720IS 03716613 714899999999999999 7 8 9119 2 9299999999999999
155163163156142126109 96 89 88 9410511813013813913512611610810410711612918 721IS 132164144214099999999999999 834 8820 610499999999999999
143156163164156143126108 93 82 79 84 9410912413514013913212411511111212018 722IS 232165161414099999999999999 954 79211911199999999999999
132146158166166158143124104 85 73 69 74 8710512413814514513812811811211318 723IS 3311671723146999999999999991055 69222411299999999999999
121134149163171170159141119 95 75 62 60 68 8610812914615215014012811611018 724IS 4241721811152999999999999991142 59231711099999999999999
112122138156170177173159136109 84 63 52 54 67 9011613915415815113812311118 725IS 5101771849158999999999999991222 51999999999999999999999
106112126145165179183174154127 97 70 51 45 53 7310012815116216014913211618 726IS 551183192216399999999999999 0 01061257 4599999999999999
105104114133155175187186171146114 83 57 43 43 58 8411414216116615814212318 727IS 627188195316699999999999999 0371031329 4199999999999999
107 99103119142166185192185164133100 69 48 40 48 70 9913015516716515213218 728IS 7 2192202116899999999999999 112 9914 0 4099999999999999
113 99 96106127153177192193179152119 86 58 43 43 59 8611714516416916014218 729IS 735194205016999999999999999 145 961429 4199999999999999
122104 94 96112137163184193188167137104 74 52 44 53 7510413415816916615218 730IS 8 9194211817099999999999999 219 931458 4499999999999999
132112 96 91100120145170186190178153122 91 66 52 52 68 9412314916617016118 731IS 844190214717099999999999999 254 911528 5099999999999999
143123104 92 92105127151172183181165138109 83 64 58 66 8611213815916916718 8 1IS 920184221817099999999999999 331 901558 5899999999999999
154135115 99 91 95110131153169176169151126101 81 69 69 8210312715016516918 8 2IS10 1176225316999999999999999 412 911629 6799999999999999
162147128110 96 91 97112131150162165157140119 99 84 78 83 9711813915616718 8 3IS1047166233216899999999999999 458 9117 5 7899999999999999
167158142123106 95 91 97110126141152154148134117103 93 90 9711112814616018 8 4IS1146155999999999999999999999 554 911747 9099999999999999
167166155139122105 93 88 9210211613014114614313312211110410310811913414918 8 5IS 02016813 614699999999999999 7 5 88184310299999999999999
161168166157141122104 90 81 81 8910211813214114313913112211511211412313618 8 6IS 120168144814399999999999999 830 8020 411299999999999999
151164172171162145124102 83 70 67 73 8810712714214914814113212211611612318 8 7IS 229173162315099999999999999 950 67213311599999999999999
136152168179180171151126 98 73 56 50 57 7610112614715915915113812511511218 8 8IS 3391811731160999999999999991056 50224711299999999999999
119135155175189192181157125 91 61 40 34 45 6810013215717016815613912210918 8 9IS 4421931823171999999999999991152 34234610599999999999999
105115135160185201204189160122 83 49 27 23 38 6810614216917917315613511418 810IS 53920519 7179999999999999991242 22999999999999999999999
 99 98111136166194212212193158116 74 38 18 18 40 7611715517918517315112618 811IS 631215194818599999999999999 038 971328 1599999999999999
103 89 91109139173202218215191152108 65 32 16 23 51 9013216718618516814318 812IS 721220202718899999999999999 126 881411 1699999999999999
115 93 81 87110142177205218210182143100 60 32 23 37 6910914817718818115918 813IS 8 821821 418899999999999999 211 811452 2399999999999999
132105 84 76 86112145177202210198169132 93 59 39 39 58 9112816118218617218 814IS 855210214118699999999999999 256 761531 3699999999999999
148121 96 79 75 89115145173192195181154122 90 65 53 60 8211314416918217918 815IS 941196221718399999999999999 341 7516 8 5399999999999999
162138113 91 78 79 93116141163177177163140115 91 75 72 8310413015517217718 816IS1029179225417799999999999999 427 761644 7199999999999999
170152130108 90 81 83 96114134150159158147131113 97 89 9110312214215917018 817IS1123160233417199999999999999 518 801719 8999999999999999
170161145126107 93 85 87 9610912313614314313712711610710410811813214715818 818IS1233144999999999999999999999 620 85175910499999999999999
165163155141125109 96 89 87 9210111212313113513412912311811611912613514618 819IS 021165141613599999999999999 743 87185811699999999999999
155160159153141127112 98 89 84 85 9110211412613413713613112612312312713418 820IS 12516016 913799999999999999 919 83203512299999999999999
143152158160155144130113 97 84 76 76 83 9611212713914414313713012412112318 821IS 2441601718144999999999999991032 7522 412199999999999999
131141152161164160148130110 91 75 67 68 78 9611613514815214913912811911518 822IS 3571641759152999999999999991123 6623 311599999999999999
118128143157168171165149127103 80 64 58 63 7910212714715815814913512111018 823IS 45217118311609999999999999912 2 58234610899999999999999
108115130149166177178167146119 92 68 54 52 64 8711514115916615914512611018 824IS 5351791859166999999999999991236 51999999999999999999999
101102115136159177187182165138107 78 56 47 53 7310113115616916815513511418 825IS 613187192517099999999999999 02310013 7 4799999999999999
 98 93101120146171188192181157125 93 65 48 46 61 8812014916917416414512218 826IS 647193195017499999999999999 056 931335 4599999999999999
100 88 88103129157182195192174144110 78 55 46 54 7610813916517717315613218 827IS 721196201517799999999999999 128 8614 3 4699999999999999
107 88 80 88110139168189196186161128 95 67 51 51 68 9612915717617916614318 828IS 755196204018099999999999999 2 1 801430 4999999999999999
117 94 78 77 92118149176191191174145113 84 62 54 63 8711814817118117415518 829IS 82919321 718199999999999999 235 751458 5499999999999999
130104 83 73 78 98127155178187180159130101 77 63 64 8110813716217817916618 830IS 9 6187213618099999999999999 311 721527 6299999999999999
143117 93 76 72 82105132157174178167145119 95 78 72 8010012615117017817318 831IS 94617822 717899999999999999 349 711557 7299999999999999
156132107 86 74 74 86108132152165165153134113 95 85 86 9711714016017217518 9 1IS1032166224317599999999999999 431 721629 8499999999999999
165147124102 84 75 76 88107126143153152143128113102 9710111313014716217018 9 2IS1129154232717199999999999999 522 7417 7 9799999999999999
169159142121101 86 77 77 8510011613014014313812912011311111412313514916018 9 3IS1250143999999999999999999999 629 76175911199999999999999
166166158143124105 89 77 73 77 8810211813113914013713112512112112513414518 9 4IS 028167144414099999999999999 759 73193412099999999999999
156164167162150132111 91 74 65 65 73 8910812714114814714213412612112112718 9 5IS 155167162514899999999999999 931 64212812099999999999999
139153166174173161141116 90 67 53 50 60 7910513015015915915013712311311118 9 6IS 3231741724160999999999999991043 50224611199999999999999
118133153172185186173149118 85 57 40 38 51 7710914016317116715213311410118 9 7IS 43518718 7172999999999999991139 372342 9799999999999999
 98108130156181197198182152115 78 47 29 31 50 8312115417618016914712310018 9 8IS 5332001844181999999999999991226 27999999999999999999999
 85 86102130162191208206185149108 69 38 24 32 59 9713717018718416413710818 9 9IS 624210192018899999999999999 030 8313 8 2499999999999999
 84 71 76 99133169199213206180141 99 61 34 27 43 7611715618319218015412318 910IS 712214195419299999999999999 114 711348 2799999999999999
 92 69 61 72101137174201211199169130 91 57 38 40 62 9813717119119017014018 911IS 757211202719399999999999999 156 611425 3699999999999999
108 78 59 57 74105141175197200184154119 84 58 49 59 8612115618119018115718 912IS 840201205919099999999999999 237 551459 4999999999999999
126 94 69 55 59 79110143170186184166139109 83 66 66 8211014116718318316818 913IS 924187213118699999999999999 317 541532 6499999999999999
142112 85 65 57 66 86113140161170165149126104 87 79 8610512915317117817218 914IS10 817022 117899999999999999 358 5716 2 7999999999999999
154129103 81 67 64 74 92114134149153148135119105 95 9510512214115816816918 915IS1057153223317099999999999999 442 641632 9499999999999999
159142120 99 83 73 73 81 9511012513513913512811811010711011913214515616118 916IS12 0139231116199999999999999 532 7217 410799999999999999
158149134117101 88 80 79 84 9310411512412913012712311911812012613414214918 917IS1344130999999999999999999999 641 79175411799999999999999
152150143133119106 94 86 82 82 87 9610711712613113213012712412312512913618 918IS 0 8152154913299999999999999 823 81195412399999999999999
142146147144136125111 98 86 79 76 80 8910311713013814113813212512011912218 919IS 147147165514199999999999999 953 76214911999999999999999
129137145150149143130114 97 82 71 68 74 8710512413914814814113112011110918 920IS 3261501731149999999999999991051 68224910999999999999999
114125138150158158149133112 91 73 62 62 72 9111413615215715213912310910018 921IS 43115918 0157999999999999991132 612330 9899999999999999
100109126144160168166152130105 81 62 55 60 77102129151163162149130110 9418 922IS 51716918251649999999999999912 6 55999999999999999999999
 88 93109132155172178170149122 93 68 53 52 65 90119147165170160140116 9418 923IS 555178184917099999999999999 0 5 881236 5099999999999999
 79 78 91115143168183183167141110 80 57 48 56 77108139164176171152126 9918 924IS 631185191217699999999999999 037 7713 4 4899999999999999
 77 67 73 94124155179189182159128 96 68 51 51 67 9612915917717916413810818 925IS 7 5189193618199999999999999 1 9 661332 4899999999999999
 80 62 58 73101135166186189174146114 83 60 51 61 8511815017418417515212118 926IS 74019020 118499999999999999 141 5714 0 5199999999999999
 90 64 51 56 78111145173187182161132101 74 59 59 7710713916718318316513618 927IS 816188202818599999999999999 215 501428 5799999999999999
103 74 52 46 58 86119151174181171147119 92 72 65 74 9712715617718417515118 928IS 854181205818499999999999999 251 461458 6599999999999999
120 89 62 47 47 64 93124152169170157134110 89 77 77 9211614316617917816318 929IS 936172212918199999999999999 329 451529 7599999999999999
137107 79 58 47 52 71 97124146158157144125107 93 87 9310913115216817516918 930IS102415922 517599999999999999 411 4716 2 8799999999999999
152127100 76 59 52 58 75 971191361461451351221101021011081211381531641671810 1IS1124146225016799999999999999 5 2 52164110099999999999999
160145123100 80 65 58 62 74 911091241341371331261181131131171261371481561810 2IS1250137235715999999999999999 6 8 58174111299999999999999
159155143126107 88 72 63 62 68 81 971141271351371341291231191191221291381810 3IS1448137999999999999999999999 739 61193911899999999999999
148154155149135117 97 78 63 57 59 70 881081271401461441371281181121111171810 4IS 140156161314699999999999999 913 56213711199999999999999
128142154162160148128104 79 59 49 50 62 84110135151157153141125109 98 961810 5IS 31816217 2157999999999999991025 472245 9599999999999999
103119140160172172159135106 76 52 40 43 61 88120148165168157138115 94 801810 6IS 4311741740168999999999999991119 392335 7899999999999999
 79 92115143168184183166137103 70 45 35 43 67101136164177173154127 99 751810 7IS 52818618141789999999999999912 4 35999999999999999999999
 62 65 85115149178193188166133 96 63 40 36 51 82119154179184171144112 801810 8IS 617193184718599999999999999 018 611243 3599999999999999
 56 47 57 84120156184196186159124 88 57 41 44 67102140171188184162129 941810 9IS 7 2196191918999999999999999 059 471320 3999999999999999
 62 41 38 55 87126162186191177148114 81 56 48 60 88124158182189175147111181010IS 745192194918999999999999999 139 371355 4899999999999999
 76 48 33 37 60 94131163181180162134103 76 60 61 80111143171186182161129181011IS 827183201918799999999999999 217 321427 5899999999999999
 94 62 39 32 43 69102135160171165146121 96 77 70 79102130157176181169144181012IS 9 8171204818199999999999999 254 321457 7099999999999999
112 81 54 38 38 53 79108135153157149132112 94 83 84 97120143163173170153181013IS 950158211717399999999999999 331 361526 8299999999999999
128 99 72 53 44 48 64 87110130142143135122107 96 92 98113131149161163155181014IS1036144214616499999999999999 410 441554 9299999999999999
138115 91 71 57 53 59 73 91109123131132126117108103103110122135147153152181015IS1133132222015399999999999999 452 53162710299999999999999
142127108 90 74 65 63 68 78 91105116123125123118113111112116124132139143181016IS13 012523 714399999999999999 546 63171711099999999999999
141133122108 94 82 74 71 72 79 88 99110119124126124120117115116119125130181017IS1454126999999999999999999999 7 7 71191211599999999999999
133134130123113100 89 79 73 72 76 84 96109121130133131126119113110110115181018IS 03713416 713399999999999999 847 72212110999999999999999
121128133133129120107 93 80 71 67 71 82 97114129139141136126114104 98 99181019IS 23913416471419999999999999910 0 672225 9899999999999999
106117129138141137126110 92 76 65 62 69 84104125141149147136120103 90 84181020IS 3591411717150999999999999991048 6223 6 8499999999999999
 88101118135147151144129108 86 68 58 59 71 93118140155157148130107 87 73181021IS 4521511743158999999999999991125 572341 7099999999999999
 71 81101124146159159148126101 77 59 53 61 81108135157166160142116 89 68181022IS 53416118 7166999999999999991158 53999999999999999999999
 57 61 79106135158168164145119 91 67 53 53 69 96127154171171155128 97 68181023IS 612169183117399999999999999 014 561228 5199999999999999
 48 43 56 83116147168174162138109 80 59 51 61 84116147171179169143110 76181024IS 649174185717999999999999999 047 431258 5199999999999999
 48 32 35 57 90126157174173155128 98 72 56 56 74104137165181180160127 91181025IS 726176192518399999999999999 121 311329 5499999999999999
 56 31 22 33 62 99136163175167145116 89 68 59 68 92124154177185173146109181026IS 8 5175195518599999999999999 157 2214 1 5999999999999999
 72 40 20 19 37 70107141163169156133107 84 69 68 84110140166181180162130181027IS 847169202718399999999999999 234 171434 6799999999999999
 94 59 31 17 22 45 77112141158158145124102 85 77 82100126151170178171148181028IS 93216021 317899999999999999 315 1715 9 7699999999999999
117 83 52 30 21 30 52 82112135148147135118102 90 87 95113134154167169159181029IS1024149214317099999999999999 4 0 211547 8799999999999999
137108 79 53 35 30 39 58 83107127137137129117106 99 98106119135149158158181030IS1127138223415999999999999999 452 301635 9799999999999999
149130106 82 60 45 40 46 60 80101118129132128121113107106109118128139146181031IS1252132234814899999999999999 557 40175010699999999999999
148143129111 90 70 55 48 49 59 75 941121261331331281211131071051081161251811 1IS1429134999999999999999999999 720 47195110599999999999999
135142142134120101 81 63 52 49 56 71 91112130140141135125112101 94 931001811 2IS 133143154014299999999999999 846 492132 9399999999999999
112127140146143130111 89 67 52 47 54 70 94119139150150140124105 87 76 761811 3IS 310147162815199999999999999 956 472235 7599999999999999
 85103124143154153139117 92 67 50 45 54 75103131153161156139116 91 69 571811 4IS 42315517 6161999999999999991051 452323 5699999999999999
 59 74 98126150163160144119 90 64 48 46 60 87118147166169156132102 72 491811 5IS 5201641741170999999999999991136 45999999999999999999999
 39 46 68 99131157169163143115 85 60 48 52 72103136163176171149118 84 531811 6IS 6 9169181317699999999999999 0 6 391216 4799999999999999
 31 26 40 68104138163171160137107 79 58 52 63 89122153175179165136101 651811 7IS 654171184518099999999999999 045 261252 5199999999999999
 35 18 21 41 74111144165167152127 99 74 59 60 79108140166180175153119 821811 8IS 736168191618099999999999999 123 171326 5799999999999999
 48 22 13 23 49 83119148162158140116 91 72 64 73 961261531731771641361011811 9IS 817162194617899999999999999 2 0 131357 6499999999999999
 65 35 16 15 31 59 93125147154146128106 86 73 74 89113139161172168149118181110IS 856154201517399999999999999 235 131428 7299999999999999
 84 53 28 18 23 43 71101127142144134117 98 84 79 85103126147162165154132181111IS 937145204416699999999999999 310 171458 7999999999999999
102 72 46 29 25 35 56 82107126135133123109 95 87 87 97114133149157154139181112IS1019136211515799999999999999 345 251529 8699999999999999
117 90 65 45 35 37 48 67 89108122128125116106 96 92 95105120134144147141181113IS11 8128215014799999999999999 423 3416 6 9299999999999999
126106 84 64 50 45 48 59 75 92107118122120114107101 98101109119129135136181114IS1211122223413699999999999999 5 6 451656 9899999999999999
129117101 83 68 58 54 57 66 79 93105115120120117111105102103107113120125181115IS1334121234112699999999999999 6 2 54182210299999999999999
126122113101 87 75 66 62 63 69 79 92105116123125122116108102 98 99103110181116IS1453125999999999999999999999 718 612022 9899999999999999
116120120115106 94 82 71 65 64 69 79 94109122130132127118106 95 88 87 91181117IS 128120154613299999999999999 841 642143 8799999999999999
100111119123121112100 86 73 65 63 69 82 99117132140139129114 97 82 73 73181118IS 3 8123162314099999999999999 945 632233 7299999999999999
 81 95111124131129119103 86 71 61 61 70 88110130145149142126104 82 64 56181119IS 4161311653149999999999999991033 602313 5699999999999999
 59 74 95116133140136122103 83 66 58 61 76 99125146157155140116 88 62 44181120IS 5 81401721158999999999999991113 582349 3999999999999999
 39 49 71 99125144149140122 99 77 61 56 66 87115142161167156132100 68 40181121IS 5521491751167999999999999991150 56999999999999999999999
 24 26 44 74107136153154141118 93 71 58 59 75103133159173171151118 81 46181122IS 634156182117599999999999999 025 231226 5699999999999999
 19  9 18 44 80116145159155137112 86 66 58 66 89120150173180169140102 62181123IS 716160185518099999999999999 1 3  913 2 5899999999999999
 27  4 -1 16 48 87124151160151130105 81 65 63 77104136163180180161127 86181124IS 759160193018399999999999999 142 -21339 6299999999999999
 46 13 -5 -3 20 55 95129152156144122 99 79 68 72 90118148171182175150113181125IS 84415720 818299999999999999 223 -71417 6799999999999999
 73 35  6 -6  2 27 63100130148148135116 96 80 74 82102128153171176165138181126IS 932150205017699999999999999 3 7 -61458 7499999999999999
103 65 31  8  0 11 37 69102128141140128112 96 84 81 91109131151164166153181127IS1024142213716799999999999999 354  01544 8199999999999999
128 96 63 34 16 11 23 45 74102123134134124111 98 89 88 96110128143153153181128IS1124135223215599999999999999 446 111639 8799999999999999
142121 94 67 43 28 24 34 53 76100119130130124113102 94 91 95105118130139181129IS1233131234514299999999999999 545 241756 9199999999999999
141134118 97 75 55 41 36 43 58 78100118129132127117106 95 89 88 93103115181130IS1347132999999999999999999999 653 361936 8799999999999999
126132130120104 85 66 52 46 50 62 81102121133137132121106 92 80 75 78 871812 1IS 118132145213799999999999999 8 7 462110 7599999999999999
101116127131125112 94 75 60 52 55 67 86108128141144137122103 83 67 59 611812 2IS 253131154514499999999999999 917 522218 5899999999999999
 72 90110127134131118100 81 64 56 59 72 93118139151151139118 94 69 50 421812 3IS 4111341629152999999999999991016 552310 4199999999999999
 46 61 85110130139136122103 82 65 58 63 80104130151160154136109 80 52 331812 4IS 51414017 71609999999999999911 5 582354 2699999999999999
 26 35 57 85114136144139123101 80 64 60 70 91118143161165152127 96 63 351812 5IS 6 51441743165999999999999991148 60999999999999999999999
 17 16 31 58 90121141147137119 96 76 64 65 80105132156168165145114 79 461812 6IS 650147181816999999999999999 034 151226 6299999999999999
 19  7 12 34 65 99128145145132112 90 72 65 72 92119145164170158132 98 621812 7IS 731147185017099999999999999 111  713 1 6599999999999999
 30  8  3 16 42 76109134145140124103 83 70 69 82105132155168166147116 811812 8IS 810145192216999999999999999 147  31335 6799999999999999
 46 18  4  6 25 55 88118137141132114 94 78 70 76 931181421601661561321001812 9IS 847142195316699999999999999 221  314 7 7099999999999999
 65 34 13  6 16 39 69 99124136135122105 88 76 74 85105128148160159143116181210IS 924137202516199999999999999 254  61439 7399999999999999
 84 53 28 14 14 29 54 82108126132127114 98 84 77 80 94113134149155147128181211IS10 1132205715599999999999999 327 121512 7799999999999999
101 72 46 27 20 27 44 68 92113125127120107 94 83 80 87101118134145145134181212IS1040127213314699999999999999 4 1 201550 8099999999999999
114 90 65 44 32 31 40 58 79 99115123122115104 93 86 85 92104118130136133181213IS1124124221313699999999999999 436 301636 8499999999999999
122104 83 63 47 40 42 52 68 87104116121120113104 95 88 88 93102113121125181214IS121612223 612599999999999999 517 401738 8799999999999999
122112 97 81 65 54 49 52 62 76 92107117122121115106 96 89 86 89 95103111181215IS1317122999999999999999999999 6 6 4919 3 8699999999999999
116115108 96 83 71 62 58 60 68 81 96110121126125118108 96 86 80 79 84 92181216IS 020116141912699999999999999 7 7 582036 7999999999999999
102109111108100 89 78 68 64 65 72 85100116127133130121107 91 76 67 65 70181217IS 157111151113399999999999999 819 632147 6599999999999999
 81 95107114114107 96 84 73 66 67 75 89107125137141135121101 80 62 50 48181218IS 329115155514199999999999999 927 652239 4899999999999999
 57 73 93110121122115102 87 74 66 67 78 96117137149149138117 91 64 42 30181219IS 4391231634151999999999999991023 662323 2999999999999999
 32 46 69 95117130131121105 88 73 65 69 84106130151161156138109 76 45 21181220IS 5341321713161999999999999991112 65999999999999999999999
 12 18 40 70101126139138125105 85 70 64 72 92119145164170159133 98 60 25181221IS 623140175217199999999999999 0 6 111157 6499999999999999
  2 -4 10 38 74109136147141124103 82 67 65 78102132159176177158125 84 43181222IS 7 9147183317999999999999999 048 -41240 6499999999999999
  8-13-13  7 41 81118142150141121 98 78 65 67 85113144169183178153115 72181223IS 754150191518399999999999999 131-151323 6499999999999999
 30 -4-20-15 10 48 89124146149137116 93 74 65 72 93122152175184174145105181224IS 84015020 018499999999999999 215-2114 7 6599999999999999
 61 21 -9-20 -9 19 58 97129146145131110 89 72 67 77 99128155174179165135181225IS 926148204617999999999999999 3 1-201453 6799999999999999
 96 55 18 -6-12  2 32 68104131143139124105 86 72 70 81102128152167168153181226IS1014144213617099999999999999 347-121542 6999999999999999
124 89 53 22  3  2 18 46 78109131139134119102 85 73 72 83101123142154154181227IS11 4139223015699999999999999 434  01637 7199999999999999
140115 85 56 31 18 19 35 60 87113130136130117101 85 75 73 81 95112128138181228IS1157136233314099999999999999 524 171741 7399999999999999
139128109 86 62 44 34 37 51 71 94116130134128116101 86 75 71 75 85 98112181229IS1254134999999999999999999999 617 3419 2 7199999999999999
122125120107 89 72 57 50 52 63 80100118131135130118102 86 73 65 64 71 82181230IS 052126135413599999999999999 717 502034 6499999999999999
 96109116116108 96 82 69 62 63 72 87105122135138133120103 84 67 55 51 56181231IS 227117145413899999999999999 824 622156 5199999999999999
