 36 -1 -6 24 82156230286312306271217160114 91 9813218323627528626521414518 1 1J9 818314195128799999999999999 138 -81416 9099999999999999
 71 11-22-19 20 88171249305327313270211150104 8710014019625028528925920018 1 2J9 9 6327203729199999999999999 225-2615 4 8799999999999999
126 51 -7-34-22 27103190267317331309260196136 96 8510615220926129028624818 1 3J9 952331212329299999999999999 312-341550 8499999999999999
186110 37-15-32-12 44124209280321325296242179123 90 8711416322026628727618 1 4J91037328221028799999999999999 358-321635 8499999999999999
234170 97 31-11-19 10 69148226287316311276221161113 88 9312417222426327718 1 5J91121319225727799999999999999 443-201721 8699999999999999
260217157 91 35  5  6 40 99171239287304291253200146107 9010013117622125218 1 6J912 3304234726099999999999999 528  118 8 9099999999999999
260241201148 92 50 30 38 74129191245279286268229181136105 9510613517421118 1 7J91246287999999999999999999999 612 291858 9599999999999999
235240223189146103 72 61 74106153203243265265245210168131106 9810813316518 1 8J9 042241133026899999999999999 659 611955 9899999999999999
196216221210185153122100 94105132168205234249246227196161129107 9910612518 1 9J9 148222141925099999999999999 752 9421 3 9999999999999999
152179200209205190168145128122128146173201223234231215189158128105 94 9618 110J9 313209151923599999999999999 9 11222219 9399999999999999
112137166191207211204188168150139139150170193213225224211186154122 96 8218 111J9 45221116282269999999999999910311372328 8099999999999999
 83 98126160192216226222207184161144138145163187210224224210183147110 8118 112J9 6142261732226999999999999991156138999999999999999999999
 65 68 88123165205233245239218189159138130139161189215230228209175133 9118 113J9 710245182523199999999999999 023 64125813099999999999999
 60 47 56 8613118122525426224921918214712512113616519922724023220416111218 114J9 75226219 724099999999999999 1 6 47134212099999999999999
 67 39 33 52 9414920525027327224820916512911111614117821724324823019113918 115J9 827276194424999999999999999 144 32141711099999999999999
 85 42 21 27 5911317523327228627223618814211110211915519923725725222117118 116J9 859286201825899999999999999 218 20144910299999999999999
112 58 21 11 31 77140206259288288260214162119 9710113017522125526524620318 117J9 929292205126599999999999999 250 111520 9599999999999999
145 83 34  8 12 47105173236280294279239186135100 9010814819724226726423218 118J9 958294212426999999999999999 321  61550 9099999999999999
179116 58 17  5 25 73138206262291290261212157112 88 9212116821825627025318 119J91027295215727099999999999999 352  51621 8699999999999999
211153 90 39 11 14 48105173236279293276236183131 95 8410013818723426226318 120J91057293223326699999999999999 424  91654 8499999999999999
236187127 70 30 17 34 79140204257285284256209156111 86 8611115320124125918 121J91127288231025999999999999999 455 171729 8299999999999999
250216165109 61 34 34 62111171227267280267231183134 98 83 9212116420823918 122J91159280235324999999999999999 529 3018 7 8299999999999999
249234198150101 64 49 59 92140194239266268246208162119 91 83 9612716720518 123J91234270999999999999999999999 6 7 491852 8399999999999999
230236220187146107 80 72 86118161205240256251227190148111 88 83 9612416118 124J9 044236131625799999999999999 651 721946 8299999999999999
195218224213188155124103 98109135170205231242236213179141107 85 78 8811318 125J9 15022514 824299999999999999 749 972054 7899999999999999
146180207219216200175149129120125142168196219231227208177141105 78 66 7118 126J9 319220151623199999999999999 9101202212 6699999999999999
 93127166200223230222202176151134129138158185210227228212182142100 66 4718 127J9 45823016352299999999999999910511292327 4499999999999999
 48 69108155201236252249229197163136122126146176208232238223189142 91 4818 128J9 6202531748238999999999999991217122999999999999999999999
 22 22 47 94153211255278275249208164128109112137175215245253236195138 7718 129J9 722279185025399999999999999 032 19132110799999999999999
 26 -3 -1 31 89160228278301293258207154112 9310113418122926226924519512918 130J9 813301194327099999999999999 128 -61412 9299999999999999
 60  5-23-15 27 95176249299316299254194135 93 79 9613819424727928024818918 131J9 859316203228499999999999999 218-241457 7999999999999999
115 42-12-34-17 36113199271315321293238172112 75 70 9814921126329128424318 2 1J9 941323211829299999999999999 3 4-341539 6899999999999999
177100 28-20-31 -4 58140224289321314275213145 90 63 6910616322627429327718 2 2J9102032322 329399999999999999 348-321619 6199999999999999
230161 85 21-15-15 23 90172247299315295247182119 74 58 7511817823627628518 2 3J91056315224728699999999999999 429-201659 5899999999999999
261211143 75 24  2 15 60127201263298298268215153 99 66 62 8613218823826718 2 4J91131302233127199999999999999 5 8  21738 6099999999999999
268240190130 75 38 30 52100162223268285273236184129 87 66 71 9914319223218 2 5J912 4285999999999999999999999 546 301819 6599999999999999
251245217174125 85 63 66 92136188233261264243205159115 84 73 8311014918818 2 6J9 016252123726699999999999999 624 6119 2 7399999999999999
218230223200166131105 94102127163200230243238216182144111 89 83 9211614618 2 7J9 1 8230131324499999999999999 7 5 941953 8399999999999999
177200210207192169147131125132150174199216222215196169140114 96 90 9611318 2 8J9 214211135722299999999999999 75712521 1 9099999999999999
137162184197201196183169156149149158172187199204200187167143119101 91 9118 2 9J9 35320115 420499999999999999 9251482227 9099999999999999
103123149174195208210203190174160152152160173186196197189172148121 98 8218 210J9 54421016401989999999999999911271512345 7899999999999999
 79 89112143176205224229221203179157142139147164183199205198178149115 8518 211J9 6532301759205999999999999991246139999999999999999999999
 66 62 7610714719022524524723220417014112512514016519321321920818014110018 212J9 737249185121999999999999999 042 61133112399999999999999
 65 46 47 7111316421324926525723019115012010711614217821223323321217312418 213J9 811265193223699999999999999 125 4414 410799999999999999
 76 41 28 40 77131190241272276255215167123 98 9611815720123625124120715618 214J9 84027820 725299999999999999 2 1 281434 9499999999999999
100 50 20 18 45 96160222268287276241189136 97 82 9413017922725926324019218 215J9 9 8287204026599999999999999 234 1515 2 8299999999999999
132 71 26  7 21 63126195253288291264214156105 75 7410215120625227426522718 216J9 936293211327599999999999999 3 5  71531 7199999999999999
169103 45 10  7 36 92162230279297282240181122 78 62 7711917623227128025618 217J910 2297214728199999999999999 336  416 0 6299999999999999
207142 76 27  7 20 64129200260293292261207145 91 59 59 8814020025227927518 218J91029297222128199999999999999 4 6  61631 5599999999999999
239182116 57 21 17 45 99167233279293276232172112 68 51 6410416021926227718 219J91057294225927799999999999999 438 1417 3 5199999999999999
261218159 98 50 29 39 78136200254283281250198139 87 55 51 7512017722926218 220J91125286233926899999999999999 511 281738 4999999999999999
267243198143 91 57 49 69112167222261274259220168114 72 51 57 8613218422818 221J91157274999999999999999999999 546 491818 5099999999999999
252251226185139 99 77 78101141188229254255233194146101 68 55 64 9313518118 222J9 026255123325799999999999999 628 7519 5 5599999999999999
218237236216184148120105108127158193222237233212177137100 73 62 69 9212818 223J9 126239131823799999999999999 72010420 7 6199999999999999
166200221226216195170147134132142161185206217216201174141108 81 65 65 8118 224J9 249226142421899999999999999 8391312131 6399999999999999
110146181209225227217197175155143142151168187203210204185155120 87 62 5218 225J9 43922816 421099999999999999103814123 3 5299999999999999
 60 86124168208236248243224195164140128132149174200217219204172130 86 5118 226J9 6122491738220999999999999991217128999999999999999999999
 32 36 64109164217256273267241201158124107111135171209236242225186134 7818 227J9 714274184724399999999999999 019 31131810699999999999999
 33 10 15 50107174236279295282244191138 99 84 9513118022826026524119212818 228J9 8 2295194126799999999999999 119  814 4 8499999999999999
 63 13 -8  5 50118194261301308282231168110 73 65 8913819825228328124818818 3 1J9 842310202828699999999999999 2 8 -81444 6499999999999999
115 46 -2-15  8 65142222284315308268205136 80 51 57 9415422027329828624218 3 2J9 919316211129899999999999999 252-161521 4999999999999999
174 97 31 -7 -8 28 94175251301316293240170103 55 39 5910817524128830127918 3 3J9 952316215230299999999999999 332-131557 3999999999999999
226154 81 25  0 13 60132209273307303265204134 74 40 39 7112819625629129218 3 4J91024310223229699999999999999 4 9  01631 3599999999999999
261203134 71 30 21 47101170238284298278230166102 55 36 49 9014921226128318 3 5J91053298231128499999999999999 445 2017 6 3699999999999999
274236180120 71 46 52 86141203254281276244192132 80 49 44 6711116722025618 3 6J91122283235126699999999999999 519 451740 4299999999999999
266249211162115 82 73 89125174222255263246209159110 72 54 60 8713017821818 3 7J91150264999999999999999999999 552 731815 5399999999999999
242244225192154122103104123156194225242238215179137100 76 68 7910514117818 3 8J9 035246121824299999999999999 6281011854 6899999999999999
208223222208184159139129133149173197214219210189160130104 88 85 9411514218 3 9J9 128225125122099999999999999 7131291945 8499999999999999
170192205208202188173160153153161174187195197190175156134115102 9710111418 310J9 247208134119799999999999999 82715221 4 9799999999999999
133156177195205207202192179168160158162169177182182176164147128111 99 9618 311J9 44720815341839999999999999910481582249 9699999999999999
103120143170195214223221208190169152143144152166180189189179160135110 9018 312J9 6172231730190999999999999991226142999999999999999999999
 82 88107138174208233243236216186156133122127145169193208208194166132 9718 313J9 7 6243183321099999999999999 0 7 82131012299999999999999
 72 63 7410214419123125525924220916813110810411915018621623222720216211718 314J9 741260191623299999999999999 058 63134210399999999999999
 76 50 48 69110164217257275266235188139101 85 9312416821224425423819914718 315J9 810275195225499999999999999 137 461410 8499999999999999
 93 51 32 41 76132194248281284259213156105 73 70 9414019524327026823718518 316J9 837287202627399999999999999 211 311437 6799999999999999
123 67 30 23 47 98164229276295281239179118 71 52 6510716622727228827122518 317J9 9 3295205928899999999999999 243 2215 5 5299999999999999
162 96 44 19 27 68130201262296295263206139 80 45 42 7212819525629229426218 318J9 930300213329799999999999999 315 181535 3999999999999999
205136 72 30 21 45 99168237285301281233167100 49 29 43 8815422327730028818 319J9 95630122 930199999999999999 346 2016 5 2999999999999999
245182113 58 30 37 74135204263295291255196128 67 30 25 5410917924428729718 320J91024297224729899999999999999 419 291638 2399999999999999
274224160 99 57 44 63109170232275289269222159 95 46 23 32 7113019725428518 321J91053289232928999999999999999 454 441713 2299999999999999
285255205147 98 69 69 95142197245272270239189130 75 38 28 46 8814620525118 322J91125275999999999999999999999 531 651752 2899999999999999
273266237193146109 92 98125166210243256244211164114 70 44 41 6110115120118 323J9 01627412 125699999999999999 614 911838 3999999999999999
238254249226192158131120126146176206227232219191153113 79 59 56 7210414418 324J9 115255124623399999999999999 7 91201939 5599999999999999
185218236238225203178157145144153171190205210204185158127 98 76 68 74 9518 325J9 237239135721099999999999999 83514321 5 6799999999999999
128164199224237236223202179159147145153167184197202195177150118 90 70 6618 326J9 42623815572029999999999999910421452246 6599999999999999
 79107145187223247254245222190159135124129146172198215218203173134 94 6318 327J9 5562541739219999999999999991212124999999999999999999999
 50 59 89135187234265275262230186143111 97106134173212239245228190140 8918 328J9 655275184624699999999999999 0 7 5013 6 9799999999999999
 50 33 45 82138201254286291267222166115 81 73 9213418823726727024519613418 329J9 739292193627299999999999999 1 6 331347 7299999999999999
 75 34 22 41 89156224277302295257199135 82 54 57 9114721126429128624918918 330J9 816304202029399999999999999 154 221423 5199999999999999
121 60 24 21 52111184252297308284232164 98 51 36 5410317023828730528824018 331J9 84930821 030599999999999999 235 181457 3599999999999999
173103 48 23 34 77144217276306299260196125 64 30 30 6412419726230230727818 4 1J9 919308213930999999999999999 313 231530 2699999999999999
222152 88 45 35 59112181247291301277225156 89 40 22 37 8415122227830429618 4 2J9 948302221630599999999999999 348 3416 2 2299999999999999
257198133 80 53 57 93150214266292283245185119 62 29 27 5611017824128329518 4 3J91015293225229699999999999999 421 511634 2399999999999999
276232175120 82 70 87129184237272278255208149 90 48 31 43 8113819925027818 4 4J91042280233028199999999999999 454 7017 5 3199999999999999
278252208159117 93 95119161208246263254222173120 75 48 45 6610816021124818 4 5J911 9263999999999999999999999 527 911737 4399999999999999
264256229191152123112121147183218240243225191148106 74 60 66 9113017421218 4 6J9 0 9264113824499999999999999 6 31121812 6099999999999999
238245236213183156138134144166192213223218198169135105 85 79 8811014217618 4 7J9 055245121022399999999999999 6461341854 7999999999999999
204223228222206186168156152158171186198202196181160137116102 9710412014318 4 8J9 157228125420299999999999999 7511521955 9799999999999999
16919220921921921119818317016115916317117918418417816615013311810910911818 4 9J9 332220143218599999999999999 948159213410899999999999999
13415718120321922722421219417415714714615216417718618918216814812711110318 410J9 5122271647189999999999999991138145231310299999999999999
10612214717820823124223822119416514012512513816018420321120418415612610018 411J9 61424218 3211999999999999991231124999999999999999999999
 88 9111214618622425125924821918114211310110913416920522923622319315311318 412J9 655259185023699999999999999 017 8713 510199999999999999
 82 70 80111157207249272271246203154110 83 8110314319223525925923419113918 413J9 727274192926299999999999999 1 3 701336 7899999999999999
 92 62 57 79123180235274287271230174117 74 57 7010916522326728527223417818 414J9 75728720 528599999999999999 141 5614 5 5799999999999999
118 71 47 55 90147211265294291257201136 78 43 40 7012619425629530127522318 415J9 825296204130399999999999999 216 461435 3799999999999999
158 96 54 43 64113179243288302281230163 94 43 21 35 8215122528431330626718 416J9 853302211831599999999999999 251 4315 6 2199999999999999
205137 80 48 51 86144212270301296258195123 58 17 12 4210217825230332030018 417J9 922303215732099999999999999 326 451539  999999999999999
251186120 72 54 70114176240285299278227158 88 32  5 15 5712520227031031518 418J9 953299223831799999999999999 4 2 541615  499999999999999
286233170112 77 71 96144203257287285251194127 63 20  7 28 7714621927630518 419J91026290232230799999999999999 441 691653  799999999999999
301268217161115 91 94123169220259275262223167106 54 23 20 46 9716122427018 420J911 2275999999999999999999999 523 891736 1799999999999999
290283252208162127112119145184222249254236199151100 59 37 39 6511116621818 421J9 013291114425599999999999999 6111111825 3599999999999999
256272266242208173145133138157184212229231216187149110 77 59 60 8011616118 422J9 113272123723299999999999999 7141331928 5799999999999999
204237255256241216188164149146155172191207213207189162130101 81 76 8611218 423J9 23225814 121399999999999999 8431452051 7599999999999999
148187222245254248230203175153140140151169189205211204184156125 98 83 8418 424J9 4 525515592119999999999999910321382227 8199999999999999
102134175215246262261242211176143122116127151182210227228211180141105 8118 425J9 52526417322309999999999999911501162346 7599999999999999
 76 91125171218256275272248208162121 95 9110914418822725125423319514810318 426J9 6222771836256999999999999991241 90999999999999999999999
 74 67 86126180233272288277242190136 91 68 7210115020525227727524719914318 427J9 7 5288192628099999999999999 046 661322 6699999999999999
 94 65 63 90139199253288294270222161102 61 46 6310716823127829728624819118 428J9 74229520 829899999999999999 134 611358 4699999999999999
131 84 61 69106163225274298289251192125 69 37 36 6712519425729830828523718 429J9 814298204730999999999999999 215 601431 3299999999999999
175116 76 65 85131192251289297272221155 90 42 24 39 8415122228031030727318 430J9 844298212431399999999999999 251 6515 3 2499999999999999
218156104 76 78109162222271293284245185118 60 26 24 5311018024829531129518 5 1J9 91329422 031199999999999999 326 731535 2099999999999999
253196139 98 83 98138192245280286261211149 87 41 23 36 7713920826629930218 5 2J9 941287223530499999999999999 4 0 8316 6 2399999999999999
276230175127 99 98123167217259277267231178118 67 36 32 5710616822927429418 5 3J910 9278231129499999999999999 433 951637 3099999999999999
285254207160124109118148191232260264242201149 97 59 42 51 8413519224127318 5 4J91039265234928199999999999999 5 710817 9 4299999999999999
281266232191153128123138169205236250243216175129 89 63 58 7511015820624418 5 5J91111250999999999999999999999 5451221744 5799999999999999
264265247217183154138139155181208228232220194158122 92 77 79 9813117121018 5 6J9 031267114723399999999999999 6281361824 7599999999999999
238252250234209183161150151163182201213214203181154126105 95 9911514317518 5 7J9 122253123521599999999999999 7251491915 9599999999999999
20522924124122921018916915715416017318719720019518116114012211211212314418 5 8J9 230242135520099999999999999 848154202911099999999999999
17119822123624023321719517315614714715717218719720019317815813712211612118 5 9J9 352240154820099999999999999102414622 311699999999999999
13816319322024024824222319616714212812814016218720721821419817314512211018 510J9 5 42481715218999999999999991132126232110999999999999999
11213015919522925326125022318614811810310712916320022924323821518114411318 511J9 5552611814244999999999999991217102999999999999999999999
 98101125163207246270272251212164118 87 77 9212817622425827125922518013418 512J9 63527419 027199999999999999 019 971253 7799999999999999
 99 85 95128176227268286277242190132 82 55 56 8613819925428929427122617118 513J9 710286194129699999999999999 1 5 851328 5299999999999999
119 85 77 98141198252288295271221157 94 47 29 45 9015722728431330927421918 514J9 743296202231699999999999999 146 7614 2 2999999999999999
157105 76 78109163224275301293254192121 57 18 13 4410418125530832931326918 515J9 81730221 332999999999999999 226 731438 1199999999999999
206143 95 75 88129188248291304281230159 87 29  1  9 5312320527732333330818 516J9 851304214633499999999999999 3 7 751517 -199999999999999
257193133 93 83105152211266297296262202130 61 12 -4 16 6914422429032732818 517J9 928301223133299999999999999 348 821557 -499999999999999
297243182129 98 97125173228273293280239177108 48  9  3 31 8816223629332118 518J910 7293231932299999999999999 432 941641  199999999999999
315282231176131109114143188236270279261218160 98 47 19 20 5110717524028818 519J91050280999999999999999999999 5191081728 1599999999999999
308299268222175139123129156194232257261241203153101 59 38 42 7212218123718 520J9 012308114026299999999999999 6121221820 3699999999999999
276292284257219179149134139159189219239242228197157115 80 62 66 9013218118 521J9 110292124224399999999999999 7161341922 6199999999999999
228262278274252220185157140139152175200220229222202171136106 87 8610213518 522J9 21727914 522999999999999999 8341382035 8499999999999999
176218251269269252224190159137129136156182207224227216192161130107 9910818 523J9 33027115452289999999999999910 11292158 9999999999999999
13417121124526627025522518815212411111613716920222924123621518214711910518 524J9 4402711713242999999999999991113111231610499999999999999
109132169211248270273256221178135103 89 9712516620924426125723319615612218 525J9 53927518192629999999999999912 8 89999999999999999999999
105108133173218257278276251209158111 78 69 8512317422526428127424420015418 526J9 625280191128299999999999999 0201031253 6999999999999999
118102110140185233269284273238187131 83 56 55 8213219224828629728224419418 527J9 7 5284195529799999999999999 1111021331 5299999999999999
146112102117155204251281285262216158100 57 39 52 9215221727230330528023418 528J9 739287203430899999999999999 15410214 6 3999999999999999
180134107106131175226268287278243188126 72 38 34 6011217824329231330326818 529J9 811288211131399999999999999 2321031439 3299999999999999
217163123106116150199247280286263217156 96 50 29 39 7813820726730531329218 530J9 842287214631499999999999999 3 71061511 2999999999999999
249196147116111132173222263283275241187127 72 38 31 5410316823328430930518 531J9 913284222031199999999999999 3411101543 3099999999999999
274227176135115122151196240271278258215159102 58 36 43 7713319625429330518 6 1J9 945279225530599999999999999 4151151616 3599999999999999
289253205160129121137171214251271265236189135 86 53 45 6310516122026729318 6 2J91018272233129799999999999999 4501201649 4499999999999999
294271232188150129130152187225253262248214168119 80 59 61 8713218523627218 6 3J91053262999999999999999999999 5271271724 5799999999999999
287279252215176147135142165197228246247229195154113 84 72 8211215520224318 6 4J9 0 9287113324999999999999999 6 813418 2 7299999999999999
269276264238204171149141150171198222235232214184149117 95 9010313217021018 6 5J9 051276122023699999999999999 6571411847 9099999999999999
24326326625322919917015114415116919221222322220818315512811110812014417718 6 6J9 141267132422499999999999999 758144194410799999999999999
21124025725924822519717014914014415918020121622021219316814412712112814818 6 7J9 241260145022099999999999999 911140205712199999999999999
17720923725425924822519516414012712914416919621822922721118615913712612918 6 8J9 3472591619230999999999999991022126221812599999999999999
14617520823825926325122418715012010510812916219923124924923220316914012418 6 9J9 4472641730251999999999999991120104232912199999999999999
124142173211246268271253217172127 93 78 8711816321225227427425121517313718 610J9 53827218282779999999999999912 7 78999999999999999999999
116117139177221260281278250204148 97 62 52 7111417223227830129526521916918 611J9 623283191830299999999999999 0281141250 5299999999999999
129108113142188237276292280241183119 65 33 31 6211818825630432231027121618 612J9 7 429220 532399999999999999 1181071333 2899999999999999
161120103114151203255291299276225159 90 36 10 19 6112920727832433631526918 613J9 745300205133799999999999999 2 61031415  999999999999999
209152113102121165220272302300266207135 65 15 -3 16 6914422629633634131318 614J9 827305213834399999999999999 25110215 0 -399999999999999
261199143110106132180236283305294252188115 49  5 -4 23 8216224330734033718 615J9 911306222634399999999999999 3371041545 -599999999999999
304249188138111113144193247287301283238173102 42  6  5 3810117925531033518 616J9 957301231433699999999999999 4241081633  199999999999999
327290236179135114122154202250284291270224162 98 46 19 23 6012119426130818 617J91046292999999999999999999999 5131141721 1799999999999999
325312275224172135120130161204246273277256214159103 60 40 48 8514120526218 618J9 0 3325113927999999999999999 6 51191812 3999999999999999
300311295260213168136124134162199235259262244209163117 82 67 7610915821218 619J9 054311124026399999999999999 7 212419 7 6799999999999999
259288295280247206166137125132156188220243249238211174137108 9510312916918 620J9 148296135225099999999999999 8 712520 8 9599999999999999
21425227728226823820116313512212514417420523024223922019216013412012314318 621J9 245282151724399999999999999 918121212011999999999999999
17521224526727226023219615912911311313016019422424324723521118215513813518 622J9 3472721644248999999999999991028111223813499999999999999
149176210241262267255227189150117 98 9811715019022725326225322919716714618 623J9 4482681759262999999999999991130 96235113999999999999999
140151176210242263267252220178134100 81 8410814919724026927826724020316918 624J9 5422681857278999999999999991222 80999999999999999999999
145138151179216248268267246208161114 80 65 7610915821225928729227524119918 625J9 629270194329399999999999999 05013813 5 6599999999999999
162139136154188227259274266236190138 91 61 55 7511917623428030330027423218 626J9 710274202330599999999999999 1371351344 5499999999999999
186150132137163202243271278260220167113 69 47 52 8413820125929931229926318 627J9 746278205931299999999999999 2171311419 4599999999999999
215169137128143178221260281277247199141 88 51 40 5810316422928231231328818 628J9 820282213331699999999999999 2521271453 4099999999999999
244194151128129155197241274285269229174116 68 41 43 7412819325529931630518 629J9 85428522 531699999999999999 3251251526 3999999999999999
270221172136124137172217258283282254207149 94 55 41 56 9815822227730931218 630J9 928286223831499999999999999 3581241558 4199999999999999
289247197153127127150190234270284271235183127 79 51 50 7712718824829131018 7 1J910 2284231031099999999999999 4321241631 4799999999999999
301269223176140125134164206247273277256214162110 72 56 6810415721626629818 7 2J91039278234330499999999999999 5 612517 5 5699999999999999
303285248202160133128144177217252269265238195146103 75 71 9113218423627718 7 3J91117270999999999999999999999 5441271740 6999999999999999
296291266227185150131132153186222250260251222182140105 87 9111615720524918 7 4J9 01829712 126099999999999999 6251291819 8699999999999999
27828827724921117314413113615718822024325024021417914311610511213817521618 7 5J9 057288125525099999999999999 71313019 510599999999999999
25227427826423620016513912813415418321223524323621518515513312413115218518 7 6J9 14227914 224399999999999999 81012820 412499999999999999
22025026826925522719215813312012414317220422924324222620117415113914215918 7 7J9 236271152524499999999999999 915120211913899999999999999
18621824626326525122318615012010510812716019723025225724622219316614814518 7 8J9 3382661648258999999999999991022104224214499999999999999
157182214244264267252221179137102 83 8610914919623926927927024320817415018 7 9J9 44126818 0279999999999999991123 82235714199999999999999
141152178213248270274256218169119 78 58 63 9314320125429130429226021717518 710J9 54027519 0304999999999999991218 57999999999999999999999
144134145176218257282284259213155 97 53 33 43 8314321227431432530826821718 711J9 634286195332599999999999999 0581341310 3399999999999999
168135125142179227271295292260206139 76 30 13 31 8015122829333334031526818 712J9 724298204234199999999999999 1521251359 1399999999999999
210157124119142187240285307298258195123 57 13  2 28 8616424531134634631318 713J9 813308212935099999999999999 2401171448  199999999999999
259197144115116147198254297314298252184109 44  5  1 3510018226332435134218 714J9 9 1314221535299999999999999 3271121536 -299999999999999
303244181131109118154208264304315293242173 99 39  8 12 5312220327933034818 715J9 950316225934899999999999999 4131081623  599999999999999
330285224164121106122162217270304309283231163 96 44 22 35 8014822429032918 716J91039311234233799999999999999 45910617 9 2299999999999999
336311263204150115107127169221268296296269219158100 60 47 6511117524129418 717J91130300999999999999999999999 5461061755 4799999999999999
320318288240186140113111133173220260282280254211160113 84 7910014219725118 718J9 024323122528499999999999999 6351091842 7799999999999999
29030529626522017313511411513617221224726526424320916913411311213216721118 719J9 1 7305132626799999999999999 728112193311099999999999999
25227928727424520616613411711713516520023124925223921518515914314215618318 720J9 152287144025399999999999999 828115203514099999999999999
21624526526925723219816313411711512915518721823924924422820618316716216918 721J9 24526916 924999999999999999 936114215516299999999999999
18821223625225624722519516113211310811914417721123925525624522520118117018 722J9 3492571738257999999999999991048108232416999999999999999
171184205228245252244223192157125103 9710813617421424826927326123720818218 723J9 4592521844273999999999999991151 97999999999999999999999
166165178201227247255246222187147111 88 8410013518022726528728827023820318 724J9 6 0255193329099999999999999 0351641243 8399999999999999
173156157175204234256262249218176131 93 72 74 9914319724928630329526822818 725J9 649262201130399999999999999 1261541325 7099999999999999
187157144153180215249269269247207158109 73 59 7110816222127330531229325518 726J9 730272204531399999999999999 2 514414 2 5999999999999999
209166140137157193234268282272239189134 86 56 53 7812718825029631831228018 727J9 8 6282211631999999999999999 2381361437 5199999999999999
233183145128137169212256285289267223166109 66 47 57 9615422027731432230118 728J9 840291214532299999999999999 3 912815 9 4799999999999999
258206158128123145187235276296288254201141 87 53 48 7212218725130032231518 729J9 914296221432399999999999999 3391221541 4699999999999999
281231177136117126160207256290298278234176117 71 50 59 9715522127831432118 730J9 948299224332299999999999999 4101171612 4999999999999999
299255201152120115136177227271295292262212153100 65 58 8112818925129731818 731J91023297231231899999999999999 4421141643 5799999999999999
309276227174132112119149194242279292279242190135 92 70 7711016122027330518 8 1J911 0292234231299999999999999 5151121716 6999999999999999
311290250199152120111127162207250279283263224175128 95 8610214019124328418 8 2J91140284999999999999999999999 5511111751 8699999999999999
30229626722417713711411313417121425127227124921216913211010912916721225418 8 3J9 014303122727499999999999999 631111183210699999999999999
28329127724520416112811211613817321224526226124221117614713113315218422118 8 4J9 051291132526499999999999999 719111192313099999999999999
25427427626022919115312411011413416620323425425724522119316915415416719118 8 5J9 136278144125899999999999999 818109203315299999999999999
22024626226425022218715112110510512215218922425026225824121719217316517018 8 6J9 236265161426299999999999999 93010322 716599999999999999
187211236254259249224189150116 93 8810213317521825427627926624021018316518 8 7J9 3522591742280999999999999991046 88233916299999999999999
163176200229253264258233194149106 76 66 7911516522026729630428925821818118 8 8J9 5102641849304999999999999991156 66999999999999999999999
156149163192229261278273245198143 91 54 42 5910216322928532032630626521518 8 9J9 617279194432799999999999999 0491491256 4299999999999999
169140134153191237277296289254198133 73 33 22 46 9917124630734034131126018 810J9 714297203134599999999999999 1431331349 2299999999999999
201150121121149197252296314301258193120 56 17 12 4410718826732735434530418 811J9 8 6314211435599999999999999 2301171437  999999999999999
244179128105114152209269313327306255183107 44 10 15 5712721228934135733618 812J9 854327215535799999999999999 3131041523  799999999999999
286219154109 94114161223284323330302245171 96 40 17 31 8115623830834734918 813J9 941332223335299999999999999 355 9416 7 1699999999999999
316259191131 95 91119172237293325324289230158 92 47 36 6011518926331834118 814J91027329231034299999999999999 436 881649 3599999999999999
330288228164113 88 95130185245294317308271215151 97 66 66 9715221927931718 815J91114318234532699999999999999 518 871730 6299999999999999
325303257199143104 90104142194247286300288253203151112 9410313518524028418 816J912 2300999999999999999999999 6 0 901810 9499999999999999
305301273228177132104 9911615219824127128026723819916113512713916820824818 817J9 020307125528099999999999999 644 98185412799999999999999
27628527424520616413011111012615719422925226025223220517916215816819021718 818J9 056285135926099999999999999 734108194815899999999999999
24326026225022619416213612011913115518521423624724723621920118718118419618 819J9 140263152824999999999999999 83711821 918199999999999999
21323024124323521719316714312712212914717320122724525325023822120419118618 820J9 242244171225399999999999999 95612223 318699999999999999
19020121522723423121919817314712611611913516319622825426726725423220818718 821J9 4152341828269999999999999991117115999999999999999999999
17617718820622423723922820517514311710310612616020124127228628226123119818 822J9 539239191628699999999999999 027175122010299999999999999
172160164182208233250252236206168129100 87 9512416821826329330128825621618 823J9 636253195230199999999999999 11516013 7 8799999999999999
177151145158186222252268264239199152108 80 74 9213318824428831130828123818 824J9 718269202331399999999999999 1501441345 7399999999999999
191152132136162202244275285270233182128 85 63 6910115421627331132130326318 825J9 754285205132199999999999999 2191311418 6299999999999999
210160127119138177226271296295266217158103 65 55 7612218525030132531928618 826J9 827299211832799999999999999 2471181450 5599999999999999
234177131109116150200254294309294252193131 80 54 60 9515322128232132830518 827J9 9 0309214432999999999999999 3151081520 5299999999999999
258199143108100123169226278310311282230166107 66 55 7712519025730732931818 828J9 932315221032999999999999999 344 991550 5599999999999999
280223163116 93102138192251296316303263204142 90 64 6910416122728532032418 829J910 6316223732699999999999999 414 931620 6299999999999999
297248188132 96 89111157214269305311287240181125 86 75 9413819725730231918 830J9104231323 432099999999999999 445 881652 7599999999999999
306268213156110 87 93125175232279303299268220166120 95 9712417122627530418 831J91121305233430999999999999999 518 861726 9299999999999999
306281237183133 98 8710213918924027929428325220816212811512415419824327918 9 1J912 5294999999999999999999999 554 8718 511499999999999999
294285254210162121 96 9311214819423826928026924220717214814015117721224618 9 2J9 0 7294125928099999999999999 638 91185414099999999999999
270276263233194153120100 9911614818822725526726224421819217316517118821218 9 3J9 048276141326799999999999999 734 9720 416599999999999999
23725325724722419215712610610111213817220924026026525824021719618217818518 9 4J9 147258155426699999999999999 850101215217899999999999999
200220236246243228202169136109 95 9811815119223126227927926524021218717218 9 5J9 3192461731281999999999999991021 94233716999999999999999
170181203227246253245220184142105 81 77 9513218123227530030428625321317718 9 6J9 4592531839305999999999999991142 76999999999999999999999
153148163192228258274268240195142 94 62 54 7512018124429632432429825320018 9 7J9 614275193032799999999999999 0451471246 5399999999999999
155128126150192240280299290254198134 77 42 37 6612219426531934333329523718 9 8J9 711300201334499999999999999 1331241338 3599999999999999
175126103111147202261305322306260193121 61 28 31 7113821829133935232927718 9 9J9 8 1322205135299999999999999 2151021424 2599999999999999
209144 98 85105154220284327336310254180106 49 26 41 9116524731435034831018 910J9 846337212635399999999999999 254 8415 7 2699999999999999
247175113 77 76109169240303339339303240164 94 48 38 6412319927532934833018 911J9 93034322 034899999999999999 332 721547 3799999999999999
280211141 88 66 78122188258314339328286221150 91 59 62 9916023329633233318 912J91012340223233799999999999999 4 9 651625 5699999999999999
301244176114 74 66 90141206270314328309264203143 98 81 9613719725830432118 913J9105432823 232199999999999999 445 6517 2 8199999999999999
307266208147 98 73 7710816022027330530828524219114411511113217422427029718 914J91137310233330199999999999999 522 71173911099999999999999
298274231179129 95 83 9512817622626728728526322718815614014316520023826718 915J91224289999999999999999999999 6 0 83181913999999999999999
279270243204161125103 9911414518422325326726424722119517416617118821323718 916J9 0 4279131926899999999999999 642 9819 816699999999999999
25225424321918815713211811712915318321323624925124222721019518818819721018 917J9 040255143825199999999999999 734115202618799999999999999
22323123222320818716514513312913615217519922224024924824022721219919219118 918J9 134232162925099999999999999 852129223619099999999999999
19620421321821821019617815814213213214216218821724125826325624021819718118 919J9 3272191755263999999999999991031130999999999999999999999
17417818920421822622421119016514012311912915218622325527528026824321118118 920J9 518226184628099999999999999 010174114911999999999999999
16015416318320923224524222419516012810710311915219524027629429126823119018 921J9 621245192129699999999999999 054154124110299999999999999
155137138158192228256267258229188144107 88 9111816321726629930829225520618 922J9 7 3267195130999999999999999 1261351321 8699999999999999
159126117132167212255283286265223171120 85 74 9013118724729431731127922818 923J9 738288201831899999999999999 1531171355 7399999999999999
172125102106138187242285305296260205146 96 68 7010215622027931732430025218 924J9 811305204432599999999999999 2201001426 6599999999999999
191134 95 86108155216273310317293243180119 76 62 8012619025630732931727618 925J9 84331921 932999999999999999 247 851456 6299999999999999
215151 99 74 82121181247300326318279220154 98 67 6910216022728832432629618 926J9 916327213432999999999999999 315 731527 6499999999999999
241174113 73 65 90142209274318330307258194132 87 71 8913419626130832630918 927J9 95033022 132699999999999999 344 641558 7199999999999999
264202136 84 59 67106167235293324322289235173119 88 8811716822928331431418 928J91026328222931899999999999999 415 581631 8499999999999999
282229165106 67 57 7912618925330131930726921616112010211314819925229130618 929J911 5320225930699999999999999 448 5717 710299999999999999
291251195137 89 64 66 9514520526029730628925220516113212514117521925928418 930J91150306233328899999999999999 525 61174812499999999999999
286263222172123 87 71 791101572092552832892732432061741531501651922252521810 1J91245289999999999999999999999 6 9 71183914999999999999999
267262240205163124 96 85 931191582022402652732662452191941771711781942161810 2J9 016267135927399999999999999 7 5 85195617199999999999999
234245242227202170138113 991001181481842212492662682582392161951811761821810 3J9 120245154126999999999999999 825 98215517699999999999999
196212226233229214189159130108 991061291642042412692822782602322011751601810 4J9 31023317162829999999999999910 4 99233415899999999999999
159172194219239246238215180141107 88 881091481972452833012972732351921551810 5J9 5 12461820302999999999999991130 85999999999999999999999
134133152186225257273266238194143 98 71 70 951432022603033203102742231691810 6J9 61327319 732099999999999999 0331311233 6799999999999999
125104110141190243284301290253197135 84 56 59 931512202833233323092601961810 7J9 7 7302194633399999999999999 1171031324 5399999999999999
135 93 79 97144206268311324304256189122 70 48 611061732473073373322932311810 8J9 754325202133999999999999999 155 7914 8 4899999999999999
160100 65 64 98158229294332336305247175107 63 51 761322042753243393172641810 9J9 836339205433999999999999999 231 601448 5199999999999999
194123 69 48 62110179254314343335293229157 98 65 68104165237298330327290181010J9 917344212433399999999999999 3 6 481526 6299999999999999
227155 90 50 44 73131204275324340321273208143 96 79 94138201264309323303181011J9 956340215432399999999999999 340 4216 2 7999999999999999
254188121 69 45 54 94156227288324327299249190137104101126173230279306303181012J91036329222330899999999999999 414 441637 9999999999999999
270217155 98 62 53 73119181243291313306274228178139121128157202247281290181013J91115313225229199999999999999 448 52171312099999999999999
274236184131 89 67 71 98144199250284295282252213175149142154183219251269181014J91157295232327099999999999999 522 66175214299999999999999
266243206162122 93 83 94123164209247270274262237208181165163175197222241181015J91245275235724899999999999999 559 83183816299999999999999
248240218187154125107104116141174208236253257249232212193181179185198213181016J91349258999999999999999999999 643103194717899999999999999
223225218203181158139126123131149174200223240248247237222206192184182187181017J9 045226152124999999999999999 746123214218299999999999999
195203208208202189173156142134136146165189213235250255249234213192176167181018J9 229209165525599999999999999 922134232616799999999999999
168176189203212214206191170150135129136154181212241261268260239210179156181019J9 4402141757268999999999999991059129999999999999999999999
145148164187212230235226205176147124115123147182222258279281264232192154181020J9 553235183728399999999999999 01714412 311599999999999999
129122134163200234255259242210170133107100116150196243280296287257211162181021J9 639260191029699999999999999 051122124810099999999999999
121101105132176224263283277248204154112 89 91118165221270301305281235178181022J9 717284193830799999999999999 120 991325 8799999999999999
124 88 79 99143201256294304286243187132 92 78 93134192251296315302260200181023J9 75130520 531599999999999999 148 781359 7899999999999999
137 86 61 68106166232288318315282227164110 78 77107160224281315316284228181024J9 825321203232099999999999999 217 591432 7499999999999999
159 96 54 44 70124195264314332315268205142 94 75 89131193256304321303255181025J9 9 0332205932199999999999999 246 4315 5 7599999999999999
188118 61 33 41 83149225291330334303249183125 88 83110161224281314313279181026J9 936336212831899999999999999 317 321539 8199999999999999
220149 83 39 26 49103175250307333325286228167118 94102137191249293310293181027J9101433422 031099999999999999 351 261615 9399999999999999
248185117 61 30 32 66125197265311326309267212159121110125163213261291293181028J91056326223429699999999999999 427 27165510999999999999999
267218157 98 54 35 47 86145211269304311291251204161134130148183224260277181029J91144312231427899999999999999 5 7 35174112999999999999999
271241195142 94 60 50 65104157214261289293276243206172152149164191221246181030J91240294999999999999999999999 554 50183814899999999999999
256248222185142104 78 70 83115159207247272278268245215187168162168185206181031J9 0 3256135227899999999999999 652 70195916299999999999999
225234231215189156125100 89 951171521922302582712692532292011771621591671811 1J9 117235152227299999999999999 810 89214615899999999999999
183203219227223206180149121102 981111391772182522732782662402071741491371811 2J9 311227164627999999999999999 944 98231413799999999999999
141160187215235242232207172135107 941011271682152572842912762432001561231811 3J9 4552421749291999999999999991110 93999999999999999999999
109116142182223255268259229186140103 85 911211692232702983012772331791281811 4J9 6 6268183630399999999999999 0111081215 8499999999999999
 92 81 97137190243281294280242189135 94 77 881261812412883113032672111481811 5J9 659294191531199999999999999 055 8113 7 7699999999999999
 94 62 60 90144209268306314291243182125 85 75 951422042643043152932441781811 6J9 745315194931699999999999999 133 571351 7499999999999999
111 61 40 52 96162234293324322289233168113 81 811121672312853133082712111811 7J9 826328202131599999999999999 2 8 391430 7799999999999999
140 77 37 30 57114187259312332319276215152105 85 971381962562983112902401811 8J9 9 5332205231199999999999999 242 2815 7 8599999999999999
174105 51 25 34 74140215280321329304255194139103 971201672242743012972621811 9J9 943330212230399999999999999 316 241542 9699999999999999
205138 78 37 27 49100168239293320315283231176131109115146194245281292273181110J91020322215229299999999999999 349 26161710899999999999999
230171110 61 36 41 74129195256297310296259210163131121136171215255277273181111J91058310222327999999999999999 421 34165312199999999999999
245199144 93 58 47 63102157215264291294274237194158137136156189226253262181112J91136296225526299999999999999 455 47173113499999999999999
249217173127 88 66 66 89129179227263279276254221187160147152171198225241181113J91218280233224499999999999999 530 63181414799999999999999
242225195158122 94 83 89113149191229255265259240214187167158162177196214181114J913 8265999999999999999999999 6 9 82191115899999999999999
224222207183155128109103110131161194223244253249235214192174164164172185181115J9 019224141225399999999999999 658103203216399999999999999
198206207199183163143127121124139162189215236247247237219197176160154157181116J9 136208153224999999999999999 8 912022 915499999999999999
168182195204204195180161143131129138157182210234250253243223195167145135181117J9 332205164525499999999999999 942128231913499999999999999
137151172195213220215199175151132124130149179212242260263248219183147120181118J9 5 522017392649999999999999911 5124999999999999999999999
110117141174209234244237214182148123113121146183224257274270245205158116181119J9 6 4244181927699999999999999 0 511012 411399999999999999
 90 85104142189233262269254221178137109101116151198244276286270231178123181120J9 649270185328799999999999999 041 84125010199999999999999
 80 60 68102155214263290290263218166121 95 95121167220267293291259206142181121J9 729293192529699999999999999 113 591330 9299999999999999
 84 46 37 61111178244293313301262206149105 86 97135189246288302284237172181122J9 8 7313195630399999999999999 146 3614 8 8699999999999999
103 47 19 25 65130206274316326301252190132 94 86109156215270302301267208181123J9 845327202930699999999999999 220 171446 8599999999999999
136 67 19  3 25 78153233297330327293236173120 92 94127180239286305290243181124J9 92533321 430599999999999999 255  31525 8999999999999999
177103 40  3  1 34 98177254310333320279220160115 97109147201255291297271181125J910 8333214129999999999999999 334 -316 6 9799999999999999
217149 80 26  0  9 51119197267313326306262206153117108126166216261285281181126J91053326222228799999999999999 415 -1165010899999999999999
249194130 69 25  9 26 72138210270306312290248198153125121141177220255271181127J9114131423 827199999999999999 459  9174012099999999999999
261228179122 71 37 28 48 92152214265294296275238195157135132149179213240181128J91236298999999999999999999999 548 27183813199999999999999
252243215173127 85 57 52 69108159212255279282265234197164142137147170197181129J9 0 4252133728399999999999999 645 51195013699999999999999
220233229211179142107 83 76 88118160205243266272260234200168143132135152181130J9 118233144827299999999999999 753 75211613199999999999999
176201219225217195165133107 951001211561962332592692602362021661351171151812 1J9 25622516 126999999999999999 914 95223711499999999999999
129155187214231232217190157126107105120152191230259271263236197155117 951812 2J9 43423417 62719999999999999910381042340 9099999999999999
 91108141182221246253240211173136111104118150193235265276264231184134 921812 3J9 5512541758276999999999999991150104999999999999999999999
 69 69 941371892362672752592241791371091021191552022462752802592171621061812 4J9 649275184228199999999999999 029 66124810199999999999999
 64 45 54 901452062582882912692261751311041021251672182602832782461941321812 5J9 737293192028499999999999999 111 451335 9999999999999999
 76 39 29 50 991632292803042992672171641211001061381862372742862682251651812 6J9 819306195428699999999999999 149 291416 9999999999999999
101 49 21 24 591181892542983122962552011481111001171572082552822802501971812 7J9 858312202728599999999999999 224 18145310099999999999999
133 72 28 14 31 781452162753083102832351801331061071341802302682822672251812 8J9 934313205928299999999999999 258 14152810399999999999999
166103 49 18 18 491051742412903102992632121601211071191542022462732742461812 9J910 9310213127799999999999999 331 1416 210799999999999999
197137 78 36 19 33 74136203261296302281239189144116114135174219255270258181210J9104330422 427099999999999999 4 3 19163611299999999999999
222170112 63 33 30 56104165226272293288259216170134118124152191229254257181211J91118295223825999999999999999 436 28171211799999999999999
237197146 96 58 41 50 83134190241274284270238197157131124136165200230245181212J91154284231624699999999999999 5 9 41175112399999999999999
240215176131 90 63 58 75111159208247269270252220184152133131145171200222181213J91233272999999999999999999999 545 57183613099999999999999
230221197162125 94 78 79 99134176216245259256237208177151136135148169192181214J9 0 0230131826099999999999999 625 76193213499999999999999
209215207187160131107 96100119149183216239250245228202174150135133141159181215J9 056215141225099999999999999 715 96204413299999999999999
179196204202189168144125115116130155184212233244241225200172145127121127181216J9 217205151724499999999999999 82211422 112199999999999999
143166188203208201184163142128124133153180208231244242225198164132109100181217J9 354208162224599999999999999 94712423 410099999999999999
107128158189213225221205179153132123129148178210237250247225190148110 83181218J9 51622517182519999999999999911 81232354 7499999999999999
 75 87117159201233249245223190156128115121145180218248260251220175124 79181219J9 61725018 4260999999999999991211115999999999999999999999
 52 49 72115169222260275265235193150118106116147190233263270251209152 93181220J9 7 6275184627199999999999999 037 4713 310699999999999999
 46 22 29 64122188248287297279239188139106 98116156206252278276245190124181221J9 751298192628199999999999999 118 211348 9899999999999999
 60 15 -1 17 66136211273309312284234176126 96 96123170225269289276233168181222J9 83531520 728999999999999999 158 -11432 9299999999999999
 95 31 -9-15 15 76155234294323317280223162114 91 99134187242282292269216181223J9 918325204829399999999999999 240-171515 9099999999999999
145 71 10-23-18 23 92176254308328313269209149106 90106147203255287288256181224J910 3328213229299999999999999 323-251559 9099999999999999
198126 54 -1-24-10 39113195268313324301253193137101 94115159213260284278181225J91048325221828699999999999999 4 8-241645 9399999999999999
241182112 46  1-13  8 61134212275310313285236179129101 99124167216256274181226J9113431623 727499999999999999 454-131733 9799999999999999
263226170106 50 14  8 34 86154223275300296266219167125103105129168211244181227J91221302999999999999999999999 541  7182510199999999999999
257246213164110 64 37 37 63110170227268286278248205160124105107128162198181228J9 0 2257131028699999999999999 632 33192410399999999999999
227239231205166123 87 66 67 90130179225257269261234196156123105104120148181229J9 1 723914 426999999999999999 727 64203310299999999999999
181208223223206177144115 97 96112143181218245255248224191153121100 95106181230J9 22722515 525599999999999999 834 942149 9599999999999999
130162192214222215195168141122116125147178211235247241220187149114 89 80181231J9 4 2222161124799999999999999 95611623 1 8099999999999999
