  2-16 -1 44110180238270274253211160114 85 82105149203247268260224164 9218 1 1KO 740276191426999999999999999 1 4-161338 8099999999999999
 24-21-34-11 44120197255285285258209153105 79 7910815921625827425921514918 1 2KO 83028920 127499999999999999 152-351429 7599999999999999
 73  6-36-41 -9 55136213268292285252199141 96 74 8111617122726527425320318 1 3KO 917293204827599999999999999 239-441516 7399999999999999
133 57 -5-38-36  4 74155227273289276237183128 88 73 8712718223326426623918 1 4KO10 2289213426899999999999999 326-4216 2 7399999999999999
187118 49 -5-28-17 29 99174235270278258217165117 84 77 9613818923225324918 1 5KO1046278222025599999999999999 411-291648 7699999999999999
220169107 48  7 -7 12 60125189237260259236196149109 85 8310514518922223618 1 6KO112826323 823699999999999999 455 -71734 8199999999999999
228199155103 57 28 24 47 92147198232245238214177137105 88 9111214618120518 1 7KO12 9245999999999999999999999 539 221822 8799999999999999
214206182146107 73 55 57 81119163200222228219195163131105 92 9611414016718 1 8KO 0 1214125222999999999999999 624 531917 9199999999999999
186193188171146118 95 84 88108138170196212214204183156128105 93 9510812818 1 9KO 1 6193134121599999999999999 713 832024 9299999999999999
150168178179170154134117108111125147170191203205196177152125103 89 87 9618 110KO 234180144120599999999999999 8161082140 8699999999999999
114136157173180178167151135125123131147167186199202195176150121 95 78 7318 111KO 417181154920299999999999999 9401232251 7399999999999999
 82102129156178191192182165145131124129144165186202206197176145110 80 6118 112KO 53619316512069999999999999911 51242344 5799999999999999
 57 70 96131165192207207193171146126118123141167193210213200172134 94 6118 113KO 63020917412149999999999999912 7118999999999999999999999
 42 43 64100143183211223218197167137116109119144176205222220199162116 7118 114KO 710224182422399999999999999 027 40125410999999999999999
 39 25 35 67113163205231236221192155123103102121154191221232222191145 9318 115KO 74523619 223299999999999999 1 4 25133310099999999999999
 47 18 15 37 80135189227245240215178137106 9210113017021023623921717512118 116KO 817246193724099999999999999 139 1314 7 9299999999999999
 66 24  5 13 49103163214245252235201157117 91 8810714619122924623720415318 117KO 847252201024699999999999999 212  41439 8699999999999999
 94 41  7  0 23 71132192235255249221179134 98 82 9012016621224224822718418 118KO 916256204324999999999999999 244 -11511 8199999999999999
127 68 22  0  7 43100164217249255237201155112 85 79 9913818722724724121018 119KO 945256211624899999999999999 315 -11543 7899999999999999
160101 47 12  3 24 71132192235253247219177131 95 78 8411215720323524322618 120KO1014254214924399999999999999 347  31615 7799999999999999
188135 80 36 13 18 50103163213243248231197153112 84 77 9212717221123323118 121KO1043249222523599999999999999 420 121650 7799999999999999
207166116 69 36 26 41 80133186225242237213175134 99 80 8010213817921022318 122KO111524223 622399999999999999 454 261729 7899999999999999
215189149106 68 47 47 69109157200227233221194158121 92 79 8410714217720118 123KO1150234235720999999999999999 531 441814 7999999999999999
209200176142107 80 66 71 95131171203221222207180147114 89 79 8510613616618 124KO1233224999999999999999999999 614 6619 9 7899999999999999
187196190172146120 99 89 95114144175199213212198174143112 87 75 78 9512218 125KO 1 5196132821499999999999999 7 9 892018 7499999999999999
150174187189179161140121110111124146170192206208197175144111 82 65 62 7618 126KO 237190144020999999999999999 8251092138 6199999999999999
101133164187198196183163142125118123139161186204212204183149110 73 47 3918 127KO 42119916 12129999999999999910 41182255 3999999999999999
 51 79119161195216219208185156130115114128153184210223218193153104 57 2418 128KO 54422017132239999999999999911351132359 1299999999999999
 12 25 61112167212238244229199160125103100116149189223240233203154 94 3818 129KO 6462441814240999999999999991241 99999999999999999999999
 -1-13  5 51115180232261264243203154112 87 85108151201240257247209150 8018 130KO 73726619 725899999999999999 054-131334 8399999999999999
 17-23-31 -4 53128200254279276245195139 93 70 7410716021625727125320713918 131KO 822281195627199999999999999 144-331421 6899999999999999
 63 -1-38-38 -1 67149222271289275235177118 74 57 7011317323226927625019718 2 1KO 9 4289204227799999999999999 230-4215 5 5799999999999999
123 47-12-39-29 18 93175242280287263214153 96 59 51 7412518824327227023718 2 2KO 943288212627599999999999999 314-411546 5099999999999999
179107 37-11-27 -6 49125200254278273240187128 78 52 54 8614120024526325318 2 3KO101828022 926399999999999999 356-271626 4999999999999999
216159 93 35  1 -1 29 88158219256266249211158106 68 53 6510215420423724518 2 4KO1051266225024599999999999999 435 -417 4 5399999999999999
229192140 86 44 25 34 71126184227248245221181134 92 66 61 7911716119922018 2 5KO1122250233322399999999999999 511 251743 6099999999999999
221203170129 90 63 57 73110156198225232221194157119 87 71 73 9312516018618 2 6KO1152232999999999999999999999 547 561824 6999999999999999
199197182157127102 88 90109139173200214213198173142113 90 79 8410112515018 2 7KO 022200122621599999999999999 624 871913 7999999999999999
169179179169154136121114118133155176192199196183162138114 96 86 88 9911718 2 8KO 129180131020099999999999999 7 91142020 8699999999999999
136153165170169162152141135136144156169181187186177161141119100 87 84 9018 2 9KO 319170142118799999999999999 8241352151 8499999999999999
103122142161174179177169157147141141147158171181185181167146121 97 79 7118 210KO 51317916 01859999999999999910291402312 7199999999999999
 75 90114142168187196193181164146134129135150169185194191175149117 86 6318 211KO 6171961716194999999999999991154129999999999999999999999
 54 61 83116153185207213205186159135119115127149176198208202179144104 6718 212KO 65721318 820899999999999999 0 5 54124311599999999999999
 43 37 52 85129173208226226209179144116101105125158192216223209176131 8318 213KO 729229184922399999999999999 047 37131910099999999999999
 44 23 27 54 99152199231241230201161122 95 8710113417621423523320716310918 214KO 758241192523799999999999999 122 221351 8799999999999999
 57 21 10 26 67123181226249248223182136 97 77 8010715220023624823419714218 215KO 826252195924899999999999999 155 101422 7599999999999999
 82 33  5  6 37 91156213249259243206156108 74 65 8212317622425225322717818 216KO 852259203125699999999999999 227  21452 6599999999999999
116 56 14 -1 15 61125190239262257227179125 81 58 61 9314420124326024821018 217KO 91926421 426099999999999999 259 -11522 5699999999999999
153 90 36  6  6 37 93161221257264244203149 97 61 50 6711016722125325723418 218KO 946265213825999999999999999 330  21554 4999999999999999
188129 70 27 11 25 68130194241261254223174119 74 49 50 7913018723225224518 219KO1013262221425399999999999999 4 2 111627 4699999999999999
214166110 61 31 29 54104164217249254235196145 96 60 46 58 9514619723124118 220KO1042255225424199999999999999 435 2617 2 4699999999999999
227194148101 64 48 56 88137188227244238211170123 82 55 51 6910715419622018 221KO1113245234122599999999999999 511 471742 5099999999999999
224209179141104 79 73 86118160199224230218190152111 78 58 58 7811215118418 222KO1149231999999999999999999999 550 721831 5699999999999999
204207195173145119103100114139170197212214201176144110 82 65 63 7810513718 223KO 042208123621599999999999999 6391001935 6299999999999999
166186194191178160142128124131146166185197201193175149119 90 69 61 68 8818 224KO 212194134820199999999999999 75312421 1 6199999999999999
116146172190198195183166149138134140152169185196197185163131 97 68 50 4918 225KO 411198153419899999999999999 9521342235 4899999999999999
 64 94131168198215217207185160137124122134156181202212204181143 99 58 3118 226KO 54121817 52129999999999999911361212348 2499999999999999
 25 41 77125175215238241225194157124103100117149187219234226197149 93 4218 227KO 6392421811234999999999999991238 99999999999999999999999
  9  2 24 70132193238261259233190141100 78 80107153203241256244206147 8018 228KO 72426319 325699999999999999 044  11325 7699999999999999
 22-11-13 19 78151217262278266228173116 73 56 6710716522326327325320413618 3 1KO 8 4279195027499999999999999 133-1614 7 5599999999999999
 63  6-22-14 30100178243279285259209146 87 49 41 6511818424327727924919218 3 2KO 840286203328299999999999999 217-241446 4099999999999999
118 47 -3-20  1 56133209263286277239180114 61 33 37 7413620525728127223418 3 3KO 913287211428299999999999999 258-201523 3099999999999999
172100 38  0 -3 30 93169234272279256208145 85 43 28 46 9315822026027225418 3 4KO 943280215327299999999999999 335 -61558 2899999999999999
211150 86 38 17 28 70134200248268260225173114 64 36 35 6411617622625225318 3 5KO1011269223025699999999999999 410 161631 3299999999999999
228185131 81 50 44 66113170221250252231191140 90 54 40 52 8713718722123518 3 6KO103725423 823599999999999999 443 4317 4 4099999999999999
228201162121 87 71 77106149194226238228201160117 79 57 54 7310815018620818 3 7KO11 2238234821499999999999999 514 701737 5399999999999999
213202179150121102 98111139173203219219203174139106 80 68 72 9212115217618 3 8KO1129221999999999999999999999 545 971815 6799999999999999
190192183167148132122124137158180197203197181158131107 89 82 8710212314418 3 9KO 04019312 220399999999999999 62312119 6 8299999999999999
161173177175167157148142143151162174182185181170154135116101 93 9310111418 310KO 2 6177125618599999999999999 7231422028 9299999999999999
130147162173178178172164156151150153159167173175171162146128110 96 89 9018 311KO 426178145517599999999999999 9431502220 8899999999999999
100117139161180191194187175159146138137144156170180183176159135110 88 7518 312KO 54619416471839999999999999911361362333 7399999999999999
 74 87111141172197210209196175150130119120134156179196201190166134 99 7118 313KO 6282111748201999999999999991223118999999999999999999999
 56 59 80115156193219228219195163130107 99109134168199218218199165121 7918 314KO 659228183122099999999999999 020 551257 9999999999999999
 49 39 51 85131181220240239218182139103 83 8410714619022423923020015310118 315KO 72724219 823999999999999999 058 391327 8199999999999999
 56 29 29 54102159211245255240205156109 75 64 7911716821724925423319013318 316KO 753255194225599999999999999 132 261356 6499999999999999
 76 33 17 30 70130193241264260229180123 76 50 52 8313619624426726022717218 317KO 819266201626899999999999999 2 4 171426 4899999999999999
108 53 19 15 43 98166227264272251206147 88 47 34 51 9816222426527525621118 318KO 846273205127699999999999999 237 131456 3499999999999999
150 86 38 16 27 69134202253275267231175111 58 28 28 6112018824527427324318 319KO 913276212727799999999999999 310 161529 2499999999999999
191128 71 34 27 52103170230266271249202141 80 36 19 34 7914320825427226018 320KO 94127322 527299999999999999 344 2616 2 1999999999999999
224171113 67 44 50 84139199245264256222171111 59 27 23 48 9916221825125818 321KO1010265224625999999999999999 419 431639 2199999999999999
241204156109 76 66 80118168216246251232194144 92 51 30 35 6611617021423818 322KO1042252233424199999999999999 456 651719 2999999999999999
239221189151116 95 93111145185218234230208172128 86 55 42 51 8012216620018 323KO1118235999999999999999999999 537 9118 6 4299999999999999
218219207183156133119120135160187207215209190161127 93 68 57 63 8511715118 324KO 03622112 421599999999999999 62911819 9 5799999999999999
180198205201189172154142139145159175188196195184164138110 84 69 67 7910218 325KO 2 7205132319799999999999999 7501392038 6699999999999999
131160185202208204191174157144140144154169183192192180158128 98 73 60 6318 326KO 4 520815281939999999999999910 21402219 6099999999999999
 82112149183210224223209185158135121120133156182202211203180144103 67 4618 327KO 52722517 32119999999999999911331192334 4299999999999999
 44 64102149194228245241219184145112 94 96117152192223236227197150 98 5318 328KO 61924618 6236999999999999991225 92999999999999999999999
 28 28 55104162215251263251217169120 82 67 76111161211247259244204147 8618 329KO 659263185625999999999999999 029 2513 7 6699999999999999
 38 14 22 60119186240271273248201142 88 53 45 6811717923526927425020013518 330KO 735276194027699999999999999 116 131345 4499999999999999
 71 26 10 29 78147215263282271232173109 57 30 35 7213420225628227824418618 331KO 8 7282202128499999999999999 158 101421 2899999999999999
118 58 22 19 50109181242277281255204138 76 33 19 39 8915822426928426922718 4 1KO 837283205928499999999999999 236 161455 1999999999999999
166102 52 30 40 82146212260278266227168103 50 20 22 5511418324027227525118 4 2KO 9 5278213627799999999999999 312 291527 1799999999999999
204145 91 56 48 71121182235265266239192132 75 35 21 37 8114220324626425618 4 3KO 931269221126499999999999999 345 471558 2199999999999999
226180129 89 69 75107157209245257243207157102 58 33 34 6110916521324124718 4 4KO 956257224624899999999999999 417 681628 3099999999999999
232201160122 96 90106141185222241238215175128 85 54 43 55 8813317821222818 4 5KO1022243232422999999999999999 447 901659 4399999999999999
226209181150124111114135166198220226214187151112 80 62 61 7811014718020218 4 6KO1049226999999999999999999999 5191101734 5999999999999999
211206191170150134129136154178198208206192167138109 88 77 80 9712214917218 4 7KO 0 9211112120999999999999999 5571291817 7699999999999999
188195193183171158148145150162175186190188176159138118102 93 9510612214218 4 8KO 11519512 919199999999999999 6531451921 9399999999999999
16017518518918618017016115415315616216917517617216314913211610410010311418 4 9KO 3 6189135017699999999999999 84515321 410099999999999999
130150169185195198192180166152143140145154166176180177164146125106 94 9218 410KO 44719816 31809999999999999910531402241 9299999999999999
101121147174197211212202183160138124120129147169188198195179153124 97 8018 411KO 53921317161999999999999999911461202339 7799999999999999
 78 92119154190217229225205175141114 99102121152185210220213188152113 8018 412KO 61422918 4220999999999999991221 98999999999999999999999
 63 66 89128174214240245229196154113 85 76 90124168210236242224189142 9518 413KO 644245184424299999999999999 022 621252 7699999999999999
 61 49 62 98149202242259252222175122 79 56 59 8813819323926125722818012418 414KO 712260192126399999999999999 059 491323 5499999999999999
 75 45 43 69118179233265270248202143 86 46 33 51 9716122326527926422316518 415KO 740272195827999999999999999 135 401355 3399999999999999
105 59 38 47 86147211260280269232173107 51 20 20 5411618824928428726121118 416KO 8 9280203628999999999999999 212 371428 1699999999999999
148 90 51 41 63113179240276281256206139 72 23  4 20 6813921326729128425018 417KO 839283211629299999999999999 248 4115 4  499999999999999
195133 82 54 56 88145208258279270233175107 46  8  2 30 8816222927328727218 418KO 911280215828799999999999999 326 511541  099999999999999
234180125 84 68 79118173228263270250206146 83 32  6 11 4810917723426727218 419KO 945271224427399999999999999 4 6 681621  499999999999999
254217169125 96 89106145193234255251225180125 72 33 17 29 6812518322725118 420KO1021256233625599999999999999 447 8817 4 1799999999999999
253236204167134114113131163200227237228203163117 75 45 36 50 8413117721218 421KO11 2237999999999999999999999 5351111755 3699999999999999
232234223200172148133132146168193210216209189158123 89 65 56 66 9212716418 422KO 041235115721699999999999999 6341311859 5699999999999999
194214222218204184163148142147159175190198198187166139110 85 72 74 9011718 423KO 2 7222132719999999999999999 8 31422024 7199999999999999
149180205220222214196174153139134140154172188198197184161130101 80 73 8118 424KO 345223152619999999999999999 9551342157 7399999999999999
105138175206227234226204174144122111116135162190210216206181145108 78 6518 425KO 45623416542169999999999999911111112311 6599999999999999
 72 97137181219242247233203163124 96 85 95124163202230238226195151105 7118 426KO 54624817552399999999999999912 1 85999999999999999999999
 56 66 98146197238259257232190140 95 67 62 82123175222252257239199147 9718 427KO 625261184425899999999999999 0 6 561242 6199999999999999
 62 52 69110166220257270257220167110 65 42 47 8113519524427026924119313618 428KO 659270192727399999999999999 053 511319 4099999999999999
 86 56 54 81132192244272272245197136 78 38 26 45 9215621926328027023418018 429KO 73027520 728199999999999999 134 521354 2699999999999999
123 78 58 67104161220262276262223165102 50 21 23 5611418224027428126121818 430KO 8 0276204428299999999999999 212 571427 1899999999999999
163111 76 67 88133191242270269242193131 72 30 16 32 7714120625427627224418 5 1KO 829273212027899999999999999 248 671459 1699999999999999
198146103 81 85115164217254267252214159100 50 23 23 5310616922425926925518 5 2KO 857267215426999999999999999 322 791529 1999999999999999
222177133103 93108144191233256253227183128 77 40 27 41 8013519123325525518 5 3KO 924258222925799999999999999 354 9316 0 2799999999999999
234200161127109110132170209238246233200154106 66 42 42 6510815820223224318 5 4KO 95324623 524499999999999999 4261071631 3999999999999999
236214183152129120129154186215231229209175134 95 66 54 63 9013017120422418 5 5KO1024233234722999999999999999 5 012017 6 5499999999999999
228219198173151136134146167192210217210189158125 95 76 72 8411014317419918 5 6KO1059217999999999999999999999 5401331747 7199999999999999
213215206191172156146145155170186198200193176152127105 91 8910012014617018 5 7KO 041215114720199999999999999 6341441840 8899999999999999
19020320720219217716315314915316317318318718417315713711910610110712214218 5 8KO 15620713 718799999999999999 756149195610199999999999999
16418420020820719818416715214314214715817118218618217015213211510510511618 5 9KO 32520815 118699999999999999 941141212810499999999999999
135160185206217217206187163141126122130147168187199198186165139115100 9718 510KO 43121916292009999999999999910501222242 9799999999999999
109132164196220232229210181148119102100116143176204220219202173139108 8918 511KO 5162331727221999999999999991134 992336 8699999999999999
 87104136176214240248235205164122 89 74 81108150194229244239214175132 9618 512KO 5522481814245999999999999991211 73999999999999999999999
 77 81106148197238260259234190138 88 56 48 6811016622025626725321817012018 513KO 626262185626799999999999999 021 761247 4899999999999999
 83 69 80116168222261275261223166104 53 26 30 6412218924627928426121716118 514KO 659275193928599999999999999 1 4 691324 2499999999999999
109 75 67 88134193247279281254203136 70 22  4 21 6913921326929529226120918 515KO 734284202229799999999999999 146 6614 2  499999999999999
150100 73 73103156217266287277238177106 42  1 -6 22 8216023328230129025318 516KO 81028721 730199999999999999 229 691442 -899999999999999
199142 98 78 87124180237275284263217151 81 23 -8 -4 3410017824428529728118 517KO 848285215429799999999999999 312 771524-1199999999999999
242189138102 90105145198246273272245195130 66 17 -4  8 5211818924627828418 518KO 928276224428599999999999999 357 9016 9 -499999999999999
266229182139111105124162208245262254224176118 63 24 11 28 7213319323926518 519KO1011262233926999999999999999 4441051657 1199999999999999
268251218179145123121139171207234244235207165117 72 41 33 50 8914019022818 520KO11 1244999999999999999999999 5371191750 3399999999999999
249252238212181152134132145170197217225218197164125 89 64 57 7010114218318 521KO 04025312 322599999999999999 6391311851 5699999999999999
215235240232211185159140134141158179198209209196173141110 86 76 8410714018 522KO 152241132921199999999999999 75813420 4 7699999999999999
176207228236231214188160138126127140161183201209205187160130104 90 9110818 523KO 3 7237151020999999999999999 9251252125 8899999999999999
138172205229240235216186153125108107121146176202218219205177144114 95 9318 524KO 41224016352209999999999999910361062238 9299999999999999
108138176212237247239214178138105 86 86105139178212233235219189151117 9518 525KO 5 32471738236999999999999991130 842337 9199999999999999
 93111145187225249254239206161115 80 63 70 9814219022924924922919215011318 526KO 5452551829252999999999999991213 63999999999999999999999
 93 94118158203241260257232189137 88 55 46 6210215620824726425823018814318 527KO 621262191426599999999999999 027 911252 4699999999999999
107 92100131176223256267253217165109 62 36 37 6611617723026327325822417718 528KO 655267195327399999999999999 110 911328 3399999999999999
133102 94111149198242266265240194136 80 40 25 39 8013920124927427425121018 529KO 728269203027799999999999999 150 9414 2 2599999999999999
163123100102128172220256268255219166107 57 27 25 5210316622326227626723618 530KO 75926821 527699999999999999 227 981434 2299999999999999
193149116104115149194237262262238193137 82 41 24 36 7413119124026727125318 531KO 830265213927299999999999999 3 210415 6 2499999999999999
218175137114112133171214247260249215166111 64 35 31 5510115821124926525918 6 1KO 9 2260221326599999999999999 3351101538 3099999999999999
234198160130117125152190227249250230191142 93 56 39 47 7912818022425025618 6 2KO 933252224825699999999999999 4 91171611 3999999999999999
243216182150130125139168203230242235209169124 84 58 52 6910415019522824418 6 3KO10 7242232624699999999999999 4441251646 5299999999999999
243227200171147133135152179207225229217190153115 85 68 70 9112616620122618 6 4KO1045230999999999999999999999 5231321725 6699999999999999
236231214191167147139143159181202215215202177147116 93 83 8810914017320218 6 5KO 010236113121699999999999999 6111381810 8399999999999999
221228223208187166149141144157175192202203193174149125106 9810312114717618 6 6KO 1 3228123420499999999999999 71314119 7 9899999999999999
20121822522120818816614813713814816318119419919418015913711910911112614918 6 7KO 2 822514 119999999999999999 829136201810899999999999999
17520121922822521118816213912512213215017219220420519417415012811411312518 6 8KO 314228153220699999999999999 942122213511299999999999999
14817720622723723221418415112110310011413917120021922321218916013211311018 6 9KO 4102371645223999999999999991040100224410999999999999999
122148182216241249239213174131 96 76 77 9813517921724124523020116513010818 610KO 4582491743246999999999999991128 74234210499999999999999
104120152193232257261243206156105 65 47 55 8713819323926426624620916512618 611KO 5412631834268999999999999991212 46999999999999999999999
102100121161209251273270242193133 75 35 21 39 8414721226128628325621216118 612KO 623275192328899999999999999 035 981256 2199999999999999
119 97 99127174227268285273235176108 47  9  3 31 8816123128030029225920918 613KO 7 5285201230199999999999999 124 951341  199999999999999
155114 95103137189243281290269222156 84 25 -8 -6 32 9817724729230729425618 614KO 74829021 130799999999999999 213 941426-1199999999999999
202149111 96110150204256286288260208138 67 12-13 -3 4211319225729630528718 615KO 833291215030699999999999999 3 1 961513-1499999999999999
247194144111102120163216261284279247192124 58 10 -7 10 5913020326029229618 616KO 919286224029799999999999999 35010116 1 -799999999999999
275235185141113109131173221259274265232179116 59 20 10 31 8114721025728118 617KO10 8275233028599999999999999 4391081650  999999999999999
282260222178140118117139177218248259248218171117 69 39 34 5710316021325018 618KO11 0259999999999999999999999 5311151740 3399999999999999
268266245211173140122123143175208232241232207169125 86 63 62 8312216921218 619KO 02327012 024199999999999999 6281201834 6099999999999999
242255252233203169140124123139165193215225221203173139108 89 8810513717418 620KO 118256131422599999999999999 7311211934 8699999999999999
20923424624322619816613812111812915117720021421620618415612911210812114618 621KO 217246144221799999999999999 842117204210899999999999999
17720723024123822219416113211210611513616419121122021519717214612712112918 622KO 31824216 922099999999999999 953106215612199999999999999
150179209232242238219189153120 97 9010012515819121723022721018415613512618 623KO 4142431720230999999999999991055 9023 412699999999999999
133154184214238247239215179138102 79 74 8912016120023024323922019015813518 624KO 5 32471816244999999999999991145 73999999999999999999999
126134158191224247252238207165119 82 61 62 8512517321624625624722218715318 625KO 54725219 225699999999999999 0 21261227 5899999999999999
130124137166204237256255233194145 96 61 46 57 9013919223626126524921717818 626KO 626258194226699999999999999 05012313 6 4699999999999999
144123123143179219251263253222174121 73 44 39 6110416121525427226824320518 627KO 7 3263201727399999999999999 1311201341 3899999999999999
164133119126155196236262265245204151 96 54 33 40 7412718623726827626223018 628KO 738267205127799999999999999 2 91181415 3399999999999999
189149124118136171215251268260230182125 74 40 32 51 9515321125427527324918 629KO 812268212327799999999999999 2441171448 3199999999999999
212170136119123150190232261267249210157102 58 35 40 7112218123226527426218 630KO 845268215527499999999999999 3181181521 3499999999999999
232192153127119134167208244263258231187134 84 50 40 56 9615020524626726618 7 1KO 918264222726999999999999999 3511191554 4099999999999999
246212173141123125147183221249257244211165116 75 53 54 7912417622325326318 7 2KO 95325723 026399999999999999 4251211627 5099999999999999
254228194159134124133159194227246245226191148106 75 63 7310414919623325318 7 3KO1029248233625699999999999999 5 212417 3 6399999999999999
255240212180150131128141168199225236231210177139105 84 80 9612816920823618 7 4KO1111237999999999999999999999 5431271742 7999999999999999
248245227201171145131130144169196217225219199171139113 98 9811614618221418 7 5KO 01624912 422599999999999999 6321281828 9699999999999999
23524323721919316514212812814116318820721621219717414812611411513115718718 7 6KO 1 4243131421699999999999999 731126192511399999999999999
21523324023421619016113612011813015117719921321520518616314212812713916118 7 7KO 2 1240144021599999999999999 838117203612699999999999999
18821523424223621718815512510510111213616719621822622120418015613813214018 7 8KO 3 424216 622699999999999999 946100215513299999999999999
160188217239248242219185145108 83 77 9112116120123124524222419616514113118 7 9KO 4 52491719246999999999999991048 77231013099999999999999
136157188222249259250222179130 86 57 52 7011016121224926726324120716913918 710KO 5 32591819268999999999999991144 51999999999999999999999
125130154192232263273259223171112 61 31 28 5410416722727028828225421116718 711KO 556273191328999999999999999 0141241236 2599999999999999
132117124154199246278285265221159 93 37  7 10 4510617924528930529325820918 712KO 64628620 430599999999999999 1101161326  499999999999999
159122109121158210260291294267215146 74 19 -8  1 4511619526230331429625518 713KO 735296205231499999999999999 2 21091415 -999999999999999
200148113103122165222272299296264206132 60  8-12  5 5613221227530931429018 714KO 824302213931599999999999999 25110315 3-1299999999999999
243187136105101126175232279300291254193121 53  8 -4 20 7715422828230830518 715KO 912301222331099999999999999 339 991550 -599999999999999
275227172126101103133184238278292279240181113 55 20 16 4610517624028229818 716KO10 129223 729899999999999999 426 981636 1399999999999999
288256208158119101109142190237269277261224170113 66 42 46 7913419524627618 717KO1051277234928399999999999999 5121001722 4099999999999999
283268235190147116105116148190229252257242210166120 86 71 8011316020824518 718KO1144258999999999999999999999 6 110518 8 7099999999999999
26526524821617714111710912114918421423323722620116813511010211314117821418 719KO 031267124623799999999999999 653109185610299999999999999
24025224923120317013911811212214417219721522221620017715313513013815918718 720KO 11725214 422299999999999999 752112195412999999999999999
21323224123722119616713811811111713415818320321521620819117215614915316718 721KO 212241153921799999999999999 9 211121 814999999999999999
18820922623523221819416513611410310712214717520021822522020518616815715718 722KO 31623517 4225999999999999991016103223315599999999999999
167185206225235234219193160128103 91 9411214217620822923823321619217015518 723KO 42223618 6238999999999999991118 90234415299999999999999
152162183208230242239220189151114 87 76 8310814618822324625224221918916318 724KO 51924218522529999999999999912 6 75999999999999999999999
146145159186216241251244219180136 95 69 63 7811316020724326226224421317818 725KO 6 6251192926499999999999999 0351431247 6299999999999999
150135140162195230255260245211164115 74 53 56 8212818123026227426423719918 726KO 64626120 227499999999999999 1171351324 5199999999999999
161135127140171211248268265239196143 92 55 43 57 9615120725327727825822118 727KO 723269203228199999999999999 1531271358 4399999999999999
179142122124148187231264276262226174118 70 42 42 6911917923427128427324318 728KO 75727621 228499999999999999 2261201431 3999999999999999
200157126115128162208250276276251206150 94 54 38 52 9114920925728228226018 729KO 831279213028599999999999999 25711515 3 3899999999999999
221176137115115139181228265279268233182125 76 47 45 7112018123627228427218 730KO 9 3279215928499999999999999 3291121534 4399999999999999
240197153122110121154200244271274253212159106 68 52 62 9915321025527827718 731KO 937276222728099999999999999 4 111016 6 5199999999999999
255218174135113111132170215252268261233190141 97 70 66 8713018323226527518 8 1KO1012268225727599999999999999 4351091639 6499999999999999
264235195155124110116143183223250258245215174131 98 82 8811515920624526518 8 2KO1051258233026799999999999999 5111091714 8199999999999999
26524721617814211811112315118922224224423020216613210810111314218122024718 8 3KO1137245999999999999999999999 553111175410199999999999999
25825223220116613511611212615318621423023222019716914312612313516119322318 8 4KO 0 9258123823399999999999999 643111184312299999999999999
24324924222219316113211411012114517520121922622020418316114614215117019518 8 5KO 05724914 022699999999999999 745109195014299999999999999
21923624323721919216013010810110913015818821322722922020218216415515716918 8 6KO 2 2243153923099999999999999 859101211915499999999999999
189212232242240225197162126 98 84 8810914218021423824724122419917515815218 8 7KO 32124317 6247999999999999991017 83225415299999999999999
160180207233250252236205163118 81 61 63 8712817722325626926424221017615118 8 8KO 4372531812270999999999999991125 59999999999999999999999
140148171206241264268250212160105 60 36 39 7012218424027829228225321116818 8 9KO 54127019 529299999999999999 0 61401223 3499999999999999
136124135167211255283286263216153 88 37 13 22 6212619826029930929325320218 810KO 637288195231099999999999999 1 21241315 1299999999999999
152118108126168223273301300269213142 71 19 -1 16 6614021928131531829224318 811KO 728304203532099999999999999 15110814 3 -199999999999999
184131100 96123175237289313306268205128 57 10 -2 23 8316324129732231528018 812KO 816314211632399999999999999 237 941450 -399999999999999
224162112 86 92128187251298316301258191115 51 13 11 4611219126130531830118 813KO 9 3316215531899999999999999 320 841534  799999999999999
258198139 97 80 95139200260298307287241176108 54 29 37 8014621827430330418 814KO 948308223130799999999999999 4 2 801616 2899999999999999
277230173122 89 82105152210260288289266221163108 69 56 7411918023727729118 815KO103429223 429199999999999999 444 811656 5699999999999999
281250203153112 90 92119164213251269266242204158117 92 9011315520524626918 816KO1121270233827399999999999999 525 871735 8899999999999999
272255223182141110 9710513217020823524624222319416113412112514818221724418 817KO1213247999999999999999999999 6 8 97181612099999999999999
25525123220316913811510711613916819521622522421219317215614815417219521818 818KO 013255132222699999999999999 65810719 414899999999999999
23323923321719316614112311612213715918119921121521220218817616917118119518 819KO 05823915 221599999999999999 8 2116201716999999999999999
21022122622321119317014612811811812814616819020821922121520319017917517718 820KO 2 7226164822199999999999999 92711722 917599999999999999
18619921222122321519917514912611110711613516219121523123622921319417716618 821KO 3422231753236999999999999991049107233416599999999999999
166175192211226232225205177144116 97 9310513116620223224825023721418716418 822KO 4582321836251999999999999991146 92999999999999999999999
152153168193220239245234208171131 98 79 8010013718122225226525823620417018 823KO 55124519 926599999999999999 0241501228 7799999999999999
145136145170204237257257238202156111 77 64 7410615320424727227525722418418 824KO 633260193827699999999999999 1 113613 5 6399999999999999
148126125145181223257272264234187134 87 59 55 7812217923327128527624620318 825KO 7 927320 628599999999999999 1331231338 5399999999999999
158125112122155201247277282262220165109 66 47 57 9415021126128828926622518 826KO 742283203229299999999999999 2 31121410 4799999999999999
175132106105129173226269290283250199139 86 52 47 7112118424328229528224618 827KO 815290205829599999999999999 2331021441 4599999999999999
196146108 94106143197250285293274231174115 70 49 58 9615521826929429226518 828KO 847294212429699999999999999 3 3 941512 4999999999999999
219166119 92 91116164220267291286257208150 98 65 59 8112919124828429427718 829KO 920292215129499999999999999 333 881543 5799999999999999
240189138100 85 96132185238275286272236186133 92 72 7911216422126628728218 830KO 955287221828899999999999999 4 5 851615 7199999999999999
255212162117 90 86107149202247273274253216170126 97 9010614419424127127818 831KO1033276224827899999999999999 440 841649 9099999999999999
263231187142106 88 9312016320924526125723620216413211411513517221424826518 9 1KO1117262232226699999999999999 518 87172711299999999999999
262243210170132104 9310112916720623324524122419817014713614016018922024218 9 2KO1214246999999999999999999999 6 4 93181413699999999999999
251246227198164132108 9910612916119221723023222220518516815916017319321418 9 3KO 0 6252133623399999999999999 7 4 99192115899999999999999
23023823422019716813811410110311814417320122123223122220618917517017318418 9 4KO 113238152823399999999999999 82310021 716999999999999999
200217229233226208180148117 96 89 9812215519122224225024422720418116516018 9 5KO 25323317 225099999999999999 955 89225616099999999999999
167184207229243242226195155114 82 68 7410114219023326227326524120717414918 9 6KO 42824418 4273999999999999991112 67999999999999999999999
139147172206240262265246207156104 63 44 52 8714020025328529427924419915418 9 7KO 537267185129499999999999999 0 31391212 4399999999999999
124115130167215260286287262213150 88 42 24 40 8515122127730730828223517818 9 8KO 632290193231199999999999999 05211513 2 2499999999999999
128 98 95121171231282308303269210138 71 26 15 40 9717324729932131027221318 9 9KO 721310201032199999999999999 136 921348 1599999999999999
150100 75 83122184251301321308265198123 58 21 20 5612320327231432229924918 910KO 8 6321204532399999999999999 217 741432 1699999999999999
184120 76 62 81132202268311322301251182110 54 29 40 8615823329031631127618 911KO 850323211831899999999999999 256 621512 2899999999999999
219152 96 63 60 91150219278310311283231165103 62 50 7212519425729730628718 912KO 932314214930799999999999999 334 571551 5099999999999999
244185126 80 60 70110170232277297290259210154106 80 8111216422326929028518 913KO1014298221829199999999999999 411 601627 7799999999999999
257211157108 76 69 8813118623526727626423419215011910611715019623926727318 914KO1056276224627399999999999999 447 6817 310699999999999999
258226183138102 84 8611015019322924925223921518415613813515018021424125418 915KO1141253231625499999999999999 524 82173913499999999999999
250231201165132108 9810512815919121522923022120518616915916117419521623118 916KO1239231235223599999999999999 6 5 98182215899999999999999
23522821118716013611911312013715918119921121621420619618517817818519520718 917KO1410216999999999999999999999 659113193017799999999999999
21521721320218516614713212412513414916718620221321821620919818818218018418 918KO 053217161521899999999999999 821123214518099999999999999
19120020720920519417815813912612012413615718120422123123022020418717316618 919KO 25420917262329999999999999910 7120232016599999999999999
16717719220721721820818816313711710610912615418621623824724222419917315418 920KO 43621918 7247999999999999991117106999999999999999999999
146152170195219233234220193159125100 90 9812416220323725826024521718215118 921KO 534236183826199999999999999 0 414612 3 9099999999999999
131129145174209239253249225188144105 80 77 9513318122826127426623819815618 922KO 61625419 627499999999999999 0371281240 7599999999999999
124110119148190232262271256221172122 83 65 7210415421025628228226021916918 923KO 651271193228599999999999999 1 71101313 6499999999999999
125 99 96119162214259283281253206150 98 65 58 7912518524228129427924218918 924KO 725285195729499999999999999 136 941345 5799999999999999
136 95 79 92130186243283296281241185125 78 56 63 9915722127229729426421318 925KO 757296202229999999999999999 2 5 791416 5599999999999999
154102 72 70 97150214268298299271222161104 67 58 8012819225329230128123818 926KO 830302204830199999999999999 234 671448 5899999999999999
179120 75 58 71113175239286303291254200140 92 68 7310716322627529829125818 927KO 9 4303211529999999999999999 3 5 581520 6699999999999999
206145 91 59 55 82134199257292297276234180127 92 81 9713919625028429127118 928KO 941298214329299999999999999 338 531554 8199999999999999
230175118 74 54 63 9915521626328528225621516712610310312717022026127927318 929KO1020287221428099999999999999 413 54163010099999999999999
245202150102 70 60 7711717122225727026323820216413612312915519323125726418 930KO11 6271224926499999999999999 452 60171012299999999999999
251221181137 99 76 73 921291752152422512452261991731531461531742022282431810 1KO12 5252233324599999999999999 538 7218 014699999999999999
244230205172137107 89 861021311671992232352352242081891731661681801972131810 2KO1329236999999999999999999999 637 85191616599999999999999
224227219202178149122102 951021221501802062252352332232071901761691711801810 3KO 045227152323599999999999999 8 0 95211616999999999999999
194208218220213195168137110 94 911041301641982282462512422221961721551491810 4KO 246221165025199999999999999 939 90225514999999999999999
157175199221235234217187148110 83 73 841141562022412652702562271891541291810 5KO 4272361745271999999999999991059 73235212299999999999999
122135164201236258259239200150102 67 55 691081622182632862852612191691251810 6KO 5342611827289999999999999991157 55999999999999999999999
 99 96119162214259283282254204144 88 51 43 651151802422863032912531981391810 7KO 62628619 430399999999999999 036 941246 4299999999999999
 93 70 78114172234283304295258199131 73 41 41 751352072683043092832321671810 8KO 712305193831199999999999999 115 691330 3799999999999999
105 63 50 71122190257301315297251185117 65 42 53 971652362893113012622011810 9KO 755315201131299999999999999 153 501411 4199999999999999
133 75 42 43 77139212275310314287235169106 65 54 77130199261299305281232181010KO 837316204130799999999999999 230 381449 5499999999999999
166101 54 35 49 95162232284308301268214153103 75 77110166228276296287251181011KO 916309211029799999999999999 3 5 341526 7299999999999999
196133 78 45 40 67120186245283294280244194144107 94107145198247277281259181012KO 955294213828399999999999999 339 3816 1 9499999999999999
218163109 67 49 57 92146203248272274255220179142120118139177220253266257181013KO103327622 526699999999999999 412 48163511699999999999999
229186139 97 69 64 81118166210241255250231203172148138143166197227245247181014KO1114255223424899999999999999 445 63171013799999999999999
231201164127 97 82 84105139176208228235230215194174160156164182204221229181015KO12 323523 822999999999999999 522 80175115699999999999999
224208183154127107 99104123148175198213219217208196183173170174185197206181016KO1313219999999999999999999999 6 7 99185417099999999999999
210206194177157138123115118130147167185201211214212204193182175173176181181017KO 0 021015 421499999999999999 713115205317399999999999999
189195196193183169152136125122126138156176197212221222214199183168159158181018KO 151196163322399999999999999 855122224315799999999999999
164175188199202197184164143125115115127149176203224235234220197172151138181019KO 3572021722236999999999999991028114233113699999999999999
138150171194212220214196169140115102103120150186220243250241217184150125181020KO 5 62201756250999999999999991124100999999999999999999999
115122145178211233240228201164127 99 87 95123163207243262260239202158120181021KO 551240182526499999999999999 0 511512 6 8799999999999999
 97 95115152197235257257235197151108 81 77 96136187235267276261224175125181022KO 629260185227699999999999999 035 931242 7699999999999999
 87 72 84119171224263277266233184131 89 69 76108160217263285280249198140181023KO 7 4277191828699999999999999 1 4 721316 6899999999999999
 88 58 55 83135197253286290267222165111 75 65 85130191248285293272226165181024KO 739292194629499999999999999 134 531350 6599999999999999
102 55 36 49 93158226278300293259206146 96 70 72104159222272296288252195181025KO 814301201429699999999999999 2 6 361425 6799999999999999
128 68 32 26 55112184250293304286244187131 90 75 89131190248286293272225181026KO 852304204529499999999999999 239 2415 1 7599999999999999
162 96 44 20 29 69135207265296297272227172123 94 90113159215262285279248181027KO 932300211728699999999999999 315 191539 8899999999999999
196133 74 34 22 41 89156221268288282254211164126107111139183230264273258181028KO1015289215227399999999999999 353 22161910599999999999999
222170114 65 36 34 59109169223259272263237201164136125133160197232252253181029KO11 5272223125599999999999999 435 3117 512599999999999999
234200155108 70 50 52 78122172215243253246227199171151143151171198221234181030KO12 5253232223599999999999999 524 4818 114399999999999999
232216188152115 85 68 70 91125165200225237236224205184165156157169186202181031KO1326238999999999999999999999 624 67192215599999999999999
213215207189162132105 86 83 951201521842122292362312161951731571501531651811 1KO 04221615 323699999999999999 744 82211115099999999999999
181197208210201181153123 99 87 901091391742072322442422262001701451301291811 2KO 242211162124599999999999999 917 86223612799999999999999
141164190213225222203172136103 83 81 981311732142442582532311951551211021811 3KO 4192261714259999999999999991036 792330 9999999999999999
102121155194228246245223185140 99 74 72 93133183230262272259225178129 901811 4KO 5252481756272999999999999991136 70999999999999999999999
 72 79110158209249269263235188135 90 66 68 97146203251279280255209151 971811 5KO 618270183228399999999999999 014 721226 6399999999999999
 59 48 66111171229270286274237182126 82 63 731111682272712892772401821191811 6KO 7 328619 628999999999999999 053 481310 6299999999999999
 65 34 34 66123191251287294274229170115 77 67 871341952502842882632141501811 7KO 745295193829099999999999999 130 301350 6699999999999999
 86 39 20 33 78144214268295293264214156106 79 791091622212672862762391821811 8KO 82529720 928799999999999999 2 5 201429 7599999999999999
116 59 23 18 45100170234277293281246195142103 87 991371902412732772542091811 9KO 9 3293203927999999999999999 240 1615 5 8799999999999999
149 88 42 20 29 68128193247277281262224176134107103123164213252268259226181110KO 94028321 826899999999999999 313 20154010199999999999999
177120 69 36 29 50 96155211251268264239202163131116122148187226251254234181111KO1016269213825599999999999999 345 29161411599999999999999
197149100 61 43 48 77123175219246254243218186155134129141168201228240233181112KO105325422 924099999999999999 418 42164912899999999999999
209172130 91 65 58 71103145186218235236224202177155142142156179203219223181113KO1135238224522399999999999999 452 58172914099999999999999
212188156122 94 78 77 93122156188211222221211194175159151152163179195204181114KO1227223233220699999999999999 532 75182315099999999999999
204194175150125105 94 96110133159183201211213206194179165156154159169180181115KO1338213999999999999999999999 623 93194415399999999999999
188190185172155136120109108117134154176195208213209199183167153145146153181116KO 04919015 721399999999999999 736108212814599999999999999
164176184186181168151132118112116129149173195212220218204183160139127126181117KO 246187161422199999999999999 9 8112223712599999999999999
135153173190198196183163139119108109123147177205225233225204174142116103181118KO 41819917 0233999999999999991025107232110299999999999999
105123151181206218214197169138112 99101121152190223242244227195154115 87181119KO 5172181736246999999999999991120 982357 7799999999999999
 77 89119159200229240231204167129100 88 97125167210244258250221175124 81181120KO 6 224018 82599999999999999912 5 88999999999999999999999
 56 55 80125179226254259241205159116 87 81 99138188235264269247204147 89181121KO 642260184027099999999999999 031 521246 8199999999999999
 46 29 41 82141204252276272244199146102 79 81109158213258278270235179113181122KO 722278191327999999999999999 1 5 291325 7699999999999999
 54 17 11 37 93163230275290278240188133 93 76 88126181237274283262215149181123KO 8 2290194728499999999999999 141  914 6 7699999999999999
 80 24 -3  3 43110186251288295274231175123 89 81101146204254281278246190181124KO 844296202328399999999999999 219 -51447 8099999999999999
121 53  6-11  6 57130205263291291264218164118 92 92119167221262277264225181125KO 92829521 227799999999999999 3 0-121530 8999999999999999
166 98 38  0 -7 20 76148217265285279250205157119101107137183229259264245181126KO1015286214326599999999999999 342 -9161510099999999999999
204147 85 34  6  7 39 95161219257271263235195155125113122150189225246246181127KO11 6271222924999999999999999 428  317 511399999999999999
225187136 84 43 23 28 60110166214244255247223190157133123131155186213228181128KO12 3255232622999999999999999 518 2118 312399999999999999
227209177136 94 61 45 50 77119165204230241236217190162139129132149172194181129KO13 9241999999999999999999999 615 44191512899999999999999
208211200178146112 83 68 70 90122160195220232231216192165140125123133152181130KO 042211142423399999999999999 723 66204012299999999999999
174192202201187163133104 86 83 951221551892162312322191941631331121051121812 1KO 223203153523399999999999999 843 8222 010599999999999999
132158184203210203182152121 97 89 97120154190220237237221191153117 91 811812 2KO 35921016322399999999999999910 2 8923 1 8199999999999999
 90115150186214226220198165129101 89 96121158198230246242219181135 93 651812 3KO 51222617192479999999999999911 9 892350 5799999999999999
 57 72107153197230243236209171130100 87 97127169212243254243211163110 661812 4KO 6 924318 02549999999999999912 4 87999999999999999999999
 40 39 64110165215247258245212168125 95 86102138185229255258237194138 821812 5KO 656258183726099999999999999 032 361251 8699999999999999
 39 21 30 67123184234263266246207159116 91 891121552052452632552221701101812 6KO 739268191226399999999999999 110 201334 8799999999999999
 55 19 11 33 81144206251272267238194145107 89 971281762232552622432001421812 7KO 818273194526399999999999999 146 101413 8999999999999999
 81 32  7 12 47104170227263273258223177132101 931101481972382592532231731812 8KO 854273201826099999999999999 221  61449 9399999999999999
113 57 18  7 25 701311942422662652422031581201001021281702142462542371981812 9KO 928269205025499999999999999 254  61524 9899999999999999
144 87 40 15 16 46 98159213249261251222182142114104116147188225245241215181210KO10 1261212224699999999999999 326 12155810499999999999999
172119 69 34 21 35 73126181224248249232201164132113112131164200227236223181211KO1035251215423699999999999999 359 21163211099999999999999
192148100 60 37 37 59101150196227240234213183151127117123144175203220220181212KO1110240223022399999999999999 432 3417 911699999999999999
202170130 91 62 50 57 84124167202223228218197170145128122131152177198207181213KO1149229231120899999999999999 5 8 49175212299999999999999
203184155122 92 72 67 79106141175202216217207187165144129126134151170186181214KO1235218999999999999999999999 548 67184812699999999999999
192188172150124101 87 85 97120149177198210210201184163143129124129142158181215KO 0 6192133421199999999999999 638 84195912499999999999999
172180180170154134115102100109127151175195207209201184162139121113115126181216KO 127181144121099999999999999 743 99211811299999999999999
144162176182178166148129114108112128150175197211215205185158129105 93 95181217KO 3 7182154521599999999999999 9 31082223 9299999999999999
109133160182194194183162139119108110125150179205221223210182146109 81 68181218KO 43019616372249999999999999910211072313 6799999999999999
 73 95129167197214215200174143117103105123153188219235233211173127 82 51181219KO 53221717222369999999999999911241022357 4099999999999999
 40 53 87134182219238235214179141111 95100123161203236249239207158101 51181220KO 62223918 4249999999999999991217 94999999999999999999999
 20 16 39 87147204244260251222179135101 88 97129175221253260240197137 72181221KO 7 8260184626199999999999999 039 1413 6 8799999999999999
 20 -7 -3 34 94165226265276261223173125 92 83 99139191239266265236182114181222KO 754276192827099999999999999 122 -91352 8299999999999999
 45 -5-26-11 36108184246280285262218164115 85 82105152208253274264226165181223KO 839287201127499999999999999 2 5-261438 8099999999999999
 92 24-22-34-10 48125202259287285256207152107 82 85115166220260273256212181224KO 925289205527399999999999999 250-351525 8099999999999999
147 74 11-27-30  2 65143215264285276243194141101 83 92126177227259264242181225KO1012285214226599999999999999 336-331611 8399999999999999
196132 64 10-19-15 23 87160223262275262227180133 99 87100135182224249249181226KO1059275223025299999999999999 423-2117 0 8799999999999999
225181123 64 19  0 10 49109172223253260244210168127100 92106139179214232181227KO1147260232423399999999999999 510 -11752 9299999999999999
230208170121 73 39 26 39 76127179219241243227197159125101 95108136169197181228KO1237244999999999999999999999 6 0 261849 9599999999999999
212211195165127 90 64 55 68 99140181212228229214187154123102 95103125152181229KO 029214133223099999999999999 655 551956 9599999999999999
177193198189169141112 90 82 91114146179204219219207182151121 98 88 92109181230KO 151198143322199999999999999 759 822112 8799999999999999
133159180192192179158133113102106123148176200215217205180148114 88 74 75181231KO 329193153821899999999999999 9151022225 7299999999999999
