194118 57 20  3  9 53133217282323339316259196149116 9710815922427128928318 1 1MM1057339221629099999999999999 420  21714 9699999999999999
245175 97 40  8 -8  2 58147233296337348317254192147114 9511517323827729018 1 2MM114834923 329099999999999999 513 -918 4 9599999999999999
278233156 80 29  0-15  5 72166249308345348306240182140107 9412519025028218 1 3MM1235352235128999999999999999 6 3-151851 9499999999999999
289271218139 68 23 -4-14 17 95189266319349340289222168128 98 9613720325618 1 4MM1319351999999999999999999999 650-141935 9199999999999999
282286262202124 62 22 -3 -3 41125213281327345323266202152114 90 9914921218 1 5MM 04028714 034599999999999999 733 -72017 8899999999999999
257279279249187116 61 26  7 18 73156235293329334300240181135100 8510515618 1 6MM 131282143933699999999999999 814  62059 8599999999999999
213252271268234175114 68 38 28 49108183250297321314274216162120 91 8410918 1 7MM 223273151832399999999999999 854 282144 8399999999999999
158207242260255223172121 83 59 57 84138201256292305290249197148109 86 8418 1 8MM 319261155930599999999999999 937 552233 8299999999999999
110152196229247245219179138106 87 88113157208251278284266229183139103 8318 1 9MM 4232491646284999999999999991028 852331 8099999999999999
 83104141182217238241225196162133115114132164203238260264249217175132 9818 110MM 5392431743265999999999999991134113999999999999999999999
 78 76 9412817020923724824121818715713612913716019322524625123921016912518 111MM 7 7248184825299999999999999 036 7413 012999999999999999
 90 69 65 8111716521124626426224020617214513113215218421824124723520516018 112MM 825266195224799999999999999 142 64142613099999999999999
114 77 55 52 7211417022326328428125521417314212412414618422124424923419718 113MM 924286204625099999999999999 240 51153012199999999999999
146 97 60 41 41 6912218524228330229225720816413111411915019423325425322918 114MM1011302212925699999999999999 328 38161811299999999999999
183126 76 43 28 37 7613920826530231229224519214711710512216421425026425418 115MM105131322 726499999999999999 411 28165710599999999999999
219162102 56 28 20 41 9416623528631531327822317012910410313518723726527018 116MM1127318224227199999999999999 450 20173210099999999999999
249200136 78 39 18 19 55122197261303320302254196147112 9611015621425727618 117MM12 1320231627799999999999999 527 1518 6 9699999999999999
270235175109 57 26 13 28 81157230284315316281224168126 98 9412518223827118 118MM1233320235028099999999999999 6 3 131840 9299999999999999
279262213145 83 41 18 16 48117196260302319302252191142107 89 9914620825718 119MM13 3319999999999999999999999 636 131913 8899999999999999
278276245186116 62 30 16 29 80158233285313314279219161119 93 8511217023018 120MM 024280133231899999999999999 7 7 161946 8499999999999999
267278266223157 92 49 27 24 53119198263302315298249186134100 82 8812919018 121MM 1 027814 031599999999999999 737 222019 8199999999999999
242270273251200134 78 45 32 42 85157230282307306275217157113 86 77 9514318 122MM 138274142931099999999999999 8 8 322054 7799999999999999
202246267264236183123 77 53 48 68118187248287301288248190136 97 77 7610218 123MM 22426915 230199999999999999 844 472133 7399999999999999
151204242260255227179128 90 71 72 96143202252281286267225171122 88 71 7518 124MM 318261154428799999999999999 929 692221 7099999999999999
102147196233253251228189147114 96 96117155202242266269249211162116 82 6518 125MM 4262551637270999999999999991030 942321 6499999999999999
 69 93134181222248254241212176143122116127153190227250255240207161113 7618 126MM 5502551744256999999999999991151116999999999999999999999
 57 56 7511416421324926626424220717014212712614217421224125024021016411118 127MM 72326819 025099999999999999 032 54133412499999999999999
 69 44 39 54 9315021025628429027223318815212811812816220624025424721816618 128MM 846291201025599999999999999 147 3915 411899999999999999
106 58 30 20 33 7614321326830331429424719515212210611615720924826425722418 129MM 953314211326499999999999999 259 20161110699999999999999
165 97 46 16  3 16 66145223282320331304249190146113 9511116222126027526718 130MM1049331221027599999999999999 4 6  317 6 9599999999999999
227158 85 35  5 -9  7 69157238296333339301237178135101 8611317623727328518 131MM113934223 328599999999999999 5 5-101755 8699999999999999
272223146 73 26 -3-16 10 85178256310342336285216160119 87 8212419525328418 2 1MM1223345235329399999999999999 556-161838 7899999999999999
293272212130 63 21 -8-14 28114205275322343321258190139100 74 8414021326518 2 2MM13 2343999999999999999999999 642-161918 7199999999999999
291295264195115 56 19 -5  2 60150234293330334294225161116 81 65 9315922718 2 3MM 040297133833899999999999999 722 -81956 6599999999999999
272293290248176104 54 22  8 32101188259306328314260191134 93 66 6510717518 2 4MM 124296141032899999999999999 758  82031 6199999999999999
235273289277229160 99 58 34 33 72144219275308313283224161111 76 59 7412318 2 5MM 2 8290144031599999999999999 832 2921 6 5999999999999999
185236268278259211153104 72 57 69114178238278296287248192138 96 69 63 8618 2 6MM 253278151129799999999999999 9 7 572144 6299999999999999
133187230257263243202157119 94 88106147197240267273255217169124 90 70 7218 2 7MM 344264154627499999999999999 947 872227 6899999999999999
 96136181219244249234205171142122119134164198228245246228197158121 91 7618 2 8MM 44625016322489999999999999910411182322 7599999999999999
 79 99132170206232243238219193167148141147163186208223225213188157123 9518 2 9MM 6 924317382269999999999999912 2141999999999999999999999
 79 79 9312115919822924825124021618816314814415116919121021721019116012618 210MM 74325219 121799999999999999 033 77135214499999999999999
 95 75 71 8211015119823726227026023219716414013013515618521022221819716318 211MM 856270201422299999999999999 148 70151113099999999999999
122 86 64 57 7010315320825328128827123519015112411412515519422323622920218 212MM 94828921 923699999999999999 252 5716 111499999999999999
159110 71 48 43 6110516722727329929927022217113110610212516921424425223818 213MM1030302215325299999999999999 345 42164010099999999999999
200145 91 53 32 32 62120190251293311298255198147110 91 9913919424026426518 214MM11 7311223326799999999999999 431 291715 9099999999999999
239187123 70 36 20 30 75147219274308314284227169123 92 8210816422326327918 215MM1141316231027999999999999999 512 191750 8299999999999999
269229163 98 52 23 14 39103182248294316305256193140102 78 8312819425028018 216MM1212317234628799999999999999 551 141823 7599999999999999
286264207134 75 38 16 19 64142219275309315283220158114 83 70 9415622427018 217MM1242317999999999999999999999 626 131857 7099999999999999
289285247178107 58 29 17 37102186254296315301250181126 91 68 7011418624818 218MM 02129113 931599999999999999 659 171928 6599999999999999
283293276223148 85 48 28 29 69147227281308309275210143 98 71 59 8013921218 219MM 056293133431299999999999999 730 251959 5999999999999999
264289289260197126 75 47 37 53110189257295307290240171112 76 57 59 9516218 220MM 132292135830799999999999999 8 0 372028 5499999999999999
229272289281242179117 77 57 57 86148219271295293262204139 89 61 50 6511018 221MM 213289142629799999999999999 832 5421 0 5099999999999999
176234270283270230174123 91 77 84118174230268281269233177120 78 55 51 7218 222MM 3 228315 228199999999999999 913 772140 5099999999999999
118176228262274262229184143116105112140183224252259245211164115 77 56 5518 223MM 4 227415512599999999999999910 81042235 5399999999999999
 74114165213248265262240207172145131131147174205229238230204165122 84 6118 224MM 52026617 12389999999999999911291292349 5599999999999999
 55 68 99144193235262271261236203171148137138155182210226227211179136 9418 225MM 6592711832229999999999999991323136999999999999999999999
 63 49 53 7611917522726628628626522718615313012113316420122823722819815018 226MM 83028920 023799999999999999 118 49145912199999999999999
 99 60 39 35 53 9916422827630530928523718614511510111515720624125524921618 227MM 941311211325699999999999999 244 3416 410199999999999999
159 97 53 26 16 34 89166237289321324290231174130 97 8410816422226027526818 228MM1036327221427699999999999999 357 161655 8499999999999999
226157 89 44 15  3 27 95181253304333327277210153111 79 7311418324427929318 3 1MM112233623 529399999999999999 456  31739 7099999999999999
279224145 79 36  7 -2 36118205272317337314250181129 90 63 7313120826429518 3 2MM12 2337235130599999999999999 545 -31819 6099999999999999
305278210129 70 31  4  7 63153234291326330287214149104 69 53 8315623128018 3 3MM1237334999999999999999999999 627  01855 5399999999999999
307307265189114 63 29 10 32104193262306327309249174118 80 52 5410418325018 3 4MM 03231113 732799999999999999 7 4 101929 4799999999999999
292311298243167102 61 33 30 72151230283313314276206139 91 59 44 6613020518 3 5MM 111311133431899999999999999 737 271959 4499999999999999
263296306279219150 97 64 47 62118193256293306288235167110 71 47 49 8815518 3 6MM 149306135830699999999999999 8 7 472028 4499999999999999
221268293292257199142100 75 72102159221266288284251195136 90 60 49 6611318 3 7MM 228297142328999999999999999 838 702057 4999999999999999
173227266283273237188144113 97104138186230259267252214165118 83 62 62 8718 3 8MM 310283145226799999999999999 913 962130 5999999999999999
132182226256267256227190157133124134161194222238238220187149114 87 74 7918 3 9MM 4 0267153024199999999999999 9591242213 7399999999999999
104140180216243254247228203177156146151166185202213212199176148120 98 8718 310MM 5 725416292149999999999999911101462315 8799999999999999
 9110913617020423224825124122119717315715115516517919319919518015913310918 311MM 64025118 61999999999999999913 6151999999999999999999999
 94 9110212415619422925326325823920917715213713514416518820320619617414418 312MM 8 9263194220799999999999999 041 91144313499999999999999
112 90 81 8710914719423726728027424820816613411611513316620022222721518618 313MM 911281204922899999999999999 2 5 81153511399999999999999
145104 76 64 70 98147205254285296281242191144111 9510213618322424825023018 314MM 957296213825299999999999999 311 641614 9499999999999999
188134 88 59 47 58 99162225274302305275221164119 89 8010315421125327226818 315MM1035307222127499999999999999 4 5 471650 7999999999999999
234176115 70 42 34 56114188251293313301253190135 95 71 7511818424227829118 316MM111031423 029199999999999999 451 341725 6899999999999999
275224154 94 55 31 31 71145220275308315283219154108 75 60 8214521726929618 317MM1143316233830299999999999999 532 2718 0 6099999999999999
300268201129 77 45 27 41102184252295315303250178121 84 58 5710117824828918 318MM1212316999999999999999999999 610 261834 5399999999999999
308299249174108 67 41 33 67144224278307311277208138 92 63 47 6513021127118 319MM 015309123931399999999999999 646 3219 6 4799999999999999
303312288224149 94 63 44 52106188257295308293239164103 67 46 45 8416123818 320MM 05131213 330899999999999999 719 421936 4299999999999999
287310308270200133 90 65 57 82148225277300297263198126 76 49 37 5210818718 321MM 128313132530299999999999999 752 5620 4 3799999999999999
255295311299251185129 95 77 79117183245282291275229162 99 59 39 38 6712918 322MM 2 7311135329199999999999999 826 742034 3699999999999999
202260295305286239182137109 97107146201247271270246199139 87 54 40 47 8218 323MM 253305143027399999999999999 9 7 962113 4099999999999999
141204255286294277238193155130121131161200233249246223182134 91 62 51 5918 324MM 35029415212509999999999999910 212122 7 5099999999999999
 90138192239271284275248213180154141142158183208224226212184146108 79 6418 325MM 5 528416382279999999999999911261392323 6299999999999999
 66 86123171219257279282267238204172149138140156182206219218201170132 9618 326MM 6402831825220999999999999991321137999999999999999999999
 72 64 7310114720124928129528826021917714412111513116520122723722819815318 327MM 81129620 223799999999999999 059 64144911599999999999999
107 73 56 55 79130193250291311306271219168127 99 9011416221224726325622118 328MM 919313211526399999999999999 232 531548 9099999999999999
164108 68 44 39 65125199261303324312265202147105 76 7311217623427128927818 329MM1012325221228999999999999999 345 381635 7099999999999999
231162102 61 35 29 65138216276315330304241173121 82 57 6812520025929430918 330MM1055330225930999999999999999 441 271716 5599999999999999
287226151 93 56 29 32 84166241292323323278205140 96 61 46 7815122828131318 331MM1132328234132099999999999999 528 251754 4699999999999999
318281208135 86 52 32 51118202266305323303240165109 72 44 4710018225329918 4 1MM12 3323999999999999999999999 6 7 311828 4099999999999999
323315262186122 81 52 45 84162237287313311269196128 82 51 37 6213121227418 4 2MM 019325123031699999999999999 642 431858 3799999999999999
311325300236165113 78 58 71127204265299309286227154 97 61 39 42 8816423718 4 3MM 055325125230999999999999999 713 581926 3699999999999999
288317316276211150107 81 75106170236280298291250185120 75 47 38 6212119418 4 4MM 129321131529999999999999999 742 731951 3899999999999999
256296313298251192142108 90100143202252280284261211149 97 62 45 52 9015218 4 5MM 2 4313134028599999999999999 812 902017 4499999999999999
215266296302277231182142115109129172218252266258225176126 86 62 56 7511918 4 6MM 24130314 926699999999999999 8471082046 5599999999999999
174227267288285259220181149130130152185217237242228196155117 88 72 75 9918 4 7MM 324290144624299999999999999 9291272123 7199999999999999
139185227259275271250220189163147147161182202214216204180151123101 90 9418 4 8MM 41727615392179999999999999910291452216 8999999999999999
11414618321824726426425122920217615815115516618019320019718316213911810418 4 9MM 53126617112009999999999999912 4151233510299999999999999
10311614017120623826026826124121318215614013714416218320020720118415913118 410MM 7 026819 0207999999999999991348136999999999999999999999
10910010612515719723726627927425221517514111911412615418921723022720717218 411MM 813279201723199999999999999 1 8100145011499999999999999
134103 88 89108148199247280293285252204155117 95 9411816321024425925322318 412MM 9 8294211326099999999999999 227 861534 9199999999999999
175125 90 72 72 99151213264296305286238178127 92 74 8212518524027428627118 413MM 95130522 028699999999999999 329 691614 7399999999999999
226164111 76 58 62102169236283309308272209146100 69 58 8414621627030030518 414MM1029313224330799999999999999 421 561652 5899999999999999
277215147 98 66 50 65122199261300315299244171113 76 51 53 9817624829431818 415MM11 4315232432199999999999999 5 7 501730 4799999999999999
314268196131 89 61 51 83155232283309311275204132 85 56 39 5812420927431318 416MM1135314999999999999999999999 549 5118 6 3999999999999999
329310250175120 86 62 64114194261297310295239161 98 63 40 35 7515623929418 417MM 0 332912 331099999999999999 628 581840 3399999999999999
325332298228159115 86 69 88152229281303301268198123 72 45 29 4110018626118 418MM 043333122930599999999999999 7 6 691913 2999999999999999
308332326280210152115 90 84118187252288298283234161 94 54 33 28 5712721018 419MM 122334125529899999999999999 743 821945 2799999999999999
276315332316264200151119100105147210260284283257202134 78 46 30 36 7714818 420MM 2 4332132828699999999999999 822 982019 2999999999999999
224281315325303254199157129115127167217254268262232180122 77 49 39 52 9518 421MM 250325141226999999999999999 9 711521 0 3999999999999999
160225276307314293252207169142131140170207235247241216174128 88 63 55 6818 422MM 34531515112479999999999999910 51312156 5599999999999999
105159216263294304290259220184156140141159185210226228214185147111 84 7218 423MM 45530416372299999999999999911271382312 7299999999999999
 7810414819924728229929427123519616213812813615918921522922720917613810418 424MM 61829918242309999999999999913 4128999999999999999999999
 84 80 9513118123427530030328424519915612410610913617721624225123920516018 425MM 739305195725199999999999999 044 79142210499999999999999
117 88 75 82115170230277306312291244188138102 81 8712518123226528026822718 426MM 84531321 628099999999999999 213 751519 8099999999999999
170121 87 68 72109172237285314317286227164114 78 60 7713119825429130528618 427MM 93731922 030599999999999999 324 6616 6 6099999999999999
233169118 83 62 70117189253296319312266197134 89 57 48 8115022427931332218 428MM1020321224532399999999999999 419 611647 4799999999999999
290226160113 80 63 81141215272306318294232160104 67 42 47 9917925130132918 429MM1055318232633399999999999999 5 5 621724 3999999999999999
325279209148108 79 71106176244288310307264191124 79 49 35 6012921127531718 430MM1124313999999999999999999999 544 701757 3599999999999999
336316257189138103 81 90141212269300307284225151 95 59 38 41 8616424029518 5 1MM 0 3336114930899999999999999 619 801827 3599999999999999
328332296232171129100 90117179244285302293252184118 73 46 36 5912019826518 5 2MM 038335121230399999999999999 650 901854 3699999999999999
310331319271209157121101107150212264291294269215148 93 58 40 46 8815722818 5 3MM 111331123729699999999999999 720 991919 3999999999999999
284318325299246191147118108130179233271285275237179121 77 52 46 6912218918 5 4MM 14432713 628599999999999999 7511081945 4599999999999999
251296319312277226178141120122153199241266269249205152104 72 56 63 9715318 5 5MM 218320133927199999999999999 8251172015 5599999999999999
214265300311295258213172142128138169206236251247222182138101 77 70 8512318 5 6MM 256311141925299999999999999 9 61282051 6999999999999999
175226268294299280247208173147138148173200222232227205172138108 90 8810518 5 7MM 341300151123299999999999999 9581382138 8799999999999999
14018422726328528827224321017715314314816418520521721720317915112510710318 5 8MM 4382891629218999999999999991110142224510399999999999999
11614318021925427728327224721518115313713514716819221222121619817214312018 5 9MM 55028318 8221999999999999991236134999999999999999999999
11011513616920924827528627825321617614112011512715519122224024022419315718 510MM 7 4286193224299999999999999 011110134811499999999999999
125107106122157204250282294285255209160120 97 9311215320324426726924920818 511MM 8 6294203727199999999999999 1341041442 9299999999999999
160121 98 93110152209260293303289247189133 95 73 7410616422627129629626618 512MM 857303213129999999999999999 246 931529 7099999999999999
212155113 89 83106160225276304309283226158104 70 54 6411318625329832031418 513MM 940310221932299999999999999 346 831612 5399999999999999
271205146108 84 81114180248292311305264193124 78 50 40 6413121427932033718 514MM101931323 533799999999999999 439 781654 4099999999999999
320264193140106 83 87134208270303312292234156 93 57 35 34 7515624130033618 515MM1053312234934799999999999999 526 801735 3099999999999999
346316250183137106 87103163236286307305270199122 70 42 25 36 9518426331618 516MM1126309999999999999999999999 610 871815 2499999999999999
346347304235176137108 96125192258294304290242165 96 54 31 21 4711920928018 517MM 032351115830499999999999999 653 961853 2199999999999999
327351341290224172137111109149215269294295271214139 80 45 25 26 6614422818 518MM 116352123429799999999999999 7351051932 2299999999999999
292333350330276216170137116124169227269286282250191125 74 43 28 39 8716418 519MM 2 0350131728799999999999999 8181142012 2899999999999999
240298334343318266212170138122136178226260273266234180122 78 51 41 5710718 520MM 24734414 927399999999999999 9 61222057 4199999999999999
177245297328332307261212171141128140175214244257252226181133 93 68 60 7718 521MM 33933415152589999999999999910 31282152 6099999999999999
121181241289317321299259214173142127134161195225244246229195154116 90 8018 522MM 439323163824799999999999999111212723 0 8099999999999999
 9112617723227730631329626021617313911911914017421023825124421918114211218 523MM 5473141811251999999999999991230116999999999999999999999
 96 99124168221268299309296262214166127102 9811815820424326526724720816418 524MM 657309193626999999999999999 021 941342 9799999999999999
127105100119161215264297309296258204150108 82 7810315321025728629327222718 525MM 8 1309204629499999999999999 1441001441 7699999999999999
176135108 98115160218268299309292245183128 87 62 63 9816122727830931428618 526MM 855309214131699999999999999 256 981530 5999999999999999
233177136108 97118170230277303306279221155102 67 48 5810818124929932832618 527MM 939308222833299999999999999 354 971613 4799999999999999
287227172133106101132191249288305297255189125 80 51 41 6613020827331833918 528MM101530623 934099999999999999 441 991652 4199999999999999
325275213163128106112155218269297303280224154 98 62 41 44 8716123729533218 529MM1045303234634299999999999999 5221041726 3899999999999999
341312254196152122110131185245285301293254189123 77 50 39 5811619426331318 530MM1112301999999999999999999999 5571101758 3999999999999999
339333291231178141118119155214266294298275223156 99 63 43 46 8315222728718 531MM 021341113929999999999999999 6291141826 4199999999999999
326339317265208162131117134182239280295287250190128 81 53 44 6311618825618 6 1MM 05433912 929699999999999999 7 11171854 4499999999999999
306333330295240188148123123153206255284289268222161107 70 51 54 8915122118 6 2MM 126336124229099999999999999 7331191923 4999999999999999
280319333315271218171137122133172222261280275246195139 94 66 57 7412018418 6 3MM 158333131928199999999999999 8 71211954 5799999999999999
247296323324297250200159132125145186229258269258224175127 90 71 71 9814818 6 4MM 23232814 026999999999999999 8461252029 6899999999999999
209264302320311278233188152131131154190226249256242210167126 97 83 9012018 6 5MM 311320145025699999999999999 9311282112 8399999999999999
16822226930031029726522218114913213315418521723824523520817213711110010718 6 6MM 357310155524699999999999999102613022 8 9999999999999999
13417722426529330128825721717814612812714417320523124424022018915612811418 6 7MM 4533011717245999999999999991132125232111399999999999999
11713817521825828629528425521517213711611312815919823325425724321317614318 6 8MM 5572951841258999999999999991241112999999999999999999999
123119134166210254284295285255209160120 97 9311014919924427328227023719218 6 9MM 7 2295195628299999999999999 0421191343 9299999999999999
151125116126158207256289300288251196140 98 75 72 9614620926329730929525418 610MM 759300205930999999999999999 2 11161438 7199999999999999
200154124111119156213265297304286240174114 74 54 56 8815322728532133331218 611MM 849304215533399999999999999 3111111528 5299999999999999
261200153123108118163227278304305279220147 88 54 38 45 9016824730534034818 612MM 934308224634999999999999999 4111071618 3799999999999999
319259197153123108124179245291308302264195119 67 40 27 4210018726632135318 613MM1015309233535999999999999999 5 510817 6 2799999999999999
356317252193153123111137200263299308294245169 97 54 30 20 4611720828333318 614MM1056308999999999999999999999 5541111753 2099999999999999
362356308242188151122116154220275302305282224147 83 46 24 20 5713822729618 615MM 022364113830699999999999999 6411141839 1899999999999999
343365349295231183147120124170234281301299269206132 76 42 22 27 7616024518 616MM 1 8365122530399999999999999 7261171924 2099999999999999
308349363337280220175139119132182242281297291256192124 75 44 28 4310018318 617MM 153363131629799999999999999 81111820 8 2899999999999999
260316351355322265209165132117138188241275289281245186126 81 53 43 6612518 618MM 238358141228999999999999999 8581172053 4399999999999999
201269319346342305250197155125116139185232265279273240188136 96 71 66 9118 619MM 324348151428099999999999999 9481162142 6499999999999999
146213272315335326289238188147119113135175219252271268242200155118 95 9118 620MM 41333516252729999999999999910441122240 8999999999999999
11316021626830432031027622918114011310612416120424126627125422017914311918 621MM 5 73201744272999999999999991147106234911399999999999999
113128165213259292306298267222173131103 9510914519223726828227324420516718 622MM 6 830619 7282999999999999991253 95999999999999999999999
139127135163206250283297290260214162119 90 80 9513418824027929929526722418 623MM 711297202130099999999999999 1 91271356 8099999999999999
182151133135160203247279293284252201147103 75 67 8613319525329631831328118 624MM 8 9293212132099999999999999 2261311451 6799999999999999
232187153133133160207252282292279239182126 86 62 58 8514221127231433432318 625MM 859292221033599999999999999 3301301539 5699999999999999
282229182148129134169220263288291269220158105 70 52 57 9516223429233134318 626MM 939292225334399999999999999 4211271621 5099999999999999
321271216172141127142186239277293287253195133 86 58 47 6411619025931234218 627MM1014294233134699999999999999 5 31271659 4799999999999999
342307251198158133129157210260290296277231167110 71 50 49 8114522028432718 628MM1046297999999999999999999999 5391271733 4699999999999999
346331284227178144127137179235279298293262205141 91 60 47 6010718025130618 629MM 0 5346111829999999999999999 61212618 5 4799999999999999
338342311257202159132126151204258291300283240177117 76 54 51 8014121628018 630MM 038344115230099999999999999 6441241837 4999999999999999
323342330286228178142123131171227274296295267214151 99 66 53 6410917925018 7 1MM 1 8343122729999999999999999 71612219 8 5399999999999999
304335339311257201158129120142191245282295284247188129 86 63 60 8614321518 7 2MM 13834113 329599999999999999 7501201939 5999999999999999
278320338327286229178141120123156208256283288269226168116 82 68 7611417718 7 3MM 2 9338134428999999999999999 8251182012 6899999999999999
245297327332308260205160130117129168218258279278255210157114 88 81 9814218 7 4MM 242333143028199999999999999 9 41172050 8199999999999999
20326230432431928723818714712211613417421925427227024720516012310210012018 7 5MM 319325152527499999999999999 9471162137 9899999999999999
16321826830131430326922217513911711413317021224726726824921417514112111918 7 6MM 4 33141633270999999999999991038112223811899999999999999
13717321926329230229025821316713010910612415920324226827626423519816314018 7 7MM 4573021753276999999999999991138104235413399999999999999
133144172212253283293283253208159119 96 9210814419324127629228726222318318 7 8MM 6 02931916292999999999999991243 91999999999999999999999
154141143164203246278291282251203149104 79 73 9013118924729031331328824418 7 9MM 7 5291203031699999999999999 1211391347 7399999999999999
197162142137156196245280294284251195134 87 61 55 7312119125830733433630718 710MM 8 5294213433999999999999999 2431371447 5599999999999999
255202164139131150198251288299287247183117 69 45 40 6211919927232435235218 711MM 9 0299223135699999999999999 3511311546 3999999999999999
316257202162135127151207263297305288240168100 56 34 29 5612421228633736518 712MM 950305232336899999999999999 4491261644 2899999999999999
360315251196158130124158221277305308286230153 87 48 26 23 5913822830034818 713MM1040310999999999999999999999 5421231739 2199999999999999
372358305239188151124125170237288311310282218139 79 43 22 24 7115924731318 714MM 012373113031399999999999999 6301191829 1899999999999999
357374349287223176140116129184251296314310274204129 75 42 23 34 9418526718 715MM 057374122231599999999999999 7151151915 2299999999999999
326363368330265205161126110135197260299314307264193124 76 46 32 5612521218 716MM 139371131431599999999999999 7571101958 3299999999999999
285335363354306241185143112107143206263297311299253185125 83 56 52 8715818 717MM 21936514 731199999999999999 8391052040 5099999999999999
237298339354333279217166127103108150209259292304289244185134 97 76 8112118 718MM 25735415 130499999999999999 9221012123 7499999999999999
186253303332335306254198151116 9911115220525128229428024219415111910411318 719MM 33733816 02949999999999999910 7 99221110499999999999999
150204257296316312281234184141110 9811214919624027228627825021217514713318 720MM 42031817 9287999999999999991059 98231113399999999999999
141169209250282296289262221176135107 9710914018422926528528526623520117218 721MM 5122961830287999999999999991159 97999999999999999999999
156156173203238265278274252215171132104 9310113017422326529230028725822218 722MM 616279195330099999999999999 03015413 6 9299999999999999
189167159168193226254269268248211167125 96 84 9112117022627430631830627318 723MM 72527121 031899999999999999 2 01591410 8499999999999999
231193166153159185222253270268247206157114 85 74 8412017723829032333331618 724MM 825271215233499999999999999 31315215 5 7499999999999999
275227185156143153187229262277271244196142 99 73 65 8212719325830933834118 725MM 914278223634499999999999999 4 51431553 6599999999999999
313263211169142135156200247277286273235178123 84 62 61 8814621828232634818 726MM 955286231334999999999999999 4471351635 5999999999999999
338297240189152131135171223269292293268218156103 70 55 6310517424730434018 727MM1032295234735099999999999999 5221291713 5599999999999999
349324271212166136124144194250289303293255195132 86 60 53 7513320827632318 728MM11 6303999999999999999999999 5551241749 5399999999999999
347340299239184146123125162222274303307285234167110 73 55 59 9916924530318 729MM 018349114130899999999999999 6271201823 5399999999999999
338347321266206160129115134187249292310304269207141 93 66 56 7613321127918 730MM 048348121631199999999999999 6591151855 5699999999999999
324345337293231176138115115151213270302310293246179119 82 64 6710417425018 731MM 116346125131199999999999999 7311111926 6299999999999999
306337342315259197150121107123172236283306305277221156107 80 72 8814021418 8 1MM 143344132930899999999999999 8 31071956 7299999999999999
280322339328286224168130108106135192251289304296260202145107 88 8911717518 8 2MM 2 9339141030499999999999999 8361042029 8599999999999999
24429732532930525519514611510111014820425628829928624819614811710511214618 8 3MM 239331145929999999999999999 911100211010499999999999999
201259299317311280229174131106 9811415420625328329328124820416413812813718 8 4MM 315318155929399999999999999 952 9822 412899999999999999
167212258289301291259213163124100 9511214919824327629128526122518916315018 8 5MM 4 23011713291999999999999991044 95231715099999999999999
154175209245273284276249207161121 96 8910313618223227229529928425321718618 8 6MM 5 52841842300999999999999991150 89999999999999999999999
166160170195229259274271250211163119 89 78 8711716522227230631931128124018 8 7MM 62127520 731999999999999999 05416013 4 7899999999999999
201172157158179215252275277258219165114 78 63 68 9715121827932034033530218 8 8MM 736278211834299999999999999 2281551417 6399999999999999
252205169147143166211257284288270226164105 66 49 50 8114422229033635935218 8 9MM 842289221836099999999999999 3411421526 4799999999999999
311252199161135131162218269297302281229158 95 56 37 37 7314723430334937118 810MM 941303231037299999999999999 4391291631 3399999999999999
357305239187149123124167233286311313287226147 85 49 29 31 7716325131736018 811MM1037315235637699999999999999 5291181728 2599999999999999
376350287220171135111123181252301323322287215135 79 46 25 35 9618927333118 812MM1130325999999999999999999999 6151101818 2499999999999999
367372331259196153118102130200270312330324279201126 78 46 30 5312722029418 813MM 038375122033299999999999999 65710219 2 3099999999999999
343369357301228172132102 98144219282319334320265186121 80 52 46 8516725118 814MM 11537013 733499999999999999 736 941942 4499999999999999
312349361331265197148112 89103160233289321331307248177123 87 66 7412620518 815MM 149361135333199999999999999 813 882019 6499999999999999
275322347341297230170127 96 86114175241289317321291235176131102 9111116618 816MM 221349143932399999999999999 849 852056 9199999999999999
233288321331311261201150112 90 9212818524128330730727823018414812512314818 817MM 252331152931099999999999999 926 87213712199999999999999
195246285306305278232182138107 9310313818723527329529427223720117115315418 818MM 32730816292979999999999999910 8 93223015199999999999999
17420824327028227625121417313711110111214118122426128428927725322419717918 819MM 4112821747290999999999999991059101234817499999999999999
17418320322724825825423620817414111710711413617121325228129529227424621618 820MM 51525819192959999999999999912 7107999999999999999999999
19217917718820722824324623521218014612010610812616120725328830831029225918 821MM 642246203431199999999999999 137176132310599999999999999
222190169161170193221243251243220185145114 97 9711615621026330332532530118 822MM 8 1251213032899999999999999 2591611431 9599999999999999
259213175151144159193230256265255226181135101 84 8611116122428232234033218 823MM 859265221334199999999999999 3501441526 8299999999999999
295242192154132133162208251277281264223168118 85 71 7911617924830333834718 824MM 943282224934899999999999999 4281301613 7199999999999999
325274215166132119134180235277297293263208146 99 71 62 8113420727532334918 825MM1022298232235199999999999999 5 11191654 6299999999999999
344303242184141115114148208265300311296250184123 83 61 61 9616524130133918 826MM1058311235235199999999999999 5341111732 5799999999999999
351327270206155121105121174241291316317287226156103 72 57 7112620527632318 827MM1133320999999999999999999999 6 610518 8 5799999999999999
347341297230171132106102138206271310324313267196131 90 67 63 9616724730518 828MM 02134912 732499999999999999 6381001841 6299999999999999
337345318258190142112 96110165238293320324299239168114 85 70 8113321328318 829MM 047346124232699999999999999 7 9 951912 7099999999999999
325341331284215155118 96 93127195264307324318279212147107 87 8311117625218 830MM 111342131632599999999999999 739 911942 8199999999999999
307332333304244176126 99 87100149221280313322306258193140110 9710514621418 831MM 133336135432299999999999999 8 7 872013 9799999999999999
278316327313270206145106 87 8611217023628731331629324418814612311713317818 9 1MM 158327143931899999999999999 836 84205111799999999999999
237285309310286238178127 96 83 9012418124028430730828524319816414514215918 9 2MM 230312153431199999999999999 911 82214114199999999999999
196241276291286260216165122 95 85 9612917823027329830328825722019017016318 9 3MM 31529216453049999999999999910 1 85225516399999999999999
173197228255269266246210168128100 89 9612216421325829030530128024921719018 9 4MM 42027018173059999999999999911 9 89999999999999999999999
175172183206232251257246220182141107 89 8710514119124428731432130727623618 9 5MM 552257195032199999999999999 0431711234 8699999999999999
200173159161182215245262260240202154110 82 73 8311717423829332834233029318 9 6MM 72526321 434299999999999999 22315714 0 7399999999999999
242195160139138165211254278282263219159106 72 57 6310016724230434436034318 9 7MM 84028322 236099999999999999 3321351517 5699999999999999
294232180142118121161222273300305282227156 98 62 44 49 9417425631835736918 9 8MM 943306225136999999999999999 4261151622 4299999999999999
341278210160123101115172243295321324292224146 90 56 36 4710619627633236518 9 9MM1038326233337199999999999999 5121001716 3599999999999999
367322248183138103 89120193267314337334290211134 85 54 37 6013422629834318 910MM1127340999999999999999999999 554 8918 3 3799999999999999
367351289212155116 86 86136218287328346333275193126 85 56 48 9017425931618 911MM 010367121134799999999999999 633 801843 4799999999999999
350358321248176129 95 74 93160242302336348322255177122 88 65 7413121528618 912MM 043359125334899999999999999 7 8 741920 6399999999999999
329348336282207146106 78 72111186260311339340302234168124 96 8411017525018 913MM 112349133434499999999999999 741 701954 8499999999999999
303331334303240172122 89 71 8313420727131333332428122016713211111315021218 914MM 138336141533499999999999999 812 70202710899999999999999
269305319306264203147107 82 7710215822127430932130626421517414613314518318 915MM 2 4319145832199999999999999 843 7521 413399999999999999
232271293294272229178134103 87 9312417422627029830629025822118916615917218 916MM 234296154930699999999999999 917 86215215999999999999999
20023225726926424120516713311010111114018022226028529328426223520818717918 917MM 313269165629399999999999999 95910123 417999999999999999
18519921723324123822219717014312311612314517621224827528928927525222520118 918MM 41324218272919999999999999911 0116999999999999999999999
18518018319420922222622020518315713512312413816420024027429530129126723318 919MM 555226195330199999999999999 1 5180122512299999999999999
20017516216117319521823223322219916813811911412515219424228330931730427118 920MM 736234205331799999999999999 235159134911499999999999999
227185154138140163198232252255241209167129106 9911014519825530032632930518 921MM 842256213833199999999999999 3231361454 9899999999999999
259205159128117131170219258279278254208155113 88 8310215121627731933933118 922MM 928281221534099999999999999 3591171546 8299999999999999
291232174131105105137194250288303293253193135 95 73 7410717124330133534418 923MM10 8303224834599999999999999 4321011630 7099999999999999
319262196143106 90106159227282313320295238169115 81 64 7612820527432134418 924MM1045321231934699999999999999 5 5 901710 6499999999999999
337291222159116 88 84121191261308330325282212145100 73 65 9416424330133418 925MM1121332234734499999999999999 538 821748 6499999999999999
343315251179128 95 77 91149227290325337317258183126 93 73 7812720727832018 926MM1157337999999999999999999999 611 761823 7099999999999999
338328279205141103 79 74109183260310335335299229160117 92 8110417024930418 927MM 013339123233999999999999999 643 721857 8199999999999999
329331300234161110 84 69 81136217285323338325275204147115 97 9913921127918 928MM 03533313 733899999999999999 712 691930 9499999999999999
316326310262190125 88 70 68 9816624430032933531025318914512111012517524218 929MM 055326134533699999999999999 739 6620 311099999999999999
293314310281223154102 75 64 7511919025930532832629524118815313413015220118 930MM 120316142833199999999999999 8 6 64204212999999999999999
255290299286250193134 92 71 68 881362012613013213162872421991691521511721810 1MM 154299152032299999999999999 841 67213414999999999999999
210249272276261227179131 96 78 78 991431982512893103092882542191901721661810 2MM 242277162931299999999999999 932 76225016699999999999999
177201228247253244219183144112 92 881031361822312733013103002752422101841810 3MM 3552531759310999999999999991043 87999999999999999999999
168166178199222238241229203168132105 92 961191592102602983183182982622201810 4MM 542242193032199999999999999 0391651216 9199999999999999
183156143149174209239255253233195150111 88 82 971361952563033313363142691810 5MM 726256204233799999999999999 2131431349 8299999999999999
215168134116123160210254279283263216158110 79 67 781231922623143453483171810 6MM 843284213835199999999999999 31511515 7 6699999999999999
258195144108 91108161227278306312284225156103 71 55 691252052783273543491810 7MM 942313222435799999999999999 4 4 9116 8 5599999999999999
303231165118 85 75108178252303331331292219147 97 66 51 751452302963383561810 8MM103333523 335699999999999999 448 741659 5199999999999999
335272194135 94 66 69122205278324347338283203137 95 66 58 981792593133431810 9MM1117349233635099999999999999 528 621743 5799999999999999
346306230156107 74 55 77148235299339354330263186130 95 71 78135218286325181010MM1159354999999999999999999999 6 4 551822 6999999999999999
341324265186123 85 59 55 98180260315347350311240172128 98 85110178253304181011MM 0 5341123735399999999999999 638 521857 8599999999999999
328327291221148 98 68 52 68128210279324347336287219164128105107148216276181012MM 030331131534899999999999999 7 8 52192910299999999999999
310319301250180119 81 60 58 92160234292328339316263205161131119135183241181013MM 053319135233999999999999999 735 5520 111999999999999999
284303299267211149102 74 62 76122188251298324324294246199163140138163207181014MM 119304143032899999999999999 8 2 62203613699999999999999
250277284269231180132 97 77 77102150207259296314307278238201171154158181181015MM 150284151331499999999999999 832 74212015399999999999999
214242258257238204164128103 91 98126169215257287300293270239208182168170181016MM 22926016 730099999999999999 9 9 91222216799999999999999
185205222232231216192164137118110118141175212248276289287272247219192175181017MM 32423317202909999999999999910 1110999999999999999999999
169174185199211216211197177155136125127143168202237268287291280257226194181018MM 5 0216184629199999999999999 0 0169112012499999999999999
168154152161180202217222216199174148129124132155190231269294301291263223181019MM 655222195630199999999999999 141152125312499999999999999
182149130128144175210236247242220185149122110116141184236280307314297258181020MM 811248204831499999999999999 237127141011099999999999999
206157121104109140187234265277266233184138107 94102136192251297321321291181021MM 9 3277212932599999999999999 3181031510 9399999999999999
237176126 94 83102152214265296303281231171122 92 80 96145213274314331317181022MM 94630422 633199999999999999 354 8316 0 8099999999999999
270202140 96 71 72110178247296322319281216153108 81 75104169242297327331181023MM1026325223933399999999999999 430 671644 7499999999999999
299234161107 73 56 73133212279321338322267194136100 77 81128204272314330181024MM11 533823 933099999999999999 5 6 561725 7499999999999999
318266189123 81 56 51 88165247304337344311243174127 97 81100163241296321181025MM1144345233532599999999999999 541 4918 5 8199999999999999
323291223145 92 62 46 57114200275322345339291219159123 99 94129202271309181026MM1221347235831999999999999999 615 451842 9299999999999999
319305255178109 70 49 43 72145232296332346327269201153124106114163234288181027MM13 0346999999999999999999999 647 42191910599999999999999
310307278215140 84 55 42 49 96176255308337341310250191153129118138192253181028MM 022311133934499999999999999 717 41195711899999999999999
291300287246181115 70 49 44 64120199268313336332296240191158137133159208181029MM 054300142333899999999999999 749 43204013299999999999999
255280282263220160105 69 53 54 82139209269309328321287240198167148147169181030MM 135284151532999999999999999 828 51213414599999999999999
207242260260242204156111 80 65 69 97147207261299317313286248209178158152181031MM 230262161931999999999999999 920 64224915299999999999999
165191218237242232206169130100 83 831031431942452853083112932602221861591811 1MM 3522421738313999999999999991032 81999999999999999999999
144146164191217234237223195159124100 911001301762282743053163042732291851811 2MM 541237185931699999999999999 02314312 2 9199999999999999
148125119136170209240255252228188144110 91 901131602182723083243142782251811 3MM 72025620 932499999999999999 1461191332 8899999999999999
171127 98 91113161215258282284258208154112 87 801011532192783163313172701811 4MM 83428621 433199999999999999 247 901448 7999999999999999
205145100 72 69104167233282310311277216154110 82 73 991612332893243333071811 5MM 933315214933499999999999999 336 661549 7299999999999999
246174115 74 50 58110188258307334327280210149107 79 751121832543023283251811 6MM1021336222733199999999999999 420 481639 7299999999999999
283210138 87 53 38 62131215283327348329269197142105 81 871382142763123251811 7MM11 5348225932599999999999999 459 381722 7999999999999999
306247168105 65 39 36 80161243303341350316248182136105 891111742452933151811 8MM1145351232631899999999999999 535 3318 1 8999999999999999
313276205131 79 49 33 481091942683193473412942261691311061041422092693021811 9MM1222349235131099999999999999 6 8 32183510199999999999999
310291238164101 62 40 37 72144225288329344323268206159127111125175237282181110MM1258344999999999999999999999 637 3519 711199999999999999
301295261199131 81 52 40 54104179251303333333299244190150125122149201253181111MM 016302133233799999999999999 7 4 39193912099999999999999
284290272227165108 70 50 50 80139209270311329316276225179145128136170217181112MM 04629114 632999999999999999 730 47201412899999999999999
255274270243196141 97 68 58 71111170232281312318298257212173145136150183181113MM 121275144431999999999999999 8 0 58205413699999999999999
220246256246216174130 96 76 74 96139192243283305304281245206172149144158181114MM 2 1256152730899999999999999 835 72214514399999999999999
183210229235225199165132106 92 95118156201244277294292271240206174152146181115MM 253235162229699999999999999 920 91225514699999999999999
154172193210218214197172145123110112130161199237268285285269241207174149181116MM 4102191730288999999999999991024109999999999999999999999
137139153175197213218210191166141124119130155189228262283287273244206166181117MM 552218184228899999999999999 020136114811999999999999999
135118118134163196223237234216187154128116120142179224264288293277242194181118MM 720238194429499999999999999 131116131411599999999999999
147111 93 95120163209246265263240200156123106107132177230274298300276229181119MM 825267203530299999999999999 225 91142610499999999999999
170119 83 68 78118177234275295289254201150114 95 98130186246288308302265181120MM 917296211730999999999999999 3 9 681525 9399999999999999
203137 88 58 49 71129202263304320304255192140106 88 96140207266301312293181121MM10 3320215531299999999999999 351 481616 8799999999999999
240167102 61 38 38 77152231290326335306245179132101 87105163233285309308181122MM1047336222831299999999999999 431 3417 3 8799999999999999
273205128 72 40 25 38 95181259312341340297228168128101 92124192259297308181123MM112934523 030899999999999999 510 241747 9199999999999999
294244166 94 50 27 19 47121210281326348335280212160127103105150220276301181124MM1211349233030499999999999999 549 181829 9999999999999999
301273210130 69 36 19 21 66149236298336349323262199156126108122176241284181125MM1253349999999999999999999999 627 16191110799999999999999
297287247178104 54 28 17 31 90176255309340343308247191153126115139195251181126MM 0 3297133634699999999999999 7 5 16195311599999999999999
282286269223154 89 48 27 22 49114197268315339333293236186151127123152203181127MM 043287142134199999999999999 744 21203912199999999999999
248271272251204142 86 51 34 36 69135210273314333322281229184150128128155181128MM 13227415 933399999999999999 827 32213212499999999999999
198235255256237196143 96 65 49 54 88147214270307322310274227184149128125181129MM 23425816 532299999999999999 918 48223612399999999999999
147182216237244232201158117 86 70 73101151209260296312303271228184147121181130MM 35424417 9312999999999999991022 69235011499999999999999
114128159194224240239218183144111 91 881071471982482863042992712281801381812 1MM 5272421818305999999999999991139 86999999999999999999999
107 95105136178218246256245214172134106 961051381882402803002982712241691812 2MM 659256192530399999999999999 1 5 9513 4 9699999999999999
121 87 71 81118172224262280274241194148115 981011321842392803012972662101812 3MM 816281202330399999999999999 2 9 711422 9699999999999999
149 98 64 49 64113178239283305298259204154118 96 981331902462853022922511812 4MM 917306211230299999999999999 3 3 491527 9499999999999999
186122 74 43 33 59121196260305325311263202152116 951021442062592913002801812 5MM10 8326215230099999999999999 350 321620 9399999999999999
225154 94 52 27 27 67141219281323336311253193146113 971141662282732952921812 6MM1053336222629799999999999999 432 2317 4 9799999999999999
258193122 69 36 19 33 881692453013343362972351791381101031341932502842941812 7MM1133340225529499999999999999 5 9 19174310299999999999999
277228158 93 51 26 20 501192002693163383242752131631291081161602212682891812 8MM1210338232329199999999999999 543 19181810799999999999999
286255195125 71 38 22 31 781542312903263333042481911481201111341862422781812 9MM1244335235328799999999999999 614 22185011099999999999999
287271227162 99 55 31 27 53113190259306329321279222170133113118154209255181210MM1316330999999999999999999999 642 26192211199999999999999
279277250197134 80 46 32 41 83151223281316325302253198152122112129173223181211MM 026281134732699999999999999 7 9 31195511299999999999999
259272261225169112 68 44 41 64117186250296319313279228178139116116142186181212MM 1 2272141932099999999999999 739 39203111399999999999999
228254259241201148100 66 51 58 93149213266301312296257208164131115122151181213MM 143260145531299999999999999 813 51211411499999999999999
190224243243222184138 99 74 66 81119173228272297300278239195155127115124181214MM 230245153730299999999999999 852 6622 511599999999999999
151185213230230212179142109 89 86102138185232268287286264228187150123112181215MM 330232162729099999999999999 943 8523 711299999999999999
120143173201220225213188157128108103116145185226259278277257223182144115181216MM 4482251727280999999999999991049103999999999999999999999
101106127159193219232228209180149125114119142177218253273274255219174131181217MM 616233183327699999999999999 015101121011499999999999999
 99 83 86109149193230251253236203165134117115133169213252274275255213160181218MM 737254193427899999999999999 120 82133511499999999999999
111 76 60 65 96147204249276281261220173136114108125166217259280279251200181219MM 843282202628299999999999999 217 59144810799999999999999
137 85 52 38 48 90156222272301305278227174134109101122172229270287279241181220MM 938307211228799999999999999 3 8 37154910199999999999999
178109 59 30 20 39 94172244295323321284224169130105 99128187246281290273181221MM1028326215329099999999999999 356 201643 9899999999999999
224151 82 37 13  8 37107193265313337328280216163127102102142207262288289181222MM1116339223329299999999999999 443  71732 9899999999999999
262202123 59 22  2  3 45127215282326345325268204157123101110160227273290181223MM12 2345231429199999999999999 530 -11818 9999999999999999
284247177 99 43 12 -4  5 61150236297336346315253192150118101120179242279181224MM1247347235728999999999999999 615 -519 310199999999999999
289275230156 82 34  7 -5 16 83175254309341341300236180141111101132193249181225MM1331346999999999999999999999 7 0 -5194710099999999999999
278283265213139 73 31  7  2 35110198269317341330281218167129103102140200181226MM 045284141334299999999999999 743  12032 9899999999999999
248273276253199130 73 36 15 18 60136217280320334313261202154118 97103144181227MM 138277145633499999999999999 826 132119 9599999999999999
198241263266242192132 82 49 33 43 88158229282315320294243189143109 92102181228MM 238267154232299999999999999 912 322210 9199999999999999
140188227251256237194144100 71 58 70111171231276302303276229179135101 86181229MM 34425716323069999999999999910 5 5823 9 8599999999999999
 95128171211240250239207165127 98 85 94126175225265287286262220172127 94181230MM 5 025017292899999999999999911 8 85999999999999999999999
 77 82110153197232251250228192155124108109131170215252274275254214165118181231MM 626253183327799999999999999 016 76122610699999999999999
