 39 71101125138139130115100 89 87 95110128144151146128 98 62 27 -1-14-1018 1 1MR 43514015 815199999999999999 942 872217-1599999999999999
  9 40 76109133145144132115 99 89 89 99116135150154145122 89 50 14-11-2118 1 2MR 5241461551155999999999999991031 8823 1-2199999999999999
-12 12 47 84117139147143129111 95 87 90102121140153154141115 79 40  7-1518 1 3MR 6 81471636156999999999999991115 862345-2099999999999999
-20 -7 21 57 93123141145138122103 89 84 90104124142152149134106 70 34  518 1 4MR 6501461720152999999999999991158 84999999999999999999999
-11-11  6 35 70103127140140129112 95 83 81 89105123138145140123 96 63 3218 1 5MR 72914118 514599999999999999 028-131241 8199999999999999
  9 -1  4 24 52 83111130137132119102 87 78 79 88103119130134127111 86 5918 1 6MR 8 6137185213499999999999999 1 9 -11327 7799999999999999
 35 19 15 24 43 69 96117130132124110 94 81 75 76 85 97110118120114 99 8018 1 7MR 841132194312199999999999999 148 141418 7499999999999999
 60 42 33 33 44 62 85106121128126117103 88 77 71 72 79 88 98105106102 9218 1 8MR 916128204510699999999999999 227 311520 7199999999999999
 78 64 53 49 52 62 79 97112123126122112 98 84 73 67 66 70 77 85 91 95 9418 1 9MR 9551262218 9599999999999999 3 7 491640 6699999999999999
 89 81 73 67 64 68 77 90104116123124119109 95 81 69 61 58 59 65 73 81 8818 110MR1040124999999999999999999999 354 6418 9 5799999999999999
 92 92 89 84 79 78 80 87 97108117123123118107 93 77 63 52 47 47 54 64 7618 111MR 034 92113412499999999999999 459 781922 4699999999999999
 87 95 99 99 95 90 86 87 91100109118124124118106 90 71 54 41 35 37 46 6018 112MR 221100123412599999999999999 626 862015 3599999999999999
 77 92104109109103 96 90 89 93101111121127127119104 84 61 42 28 24 29 4318 113MR 322110133012899999999999999 748 892058 2499999999999999
 62 83102114119115107 97 90 88 92102114125131129118 99 74 49 28 16 15 2618 114MR 4 4119141713199999999999999 849 882135 1499999999999999
 45 69 93113124125118106 94 87 86 93105120131136130114 90 61 35 15  7 1218 115MR 439125145813699999999999999 936 8522 8  799999999999999
 28 53 80105123130127116101 88 82 85 95111127137138127106 77 47 21  5  318 116MR 5101301535139999999999999991014 822241  299999999999999
 14 36 65 94117130132124109 93 81 79 85100118134141137120 94 63 33 10  018 117MR 5391331610142999999999999991048 782312 -199999999999999
  4 22 49 79107126134130117100 84 75 77 89107126139142132110 80 48 21  318 118MR 6 81341644142999999999999991120 752343 -199999999999999
  0 11 35 64 94118132133123107 89 76 72 79 94114131140138122 97 66 36 1318 119MR 6361341718141999999999999991152 72999999999999999999999
  3  7 24 51 81107126133128114 96 80 70 71 82 99118133137129110 83 54 2818 120MR 7 4133175313799999999999999 013  21226 6999999999999999
 11  8 19 40 68 96118130130121104 86 72 67 71 85103120130130118 97 71 4618 121MR 733131183013199999999999999 044  813 2 6799999999999999
 26 16 20 35 58 84108124130125112 94 78 67 65 72 86103116123120107 87 6418 122MR 8 1130191112399999999999999 114 161342 6499999999999999
 44 31 27 35 52 75 98116126126118103 86 71 63 63 71 84 98109113109 98 8118 123MR 83212720 211399999999999999 147 271429 6299999999999999
 64 49 41 43 53 69 89107120125122111 96 79 66 59 59 66 77 89 99103101 9318 124MR 9 512521 910399999999999999 222 411529 5899999999999999
 81 69 60 56 59 69 83 99113121123118106 91 75 62 54 52 56 66 77 87 94 9618 125MR 9441232254 9699999999999999 3 4 561646 5299999999999999
 93 88 80 75 72 75 82 93105115121122116105 89 72 57 45 41 43 51 63 77 8818 126MR1034122999999999999999999999 4 1 721811 4199999999999999
 96 99 98 95 90 87 86 90 98107116122123118106 89 69 50 34 26 27 36 51 6918 127MR 115 99114112399999999999999 532 861926 2599999999999999
 87101109112109103 96 93 93 99107117124127123110 90 65 41 21 10 11 22 4218 128MR 254112125512799999999999999 722 932028  999999999999999
 66 90109121124119110100 93 92 97107119130134129114 90 60 30  7 -5 -3 1318 129MR 35212414 113499999999999999 844 922122 -699999999999999
 38 68 97119131133125112 98 89 87 94108124137142135116 87 53 19 -5-16-1018 130MR 437133145814299999999999999 941 872210-1699999999999999
 10 41 76107129139136124106 90 81 82 92110129144148138115 82 44 10-13-2018 131MR 5161391549148999999999999991027 802254-2099999999999999
-10 16 51 87117136141133116 96 80 72 77 92113134148149136110 74 36  4-1518 2 1MR 55214116371519999999999999911 8 722335-1899999999999999
-16  0 29 66100127140139125105 83 69 65 74 92115136148146129101 65 30  318 2 2MR 6251411722149999999999999991147 65999999999999999999999
 -9 -4 16 48 83113133139131113 91 71 59 60 73 93116134142137118 90 57 2818 2 3MR 65513918 614299999999999999 013-101226 5899999999999999
  8  3 14 38 69100123135133120 99 77 60 53 58 73 93114128132124105 80 5318 2 4MR 722136185013299999999999999 048  313 4 5399999999999999
 30 19 22 37 61 89113129132125108 86 67 54 51 58 73 91108118119110 93 7318 2 5MR 748133193511999999999999999 120 181346 5199999999999999
 53 39 35 42 59 82104121129126114 96 77 60 51 51 58 71 86 99105105 97 8518 2 6MR 814129202610699999999999999 150 351432 5099999999999999
 71 58 51 53 63 79 97113124125119105 88 71 58 51 51 57 67 78 88 93 93 8918 2 7MR 8421262135 9499999999999999 219 511530 5099999999999999
 82 74 68 66 70 79 92105116121120112 99 84 70 58 51 50 53 60 69 77 83 8718 2 8MR 9161212343 8799999999999999 251 661647 5099999999999999
 87 85 82 80 80 83 90 99108114117114107 97 84 70 58 50 46 46 51 59 68 7818 2 9MR10 2117999999999999999999999 334 801821 4599999999999999
 86 91 93 93 91 90 91 94 99105110113112107 98 85 71 56 45 38 37 42 52 6518 210MR 221 93111611399999999999999 514 901940 3799999999999999
 78 91 99103103 99 95 92 92 96101107112113110100 86 68 51 36 28 28 35 4918 211MR 322104124711499999999999999 727 922034 2799999999999999
 66 84100109112109102 94 89 88 91 99108115118114102 84 62 41 26 18 20 3218 212MR 356112135511899999999999999 843 872116 1899999999999999
 51 73 95111119118110 99 88 82 82 89100113122124117100 78 52 30 14 10 1718 213MR 424119144512499999999999999 929 812152 1099999999999999
 35 59 85107121125118106 91 79 74 78 89105120129129117 95 67 40 17  5  618 214MR 45112515261309999999999999910 4 742225  499999999999999
 20 44 73 99119128125113 96 79 69 68 77 94113129135130112 85 55 27  7  118 215MR 51612816 3135999999999999991035 672256  199999999999999
  9 30 59 89113128130121103 83 67 60 65 80101122136138126103 73 42 16  218 216MR 54013116391399999999999999911 5 602325  199999999999999
  3 19 45 76105125133127111 90 69 56 55 66 86109129139135119 92 60 31 1118 217MR 6 41331715139999999999999991136 542355  499999999999999
  4 13 35 64 94119132131119 98 75 56 48 53 69 93116132137129108 79 50 2518 218MR 62813317521379999999999999912 8 48999999999999999999999
 12 14 29 54 84110128133125106 83 61 46 44 54 74 98119131131119 96 69 4418 219MR 652133183013399999999999999 024 111241 4399999999999999
 26 21 29 49 75101121131128114 92 69 50 40 43 56 77100117125122108 87 6418 220MR 716131191212699999999999999 053 211317 4099999999999999
 45 34 36 49 69 93114127129120102 79 58 43 37 43 58 77 97111116111 99 8118 221MR 74112920 111699999999999999 123 341358 3799999999999999
 64 52 48 54 68 87106120126123110 91 70 52 40 37 43 56 73 89101105102 9318 222MR 8 712721 310599999999999999 153 481448 3799999999999999
 82 71 65 65 73 85100113121122116102 85 66 50 39 36 40 50 64 78 89 95 9618 223MR 8381232243 9699999999999999 227 641556 3699999999999999
 93 88 83 80 82 87 96105114118117111 99 84 67 51 39 33 34 40 52 65 78 8818 224MR 921119999999999999999999999 311 801726 3299999999999999
 95 98 98 96 94 94 95 99105110114114110102 88 72 54 38 27 24 27 38 53 7118 225MR 129 99103711499999999999999 448 9419 0 2499999999999999
 87100108110108104 99 96 96 99104111115115109 96 78 56 35 19 12 14 27 4618 226MR 3 2110123211699999999999999 732 962014 1199999999999999
 69 91109119121116107 97 90 87 91100111120124119104 82 55 29  9  0  5 2118 227MR 346121135912499999999999999 853 872111  099999999999999
 46 74100119128127117102 87 78 76 84 98114128133127110 82 50 21  0 -7  218 228MR 42012915 113399999999999999 940 762158 -799999999999999
 23 53 86113130134126110 90 73 64 66 79 99120136141132110 79 44 14 -5 -718 3 1MR 4511341553141999999999999991019 642239 -899999999999999
  7 34 68100125136134119 97 74 57 52 59 78103126142144131106 72 37 10 -318 3 2MR 5191371639145999999999999991055 522316 -499999999999999
  1 21 52 86115134137127106 80 57 44 44 57 81108131143141125 97 64 32 1118 3 3MR 5461381722144999999999999991130 422350  599999999999999
  6 17 41 73104127137133115 90 63 42 34 41 59 85111131139133114 87 56 3218 3 4MR 61013718 41399999999999999912 4 34999999999999999999999
 19 21 38 64 94119134135122100 72 48 33 31 42 63 89112127130121102 77 5318 3 5MR 633136184513199999999999999 021 181238 3099999999999999
 36 32 41 61 86111128134127109 84 58 38 29 33 47 68 91109119119108 91 7118 3 6MR 656134192712099999999999999 050 321313 2999999999999999
 54 46 49 61 81103121130128115 94 71 49 35 31 37 52 71 89103109107 97 8418 3 7MR 718131201210999999999999999 117 461351 3199999999999999
 70 61 59 66 80 97113124126118103 83 62 46 36 36 43 56 71 85 94 98 97 9018 3 8MR 7421262110 9899999999999999 143 591435 3599999999999999
 82 75 71 73 81 93105116120118108 93 76 60 48 41 41 46 56 67 77 85 90 9118 3 9MR 8 91202248 9199999999999999 210 711533 4099999999999999
 89 86 83 83 85 91 99106112113109100 88 75 63 52 46 43 46 52 60 69 78 8518 310MR 842113999999999999999999999 244 821657 4399999999999999
 90 93 93 93 92 92 94 98102104105102 97 89 78 67 56 47 42 41 45 53 63 7518 311MR 148 93 94110599999999999999 415 921840 4199999999999999
 86 95101102100 97 94 92 92 94 97100101 99 93 84 71 57 45 37 34 38 48 6218 312MR 256102115510199999999999999 722 921955 3499999999999999
 78 92104109109104 96 89 84 84 87 93100105106100 88 72 54 39 29 26 33 4718 313MR 326110133410699999999999999 838 832046 2699999999999999
 65 86103114117112102 89 79 74 75 83 95106113113105 89 68 47 29 20 21 3218 314MR 351117143211499999999999999 916 742125 1999999999999999
 52 75 98115122120109 93 77 66 64 70 84101115123120107 86 61 37 20 14 2018 315MR 415123151612399999999999999 947 632159 1499999999999999
 38 63 90112125126117 99 79 62 54 56 70 90110126131124105 79 51 27 13 1318 316MR 4381271556131999999999999991016 532230 1299999999999999
 27 51 79106125131125108 85 62 47 43 53 74 98121134135122 99 69 41 20 1318 317MR 5 01311634136999999999999991045 4323 1 1399999999999999
 20 40 68 97121133131117 93 66 45 34 38 55 81108129139135117 90 60 34 1918 318MR 5231341712140999999999999991115 342331 1799999999999999
 19 33 58 88114131135125103 75 48 30 26 37 60 89116134139130109 81 54 3318 319MR 5451361751140999999999999991146 25999999999999999999999
 26 33 52 79106127136131112 86 56 32 20 23 40 66 96120134134122100 74 5218 320MR 6 8136183213699999999999999 0 1 261219 1999999999999999
 39 38 51 73 98120133133120 97 68 41 22 16 25 45 72 99119129126112 92 7218 321MR 631135191612999999999999999 031 371254 1699999999999999
 56 50 55 71 92112128133125107 82 55 32 18 17 29 49 74 97113119116104 8918 322MR 65513320 612099999999999999 1 1 501334 1699999999999999
 74 65 65 73 88105120128127115 95 71 48 29 20 21 33 51 72 91104109107 9918 323MR 720129211010999999999999999 132 641422 1999999999999999
 89 81 78 80 89100112121123118105 87 67 48 33 25 26 34 49 65 81 93 9910118 324MR 749123225310199999999999999 2 5 781525 2599999999999999
 99 95 91 90 92 98104111115115110100 86 70 54 40 31 29 33 42 56 70 84 9418 325MR 829116999999999999999999999 253 901653 2899999999999999
101104104102 99 98 99101103106107105100 91 78 63 48 35 28 27 34 46 62 7918 326MR 126104 95710799999999999999 516 981834 2799999999999999
 95106112112109102 96 92 90 92 96102106106101 89 73 53 36 24 21 26 40 6018 327MR 237113123410799999999999999 756 901953 2199999999999999
 82101115121118110 98 86 78 76 80 90102112116113 99 79 55 34 19 15 23 4118 328MR 31312114 411699999999999999 850 762051 1599999999999999
 65 91112124127119104 86 71 62 62 71 88106121127122106 81 54 30 15 14 2618 329MR 34312715 412799999999999999 928 602136 1399999999999999
 49 77104124132128113 91 69 52 46 51 68 91114130135127107 79 50 26 15 1918 330MR 41013215541359999999999999910 3 462216 1599999999999999
 36 63 93118133135123100 74 50 35 34 46 69 97121137139127103 74 45 26 2118 331MR 4361361638140999999999999991036 332251 2099999999999999
 31 53 82110131138131111 83 54 32 23 28 47 75104128139137121 96 67 43 3018 4 1MR 5 013817201409999999999999911 8 232323 2999999999999999
 32 48 73102125138136120 94 64 37 19 17 29 53 83111130137131113 88 63 4518 4 2MR 52313918 0137999999999999991140 162353 4099999999999999
 40 48 68 94118134138127105 76 47 24 13 18 36 62 90114129131121103 81 6118 4 3MR 5451381840132999999999999991212 13999999999999999999999
 51 53 66 87110128136131114 89 60 34 17 14 24 45 70 95114123122111 94 7718 4 4MR 6 8136192012499999999999999 021 501244 1499999999999999
 64 61 68 83103121131132120 99 73 48 28 18 20 33 54 77 97111116112102 8918 4 5MR 63113320 311699999999999999 049 611318 1799999999999999
 77 71 72 82 96112124128122107 86 62 42 28 24 29 43 60 79 95104107104 9618 4 6MR 655128205510799999999999999 118 701356 2499999999999999
 88 81 79 83 92104114120119110 95 76 58 43 34 32 38 49 63 78 90 97100 9918 4 7MR 72112122 910099999999999999 149 791442 3299999999999999
 95 91 88 87 91 97105110112108100 87 73 59 48 41 40 43 52 62 74 84 92 9718 4 8MR 751112999999999999999999999 231 871546 3999999999999999
 99 98 96 94 93 94 96100102102100 94 85 75 64 55 48 44 45 50 59 69 80 9118 4 9MR 013 99 83610399999999999999 4 5 931718 4499999999999999
 98103104102 98 94 91 90 91 93 94 95 93 89 81 71 61 51 45 43 46 55 67 8118 410MR 1491041048 9599999999999999 7 2 901851 4399999999999999
 94105110110105 98 89 83 79 81 85 91 96 99 96 89 77 64 50 41 38 42 53 6918 411MR 23111113 4 9999999999999999 814 791956 3899999999999999
 87103114117114104 91 78 70 67 72 81 93103108106 96 80 63 46 36 34 41 5618 412MR 3 0117141210899999999999999 849 672043 3399999999999999
 77 97114123122112 96 78 63 55 57 67 83100114119114100 80 58 41 31 33 4518 413MR 32512415 211999999999999999 919 542122 3099999999999999
 65 89111125129121104 81 60 45 41 50 68 90111125128119101 76 53 36 30 3718 414MR 348129154512999999999999999 948 412158 3099999999999999
 55 80105125134130114 89 62 40 29 31 47 73100123135134121 98 72 49 35 3418 415MR 4121341626137999999999999991019 282232 3399999999999999
 47 70 97121135137124100 70 41 21 16 27 50 81111132141136119 93 67 47 3918 416MR 43613817 7142999999999999991050 1623 5 3999999999999999
 45 63 88114133140133112 82 49 22  8 10 27 56 89119138143133114 89 65 5118 417MR 5 01401750143999999999999991123  62338 4899999999999999
 49 60 81106128140139123 96 63 31  9  1  9 32 64 96123138139127108 85 6718 418MR 5251411834140999999999999991159  1999999999999999999999
 59 63 77 98120136140131110 80 47 19  2  0 14 39 70100122133131120102 8518 419MR 551140192213499999999999999 011 591237 -199999999999999
 73 70 78 93112128137134120 96 67 37 15  3  6 21 45 73 9911612412211310018 420MR 618137201712599999999999999 045 701319  399999999999999
 88 81 82 91104119129132125109 85 59 35 17 10 14 29 50 73 9410811511510918 421MR 648132212411699999999999999 121 8114 8 1099999999999999
100 93 90 92 99109118123122114 99 80 59 40 26 20 23 34 51 70 8710010811018 422MR 723124225611099999999999999 2 5 901510 2099999999999999
108104 99 97 97101106110113112106 95 81 65 50 37 30 30 37 49 65 81 9510518 423MR 812113999999999999999999999 320 961631 2999999999999999
111111108104 99 95 94 95 98101103102 97 88 76 61 48 38 34 37 47 62 79 9518 424MR 039112101210399999999999999 558 9418 3 3499999999999999
108115116112104 95 86 82 81 84 90 98103104 99 87 72 56 43 36 37 47 63 8218 425MR 142117124010499999999999999 740 801920 3599999999999999
101115122121112 99 84 72 65 65 72 84 98109113109 97 80 60 45 36 38 50 6918 426MR 22212214 411399999999999999 829 642019 3699999999999999
 91111124128122107 88 68 54 48 52 65 83103117123118104 83 61 45 38 43 5818 427MR 25312815 312399999999999999 9 6 4821 6 3899999999999999
 80103122132131118 96 72 50 36 33 43 63 88111126131123106 83 61 46 42 5118 428MR 322133155213199999999999999 941 332146 4299999999999999
 71 95118133137128108 81 53 31 21 25 42 67 96120133135124104 80 60 49 5018 429MR 3481371636136999999999999991013 212222 4899999999999999
 64 86111130140136119 93 62 34 16 12 23 46 76105127137134120 99 76 60 5518 430MR 4131401717138999999999999991045 122255 5599999999999999
 62 80103125139140129105 75 44 19  7 11 28 56 86113131137130114 93 74 6318 5 1MR 4381411756137999999999999991116  72327 6299999999999999
 63 75 95117134141135116 88 57 29 10  6 16 38 67 96119132133123106 88 7318 5 2MR 5 31411834134999999999999991148  52358 6899999999999999
 68 74 89109127138138125101 72 42 19  8 10 25 49 77103121129126115 99 8518 5 3MR 5281391913129999999999999991220  7999999999999999999999
 76 76 85101118131136129111 86 58 33 16 12 19 37 61 86106119123118108 9518 5 4MR 555136195412399999999999999 029 751253 1199999999999999
 84 80 84 94109122129128117 97 73 49 30 20 20 30 48 69 9010611511711210318 5 5MR 622130204111799999999999999 1 2 801329 1899999999999999
 93 87 86 91100112120123118105 86 65 46 33 27 30 40 56 75 9110411111110718 5 6MR 652123213811299999999999999 139 851410 2799999999999999
101 94 90 90 95102109114113107 95 79 63 49 39 36 39 48 62 77 9010110710918 5 7MR 726114225310999999999999999 229 9015 1 3699999999999999
107102 97 93 92 94 98102104103 98 89 78 66 55 47 44 46 53 64 76 8910010718 5 8MR 814104999999999999999999999 352 9216 9 4499999999999999
110109105 99 94 90 88 89 92 95 96 94 90 82 73 63 54 49 49 54 64 77 9010218 5 9MR 015110 958 9699999999999999 559 881732 4999999999999999
111115113107 98 89 81 78 78 82 88 93 96 95 90 81 70 59 52 50 54 65 79 9518 510MR 1131151218 9799999999999999 722 771849 5099999999999999
108118120116106 92 78 68 64 66 74 86 96104105100 89 75 62 52 50 55 68 8518 511MR 153120134310599999999999999 8 7 641949 5099999999999999
103118126125115 99 79 62 51 49 56 71 88105115117109 95 78 62 52 51 59 7518 512MR 224126144211799999999999999 842 482038 5099999999999999
 96115128132125109 86 61 42 33 36 50 72 96116127127117 99 79 62 53 55 6718 513MR 253132153112899999999999999 916 322121 5299999999999999
 87109127137135121 97 68 41 22 17 27 49 77105127137135121101 79 63 57 6218 514MR 320138161813899999999999999 950 1722 1 5799999999999999
 79101123138143133111 80 48 20  5  7 23 52 85115136144138122100 79 66 6418 515MR 34914317 4144999999999999991026  42240 6399999999999999
 74 93115135146143126 97 62 29  4 -6  2 25 58 93122141146137120 99 80 7118 516MR 41814617511469999999999999911 4 -62318 7199999999999999
 73 87107128143148138115 82 46 14 -6-10  3 30 64 99126141143133116 97 8318 517MR 4491481839144999999999999991143-102357 7899999999999999
 78 84 99118136146144129103 69 35  7 -8 -7 10 38 71102125137137127112 9718 518MR 5221471930138999999999999991226 -9999999999999999999999
 87 86 94108125138143136118 91 60 30  7 -3  2 19 45 7510212213113012110918 519MR 557143202413299999999999999 037 851312 -399999999999999
 97 91 92100112125134135126108 84 57 32 14  8 13 29 53 7810111712412411718 520MR 636136212412599999999999999 121 9114 2  899999999999999
107 98 94 95101110119125124116101 81 59 39 25 21 26 39 59 80 9911312012018 521MR 723125223112199999999999999 218 9415 0 2199999999999999
115107 99 94 93 97102108112112107 97 83 66 50 39 34 37 47 63 82 9911111818 522MR 831113233812099999999999999 341 9316 7 3499999999999999
119115107 98 91 86 86 89 95100103103 98 89 76 62 51 45 46 54 68 8510111418 523MR1028104999999999999999999999 534 861722 4599999999999999
121121115105 93 82 75 72 74 81 90 98103103 98 87 74 61 54 53 60 73 9010618 524MR 035122123210499999999999999 7 1 721835 5399999999999999
119125124115101 85 69 59 56 60 70 84 98108111107 96 82 69 60 59 66 80 9818 525MR 120126135711199999999999999 757 561937 5999999999999999
114126130125112 93 72 54 43 41 49 65 84102115120115103 87 73 64 64 73 8918 526MR 157130145912099999999999999 839 412029 6399999999999999
108124134134123104 80 56 37 28 31 44 65 89110124127121106 89 75 68 70 8218 527MR 231135154912799999999999999 917 282114 6799999999999999
100119133139134117 93 64 39 22 17 26 45 71 98120131132122106 89 76 71 7718 528MR 3 2139163313399999999999999 951 172154 7199999999999999
 92111129140141129106 77 48 24 11 13 27 52 81108128136133121103 86 76 7618 529MR 3321421713137999999999999991024 102231 7599999999999999
 86103122137144137119 92 61 32 12  6 14 34 62 92118133138131116 98 84 7818 530MR 4 11441751138999999999999991057  623 6 7899999999999999
 82 95113131142142130107 77 46 21  7  7 21 45 75103124135135125109 93 8318 531MR 4311441828137999999999999991129  52340 8199999999999999
 81 89105122137142136119 92 62 34 14  6 13 31 58 86111128134130118103 9018 6 1MR 5 114219 41349999999999999912 2  6999999999999999999999
 83 86 96112128138138127106 78 50 27 13 12 23 44 70 96116128130123111 9718 6 2MR 531139194113099999999999999 014 831235 1199999999999999
 88 85 91102117129134129115 93 67 43 25 17 21 35 56 8010211812512411610518 6 3MR 6 3134202112699999999999999 049 851310 1799999999999999
 94 87 88 95106118126127119103 82 60 40 28 25 32 47 67 8810611812211911218 6 4MR 63712721 512299999999999999 128 871348 2599999999999999
102 93 88 90 96105114119117108 94 75 57 43 35 35 43 57 75 9310811712011718 6 5MR 716119215512099999999999999 217 881430 3499999999999999
109100 93 89 89 94101107110108100 88 74 60 49 44 45 53 66 81 9711011711918 6 6MR 8 8110225011999999999999999 322 881520 4399999999999999
116109100 91 86 85 87 92 98101101 97 88 78 67 58 53 53 60 72 8610011211918 6 7MR 929102234612199999999999999 450 841623 5299999999999999
121117108 97 87 79 75 76 81 89 95 99 99 94 86 76 67 61 60 66 76 9010511718 6 8MR1126 99999999999999999999999 614 751736 6099999999999999
124124118106 92 77 66 61 63 71 82 93102106104 96 86 75 68 66 71 81 9611118 6 9MR 03512513 810699999999999999 714 611848 6699999999999999
123129128118101 81 63 49 44 49 61 78 96109116115107 95 82 73 70 75 8810418 610MR 117130142211799999999999999 8 1 441950 7099999999999999
120132136130114 92 67 44 30 28 37 56 79102120128126117102 87 77 75 81 9518 611MR 155136152012899999999999999 843 272045 7499999999999999
113130140140129107 79 49 25 12 14 29 54 83111130138135123106 90 80 79 8918 612MR 231142161313899999999999999 924 112134 7999999999999999
105124140147143125 97 64 31  8 -2  4 25 56 89119138145140126108 92 83 8518 613MR 3 814717 31459999999999999910 6 -22220 8399999999999999
 97115134148151141118 86 49 16 -5-11  1 26 61 96125143148140125107 92 8618 614MR 3461521752148999999999999991049-1123 4 8699999999999999
 91105124142153152137110 74 37  7-11-13  3 32 67102129144146137121104 9218 615MR 4261541840147999999999999991134-142347 8999999999999999
 89 96111130146153148130101 65 30  3-10 -7 11 41 7510713014214213111610018 616MR 5 71531927143999999999999991219-11999999999999999999999
 91 91100115132144148140121 92 59 28  6 -3  3 23 52 8311113013813512411018 617MR 551148201413899999999999999 032 9013 5 -399999999999999
 97 90 91100114128138139131112 86 58 32 15 10 18 37 63 9011312813312911818 618MR 63914021 013399999999999999 121 891353 1099999999999999
104 93 88 89 97109120128128120104 83 60 40 28 26 35 52 75 9711612712912418 619MR 733129214612999999999999999 216 871442 2599999999999999
113100 90 84 84 90 99108115116111100 84 67 52 43 42 51 66 8510311812612618 620MR 842116223312799999999999999 325 831534 4299999999999999
120109 96 85 78 76 80 87 95102106105 99 89 76 65 58 58 65 77 9310912112718 621MR1018106232212799999999999999 449 761632 5799999999999999
126118106 92 79 70 66 67 74 83 93100104102 96 87 77 71 70 75 8610011412418 622MR1213104999999999999999999999 613 651738 7099999999999999
129127118104 87 71 59 53 54 62 74 87 99107109105 97 87 80 79 83 9310611918 623MR 011129134810999999999999999 720 531847 7899999999999999
128132128116 99 79 60 46 40 43 53 69 87103114117113104 94 86 84 88 9811118 624MR 058132145711799999999999999 811 401952 8499999999999999
124133135128113 91 68 47 33 29 35 50 71 93111122125120109 97 88 86 9210318 625MR 143135154812599999999999999 854 292047 8699999999999999
118131138137126106 81 55 34 22 21 32 53 78102121131131122109 96 88 88 9518 626MR 223139163013299999999999999 932 202133 8799999999999999
109124137142137121 96 68 41 22 14 18 35 60 88113130136133121106 93 87 8918 627MR 3 114217 71369999999999999910 7 132214 8799999999999999
100116132142143133112 84 54 28 13 10 21 43 71100123136138130116101 89 8618 628MR 3361441742139999999999999991041  92250 8699999999999999
 92106123138145141126100 70 41 19  8 12 29 54 84111130139136125109 94 8618 629MR 4101451815139999999999999991114  82325 8599999999999999
 87 97113130142145136115 87 57 30 13  9 19 40 68 96120134137131117101 8818 630MR 4441451847138999999999999991147  92359 8499999999999999
 84 89102119134143140126103 74 46 24 13 15 30 54 82108126135133123108 9418 7 1MR 5181431919136999999999999991220 12999999999999999999999
 84 84 92107123135139132115 90 63 39 23 18 26 44 69 9411613013312811510118 7 2MR 552139195213399999999999999 034 831252 1899999999999999
 88 82 85 95110124132132122103 80 56 37 26 27 39 58 8210512213013012110818 7 3MR 629133202613199999999999999 111 821326 2599999999999999
 95 85 82 86 97109120126123111 93 73 53 40 34 39 53 72 9411212512912611618 7 4MR 71012621 212999999999999999 154 8214 1 3499999999999999
103 90 82 80 85 94105114117114103 88 71 56 47 46 53 66 8410311812612812218 7 5MR 759117214112899999999999999 246 801440 4599999999999999
112 99 87 79 77 80 88 98106109107 99 88 75 64 58 58 65 78 9410912112712718 7 6MR 9 7109222512899999999999999 351 771528 5799999999999999
120108 95 82 73 69 71 79 88 97103104100 93 84 75 70 70 76 8710111412412918 7 7MR1044104231412999999999999999 5 7 691629 7099999999999999
127119106 90 75 63 58 59 66 78 90100106107103 96 88 82 81 85 9410611812818 7 8MR1238107999999999999999999999 619 571746 8199999999999999
132129119103 84 65 50 42 44 53 69 86102113117115108 99 92 88 91 9911112318 7 9MR 0 7132141011799999999999999 721 4219 6 8899999999999999
133137132119 99 75 52 34 25 28 42 62 85107122128127119108 98 93 9410211518 710MR 1 0137151812999999999999999 815 252017 9299999999999999
129140143136119 94 65 37 17  9 15 33 60 88114131139136126112100 94 9610618 711MR 151143161213999999999999999 9 5  92117 9499999999999999
121136147149139117 87 53 23  3 -3  7 30 61 94122140146141128112 99 93 9718 712MR 24015017 114699999999999999 953 -322 8 9399999999999999
109126143154153140114 79 43 12 -7-10  4 32 67102129146149141125108 95 9118 713MR 3291551746150999999999999991039-112254 9199999999999999
 97112131149158155138108 72 35  5-11 -9  9 39 76110135148148136119101 8918 714MR 4161581828150999999999999991125-132339 8799999999999999
 88 97114134151158152132101 65 30  4 -8 -2 20 52 87118139147143128109 9318 715MR 5 415819 71479999999999999912 9 -8999999999999999999999
 83 85 96115134149153145124 94 60 29  9  3 13 36 67 9912514014313511810018 716MR 552153194414499999999999999 022 831252  399999999999999
 85 78 82 95113130142144135115 88 59 34 20 19 32 55 8411013013913712610818 717MR 641145201814099999999999999 1 7 781332 1899999999999999
 91 78 74 79 91107122131132123106 84 61 43 35 39 53 74 9811913313613011718 718MR 734133205213799999999999999 156 741412 3599999999999999
100 84 73 70 75 86 99111119119113100 83 67 56 53 59 72 9111012513313312418 719MR 835120212713499999999999999 252 701452 5399999999999999
111 94 80 70 67 70 78 89 99106109105 98 87 77 71 70 76 8810311712813212918 720MR 95610922 713299999999999999 4 0 671536 6999999999999999
120107 91 77 66 61 62 68 78 88 96102103101 95 89 85 84 89 9810912012813018 721MR1150103225613099999999999999 520 611634 8499999999999999
127118105 89 74 61 54 53 58 68 80 91101107108105100 95 94 9610311212112818 722MR1345108235713099999999999999 639 531754 9499999999999999
130127118104 86 69 54 45 44 49 61 76 92105114117114108102 98 9910411212218 723MR1458117999999999999999999999 743 441921 9899999999999999
129132129118102 81 61 45 36 35 43 59 78 98114123125120112103 98 9810311318 724MR 1 0132154512599999999999999 833 342030 9799999999999999
124132135131117 97 74 51 34 26 29 42 62 85107124132130122111100 94 9510318 725MR 155135162213299999999999999 915 262121 9499999999999999
115128138139131114 90 63 39 24 19 27 45 70 96119133137132119105 94 90 9418 726MR 241140165413799999999999999 952 1922 1 9099999999999999
105120135143141129107 79 51 28 16 17 30 54 82109129139138128112 97 87 8618 727MR 3211441724140999999999999991026 152236 8699999999999999
 95110127141147140122 96 66 39 19 13 20 39 67 96121137141135120103 88 8218 728MR 3581471752141999999999999991059 1323 9 8199999999999999
 85 98117135146147135113 84 54 29 15 15 29 53 82110131141139127110 92 8018 729MR 4341481820141999999999999991130 132341 7899999999999999
 78 87104123140147143126101 71 43 23 16 23 42 69 98122137141133117 98 8218 730MR 5 914718471419999999999999912 0 16999999999999999999999
 75 78 90109128141144135115 88 60 37 24 24 37 59 87113131140137124106 8818 731MR 544144191414099999999999999 014 741230 2299999999999999
 75 72 79 94113130139137124103 78 53 36 30 36 53 77102124136138130114 9618 8 1MR 622139194113999999999999999 049 7213 0 3099999999999999
 79 70 71 81 97114127133128114 93 71 53 42 42 52 71 9411513113713412210518 8 2MR 7 213320 913799999999999999 126 691331 4099999999999999
 87 73 67 70 81 96111122124119105 88 71 58 53 57 69 8710712413413512811418 8 3MR 750125203913599999999999999 210 6714 4 5399999999999999
 97 80 69 64 68 78 91104113116111101 88 76 68 67 73 8510011612813313112218 8 4MR 850116211313499999999999999 3 2 641442 6799999999999999
108 91 76 65 60 63 71 83 95104109108102 95 87 82 82 87 9710912112913212918 8 5MR1018109215713299999999999999 4 9 601532 8199999999999999
119105 88 72 60 53 53 60 71 85 97105109109105100 96 95 9810411312212913218 8 6MR1225109225813299999999999999 528 521649 9599999999999999
129120105 87 69 53 43 41 46 59 75 9110611511911811310810410310711412213018 8 7MR1415119999999999999999999999 646 40183810399999999999999
134132124108 87 64 44 30 26 32 47 68 9011012413113012311410710310511212318 8 8MR 014134152113199999999999999 753 2620 910399999999999999
133140139130111 85 58 33 16 12 20 40 66 94118134141138128115104 9910111018 8 9MR 12714116 814199999999999999 851 122113 9999999999999999
124138148147136113 83 50 22  5  2 14 38 70102128144147140126109 96 91 9618 810MR 229149164914899999999999999 942  122 2 9199999999999999
109128145155154139112 78 42 13 -3 -2 15 44 79113138150149137118 99 86 8318 811MR 3241561725151999999999999991028 -52244 8399999999999999
 92110132151160157139109 72 36  9 -3  2 24 57 93124145152145128106 86 7518 812MR 4151611759152999999999999991111 -42325 7499999999999999
 76 89111135153161154134102 66 32 10  4 15 40 74108135149149136115 92 7418 813MR 5 31611830151999999999999991151  4999999999999999999999
 66 72 89112135152156147125 94 61 34 18 18 34 61 93122142148142124101 7918 814MR 550156185914899999999999999 0 4 661229 1699999999999999
 64 61 70 89111132145147136115 87 60 40 32 38 57 83111133144144132111 8818 815MR 637148192614699999999999999 045 6013 3 3299999999999999
 69 58 59 70 88108126135134124105 83 64 51 50 60 7910212413814313612110018 816MR 726136195314399999999999999 127 571336 4999999999999999
 79 63 56 59 70 86103116123121113 99 84 72 66 70 81 9811613113913712711118 817MR 820123202113999999999999999 213 5614 8 6699999999999999
 92 74 62 57 60 69 81 94105111111106 98 89 83 82 87 9711012313213513112018 818MR 931111205313599999999999999 3 8 571442 8299999999999999
105 89 74 63 58 59 65 75 85 95102105105102 98 95 95 9910611512412913012518 819MR1126105213713099999999999999 419 581529 9599999999999999
116103 89 75 64 57 56 59 67 77 88 9710510911010810610410510911512012412518 820MR1345110224812699999999999999 548 5617 610499999999999999
123116105 91 76 63 54 50 52 59 71 85 9911011711911611210710510611011612118 821MR1454119999999999999999999999 7 9 50191110599999999999999
125124118107 92 74 58 47 42 44 54 70 8810611912612612111310510010110511318 822MR 023125153212799999999999999 8 9 42202710099999999999999
122128129122109 90 69 50 38 34 40 54 74 96116129133130120108 98 93 9510318 823MR 13712916 213399999999999999 855 342113 9399999999999999
115127134134125107 84 60 40 29 28 39 59 84108127137137128114 99 88 86 9218 824MR 229135162913899999999999999 932 272148 8599999999999999
105121134141138124102 75 49 30 23 28 45 70 97121137142135121103 87 79 8118 825MR 31214116541429999999999999910 6 232219 7899999999999999
 92110129142146138119 92 63 38 23 22 34 57 85113134144141128109 89 75 7118 826MR 3501461718144999999999999991037 212249 7199999999999999
 79 97118137148147134110 80 52 30 22 27 46 73102127143145135117 95 76 6618 827MR 42615017421469999999999999911 7 212319 6599999999999999
 68 82103126144151144125 98 69 43 28 26 39 63 92119139146141125102 80 6418 828MR 5 115118 5146999999999999991136 252350 5999999999999999
 59 68 87111133146148137115 87 60 40 32 38 56 82110133145145132111 87 6718 829MR 53714918281469999999999999912 4 32999999999999999999999
 56 57 71 93116135145142127104 78 56 43 42 54 76101125141145138120 97 7418 830MR 615145185214599999999999999 023 551232 4199999999999999
 57 52 58 75 97119134139133117 96 74 58 52 58 73 95117135143140127107 8418 831MR 656139191614499999999999999 057 5213 1 5299999999999999
 64 52 51 60 78 98117128130123109 92 76 67 67 76 92111128139140133117 9618 9 1MR 743131194114199999999999999 136 501331 6699999999999999
 75 59 50 51 61 77 95110120121116105 94 84 80 83 9310612113213713512410818 9 2MR 842122201013899999999999999 222 4914 5 8099999999999999
 89 71 57 50 51 59 72 87101110114112107101 96 95 9810511512513113312911918 9 3MR1010114204913399999999999999 323 491447 9599999999999999
105 88 72 58 50 48 53 63 76 9010211011311411210910710811211712312712912618 9 4MR1235114215512999999999999999 446 48161210799999999999999
119108 92 75 59 47 41 43 51 65 81 9711012012412312011511211111311712312718 9 5MR1423124234912999999999999999 619 41184911199999999999999
128125115 99 80 59 42 32 31 39 55 76 9811612913413212511610810310411012018 9 6MR1512134999999999999999999999 737 30202010399999999999999
129135134125107 82 57 35 22 20 31 51 78104126140143136124109 97 92 9410518 9 7MR 124136154814399999999999999 838 192111 9299999999999999
120135145145133111 82 52 27 14 14 29 55 86116137148146134115 96 83 79 8618 9 8MR 231146162014999999999999999 927 122152 7999999999999999
102123143154153138112 79 46 21 10 16 36 66100129147152143124101 80 67 6818 9 9MR 3261551650152999999999999991011 102229 6699999999999999
 81103128149160156138109 74 42 20 14 25 50 83116141153150134110 83 63 5518 910MR 4151611718154999999999999991051 1423 5 5599999999999999
 61 79106133153161154133102 69 41 25 26 43 71103132150153142120 92 66 5018 911MR 5 11611744154999999999999991127 232341 4699999999999999
 47 58 81109135153156146124 95 66 44 36 44 65 93122143152147130104 76 5318 912MR 54615718 91539999999999999912 0 36999999999999999999999
 42 45 60 85112134147147135114 89 66 53 53 65 87113135149149137115 88 6318 913MR 630149183215199999999999999 017 411231 5199999999999999
 45 40 47 65 88112130138136124106 86 72 66 72 86107127142147141124101 7618 914MR 716138185614799999999999999 055 4013 0 6699999999999999
 56 44 43 53 70 90109122127124114101 88 81 81 89104120134142140130112 9118 915MR 8 6127192014299999999999999 134 421329 8099999999999999
 70 55 47 49 58 72 89103113117115109101 95 92 9510311412613413613111910318 916MR 9 9117194813699999999999999 219 4714 0 9299999999999999
 86 70 58 53 54 61 72 84 9610410911010910610310210511011712412812712211218 917MR1053110202312899999999999999 318 53144310299999999999999
100 86 74 64 58 57 61 69 78 89 9910611111311311111011011111411712011911618 918MR1320114212612099999999999999 441 57163811099999999999999
110101 91 79 68 60 56 57 63 73 85 9710911712112111711210810610710911211518 919MR1426121234611699999999999999 618 56191810699999999999999
116113107 96 83 69 58 52 51 58 69 85101116125128125118109101 97 9810210918 920MR1459128999999999999999999999 733 512023 9799999999999999
117121120113100 83 66 52 45 46 55 71 91110126134133125113100 90 86 90 9918 921MR 122121152613499999999999999 824 442059 8699999999999999
112123129127117100 79 59 44 38 43 57 79102123136139133119102 86 77 77 8718 922MR 219129155013999999999999999 9 4 382129 7699999999999999
102119132138133118 96 72 50 37 36 46 66 91116135143140127107 86 71 66 7218 923MR 3 3138161314499999999999999 938 352158 6699999999999999
 88109129142144134114 88 62 42 34 38 55 81108131145146135114 90 69 58 5818 924MR 34114516351479999999999999910 9 342226 5699999999999999
 72 94119139149147131107 79 54 38 36 48 71 99125144150142123 98 72 53 4718 925MR 4181501657150999999999999991039 352255 4799999999999999
 56 76103129147153145125 98 70 49 40 45 63 89117139151148132107 79 55 4118 926MR 45415317191519999999999999911 8 402325 4099999999999999
 42 58 83112137151151139116 89 65 50 49 60 82109133148151140118 89 61 4118 927MR 5321531741152999999999999991138 482357 3499999999999999
 34 43 64 91119140150146130108 84 65 58 63 79102125143151145127101 72 4818 928MR 61215018 41519999999999999912 7 57999999999999999999999
 33 33 47 70 98123139144137122101 83 71 70 80 97118137147147134113 86 6018 929MR 654144182714899999999999999 031 321236 6999999999999999
 40 32 36 52 75100121133136128115100 87 82 85 97113129141145138122100 7618 930MR 743136185214599999999999999 1 9 3213 7 8299999999999999
 54 39 35 41 56 77 98115124126121112102 96 95100110122133139138128113 931810 1MR 844127192013999999999999999 154 341340 9499999999999999
 72 54 43 40 45 57 74 911051151191181141091061071101171241301321291211081810 2MR1017119195713299999999999999 252 39142710699999999999999
 92 75 60 49 44 46 54 67 82 961081161201201181161141141161191221231221181810 3MR1238120211312399999999999999 415 44163311499999999999999
110 98 84 69 55 46 43 48 58 73 901061181261281261211151101071081111161201810 4MR14 0128235312199999999999999 554 43192010799999999999999
121118109 95 77 59 45 38 40 51 68 89109125135136130120108 98 93 941011111810 5MR1440136999999999999999999999 717 382020 9399999999999999
122129129121104 82 60 42 33 35 49 70 95119136143140128111 94 81 76 81 941810 6MR 132130151214399999999999999 818 3321 0 7699999999999999
112129140141131110 84 58 38 30 36 53 79107131146148138119 96 75 62 61 721810 7MR 236142154014899999999999999 9 7 302135 6099999999999999
 92116137150149136112 82 55 37 32 43 65 94123144152147129103 77 55 46 511810 8MR 32815116 615299999999999999 948 322210 4699999999999999
 69 95123145156153136109 79 54 40 41 57 83113138153153139115 85 57 39 351810 9MR 4151571632155999999999999991025 382244 3499999999999999
 47 71101130151158151131103 76 55 48 55 75103130149156148126 97 65 40 28181010MR 5 015816561569999999999999911 0 482318 2799999999999999
 31 49 77108135151154144123 98 74 61 60 73 96121143155152136110 78 49 29181011MR 5421551720155999999999999991132 592351 2499999999999999
 24 34 56 84114136148147134115 93 77 70 76 92114135150153143121 93 63 39181012MR 62514917441539999999999999912 2 70999999999999999999999
 26 27 41 65 92117134141137125108 92 82 82 92108127142149145129106 79 53181013MR 7 814118 814999999999999999 025 251231 8199999999999999
 36 29 35 51 73 96116129132127117105 94 90 94105119133142142133115 93 70181014MR 754132183314399999999999999 1 1 2913 2 9099999999999999
 50 39 37 45 60 79 98113122124120113105 99 99104113123132135132120104 85181015MR 850124185913599999999999999 140 371336 9899999999999999
 67 53 46 46 54 66 81 96107115118116113108106106109115121125125120110 98181016MR10 9118193012699999999999999 227 45142710599999999999999
 83 70 60 55 54 59 68 80 92103111116117116114111109109111114115115112105181017MR12 4117201911599999999999999 332 54162310999999999999999
 97 87 77 68 61 59 61 67 77 88100111118122121118113107104102103105107108181018MR1325122225110899999999999999 5 4 5919 410299999999999999
106102 94 84 74 65 59 59 64 74 88102115124128126119109100 93 91 93 98105181019MR14 6128999999999999999999999 634 5920 2 9199999999999999
110112109102 90 76 64 57 56 62 75 92109124132133126114100 87 79 79 85 96181020MR 058112143613499999999999999 737 552035 7899999999999999
108117121118107 92 75 60 53 53 63 80101120134139134121103 85 71 65 70 82181021MR 2 312115 113999999999999999 824 5221 3 6599999999999999
 99116128131125110 90 70 56 50 55 70 91114133143142130110 86 66 54 54 65181022MR 250131152414499999999999999 9 2 502131 5299999999999999
 85108127139139128109 86 65 52 51 62 82106129145148139119 93 66 47 40 47181023MR 331140154714999999999999999 936 5022 0 4099999999999999
 66 92119139148143128105 80 61 53 57 74 98123143152147130102 72 46 31 31181024MR 41014816101529999999999999910 9 532230 2999999999999999
 46 72103130148153143124 99 76 61 59 69 90115138152153140115 83 51 28 20181025MR 4491531634155999999999999991041 5823 2 2099999999999999
 27 50 81113139153153140118 95 75 66 70 85108131149156148127 97 63 34 17181026MR 5291541658156999999999999991113 662335 1499999999999999
 15 30 57 89120143152148134113 92 78 75 84102123143154152137111 79 48 23181027MR 6121521724155999999999999991145 75999999999999999999999
 12 17 36 65 96124141147141127109 93 85 87 99116134148152144124 97 66 38181028MR 658147175015299999999999999 012 121218 8599999999999999
 20 15 24 44 71 99122136139133121108 98 94 99111125139146144132112 86 59181029MR 750139181914699999999999999 052 151254 9499999999999999
 37 24 22 32 51 74 98117128131127119110104103109118128136138134121103 81181030MR 853131185313999999999999999 138 21133610399999999999999
 60 42 32 31 40 55 74 94110120125124120114110110112117123127128123114100181031MR1018125193812899999999999999 236 31144410999999999999999
 84 67 53 43 40 45 56 72 891041161231251231191141101091091111141161151111811 1MR1158125211811699999999999999 352 40171210899999999999999
104 92 78 64 53 47 48 56 69 86102117126130128121113104 98 95 961011071121811 2MR13 8130999999999999999999999 523 4619 9 9599999999999999
115112104 90 75 60 51 49 55 69 87106122133135130119105 91 81 77 81 901031811 3MR 0 0115135113599999999999999 645 4920 1 7799999999999999
115122123115101 82 65 53 50 57 72 93114131140139129111 91 73 62 60 68 841811 4MR 135124142414199999999999999 748 502041 5999999999999999
103121132134125107 86 67 54 53 62 81105127142146139122 97 73 53 43 46 611811 5MR 239134145314699999999999999 838 522116 4399999999999999
 83108130142142130110 87 67 57 59 73 95119139150148133109 80 52 34 29 391811 6MR 330143152115199999999999999 921 562151 2999999999999999
 60 88117138148146131109 86 68 62 69 86110134150154144122 92 60 34 20 221811 7MR 417149154815499999999999999 959 622224 1999999999999999
 38 65 96125145151145128105 84 71 70 82102126145155151134106 73 42 20 131811 8MR 5 01511614156999999999999991034 692257 1399999999999999
 22 44 74106132147150140122101 84 77 81 96117138152154143120 88 56 29 131811 9MR 54115016401559999999999999911 7 762330 1199999999999999
 13 28 54 85114136146145133115 97 85 84 93109129145153148130103 72 43 21181110MR 62114717 7153999999999999991140 83999999999999999999999
 13 20 39 66 95120136142137125109 96 89 92103120136147147136115 88 59 35181111MR 7 1142173414899999999999999 0 3 131212 8999999999999999
 21 20 30 51 77102122133135129118105 96 94100112126137142137123101 76 52181112MR 74313618 214299999999999999 037 191246 9499999999999999
 34 26 30 43 62 85106121129129122113104 99 99105116126133133125110 90 69181113MR 829129183213499999999999999 113 261325 9899999999999999
 51 39 35 41 54 71 90106118124123118111105102103107114121124122113100 84181114MR 92612419 612499999999999999 153 35141810299999999999999
 68 55 47 46 51 62 76 92105115120121118112107103103105108112113111104 95181115MR1037121195311399999999999999 242 45154510399999999999999
 83 72 62 56 54 58 67 79 92105114120122120114108102 98 97 98101103103101181116MR1153122213910399999999999999 346 541756 9799999999999999
 95 88 79 70 64 61 63 69 80 93106117124126122115105 95 88 85 86 90 95100181117MR1251126999999999999999999999 5 8 611916 8599999999999999
103101 96 87 78 69 64 64 71 82 96111123130130123111 97 83 74 71 74 83 94181118MR 010103133113199999999999999 627 631957 7199999999999999
104110111105 95 83 72 65 65 73 86103120131136132120102 83 66 57 57 65 80181119MR 13711114 313699999999999999 728 642031 5699999999999999
 97112121121114100 85 72 65 67 78 95114130140141130111 87 64 47 40 46 62181120MR 233122143114299999999999999 818 6521 2 4099999999999999
 84106124132131120103 85 72 67 72 86106126142147141123 96 67 42 28 27 40181121MR 320133145814799999999999999 9 0 672134 2599999999999999
 63 91117135142137123103 84 72 71 80 98120139151150135110 78 46 22 12 18181122MR 4 4142152615299999999999999 939 7022 8 1299999999999999
 39 69101128145149140122102 84 75 78 91112133150155147125 93 58 26  7  3181123MR 4471491555155999999999999991017 752243  299999999999999
 16 43 77110136150150139120100 85 81 87104125145156155139111 76 40 12 -3181124MR 5301521625157999999999999991054 802321 -499999999999999
  0 19 50 85117140151148135116 99 88 88 98116135151156149128 97 61 28  5181125MR 6161511657156999999999999991131 87999999999999999999999
 -4  4 26 58 92121140147142129113 99 93 96108124141151151139116 85 52 23181126MR 7 4147173115399999999999999 0 1 -41210 9299999999999999
  5  1 12 35 65 96121136141136124110100 97102114128140146142128105 77 48181127MR 75514118 814699999999999999 045  11253 9799999999999999
 25 12 11 23 45 72 98119131134130120109102100105114125133136131117 98 74181128MR 851134185213699999999999999 132 10134510099999999999999
 51 33 23 24 35 54 77 99116127129126118109103100103108116121123119110 95181129MR 954129195112399999999999999 226 22145810099999999999999
 77 60 45 37 37 46 61 80 99115124127124117108101 96 95 97102107110110106181130MR1059127213211199999999999999 328 361647 9499999999999999
 97 85 71 59 51 49 55 68 84101116125128125117106 95 86 81 81 86 931001061812 1MR1159128235010799999999999999 440 491829 8199999999999999
107104 95 83 71 62 59 63 74 89106120129132127115100 84 72 64 64 70 82 951812 2MR1248132999999999999999999999 557 591932 6399999999999999
106113113106 95 81 71 66 70 80 96113127135135126110 90 70 54 47 48 59 761812 3MR 131114132913699999999999999 7 6 662019 4699999999999999
 95111121123116103 88 77 72 76 87104122136141137123101 76 53 37 31 37 531812 4MR 24112314 614199999999999999 8 4 722058 3199999999999999
 76100119130131122107 91 80 76 82 96114132143145135115 88 59 35 21 20 321812 5MR 334132143914699999999999999 853 762135 1999999999999999
 54 82108128138136125108 92 81 80 89106125141149145129103 72 42 20 10 151812 6MR 420138151114999999999999999 936 8022 9 1099999999999999
 34 61 91118136142137123106 90 83 85 98116135148150140118 88 55 27  9  61812 7MR 5 21421543151999999999999991015 822243  599999999999999
 17 41 72102127141143134119101 89 85 92107126142151147131104 72 40 16  41812 8MR 5401441614151999999999999991051 852316  499999999999999
  8 25 53 84113133142140128112 96 87 88 99115133146149139118 88 57 28 101812 9MR 6171431644149999999999999991125 872349  599999999999999
  5 15 37 66 96121136140134121105 92 88 93106122137145142128103 74 45 22181210MR 6521401715146999999999999991159 88999999999999999999999
 10 12 27 51 79105125135135126113 99 90 90 97111126137140132114 89 62 38181211MR 728136174714099999999999999 021  91235 8999999999999999
 21 16 23 41 64 90112127132129119106 95 90 92101113125132131120101 78 55181212MR 8 5132182113399999999999999 055 161313 9099999999999999
 36 26 26 36 54 76 98116126128123113102 94 90 94102112120123119108 90 71181213MR 845128185812399999999999999 130 241359 9099999999999999
 53 40 34 37 49 66 86104117124124118109100 93 90 93 99106111112108 98 84181214MR 930125194411399999999999999 2 8 3415 0 9099999999999999
 69 56 47 45 49 60 76 92107118123122116108 98 91 87 87 91 96101102100 93181215MR1020123205410299999999999999 251 451626 8799999999999999
 84 73 63 57 56 60 69 83 97110119123122116106 96 86 80 78 80 85 90 95 96181216MR11151242253 9699999999999999 346 551758 7899999999999999
 94 88 81 73 67 65 68 76 88101113122126124116104 90 77 68 64 67 74 83 92181217MR12 7126999999999999999999999 456 6519 4 6499999999999999
 98100 98 91 83 76 73 74 81 93106119127130126114 97 79 62 51 48 53 65 80181218MR 055100125313099999999999999 614 721951 4899999999999999
 95106111109102 92 83 78 78 86 98113126134135126109 87 63 44 33 32 43 61181219MR 215111133313599999999999999 724 772031 3199999999999999
 82102117123120111 99 87 81 82 91105121135141138124100 72 44 24 15 19 36181220MR 312123141114199999999999999 823 802111 1499999999999999
 61 88112128134129117102 90 83 86 97114131144147138118 88 55 25  5  0 10181221MR 4 2134144814799999999999999 913 832150  099999999999999
 34 65 96122138142134120103 90 85 91104123141151150136109 74 38  8 -9 -9181222MR 448142152615299999999999999 959 852231-1199999999999999
  7 36 71105131145145135118101 90 88 96112132148156150130 98 61 24 -3-16181223MR 53314716 5156999999999999991042 872313-1799999999999999
-11 10 43 79113136147144132114 98 89 90101119138152155145121 88 50 15 -8181224MR 6181471645156999999999999991124 882357-1699999999999999
-16 -7 18 52 88118138145140126108 94 88 92105123140151151137112 78 43 12181225MR 7 214517281529999999999999912 7 88999999999999999999999
 -6 -9  4 30 63 96122137140133118102 90 87 93106123137145141127102 71 40181226MR 746141181314599999999999999 040-101252 8799999999999999
 16  3  4 19 44 74103124134134125111 96 87 85 91103117129134129116 94 68181227MR 82913619 313499999999999999 125  11343 8599999999999999
 44 25 17 21 36 59 85108124131128118104 91 83 81 86 96107116120117106 90181228MR 91113120 212099999999999999 210 171444 8199999999999999
 70 52 39 34 39 54 73 95113124128123113100 87 79 76 78 85 94102106106100181229MR 955128212410799999999999999 257 3416 1 7699999999999999
 89 76 63 54 52 57 69 85102116125126121110 96 83 73 67 67 71 79 88 95 99181230MR10421262324 9999999999999999 350 521733 6699999999999999
 98 93 85 76 69 67 71 80 94108119126127120109 93 78 64 55 53 56 65 76 88181231MR1134127999999999999999999999 452 671854 5399999999999999
