 16 -2 -8 -2 13 34 58 79 92 93 79 56 31 11  3  8 23 44 66 86100101 89 6518 1 1N5 833 94203810299999999999999 2 0 -814 7  399999999999999
 35  8 -9-13 -5 14 38 64 86 98 96 78 51 24  5 -1  7 25 49 73 93105103 8718 1 2N5 921 99212510699999999999999 249-131454 -199999999999999
 60 28  2-14-15 -3 18 44 71 92101 95 73 44 17  0 -2  9 30 54 78 9610610118 1 3N510 6101221210699999999999999 335-161539 -399999999999999
 82 53 22 -2-14-12  3 25 51 76 94100 89 65 36 11 -1  0 14 35 59 80 9610218 1 4N51050100225810299999999999999 420-151622 -299999999999999
 94 74 45 17 -3-11 -5 11 34 58 79 93 93 79 55 28  9  1  6 21 41 61 79 9118 1 5N51132 952343 9499999999999999 5 3-1117 5  199999999999999
 94 84 64 38 15  0 -3  5 21 42 62 79 87 84 68 46 24 10  6 14 28 45 61 7518 1 6N51212 88999999999999999999999 545 -41748  699999999999999
 83 83 73 55 33 15  5  6 15 31 48 64 76 79 73 58 40 24 14 14 21 33 46 5818 1 7N5 030 851253 7999999999999999 627  41832 1399999999999999
 68 74 72 63 48 31 19 13 16 25 38 51 63 70 71 64 52 38 26 20 21 27 35 4418 1 8N5 119 741337 7199999999999999 710 131924 2099999999999999
 53 60 64 63 56 44 33 24 21 23 31 41 51 59 64 64 59 50 39 31 26 26 29 3518 1 9N5 216 641430 6599999999999999 8 0 212032 2599999999999999
 41 47 53 57 57 53 45 36 29 26 28 34 41 49 56 60 61 58 51 43 35 29 27 2818 110N5 331 581541 6199999999999999 9 5 262210 2799999999999999
 31 36 42 49 54 56 54 48 40 32 28 29 33 39 47 55 60 62 60 54 46 37 29 2518 111N5 5 1 5617 3 62999999999999991027 282343 2499999999999999
 24 27 32 39 48 55 59 57 51 42 33 27 26 30 38 47 56 63 66 64 57 47 35 2618 112N5 618 5918 9 66999999999999991142 26999999999999999999999
 20 19 23 30 40 50 59 64 62 54 42 30 23 22 27 37 50 61 69 72 68 59 45 3118 113N5 714 641858 7299999999999999 043 191240 2199999999999999
 20 14 14 20 31 44 57 66 70 65 54 38 25 17 18 26 40 55 68 76 77 70 56 3918 114N5 758 701938 7899999999999999 126 131325 1699999999999999
 23 12  8 12 21 35 51 65 74 74 66 49 31 17 12 16 29 46 63 76 83 80 69 5118 115N5 835 752014 8399999999999999 2 2  814 4 1299999999999999
 31 15  5  4 12 26 42 60 73 79 75 61 42 22 10  8 17 34 54 72 84 87 79 6318 116N5 9 8 802048 8799999999999999 235  41440  799999999999999
 42 21  6  0  4 16 33 52 69 80 82 72 53 31 13  4  8 22 42 63 80 89 87 7418 117N5 939 822121 9099999999999999 3 5  01513  499999999999999
 54 30 11 -1 -1  7 23 43 62 77 84 79 64 42 20  5  2 11 29 51 71 86 90 8318 118N510 8 842155 9099999999999999 334 -21545  299999999999999
 66 42 19  2 -4  1 14 33 53 70 81 83 72 53 30 11  1  4 18 38 59 77 88 8818 119N51036 842229 8999999999999999 4 3 -41616  199999999999999
 76 54 30  9 -3 -3  7 24 43 62 76 82 77 62 40 19  5  2  9 26 46 65 80 8618 120N511 5 8223 5 8699999999999999 432 -41648  199999999999999
 81 66 43 20  3 -3  2 15 33 52 68 77 78 68 51 30 13  4  5 16 33 52 68 7918 121N51134 792342 8299999999999999 5 2 -31721  399999999999999
 81 73 55 33 13  1  0  9 25 42 58 70 75 71 59 41 24 11  6 11 23 39 55 6818 122N512 6 75999999999999999999999 535 -11757  699999999999999
 75 74 63 46 27 11  4  7 18 33 48 61 69 70 64 51 36 21 12 11 17 28 41 5418 123N5 022 751241 7099999999999999 612  41841 1099999999999999
 64 69 66 56 41 25 13  9 14 25 39 51 60 65 65 58 48 35 23 16 15 20 29 4018 124N5 110 691325 6699999999999999 656  91938 1599999999999999
 50 58 62 60 52 40 27 18 16 20 30 40 50 58 62 62 57 48 38 27 20 18 20 2718 125N5 211 621429 6299999999999999 750 162056 1899999999999999
 35 44 52 57 58 53 44 33 25 21 24 30 39 47 55 60 62 60 53 43 32 22 17 1718 126N5 334 5816 3 6299999999999999 9 4 212232 1699999999999999
 21 29 38 48 56 60 58 51 40 30 24 23 27 34 44 53 61 67 67 61 50 35 22 1318 127N5 511 601735 68999999999999991039 232358 1099999999999999
 10 13 21 33 47 58 66 66 59 46 32 22 18 21 29 41 54 66 75 77 70 55 36 1818 128N5 633 671845 779999999999999912 5 18999999999999999999999
  6  1  5 16 31 49 65 75 76 66 50 31 17 10 13 24 40 57 73 84 87 78 58 3418 129N5 736 771943 8799999999999999 1 3  11310 1099999999999999
 12 -3 -8 -2 13 33 54 74 85 84 71 48 25  8  2  7 22 42 63 82 94 95 82 5818 130N5 827 862034 9699999999999999 156 -814 1  299999999999999
 29  4-12-14 -5 14 38 63 83 94 89 70 42 16 -1 -5  4 23 46 70 90101 99 8118 131N5 912 94212110299999999999999 242-151447 -699999999999999
 52 21 -4-18-17 -3 20 46 72 92 98 88 64 33  6 -8 -8  5 27 52 76 95104 9718 2 1N5 954 9922 510499999999999999 325-191529-1099999999999999
 75 44 12-10-19-14  4 29 56 81 96 97 81 53 22 -1-12 -7 10 33 58 81 9710118 2 2N51033 99224710199999999999999 4 5-191610-1299999999999999
 89 65 33  5-12-16 -5 15 40 65 86 95 90 69 41 13 -5 -9  0 18 40 63 82 9318 2 3N511 9 962326 9499999999999999 443-161648-1099999999999999
 92 77 52 24  1-10 -7  6 27 50 71 86 89 78 56 30  8 -4 -3  9 27 46 64 7818 2 4N51143 89999999999999999999999 519-101725 -599999999999999
 84 79 63 40 18  2 -2  4 20 39 58 73 81 78 64 44 23  8  3  7 19 34 50 6318 2 5N5 0 4 841215 8199999999999999 553 -218 1  399999999999999
 71 73 66 51 32 16  7  8 17 31 47 61 70 72 66 53 36 21 12 11 17 27 39 5018 2 6N5 040 731245 7299999999999999 627  61839 1199999999999999
 58 62 61 54 42 29 19 15 18 27 39 51 60 64 63 56 46 34 24 19 20 25 32 3918 2 7N5 119 631319 6499999999999999 7 4 151924 1999999999999999
 46 51 53 52 47 39 31 25 23 26 33 42 50 55 58 56 52 44 36 30 26 26 28 3218 2 8N5 2 9 5314 8 5899999999999999 752 232034 2699999999999999
 37 41 44 47 47 45 41 36 32 29 30 34 40 46 51 54 54 52 47 41 35 31 28 2818 2 9N5 348 471537 5499999999999999 911 292247 2799999999999999
 29 31 35 40 44 48 49 47 42 36 32 30 31 36 42 48 53 56 56 53 46 39 32 2618 210N5 553 491727 579999999999999911 4 30999999999999999999999
 23 23 26 32 39 47 53 56 53 47 38 30 25 26 31 40 49 57 62 63 58 50 39 2818 211N5 7 3 561836 6399999999999999 030 231223 2599999999999999
 20 17 17 23 32 43 53 61 63 58 47 34 24 18 20 29 41 54 64 70 69 62 49 3418 212N5 747 631923 7099999999999999 119 161313 1899999999999999
 21 13 10 14 23 36 50 62 70 68 58 43 27 15 11 17 30 46 62 73 77 73 61 4418 213N5 822 7020 1 7799999999999999 154 101352 1199999999999999
 26 12  5  6 14 28 44 60 72 76 69 54 34 16  6  7 18 35 55 71 82 83 73 5618 214N5 853 762036 8499999999999999 223  41426  599999999999999
 34 15  3 -1  5 19 36 55 71 80 78 65 44 22  5  0  6 22 43 64 81 88 84 6918 215N5 921 812110 8899999999999999 250 -11458  099999999999999
 46 22  4 -5 -2  9 27 47 67 81 84 75 55 31  9 -3 -3  9 30 53 74 88 91 8118 216N5 948 852144 9299999999999999 317 -51528 -599999999999999
 59 33 10 -5 -8  1 17 38 60 77 86 83 67 42 17 -1 -8 -1 16 39 63 82 92 8918 217N51015 872217 9299999999999999 343 -81558 -899999999999999
 72 47 20 -1-10 -6  8 28 50 70 84 86 76 54 28  6 -7 -7  5 25 49 70 86 9118 218N51043 872252 9199999999999999 411-101629 -999999999999999
 82 61 34  9 -6 -9  1 19 40 61 77 85 81 65 41 17 -1 -8 -2 14 34 56 74 8518 219N51111 852327 8799999999999999 441-1017 1 -899999999999999
 85 71 48 23  3 -6 -3 11 30 51 68 79 81 72 53 30 10 -2 -3  6 22 41 60 7418 220N51140 81999999999999999999999 513 -71736 -499999999999999
 80 75 60 38 17  2 -1  7 22 41 58 70 76 73 62 44 24  9  2  4 14 29 45 6018 221N5 0 5 801211 7699999999999999 547 -11816  199999999999999
 69 72 65 51 32 16  7  8 17 32 47 60 68 70 65 54 39 24 13  8 11 20 32 4518 222N5 046 721247 7099999999999999 626  619 6  899999999999999
 55 62 63 57 46 32 21 15 17 26 37 49 58 63 64 60 51 40 29 20 15 17 22 3118 223N5 139 631339 6499999999999999 713 152016 1599999999999999
 40 48 54 56 54 47 37 29 24 25 30 38 46 52 57 59 59 54 47 37 27 21 18 2018 224N5 258 561519 6099999999999999 822 2422 1 1899999999999999
 25 33 41 48 54 55 53 46 37 31 28 29 33 39 46 53 59 63 62 56 45 33 22 1518 225N5 454 551722 63999999999999991014 272348 1499999999999999
 14 17 25 35 46 57 63 62 55 44 33 25 22 24 31 41 53 64 72 73 66 52 35 1918 226N5 627 631841 749999999999999912 2 22999999999999999999999
  8  5  9 19 34 50 64 73 73 63 47 30 17 12 15 25 40 57 72 83 84 74 55 3218 227N5 728 741938 8599999999999999 057  513 6 1299999999999999
 12 -1 -4  3 18 37 58 76 85 81 66 43 21  6  1  8 22 42 63 82 93 92 78 5318 228N5 815 852027 9599999999999999 147 -41354  199999999999999
 25  2-10-10  2 21 45 69 87 94 85 63 35 10 -5 -7  5 24 48 72 91101 96 7518 3 1N5 856 94211010199999999999999 229-111436 -899999999999999
 46 16 -7-16-11  6 30 56 81 96 97 82 54 23 -2-13 -9  7 30 55 80 98103 9218 3 2N5 934 99215110399999999999999 3 7-161514-1399999999999999
 67 35  5-13-16 -6 15 41 68 90100 94 72 41 11-10-15 -6 13 38 63 86 99 9918 3 3N510 9100222910199999999999999 343-171551-1599999999999999
 83 54 23 -2-14-11  5 28 54 78 94 97 84 58 27  1-12-11  2 23 47 70 87 9518 3 4N51041 9823 4 9599999999999999 417-141625-1399999999999999
 89 69 41 14 -5 -9  0 18 42 65 83 92 87 69 43 16 -2 -8 -2 13 34 54 72 8418 3 5N51110 922336 8699999999999999 449 -91658 -899999999999999
 85 74 54 29  9 -2  1 13 33 53 71 83 84 74 54 31 11  0  0 10 25 42 59 7118 3 6N51136 85999999999999999999999 520 -21730 -199999999999999
 76 72 60 41 23 10  6 13 27 44 61 72 77 72 60 42 24 12  7 11 21 34 48 5818 3 7N5 0 6 7612 1 7799999999999999 550  618 1  799999999999999
 65 65 59 48 34 22 15 16 25 37 51 62 68 68 61 50 36 24 17 16 21 30 39 4818 3 8N5 035 661227 6999999999999999 621 151837 1699999999999999
 54 57 55 50 42 33 26 23 26 33 43 52 59 62 60 53 45 36 28 25 25 29 34 4018 3 9N5 1 8 5713 2 6299999999999999 659 231925 2499999999999999
 44 48 49 48 46 42 37 33 32 33 37 43 49 53 55 54 51 46 40 35 32 31 31 3318 310N5 2 8 491410 5599999999999999 8 1 3221 3 3199999999999999
 36 38 41 44 46 47 46 44 40 37 35 36 39 43 48 51 54 54 51 47 42 36 32 3018 311N5 510 471630 54999999999999991016 352357 2999999999999999
 29 30 33 37 43 49 53 54 51 45 38 32 30 32 37 45 52 58 60 59 53 45 37 2918 312N5 642 5418 7 609999999999999912 2 30999999999999999999999
 24 22 24 30 38 48 56 61 61 55 44 33 25 22 26 35 46 57 65 68 65 57 44 3218 313N5 726 6219 0 6899999999999999 058 221255 2299999999999999
 22 16 16 21 31 43 56 66 70 65 54 38 24 15 15 22 36 52 66 75 76 69 55 3918 314N5 758 701940 7799999999999999 131 151333 1499999999999999
 23 12  9 13 23 37 53 67 76 75 65 47 27 12  6 10 23 42 61 76 84 81 69 4918 315N5 827 772016 8499999999999999 159  914 5  699999999999999
 28 12  3  4 14 29 47 65 79 83 76 58 35 14  1  0 10 29 51 72 86 91 82 6318 316N5 854 832051 9199999999999999 224  31436 -199999999999999
 39 16  1 -3  4 19 39 60 78 88 86 71 46 20  1 -7 -2 14 37 62 82 95 93 7818 317N5 921 892125 9699999999999999 250 -315 6 -799999999999999
 53 25  4 -7 -4  9 29 52 73 88 92 82 60 32  6 -9-11  1 22 47 72 91 98 9118 318N5 948 9322 0 9899999999999999 318 -71536-1299999999999999
 69 40 13 -5 -9  0 19 42 65 84 94 90 73 46 17 -4-13 -8  8 32 57 80 95 9618 319N51016 942236 9899999999999999 347 -916 8-1399999999999999
 82 57 27  4 -8 -5  9 31 54 75 90 93 83 61 33  7 -9-11 -2 18 41 65 84 9318 320N51046 932312 9499999999999999 418 -91642-1299999999999999
 89 71 44 18  0 -5  3 21 43 64 81 89 86 72 48 23  3 -7 -5  8 27 49 68 8218 321N51116 902350 8799999999999999 451 -51718 -899999999999999
 86 78 59 35 14  2  3 15 33 53 70 81 84 77 61 40 19  5  0  5 17 34 52 6718 322N51148 84999999999999999999999 526  11759  099999999999999
 76 76 67 50 31 16 10 14 26 42 58 69 75 75 67 53 37 22 12  9 14 25 38 5118 323N5 032 771225 7699999999999999 6 5 101849  999999999999999
 61 67 66 58 46 33 23 20 25 34 46 57 64 67 67 61 52 40 29 21 18 21 28 3618 324N5 124 671317 6899999999999999 652 201959 1899999999999999
 45 53 58 59 55 48 39 32 29 31 37 44 51 56 60 62 61 56 48 38 30 24 23 2618 325N5 244 591511 6299999999999999 8 4 292148 2399999999999999
 31 38 46 53 58 59 55 48 40 35 32 33 37 42 49 56 62 66 65 58 47 35 25 2018 326N5 443 591718 66999999999999991010 322336 1999999999999999
 20 24 31 42 53 62 67 65 57 45 35 27 25 27 34 44 56 67 75 75 67 53 36 2218 327N5 613 671833 76999999999999991158 25999999999999999999999
 13 12 17 28 43 58 71 77 74 62 45 29 17 14 18 29 44 61 76 85 85 73 53 3218 328N5 710 771927 8699999999999999 042 111256 1499999999999999
 14  5  5 14 30 49 68 82 87 80 62 39 18  6  4 12 28 48 69 86 95 91 74 4918 329N5 754 872012 9599999999999999 127  31339  399999999999999
 23  5 -3  2 16 36 59 80 93 94 80 55 28  6 -4 -2 12 32 55 78 95101 91 6918 330N5 832 95205310199999999999999 2 6 -31417 -599999999999999
 40 13 -3 -6  4 23 47 71 91100 94 73 44 15 -4-10 -2 16 39 64 87101101 8618 331N5 9 8100213110399999999999999 242 -71453-1099999999999999
 58 28  4 -7 -4 11 34 59 83 98101 87 61 30  4-10 -9  4 25 49 73 92101 9518 4 1N5 94010222 710199999999999999 316 -81528-1199999999999999
 75 46 18 -1 -6  4 23 47 71 91100 95 75 47 18 -2 -9 -3 13 35 59 80 94 9618 4 2N510101002240 9699999999999999 348 -616 1 -999999999999999
 84 61 33 10 -1  1 15 37 60 80 93 95 83 60 33 10 -3 -4  7 25 46 66 82 8918 4 3N51037 962310 8999999999999999 420 -21632 -599999999999999
 85 70 47 24  8  4 12 29 50 70 84 90 84 68 46 24  7  1  6 19 37 54 70 7918 4 4N511 1 902338 8199999999999999 450  417 2  199999999999999
 81 72 56 37 20 12 13 25 41 60 74 83 82 72 55 36 20 10 10 18 30 45 59 6918 4 5N51125 83999999999999999999999 520 111732  999999999999999
 73 70 60 47 32 22 19 24 36 50 64 74 76 72 61 46 32 21 17 20 28 39 50 5918 4 6N5 0 5 731151 7699999999999999 551 1918 6 1799999999999999
 64 64 60 52 42 33 27 28 34 43 54 63 68 68 63 54 43 33 27 26 29 35 42 4918 4 7N5 036 651227 6999999999999999 628 271848 2599999999999999
 54 57 56 54 49 43 38 35 35 39 46 53 58 61 61 58 52 45 39 34 33 34 37 4118 4 8N5 121 571326 6299999999999999 721 351958 3399999999999999
 45 48 51 52 52 51 48 44 41 40 40 43 47 52 55 58 58 55 51 45 40 37 35 3518 4 9N5 339 521529 5899999999999999 917 402223 3599999999999999
 37 40 43 48 52 56 57 55 50 44 39 36 36 40 46 53 59 62 62 57 50 43 36 3218 410N5 551 571721 62999999999999991122 36999999999999999999999
 30 31 35 42 50 57 63 64 60 52 42 33 28 29 35 45 56 65 70 69 63 53 41 3118 411N5 644 641823 7099999999999999 0 5 301223 2899999999999999
 25 23 27 34 45 56 66 72 70 62 48 34 23 19 22 33 47 62 74 79 76 65 50 3418 412N5 719 7219 8 7999999999999999 048 2313 2 1999999999999999
 23 17 18 26 38 52 67 77 80 73 58 39 22 12 11 20 35 54 72 84 87 80 63 4318 413N5 749 801948 8899999999999999 119 161335 1099999999999999
 24 13 10 16 29 46 64 79 87 85 71 50 27  9  2  6 21 42 64 83 94 93 79 5718 414N5 818 882025 9599999999999999 147 1014 7  299999999999999
 32 13  4  6 18 37 57 77 91 94 85 64 37 13 -2 -4  6 26 51 75 94101 95 7418 415N5 847 9521 310199999999999999 217  41439 -599999999999999
 47 21  4 -1  8 25 47 70 89 99 96 79 52 23  0-10 -6 10 34 61 85101104 9118 416N5 918100214110599999999999999 249 -11512-1099999999999999
 65 35 11 -2  0 14 35 60 82 98102 92 69 39 11 -7-11 -2 18 43 70 9210410118 417N5 950103221910599999999999999 322 -31548-1299999999999999
 82 54 25  5 -2  6 24 47 71 90101 99 84 57 28  4 -9 -8  6 27 52 76 9410118 418N51023102225810199999999999999 357 -21625-1099999999999999
 93 72 44 19  4  3 15 35 57 78 93 98 92 73 48 22  3 -4  1 15 35 58 78 9118 419N51058 982340 9499999999999999 433  217 6 -499999999999999
 93 82 61 37 18  9 13 26 45 64 80 90 91 82 64 42 21  8  4 11 24 42 60 7518 420N51135 92999999999999999999999 512  91751  499999999999999
 83 83 72 54 35 22 18 23 36 52 66 77 83 81 73 59 42 26 16 14 20 31 44 5818 421N5 025 841220 8399999999999999 555 181845 1499999999999999
 69 74 73 65 52 38 29 27 32 42 53 63 70 74 73 68 59 46 34 26 23 26 33 4318 422N5 121 751327 7499999999999999 647 271957 2399999999999999
 53 61 67 68 63 55 45 37 34 36 42 49 55 61 66 69 69 63 54 43 34 29 28 3218 423N5 241 681520 7099999999999999 8 4 342135 2899999999999999
 39 47 55 63 67 66 61 52 44 37 35 37 41 47 55 63 70 73 70 62 50 38 29 2618 424N5 422 6817 3 739999999999999910 5 3523 9 2699999999999999
 28 34 43 54 65 72 73 68 58 46 35 29 28 32 40 52 64 75 81 78 68 53 37 2618 425N5 543 741813 81999999999999991140 28999999999999999999999
 21 23 30 43 57 71 80 82 74 60 43 28 20 19 26 38 53 70 83 89 85 71 51 3218 426N5 640 8219 6 8999999999999999 013 201235 1999999999999999
 19 15 19 31 47 65 80 89 88 76 56 35 18 11 13 23 39 59 77 91 95 87 69 4518 427N5 724 901951 9699999999999999 058 151317 1099999999999999
 24 12 11 19 35 55 75 90 97 91 73 48 25  9  4 10 25 45 67 86 98 99 85 6218 428N5 8 3 97203110099999999999999 137 101354  499999999999999
 36 16  7 10 24 44 66 85 99100 88 65 37 14  2  2 13 31 53 75 93102 97 7918 429N5 83710121 910299999999999999 213  71430  099999999999999
 52 27 10  6 14 32 55 77 94103 98 80 53 26  6 -1  4 19 40 63 84 98101 9018 430N5 9 9103214410299999999999999 247  515 4 -199999999999999
 68 41 19  7  9 23 44 67 87100101 90 68 41 17  3  1 11 29 50 72 89 98 9518 5 1N5 9381022217 9999999999999999 321  61536  199999999999999
 80 56 32 14  9 17 34 56 77 93100 95 78 54 30 12  4  8 21 40 60 78 91 9418 5 2N510 61002247 9499999999999999 353  916 8  499999999999999
 86 68 45 25 14 15 27 46 67 84 94 95 84 65 43 23 11 10 18 32 50 67 81 8818 5 3N51032 962317 8899999999999999 425 131639  999999999999999
 86 74 57 38 24 19 24 38 56 74 86 91 86 73 54 36 21 15 18 28 42 58 71 7918 5 4N51059 912346 8299999999999999 457 191711 1599999999999999
 81 76 64 49 35 26 26 34 48 63 76 84 84 76 63 47 33 24 22 27 37 49 61 7018 5 5N51130 85999999999999999999999 531 251746 2299999999999999
 74 73 67 57 45 36 32 34 42 54 65 74 78 76 69 57 45 35 29 30 35 43 53 6118 5 6N5 018 7512 9 7899999999999999 6 9 321828 2999999999999999
 66 68 66 61 54 46 40 38 40 46 55 63 69 71 70 64 56 47 39 35 36 40 46 5218 5 7N5 1 2 6813 7 7199999999999999 659 381925 3599999999999999
 57 61 63 63 60 56 50 45 43 43 46 52 58 63 67 67 64 59 51 44 40 39 41 4418 5 8N5 223 631442 6799999999999999 822 422053 3999999999999999
 49 53 58 61 63 63 60 55 49 44 41 42 46 52 59 65 69 68 64 56 48 42 38 3818 5 9N5 421 641622 69999999999999991017 412235 3799999999999999
 40 45 51 58 64 68 69 65 57 48 40 35 35 40 48 59 68 74 75 69 60 48 39 3418 510N5 537 691734 75999999999999991132 342342 3299999999999999
 33 36 43 52 62 71 76 75 68 57 43 32 27 28 36 48 63 75 82 82 74 60 45 3318 511N5 624 771827 83999999999999991219 26999999999999999999999
 27 27 33 44 57 70 81 85 81 69 51 34 22 17 22 35 52 70 84 92 89 76 57 3918 512N5 7 2 851914 9299999999999999 027 261257 1799999999999999
 25 20 23 34 49 66 81 91 93 83 64 42 22 11 10 20 37 58 79 94100 93 75 5118 513N5 737 93195710099999999999999 1 5 201334  999999999999999
 30 17 14 22 38 58 77 93101 97 81 56 30 11  2  6 21 42 67 89103106 93 7018 514N5 812101203910799999999999999 142 141411  299999999999999
 43 21 10 12 25 45 68 88103107 97 75 46 19  2 -3  6 25 49 75 97110107 9018 515N5 848107212211199999999999999 220  91449 -399999999999999
 63 35 14  7 14 32 54 78 98110109 93 67 37 11 -3 -3 10 31 57 8310311110418 516N5 92611122 411199999999999999 259  71530 -599999999999999
 83 54 28 11  9 20 40 64 86103111105 86 58 29  8 -2  1 16 38 63 8710410818 517N510 6111224810899999999999999 339  81613 -399999999999999
 97 75 47 24 12 14 28 48 71 90104107 98 78 52 26  9  3  9 24 45 68 8810018 518N51048108233310299999999999999 421 111659  399999999999999
101 89 67 43 24 17 22 36 55 74 90 99100 90 72 49 28 14 11 18 32 50 69 8518 519N51134101999999999999999999999 5 4 171749 1199999999999999
 94 92 80 61 42 28 24 30 43 59 74 85 92 92 83 68 50 33 22 20 26 38 53 6818 520N5 022 941228 9399999999999999 551 241845 2099999999999999
 80 86 84 74 59 44 34 32 37 47 58 69 78 84 85 79 68 53 40 31 28 32 41 5318 521N5 118 861340 8599999999999999 647 321951 2899999999999999
 64 74 80 79 72 61 49 40 37 40 46 54 62 70 77 81 79 70 58 46 37 33 35 4218 522N5 226 8015 9 8199999999999999 8 1 3721 9 3399999999999999
 51 61 70 77 78 74 65 54 45 39 39 42 48 56 65 74 80 81 75 64 51 40 35 3518 523N5 346 791634 8199999999999999 939 382228 3499999999999999
 40 48 59 70 78 81 78 69 57 45 37 34 36 42 52 63 75 83 85 79 67 52 40 3318 524N5 5 1 811743 859999999999999911 7 342333 3299999999999999
 32 38 48 61 73 83 87 83 72 57 42 32 28 30 38 51 65 79 88 90 82 67 50 3618 525N5 6 1 871839 909999999999999912 6 28999999999999999999999
 29 30 38 50 65 80 90 93 86 72 53 36 25 22 27 38 53 70 85 94 94 83 65 4518 526N5 649 931927 9599999999999999 023 281251 2299999999999999
 31 25 28 40 56 73 88 97 97 86 68 46 28 19 18 27 41 59 77 92 99 95 80 5918 527N5 730 9820 9 9999999999999999 1 6 251331 1799999999999999
 38 25 22 30 45 64 82 96102 98 82 60 38 21 14 18 30 48 67 85 98102 93 7418 528N5 8 6102204810299999999999999 145 2214 7 1499999999999999
 51 31 21 23 35 53 73 91102104 94 75 51 29 16 14 21 37 56 76 92102101 8718 529N5 840105212410399999999999999 221 201443 1399999999999999
 66 43 26 20 26 42 63 83 98105102 87 65 41 23 14 16 28 45 65 84 97102 9618 530N5 911106215710299999999999999 257 201516 1499999999999999
 79 56 35 23 22 33 52 73 91102104 95 77 54 33 19 16 22 36 55 74 89 99 9918 531N5 941105222910099999999999999 332 211549 1599999999999999
 88 69 47 30 23 28 42 62 81 96103 99 86 66 45 28 19 20 30 46 64 80 92 9618 6 1N5101110323 0 9699999999999999 4 6 231622 1899999999999999
 92 78 59 41 29 27 36 52 70 87 97 99 92 76 57 39 26 22 27 39 55 70 83 9118 6 2N510421002331 9299999999999999 439 271655 2299999999999999
 91 83 68 52 38 31 33 44 60 76 88 95 93 83 68 51 36 28 28 35 48 61 74 8318 6 3N51117 95999999999999999999999 514 311730 2799999999999999
 87 84 75 61 48 38 36 40 51 64 77 86 89 86 76 62 48 37 32 35 43 54 65 7418 6 4N5 0 4 871159 8999999999999999 552 3518 9 3299999999999999
 80 81 77 69 58 48 41 41 46 55 65 75 82 84 80 71 60 48 40 37 40 47 56 6518 6 5N5 044 811252 8499999999999999 637 401857 3799999999999999
 72 76 77 73 66 58 50 45 44 48 55 63 71 77 80 77 70 60 50 43 41 43 49 5718 6 6N5 138 7714 3 8099999999999999 738 441958 4199999999999999
 64 70 74 75 73 68 60 53 47 45 47 52 59 67 74 78 78 72 63 53 46 42 44 4818 6 7N5 254 751524 7999999999999999 9 2 452112 4299999999999999
 55 62 69 75 77 76 71 63 54 46 42 42 47 55 65 74 81 82 77 67 56 46 41 4118 6 8N5 415 771639 82999999999999991025 412228 4199999999999999
 46 53 62 71 79 83 82 75 64 52 41 35 36 42 53 66 78 86 88 82 70 56 44 3718 6 9N5 519 831743 88999999999999991127 352330 3799999999999999
 37 43 53 65 76 86 91 88 78 63 47 34 27 29 38 52 69 84 94 95 87 72 54 4018 610N5 611 911839 96999999999999991217 27999999999999999999999
 32 33 41 54 70 85 95 99 94 79 59 39 24 19 24 36 54 74 92102102 91 71 5018 611N5 656 99193110499999999999999 023 3113 2 1999999999999999
 34 26 30 42 59 77 94105107 97 78 53 30 16 12 20 37 58 81100110108 92 6918 612N5 740108201911199999999999999 110 261347 1299999999999999
 44 27 22 28 44 65 86103114112 98 74 46 22  9  8 20 40 64 88107116110 9018 613N5 82511521 711699999999999999 156 221432  799999999999999
 63 38 22 20 30 48 71 93111119114 96 68 39 16  6  8 22 44 70 9411211810818 614N5 910119215311899999999999999 241 191518  599999999999999
 86 57 33 19 20 33 54 78 99115120112 92 63 34 14  6 11 27 50 75 9811411618 615N5 956120223911799999999999999 326 1816 6  699999999999999
103 79 51 29 20 24 39 60 82102115118108 86 58 32 15 10 17 34 56 8010011218 616N51044118232511399999999999999 412 191653 1099999999999999
111 96 72 47 29 23 29 45 64 84101111112101 80 55 33 20 17 26 42 62 82 9918 617N51134113999999999999999999999 458 231742 1799999999999999
107103 88 66 45 31 28 36 50 66 83 96104104 94 76 55 37 26 26 34 48 65 8218 618N5 013107122910599999999999999 546 281833 2599999999999999
 95100 95 81 63 46 36 35 41 53 66 79 90 97 97 88 73 56 42 34 34 41 53 6718 619N5 1 31001330 9899999999999999 638 341928 3399999999999999
 80 90 94 89 78 63 49 41 40 45 53 63 73 83 90 91 85 73 59 47 40 40 46 5618 620N5 158 941440 9199999999999999 741 402030 4099999999999999
 67 78 86 89 86 77 65 53 46 43 45 51 59 68 78 85 88 84 74 62 51 45 44 4818 621N5 3 1 891555 8899999999999999 859 432138 4499999999999999
 56 66 76 85 88 86 79 68 56 47 43 44 48 55 65 75 84 88 85 77 65 54 46 4518 622N5 410 8817 8 88999999999999991025 432247 4499999999999999
 48 56 67 77 86 90 89 81 70 57 46 41 40 45 53 64 76 85 90 88 79 66 53 4518 623N5 517 911812 90999999999999991135 402347 4399999999999999
 43 47 57 69 80 90 95 92 83 70 55 43 37 37 43 53 66 79 90 94 91 80 64 5018 624N5 612 9519 5 94999999999999991228 36999999999999999999999
 41 40 47 59 73 86 96 99 95 83 67 50 38 32 35 43 56 71 85 96 99 92 78 6018 625N5 659 991950 9999999999999999 037 401312 3299999999999999
 45 37 39 48 63 79 93102103 96 80 61 44 32 29 34 46 61 78 92102102 91 7418 626N5 739104203110399999999999999 121 371351 2999999999999999
 54 39 34 39 52 70 87101107105 93 74 54 37 28 28 37 52 69 86100106102 8718 627N5 81510821 710699999999999999 2 1 341427 2799999999999999
 67 47 34 33 42 59 78 95107110103 87 66 45 31 26 30 42 59 77 94105107 9818 628N5 849110214110799999999999999 239 3215 2 2699999999999999
 80 58 40 31 34 48 67 87102111109 98 79 57 38 27 26 35 50 68 8610010710418 629N5 922111221310799999999999999 314 311534 2699999999999999
 90 70 49 35 31 39 56 76 94107111105 90 69 48 33 26 30 42 59 77 9210310518 630N5 956111224410699999999999999 349 3116 6 2699999999999999
 97 81 60 43 33 34 46 64 83 99108108 98 81 60 41 30 29 37 51 67 84 9610318 7 1N51030109231410399999999999999 422 321638 2899999999999999
100 89 71 52 39 34 40 54 71 88101106102 90 71 52 37 31 34 44 59 75 88 9718 7 2N511 61062345 9999999999999999 456 341711 3199999999999999
 99 93 79 63 48 39 38 47 60 76 90 99101 95 82 64 48 37 35 40 52 66 79 9018 7 3N51146102999999999999999999999 531 371746 3499999999999999
 95 94 85 72 58 46 41 43 52 65 78 89 96 96 89 75 60 46 39 40 47 58 70 8118 7 4N5 019 951232 9799999999999999 611 411826 3899999999999999
 89 91 88 80 68 56 48 45 48 55 66 77 86 91 91 84 72 59 48 43 44 52 62 7218 7 5N5 059 911326 9299999999999999 659 451914 4299999999999999
 81 87 88 85 78 67 57 50 47 49 56 65 74 83 88 88 82 72 60 51 46 48 54 6318 7 6N5 151 891432 8999999999999999 8 2 472012 4699999999999999
 72 80 86 88 85 79 69 59 51 47 48 53 61 71 80 87 88 84 75 63 54 49 49 5518 7 7N5 259 881547 8999999999999999 919 472124 4899999999999999
 63 72 80 87 90 89 83 72 61 50 44 44 48 57 68 80 88 92 89 80 67 56 49 4818 7 8N5 415 9017 3 92999999999999991035 432239 4799999999999999
 52 61 71 82 91 96 95 88 75 60 47 39 38 43 53 67 81 93 98 95 85 70 56 4618 7 9N5 524 961811 98999999999999991141 372348 4499999999999999
 44 49 59 72 86 97104103 94 77 58 42 32 30 38 51 68 85 99106103 90 71 5418 710N5 6241051912106999999999999991238 30999999999999999999999
 42 39 45 58 75 92106113111 98 77 54 35 24 24 33 50 71 91107114109 92 7018 711N5 71811320 611499999999999999 047 391331 2399999999999999
 49 36 34 43 59 79 99114121117101 76 49 28 18 19 32 52 75 98115121113 9218 712N5 810121205612199999999999999 140 331421 1799999999999999
 65 42 30 30 42 61 84105121127120100 72 43 22 13 18 33 56 8110512112511218 713N5 9 0127214312599999999999999 229 2815 9 1399999999999999
 88 59 36 25 28 43 65 89110126130120 97 67 38 19 13 20 38 62 8811112512418 714N5 949130222712799999999999999 316 241556 1399999999999999
108 80 52 31 23 30 47 69 93113127128116 91 61 35 19 16 26 45 70 9411412418 715N51038129231112499999999999999 4 1 231641 1599999999999999
119100 72 46 29 25 34 52 73 95113123122108 84 56 34 22 23 35 54 77 9811418 716N51126125235311999999999999999 446 251725 2199999999999999
119110 90 65 43 31 31 41 57 76 94109117113 99 77 54 36 29 33 45 63 82 9918 717N51214117999999999999999999999 530 2918 9 2999999999999999
110111101 82 60 44 36 38 47 61 77 91102107103 90 72 54 41 38 43 55 69 8518 718N5 03511213 410799999999999999 617 351853 3899999999999999
 97104102 92 76 60 47 42 45 53 64 75 86 95 98 94 84 70 56 48 46 51 61 7318 719N5 11910514 0 9899999999999999 7 8 421942 4699999999999999
 85 94 98 95 87 74 62 53 49 50 56 63 72 81 88 91 89 81 71 60 54 53 57 6518 720N5 2 9 9815 8 9199999999999999 811 492042 5399999999999999
 74 83 90 93 92 85 76 66 57 53 53 56 61 68 76 83 87 87 82 74 65 58 56 5918 721N5 312 931629 8899999999999999 933 522156 5699999999999999
 65 73 81 88 92 92 87 79 69 60 54 52 54 58 65 74 82 88 89 85 77 67 60 5618 722N5 427 931747 899999999999999911 3 522312 5699999999999999
 58 63 72 81 90 95 95 91 82 70 60 52 49 50 56 64 75 85 92 94 89 79 68 5818 723N5 538 961849 94999999999999991211 49999999999999999999999
 53 55 62 73 84 94100100 94 83 69 56 48 45 48 55 66 79 90 98 99 92 79 6418 724N5 633101193710099999999999999 015 5313 0 4599999999999999
 53 48 52 62 76 89100106104 95 81 64 51 42 41 47 57 71 86 98105103 92 7518 725N5 718106201710599999999999999 1 4 481340 4199999999999999
 58 47 44 51 65 82 97108111106 93 75 57 44 37 39 48 63 79 94106109103 8718 726N5 757111205310999999999999999 145 441415 3799999999999999
 68 50 41 42 53 71 89105114114105 88 67 49 37 34 40 53 70 88103112111 9918 727N5 833115212511399999999999999 223 401448 3499999999999999
 79 58 42 37 43 59 79 98112118114100 79 57 40 32 34 45 61 80 9711011410718 728N5 9 7118215511499999999999999 258 371518 3299999999999999
 91 68 48 36 36 47 66 87105117119110 91 69 48 34 31 38 53 71 8910511411218 729N5 941119222311499999999999999 331 351548 3199999999999999
100 79 57 41 34 39 54 74 95111119116102 81 58 40 31 34 45 62 81 9811011318 730N51016119225111399999999999999 4 3 341617 3199999999999999
106 89 68 48 36 36 45 62 82100113117109 92 70 49 35 32 39 54 72 8910311018 731N51051117231911199999999999999 434 351647 3299999999999999
108 97 78 58 43 36 40 53 70 88103112111101 82 61 44 35 37 48 63 80 9510518 8 1N51128113234910899999999999999 5 7 361719 3499999999999999
107101 87 69 52 42 40 46 59 75 90102108104 92 73 55 42 38 44 56 71 86 9718 8 2N512 8108999999999999999999999 543 391754 3899999999999999
103102 94 80 64 51 44 44 52 64 78 90 99102 97 85 69 54 45 44 51 63 77 8818 8 3N5 023104125310299999999999999 624 431835 4399999999999999
 97100 97 88 76 63 52 47 49 56 66 77 87 94 96 92 81 68 56 50 50 57 68 7918 8 4N5 1 31001349 9699999999999999 716 471925 4999999999999999
 88 94 97 94 87 76 65 56 51 51 56 64 74 83 90 93 90 82 71 61 55 55 60 6918 8 5N5 159 9715 2 9399999999999999 825 502031 5599999999999999
 78 86 92 95 95 90 80 69 59 52 50 53 60 69 78 87 92 92 87 77 67 60 57 6018 8 6N5 320 961631 9399999999999999 953 502158 5799999999999999
 66 75 84 92 98 99 96 87 74 61 51 46 47 54 64 76 87 96 99 94 84 72 61 5518 8 7N5 4511001755 99999999999999991118 462326 5499999999999999
 55 61 71 83 94103107104 94 78 60 46 39 40 47 60 76 91103107103 90 73 5818 8 8N5 6 610819 1107999999999999991226 38999999999999999999999
 49 48 55 68 84 99112117113100 79 57 40 31 32 42 59 79 98112117110 93 7118 8 9N5 7 8117195611799999999999999 035 481322 3099999999999999
 52 41 41 50 67 87106121127121103 77 51 32 23 27 41 61 85107122125114 9118 810N5 8 2127204412699999999999999 130 391411 2399999999999999
 65 43 32 34 48 69 92113129134124102 72 44 24 18 25 43 67 9311613012911218 811N5 852134212813299999999999999 219 311456 1899999999999999
 85 55 34 25 32 49 73 97120134137123 97 65 36 20 17 29 50 7610212413412818 812N5 93913822 913499999999999999 3 3 251539 1699999999999999
106 75 46 27 23 33 53 78102123136134117 88 57 32 19 22 37 59 8511012713218 813N51024137224813299999999999999 346 231619 1999999999999999
120 95 65 39 25 26 39 59 83105123132126106 78 50 31 24 31 48 70 9411412618 814N511 7132232512799999999999999 427 241658 2499999999999999
125109 84 57 36 28 33 47 66 87105119123114 94 69 47 34 33 42 60 80 9911418 815N51149123999999999999999999999 5 7 281736 3299999999999999
120114 97 74 52 39 35 42 55 72 88102111111101 84 64 48 41 44 55 70 8610118 816N5 0 0120123111299999999999999 547 351813 4199999999999999
109110102 86 68 53 45 45 52 62 75 86 96101 99 90 77 63 53 50 54 64 77 8918 817N5 035111131610199999999999999 629 441853 5099999999999999
 98103101 93 80 67 57 52 53 59 66 75 82 88 91 90 84 75 66 60 58 62 70 7918 818N5 1131031413 9199999999999999 719 521943 5899999999999999
 87 93 96 94 88 80 71 63 59 59 62 67 72 77 82 85 86 83 78 71 66 64 66 7118 819N5 2 5 961542 8699999999999999 832 5921 0 6499999999999999
 77 84 89 92 92 89 83 75 69 64 61 61 64 67 73 78 83 87 86 83 76 70 66 6518 820N5 329 921727 87999999999999991027 612242 6599999999999999
 68 74 81 87 92 94 93 87 80 71 64 59 57 59 64 71 79 87 92 92 88 79 70 6318 821N5 5 6 941837 939999999999999912 0 572359 6199999999999999
 61 63 70 80 89 96100 98 92 82 70 60 54 52 55 62 72 83 93 99 98 91 79 6618 822N5 6141001924100999999999999991252 52999999999999999999999
 57 54 59 69 82 94103106103 93 80 65 53 47 47 54 64 78 91102106102 90 7318 823N5 7 110620 110699999999999999 050 541329 4699999999999999
 58 49 49 58 72 88102111112105 91 74 57 45 41 45 56 70 86101110111101 8418 824N5 740113203311299999999999999 131 4814 0 4199999999999999
 64 48 42 46 60 78 96111118115103 85 64 47 38 38 47 62 79 97110116110 9518 825N5 81611821 211699999999999999 2 6 421429 3799999999999999
 73 53 39 38 48 65 86105118122114 97 74 53 38 33 39 53 71 9010711711710518 826N5 850122212911999999999999999 238 371456 3399999999999999
 84 60 42 33 38 53 74 95114124122109 87 62 42 32 33 44 62 8210111512011318 827N5 924125215612099999999999999 3 9 331523 3199999999999999
 95 71 48 34 32 42 60 83104120125118 99 74 50 34 30 37 53 73 9311012011818 828N5 958125222312099999999999999 340 311551 2999999999999999
104 82 58 39 30 34 49 69 91110122122110 87 62 41 31 33 45 64 8410211511918 829N51032124225011999999999999999 410 301620 3099999999999999
111 93 69 48 34 32 40 57 77 97113120115 99 75 52 37 32 40 55 75 9310811618 830N511 7120231811699999999999999 441 311651 3299999999999999
113101 81 60 42 34 37 48 65 83100111114105 88 66 48 38 39 49 66 84 9910918 831N51144114234911299999999999999 515 341724 3799999999999999
111105 91 73 55 43 39 44 56 71 86 99106105 96 80 62 48 43 47 59 74 8910018 9 1N51225107999999999999999999999 554 3918 2 4399999999999999
106105 97 84 69 55 47 45 50 60 73 85 94 99 97 89 76 63 53 51 56 66 78 8918 9 2N5 0241061316 9999999999999999 642 451848 5199999999999999
 97100 99 93 83 71 60 53 51 54 62 71 80 87 92 92 87 78 68 61 59 62 69 7818 9 3N5 1141001429 9399999999999999 749 511953 5999999999999999
 86 92 95 96 93 86 77 66 58 54 54 58 65 73 81 88 91 90 84 76 68 63 63 6718 9 4N5 241 961614 9199999999999999 926 532133 6399999999999999
 73 80 87 93 98 98 94 85 73 61 53 50 52 58 67 78 88 95 97 93 83 72 63 5918 9 5N5 439 991748 979999999999999911 8 502321 5899999999999999
 59 65 74 84 95104107104 93 77 61 48 42 43 51 63 79 93104107102 88 72 5818 9 6N5 6 21071853107999999999999991220 42999999999999999999999
 50 50 57 70 85101113118113 98 77 56 40 33 36 47 64 84102115117108 89 6718 9 7N5 7 2118194311899999999999999 031 491312 3399999999999999
 48 39 40 51 69 89109123128120100 73 48 30 25 31 47 69 92113126125109 8418 9 8N5 753128202612799999999999999 122 381357 2599999999999999
 57 37 29 34 50 71 95117132134121 96 65 38 22 21 32 52 7810312413312610418 9 9N5 84013521 613399999999999999 2 6 281437 2099999999999999
 74 45 26 22 32 52 77102124137135117 88 55 30 18 22 38 62 8911413113512218 910N5 924138214413599999999999999 247 221516 1899999999999999
 94 62 35 20 21 35 58 83108128137130108 76 46 26 20 29 48 73 9912113313018 911N510 5137221913499999999999999 326 191552 2099999999999999
111 81 51 28 20 26 43 66 90112127131119 95 65 40 26 27 40 61 8510712412818 912N51044131225212999999999999999 4 3 201628 2599999999999999
119 97 69 43 28 26 35 53 74 94112121119105 82 57 39 32 38 53 73 9411112018 913N51121122232212199999999999999 440 2517 1 3299999999999999
119105 83 60 41 33 35 46 62 80 96107111106 91 72 53 42 41 50 65 83 9810918 914N51157111235111299999999999999 515 321735 4199999999999999
112106 92 74 56 44 41 46 57 70 82 93 99100 93 81 67 55 50 52 62 74 88 9818 915N51233100999999999999999999999 551 411810 5099999999999999
103102 95 83 69 57 51 51 56 64 73 81 87 90 89 84 76 67 60 58 62 69 78 8718 916N5 0201031316 9099999999999999 632 501853 5899999999999999
 93 95 93 87 79 70 63 59 59 62 67 72 77 80 82 83 81 77 71 67 65 67 71 7718 917N5 1 0 951439 8399999999999999 730 5820 3 6599999999999999
 83 87 89 89 86 81 75 69 65 63 63 65 68 71 75 78 82 83 81 78 73 69 67 6818 918N5 219 891659 8399999999999999 924 6322 9 6799999999999999
 72 77 82 86 89 89 86 80 74 68 63 60 60 62 66 72 79 85 89 88 83 75 68 6318 919N5 429 891818 89999999999999991136 602341 6299999999999999
 62 65 72 80 88 94 95 92 85 75 66 58 54 54 58 65 75 85 93 96 93 84 73 6118 920N5 550 9519 2 96999999999999991232 53999999999999999999999
 55 54 60 71 83 94101102 96 86 72 60 51 47 49 57 68 81 94101102 95 81 6518 921N5 639102193610399999999999999 033 5413 7 4799999999999999
 52 46 48 59 74 90102109107 98 82 65 50 42 41 48 60 76 91104109105 91 7218 922N5 71910920 510999999999999999 111 461335 4199999999999999
 54 41 39 46 62 81 99111115109 94 74 54 40 35 40 51 68 86102113113102 8218 923N5 754115203211499999999999999 145 3814 2 3599999999999999
 60 41 32 35 49 69 90108119119107 86 62 42 32 32 42 59 79 98113118112 9418 924N5 829121205911899999999999999 215 321428 3199999999999999
 69 46 30 27 36 55 78100117124118 99 74 49 32 27 34 50 70 9111012011910518 925N5 9 3124212512199999999999999 245 261455 2799999999999999
 81 54 33 23 26 41 63 87109123125112 88 61 38 26 27 40 60 8210311812311418 926N5 937126215312399999999999999 315 231523 2599999999999999
 94 67 41 25 21 31 49 73 96115124120102 75 49 30 25 33 50 72 9411112111918 927N51012125222112299999999999999 346 211553 2599999999999999
104 80 54 33 22 25 38 58 81102117121111 90 64 41 29 30 42 62 8310211511818 928N51048121225111999999999999999 418 221626 2799999999999999
111 93 69 46 30 25 32 47 66 87104114113100 79 56 39 33 38 53 72 9110511318 929N51125115232211399999999999999 453 2517 0 3399999999999999
111100 82 61 43 33 32 41 55 72 88101106102 89 71 54 42 41 49 63 79 9310318 930N512 7106235810699999999999999 533 311739 4099999999999999
106102 91 76 59 46 39 40 48 60 73 85 94 97 93 83 69 57 49 50 58 69 81 911810 1N51258 97999999999999999999999 622 391825 4999999999999999
 96 98 95 87 76 63 53 47 47 52 60 70 79 85 89 87 81 72 63 58 58 62 70 771810 2N5 049 981414 8999999999999999 730 471932 5799999999999999
 84 89 91 91 88 80 71 61 54 51 52 56 63 71 79 85 87 85 79 71 64 61 61 641810 3N5 230 9216 4 8799999999999999 912 512126 6099999999999999
 69 76 82 89 93 94 89 79 67 57 49 47 50 56 66 76 86 93 93 88 78 67 58 541810 4N5 437 941735 94999999999999991058 472320 5499999999999999
 55 60 69 80 91100103 98 86 70 55 44 39 42 51 64 79 93102103 95 80 63 501810 5N5 55510318361049999999999999912 6 39999999999999999999999
 43 44 52 65 81 97109113106 90 68 48 35 31 36 49 67 86103113111 98 77 551810 6N5 652113192211499999999999999 023 431255 3199999999999999
 38 31 35 48 66 87106119121110 88 62 39 26 25 35 53 75 97115122115 96 691810 7N5 74012220 312299999999999999 1 9 311336 2499999999999999
 43 26 22 30 48 70 94115126125108 81 52 30 19 23 38 60 85108124126113 871810 8N5 824128204012799999999999999 149 221413 1999999999999999
 57 31 17 18 31 52 77102121130123101 71 42 22 17 27 46 71 971181291251051810 9N5 9 5130211512999999999999999 227 161450 1799999999999999
 75 44 22 13 19 36 60 85108124128115 90 60 34 20 21 35 58 83107123127117181010N5 944128214812899999999999999 3 4 131525 1999999999999999
 92 62 34 18 16 26 45 69 92112122120103 77 50 29 23 30 47 70 94112122120181011N51020123221812399999999999999 340 151558 2399999999999999
104 78 50 29 20 23 36 56 77 96111115108 90 65 43 30 30 41 60 81100113116181012N51055115224611699999999999999 414 191631 2999999999999999
108 89 65 43 29 26 33 48 65 82 97105105 94 77 57 42 36 41 54 71 89102108181013N51128106231210899999999999999 447 2617 4 3699999999999999
106 94 76 57 42 34 36 44 57 72 84 93 96 93 83 68 54 45 44 51 64 78 91 99181014N51159 96234010099999999999999 520 341738 4499999999999999
100 94 83 68 55 45 42 45 53 64 74 82 86 87 83 75 65 56 52 53 60 70 80 88181015N51235 87999999999999999999999 557 421817 5299999999999999
 92 91 85 76 66 57 51 50 53 59 66 72 77 79 79 77 72 67 61 59 60 64 70 76181016N5 017 921334 7999999999999999 645 501916 5999999999999999
 82 84 84 80 75 68 62 57 56 57 60 63 67 70 73 75 76 75 71 67 64 62 63 66181017N5 121 841552 7699999999999999 8 6 562114 6299999999999999
 70 75 79 81 81 78 73 67 62 58 56 56 58 62 66 71 77 80 80 77 71 64 59 57181018N5 330 811734 81999999999999991024 5623 7 5799999999999999
 58 63 70 77 83 85 84 78 71 62 56 51 50 53 58 66 74 82 87 86 80 71 60 52181019N5 5 8 851825 87999999999999991147 50999999999999999999999
 48 51 58 69 80 89 92 90 82 70 59 49 44 44 49 58 70 81 90 94 90 80 65 51181020N5 6 6 9219 0 9499999999999999 0 6 481229 4499999999999999
 42 40 46 58 73 87 97 99 94 81 66 51 41 37 40 50 63 78 91 99 99 90 74 55181021N5 649 99192910099999999999999 045 3913 0 3799999999999999
 39 32 34 44 61 80 96105104 94 76 57 40 32 32 41 55 72 89102107101 84 63181022N5 727106195710799999999999999 118 311328 3199999999999999
 42 27 24 31 48 69 90105112107 90 67 45 30 25 31 45 64 84101111110 97 74181023N5 8 4112202511299999999999999 149 241356 2599999999999999
 49 28 18 20 33 54 78100114116104 82 56 34 22 23 35 54 76 96112117108 88181024N5 840117205411799999999999999 219 171426 2199999999999999
 61 35 17 12 21 39 63 88108119115 98 71 44 24 18 25 42 65 88107118117101181025N5 917119212511999999999999999 251 121457 1899999999999999
 76 47 23 11 12 25 47 72 96113119110 88 59 34 20 19 32 52 76 98113119111181026N5 954119215711999999999999999 324 101531 1899999999999999
 91 63 36 17 10 16 33 55 79101114114101 77 50 29 21 26 42 63 85103114114181027N51033116223011699999999999999 4 0 1016 7 2099999999999999
102 80 54 30 17 15 24 41 62 84101109106 90 67 44 29 26 35 52 72 90104109181028N5111311023 710999999999999999 439 141645 2699999999999999
105 92 71 48 30 21 22 32 48 67 84 96101 95 81 61 44 34 35 44 60 76 90 99181029N51158101235010199999999999999 523 201726 3399999999999999
101 96 83 66 49 35 29 31 40 53 67 80 89 92 87 75 60 48 41 43 52 63 75 84181030N51252 92999999999999999999999 615 291816 4199999999999999
 90 92 88 80 67 54 43 37 38 44 53 64 73 81 84 82 74 64 54 49 49 54 61 69181031N5 050 9214 6 8499999999999999 723 371926 4899999999999999
 76 81 85 85 81 72 61 50 43 41 44 50 58 67 75 81 82 78 70 61 54 50 51 551811 1N5 234 851542 8299999999999999 856 412118 5099999999999999
 60 67 75 82 87 86 79 68 55 45 40 40 44 53 63 74 83 87 84 76 65 54 46 431811 2N5 422 8717 7 87999999999999991031 3923 4 4399999999999999
 45 51 61 73 84 92 93 86 73 57 43 35 34 39 50 63 78 90 95 92 80 65 49 381811 3N5 538 9318 8 95999999999999991140 34999999999999999999999
 33 36 45 59 75 90 99100 91 73 54 37 28 28 37 51 68 86 99103 96 80 59 401811 4N5 635101185510399999999999999 0 6 331229 2799999999999999
 27 24 29 43 60 80 97107105 92 70 47 29 22 25 38 56 77 95108109 97 76 501811 5N5 723108193611099999999999999 051 231310 2199999999999999
 29 17 17 27 44 66 87104112106 88 62 38 22 18 26 43 65 87105114110 93 661811 6N5 8 6112201311499999999999999 131 161348 1799999999999999
 39 19 11 15 29 50 73 95110114103 80 53 29 17 18 31 52 75 97112116106 831811 7N5 847114204811699999999999999 2 8 111425 1599999999999999
 55 29 12  9 18 36 58 81101112111 95 70 43 23 16 22 40 63 86105115113 971811 8N5 925113212011699999999999999 245  815 0 1699999999999999
 71 43 21 10 12 25 44 66 88104110103 84 59 35 20 19 31 51 74 941081121041811 9N510 1110215011299999999999999 319  91534 1899999999999999
 84 58 34 17 12 19 34 54 74 92103104 93 72 49 30 22 27 42 62 83 99107105181110N51034105221810799999999999999 353 1216 8 2299999999999999
 92 71 48 28 18 19 29 45 63 80 92 98 94 81 61 42 30 28 36 52 71 88 99101181111N511 6 98224610199999999999999 426 171642 2799999999999999
 94 79 60 41 27 23 27 39 53 69 81 89 90 83 70 54 40 33 36 46 61 76 88 94181112N51137 902316 9499999999999999 459 231716 3399999999999999
 92 83 69 53 39 30 30 36 47 59 71 79 83 81 74 63 51 42 39 43 53 65 77 84181113N51211 832353 8799999999999999 535 291754 3999999999999999
 87 83 74 63 50 40 36 37 43 52 61 69 74 76 73 68 60 52 46 45 49 56 65 73181114N51255 76999999999999999999999 617 351843 4599999999999999
 78 79 76 70 61 51 44 41 42 47 53 60 65 69 70 69 66 61 55 51 49 51 55 60181115N5 048 791413 7099999999999999 712 4120 4 4999999999999999
 66 71 73 73 69 62 55 49 45 45 47 51 56 60 65 68 70 69 65 59 54 49 48 49181116N5 220 7316 6 7099999999999999 836 4422 0 4899999999999999
 54 60 66 71 74 72 66 58 51 46 43 44 47 52 58 65 71 74 73 69 61 52 45 41181117N5 4 2 741723 74999999999999991017 432320 4199999999999999
 42 47 56 66 74 78 76 70 60 50 43 38 39 43 50 59 69 77 80 78 70 59 46 37181118N5 516 781810 80999999999999991127 38999999999999999999999
 33 35 43 56 69 79 84 82 73 59 46 36 32 34 41 52 65 77 85 87 81 68 52 37181119N5 610 841846 8799999999999999 0 8 331211 3299999999999999
 26 24 30 43 59 76 87 91 86 72 55 39 28 26 31 43 58 74 87 94 92 81 62 41181120N5 655 911919 9599999999999999 046 241248 2699999999999999
 25 16 18 29 46 66 84 96 97 87 69 47 29 20 21 32 48 67 85 98102 94 76 52181121N5 737 98195210299999999999999 120 161323 2099999999999999
 29 13  8 15 31 52 75 93103101 85 62 38 21 15 20 36 56 78 96106105 92 68181122N5 818104202610899999999999999 155  81359 1599999999999999
 40 17  4  4 15 35 60 83101108101 80 53 28 14 12 23 43 66 88104111105 85181123N5 85910821 211199999999999999 231  21436 1199999999999999
 57 29  8 -1  3 19 42 67 91106109 96 72 44 21 10 14 29 51 75 96109111100181124N5 941110214011299999999999999 3 9 -11515 1099999999999999
 77 48 21  3 -1  7 25 49 74 95107105 89 63 36 17 11 19 37 59 82 99109107181125N51023108222111099999999999999 350 -11555 1199999999999999
 92 68 40 17  3  3 13 32 55 77 95103 98 80 55 32 18 16 26 45 65 84 98104181126N511 710323 510499999999999999 433  11637 1599999999999999
 99 84 61 36 17  8 10 21 38 59 78 91 96 89 72 50 31 22 23 34 50 67 82 92181127N51154 962355 9699999999999999 520  71722 2199999999999999
 96 90 77 57 37 22 15 17 28 43 60 75 85 87 80 66 48 34 28 30 39 52 65 76181128N51246 88999999999999999999999 612 151814 2799999999999999
 84 87 83 72 57 40 28 22 25 33 45 58 70 78 80 75 64 50 39 34 35 41 50 59181129N5 057 871349 8199999999999999 713 221919 3399999999999999
 68 75 79 78 71 59 45 34 29 29 35 44 55 65 73 77 74 66 54 44 37 36 39 44181130N5 220 8015 4 7799999999999999 825 282049 3699999999999999
 52 60 69 75 77 73 63 50 39 32 30 34 42 52 62 72 77 76 69 59 47 38 33 331812 1N5 350 771623 7899999999999999 946 302229 3399999999999999
 37 45 54 65 75 79 77 67 54 41 31 28 31 39 50 63 74 81 81 74 61 47 34 271812 2N5 5 9 791731 82999999999999991059 282341 2699999999999999
 26 30 40 52 66 78 83 81 70 54 39 28 25 29 38 52 67 80 87 86 77 60 42 281812 3N5 612 841825 88999999999999991157 25999999999999999999999
 20 19 26 38 54 70 83 88 84 70 51 34 23 21 27 40 57 74 87 93 90 76 56 351812 4N5 7 5 8819 9 9399999999999999 033 191244 2099999999999999
 20 13 15 25 40 58 76 88 92 85 67 46 27 17 18 29 45 64 82 94 98 90 72 481812 5N5 751 921949 9899999999999999 115 121325 1699999999999999
 27 12  8 14 27 45 65 82 94 94 82 61 38 21 14 19 33 53 73 90100 99 86 641812 6N5 832 95202510199999999999999 154  814 4 1499999999999999
 39 18  7  7 16 33 52 72 89 97 92 76 53 30 15 13 22 40 62 82 96102 95 781812 7N5 911 97205910299999999999999 231  51442 1299999999999999
 53 29 11  5  9 22 40 61 80 93 96 87 67 43 23 13 15 29 50 71 89 99 99 881812 8N5 946 96213010199999999999999 3 6  41517 1299999999999999
 67 42 21  8  6 14 30 49 69 85 93 91 78 57 34 18 14 21 38 59 79 93 98 931812 9N51020 9422 0 9899999999999999 340  51552 1499999999999999
 77 55 32 15  8 11 22 39 58 75 86 90 83 67 46 28 17 18 29 48 67 83 93 93181210N51051 902231 9499999999999999 413  71626 1699999999999999
 83 66 45 25 13 11 18 31 48 64 77 84 83 73 56 38 25 20 25 38 55 72 84 89181211N51121 8523 3 8999999999999999 445 1017 0 2099999999999999
 85 73 55 37 22 15 17 26 40 55 68 76 79 74 63 48 34 25 24 32 45 60 73 81181212N51152 792340 8299999999999999 518 141736 2499999999999999
 82 76 64 48 32 22 19 23 33 46 58 67 73 72 66 56 44 34 29 30 38 49 60 70181213N51226 73999999999999999999999 554 191816 2899999999999999
 75 74 68 57 44 32 25 24 30 39 49 58 65 68 66 61 52 43 36 33 34 40 48 57181214N5 026 751311 6899999999999999 635 2419 8 3399999999999999
 64 68 68 63 54 43 33 28 29 34 41 49 56 61 64 63 59 52 45 39 35 36 39 45181215N5 126 691416 6499999999999999 726 282025 3599999999999999
 52 59 64 65 61 54 44 36 32 31 35 41 47 54 59 62 63 60 55 47 40 35 33 35181216N5 245 651542 6399999999999999 834 3122 0 3399999999999999
 40 47 55 62 65 63 56 47 39 33 31 33 38 45 53 60 65 67 65 58 48 38 31 27181217N5 4 8 651658 6799999999999999 955 312314 2799999999999999
 28 34 43 54 63 68 67 61 50 39 31 28 29 35 44 54 64 71 73 70 60 47 33 23181218N5 521 691754 749999999999999911 7 28999999999999999999999
 19 22 30 42 56 68 74 73 65 51 37 26 22 25 34 46 59 71 80 81 74 60 42 25181219N5 621 751840 8199999999999999 0 7 1912 4 2299999999999999
 14 11 16 28 44 61 75 82 79 67 50 32 20 17 22 34 50 67 81 89 88 76 56 34181220N5 714 821923 9099999999999999 052 111253 1799999999999999
 15  4  3 12 28 48 68 84 90 84 67 45 25 13 11 20 36 56 76 90 97 92 75 51181221N5 8 2 9020 6 9799999999999999 134  31338 1199999999999999
 25  5 -4 -2 11 31 54 76 92 96 86 65 39 18  7  8 21 41 64 84 99103 93 72181222N5 847 96204910399999999999999 217 -51422  699999999999999
 43 16 -3-10 -4 13 36 61 84 98 98 84 59 31 11  2  8 24 47 71 91104104 91181223N5 932100213310699999999999999 3 1-1015 5  299999999999999
 66 36  9 -8-11 -2 17 42 68 89100 97 79 51 24  6  1 10 29 53 76 95105102181224N51017101221910599999999999999 345-121549  199999999999999
 85 59 29  4 -9 -9  3 24 48 73 91 99 91 71 43 18  4  4 15 35 57 78 94101181225N511 1 9923 610199999999999999 430-111632  299999999999999
 96 78 52 25  4 -6 -3 10 31 54 75 90 93 83 62 37 16  6  9 21 40 59 77 89181226N51145 942356 9499999999999999 515 -71717  699999999999999
 94 87 70 46 23  6  0  5 19 37 57 74 85 85 74 54 33 17 11 15 27 42 58 72181227N51231 87999999999999999999999 6 2  018 5 1199999999999999
 82 85 78 63 43 24 12  8 14 26 42 58 71 79 77 67 50 33 21 17 21 30 42 54181228N5 050 851321 7999999999999999 651  81859 1799999999999999
 65 73 75 70 58 43 28 18 16 21 32 44 57 67 72 71 62 49 36 26 22 25 31 39181229N5 152 751418 7399999999999999 745 1620 7 2299999999999999
 48 57 65 68 65 57 44 32 24 22 26 34 44 54 63 68 68 62 51 40 31 26 25 28181230N5 3 5 681527 6999999999999999 850 222136 2599999999999999
 34 42 51 59 64 64 58 48 37 29 25 27 34 43 52 61 67 68 64 55 43 33 26 23181231N5 429 651643 699999999999999910 5 2523 9 2399999999999999
