-11  5 40 86131166183181161130 99 76 68 78104139174198204188151101 48  318 1 1NK 6221851747204999999999999991155 68999999999999999999999
-22-23  0 42 93141177192185161127 94 72 68 82112149183205206184142 87 3218 1 2NK 711192183320899999999999999 032-261244 6799999999999999
-10-31-26  3 50104152184194183155119 87 69 68 87119157190207203176130 7518 1 3NK 758194191920899999999999999 119-331331 6699999999999999
 22-16-31-20 14 63116160187192176145110 81 67 71 9212516119020219416311718 1 4NK 84319320 620399999999999999 2 4-311417 6699999999999999
 65 18-13-21 -5 32 80128166185184165134102 77 67 74 9612816018419117914918 1 5NK 927187205419199999999999999 249-2115 5 6799999999999999
105 59 20 -3 -4 16 52 96138168180175153124 95 75 69 78 9912715417217516218 1 6NK1011181214417699999999999999 333 -61555 6999999999999999
134 97 59 29 14 18 39 73111144166173164143117 92 75 71 79 9712014215615818 1 7NK1055173223815899999999999999 417 131650 7199999999999999
146123 93 64 42 34 41 61 90121147163165155136112 91 76 72 78 9211012713918 1 8NK1141166234414199999999999999 5 3 341755 7299999999999999
141133116 94 74 59 55 62 79103127147159159149131110 90 76 70 72 82 9711218 1 9NK1232160999999999999999999999 553 551912 7099999999999999
124129126116101 86 75 72 77 91110130146156156146130109 89 72 63 63 70 8418 110NK 1 9129133015799999999999999 653 722033 6299999999999999
100115124127121111 98 88 83 86 97113131146155156146129107 84 64 53 51 5818 111NK 249127143215799999999999999 8 7 832142 5099999999999999
 74 93113127133131121107 95 88 89 98114132149158158147127101 74 52 39 3918 112NK 412133152915999999999999999 924 882235 3799999999999999
 49 70 94118135143140128111 96 87 88 98116137154163161146121 90 60 37 2618 113NK 5111431618164999999999999991026 862316 2599999999999999
 29 46 72102129147153146129109 91 83 86100122145163170162141110 74 42 2118 114NK 55515317 0170999999999999991115 832352 1599999999999999
 15 25 49 82116144159159146124101 83 78 86106132156172174160131 94 55 2518 115NK 6311611737175999999999999991154 78999999999999999999999
  8  9 28 60 98133157166159139113 89 75 76 90116145168180174152116 74 3618 116NK 7 3166181218099999999999999 025  61229 7499999999999999
 10  1 12 39 77117149167168153128100 78 70 77 99129158178183169138 97 5418 117NK 733170184518399999999999999 057  113 2 7099999999999999
 19  0  1 21 56 97135162172164142113 86 69 68 84111143170184180157120 7718 118NK 8 3172191818599999999999999 127 -21333 6799999999999999
 36  8 -1  9 38 77118151170171155128 98 75 65 71 9312315417718317114110118 119NK 832173195118399999999999999 158 -114 6 6599999999999999
 58 23  4  5 25 59 99137163172164142113 85 67 64 7810313416217717615712318 120NK 9 2172202617999999999999999 228  21440 6499999999999999
 83 45 18  8 18 44 81119151168169154128100 76 64 67 8511114016317216514118 121NK 93317121 417299999999999999 3 0  81517 6399999999999999
107 70 38 20 20 36 65101135159169162143116 90 70 63 70 9011514115816215118 122NK10 6169214616399999999999999 333 181559 6399999999999999
127 95 64 40 30 36 56 85117145162165154133107 83 67 63 72 9011413514915018 123NK1043166223715199999999999999 4 9 301649 6399999999999999
139117 91 66 49 45 54 74100127149161160148126102 80 65 62 69 8510512413718 124NK1127162234414099999999999999 450 451749 6199999999999999
139131115 94 76 63 61 70 87110132150159157144124100 78 62 56 60 73 9211118 125NK1220159999999999999999999999 542 6119 4 5699999999999999
126133130120105 90 79 76 81 95113133149158157146126101 75 56 45 46 57 7618 126NK 114133132515999999999999999 653 762027 4499999999999999
 98118132136131120105 93 85 86 96112132150161162152130102 71 45 29 27 3818 127NK 258136143716399999999999999 823 852141 2699999999999999
 60 88116137148147135118101 88 85 93109131153169172161136101 63 31 10  718 128NK 424149154517399999999999999 948 852242  699999999999999
 20 48 84120148162161147125102 85 79 87107134161180184170139 97 52 14 -818 129NK 5271641645184999999999999991055 792336-1299999999999999
-10  8 44 88130162176173153124 96 76 70 82107140171192194176139 90 39 -218 130NK 6171771738196999999999999991150 70999999999999999999999
-23-21  5 48 98144175187177151117 85 65 63 79110148182202201177133 79 2618 131NK 7 2187182820499999999999999 024-251237 6199999999999999
-13-30-21 12 60113158186191174142104 72 55 58 80116156189206200170122 6618 2 1NK 743192191520799999999999999 1 9-311322 5499999999999999
 15-18-28-11 28 79131171191188165128 89 60 48 57 8412216219220319115710818 2 2NK 82219320 020399999999999999 151-2814 5 4899999999999999
 55 11-15-15  8 50101147179190179150112 76 52 46 60 9012716318719217514018 2 3NK 859190204419399999999999999 232-181447 4699999999999999
 94 48 13 -2  6 34 76122160181183165133 97 66 49 49 66 9512915917617515618 2 4NK 934185212817899999999999999 310 -21530 4799999999999999
123 83 47 23 18 32 62100138166177171149118 86 62 50 54 72 9812614915915518 2 5NK10 9177221416099999999999999 346 171615 5099999999999999
137109 78 52 39 41 58 86119147165168157135107 80 62 54 60 75 9711813514218 2 6NK104416923 714299999999999999 422 3817 4 5499999999999999
137123102 80 64 58 64 81105129149159157145125101 79 65 59 63 74 9010712018 2 7NK1123160999999999999999999999 5 0 5818 5 5999999999999999
126124115102 89 79 77 83 96114131145151148137120100 81 68 61 61 69 81 9518 2 8NK 016126121115199999999999999 546 771924 6099999999999999
107116119116109101 94 91 95103115128139144143134120102 83 68 58 55 60 7018 2 9NK 2 1119131714599999999999999 658 912053 5599999999999999
 85100113121124120112104 99 98102112124135142143137123103 82 63 50 45 4918 210NK 350124143814499999999999999 841 9722 4 4599999999999999
 61 80101119131135131120108 98 94 97107121135146148142125102 76 53 37 3318 211NK 45713515481499999999999999910 6 942254 3399999999999999
 40 58 83109131144146137121104 91 86 91105124142154156146124 95 64 39 2418 212NK 54014616401579999999999999911 0 862333 2199999999999999
 23 36 62 93123146156152137115 94 80 78 88108132153165163147118 82 48 2318 213NK 6141561722166999999999999991141 77999999999999999999999
 12 18 41 74110141160164152129102 80 69 73 90117146167175166141105 64 3018 214NK 643164175917599999999999999 0 8 121215 6899999999999999
  9  6 22 53 92130158170165144114 85 65 61 73 99131161179180163129 87 4518 215NK 710171183418299999999999999 039  51246 6099999999999999
 14  1  8 34 73115151172174158129 96 68 54 58 79112147174187179152112 6718 216NK 73717519 718799999999999999 1 9  11317 5399999999999999
 28  5  2 20 54 97138168179170145110 77 54 48 61 89126160183187170136 9218 217NK 8 4179194218899999999999999 138  01349 4799999999999999
 49 17  3 11 39 79122158178178160127 91 60 44 47 6710113816918518015611818 218NK 831181201718699999999999999 2 8  31422 4399999999999999
 74 37 14 11 29 63104143171181171144108 73 48 40 50 7611214717117916814018 219NK 859181205518099999999999999 238 101457 4099999999999999
101 63 33 20 27 52 88126158176176158127 91 60 42 40 56 8411814816716915318 220NK 929179213617099999999999999 3 9 201535 3999999999999999
125 90 59 39 35 48 75109142165174166144112 79 53 40 43 60 8811814315615518 221NK10 1174222515799999999999999 343 341619 3999999999999999
140115 87 64 52 54 70 95124149165167155132102 74 52 42 46 62 8511113114218 222NK1039168232714499999999999999 421 511713 4299999999999999
142130112 92 76 70 74 88108130149159159147126100 74 54 44 45 57 76 9811718 223NK1127161999999999999999999999 5 8 691823 4399999999999999
129133129117104 93 87 89 98112129144153153144127104 79 58 44 40 46 61 8218 224NK 055133123415499999999999999 616 871953 4099999999999999
103121132134130120109100 96 99108122136148153149135113 86 60 39 29 31 4418 225NK 25013414 615399999999999999 8 4 962121 2899999999999999
 67 94119138147145135120105 94 92 98113131149160161148124 91 57 29 14 1418 226NK 420147153216299999999999999 946 922230 1299999999999999
 30 58 92126150162160145123100 84 79 87106131156173175161131 91 50 16 -118 227NK 5191631640176999999999999991054 792324 -399999999999999
  1 22 58100139166177169146116 87 68 64 77103136167187188169133 85 39  318 228NK 6 41771735190999999999999991145 64999999999999999999999
-13 -5 24 67115156182186170139102 70 52 52 72106145179198196170127 75 2718 3 1NK 642187182320099999999999999 011-131228 4999999999999999
 -6-16 -1 36 85135174192188163124 83 52 38 46 73113156189204195163115 6218 3 2NK 71819419 820499999999999999 053-1613 9 3899999999999999
 17 -8 -9 15 58109156187195181147104 64 37 30 46 7912316419320118514910018 3 3NK 752196195020199999999999999 132-121347 3099999999999999
 51 14 -1  8 39 85133172192190165126 83 48 28 30 52 8913116818918916813018 3 4NK 823194203119299999999999999 2 8 -11425 2699999999999999
 85 45 19 15 33 68112153181189176145105 66 38 27 36 62 9913616517817214818 3 5NK 853189211117899999999999999 241 1415 2 2799999999999999
113 75 46 32 37 60 96133164180178158125 87 55 35 32 46 7310513615616215318 3 6NK 922182215216399999999999999 313 311540 3199999999999999
130100 73 54 50 62 86117147167172162139107 76 51 39 42 57 8110713014414518 3 7NK 951173223814699999999999999 345 491620 3899999999999999
135117 95 77 68 70 84106130150161159146123 96 72 54 47 51 65 8410412013018 3 8NK1023162233513199999999999999 418 6717 7 4799999999999999
131124111 98 87 83 88100117133146150146133114 93 74 61 55 58 67 81 9611018 3 9NK11 1150999999999999999999999 457 8318 9 5599999999999999
118122120114106100 97100107118129137140136127112 96 80 68 60 59 64 74 8718 310NK 1 6122115814099999999999999 6 0 971940 5999999999999999
101112120124122117111106104106112120128133133128117102 86 71 59 54 56 6518 311NK 310124133513399999999999999 7591042114 5499999999999999
 80 97114127134133127117106100 98102112123132137135125109 88 68 52 45 4718 312NK 427134151313799999999999999 945 982218 4499999999999999
 58 78101123139146143131115 99 89 87 94108125140147145132110 84 59 41 3318 313NK 5101461618148999999999999991042 8623 3 3399999999999999
 39 57 84113138154156147127104 85 75 77 90111135153160154135106 73 45 2718 314NK 54215717 4160999999999999991121 742340 2499999999999999
 25 38 64 98131156167161142115 88 68 62 71 93122150168172158131 94 58 3018 315NK 6101671743172999999999999991154 62999999999999999999999
 17 22 45 80119152172174158130 96 67 51 53 72102137166181178156119 78 4118 316NK 637175181918299999999999999 012 161225 5099999999999999
 17 13 29 62103143172183173146110 73 47 39 50 78117154181190177146103 6018 317NK 7 2183185419099999999999999 042 121256 3899999999999999
 27 12 18 45 85129165185185164127 86 51 31 32 53 90132169190190169131 8618 318NK 728188193019399999999999999 112 121327 2999999999999999
 46 21 16 33 68111153182191178147105 63 32 21 32 6210314617819218415611518 319NK 75519120 819299999999999999 143 1514 1 2199999999999999
 72 39 23 29 55 93136171189187164126 82 44 21 18 37 7311515418018617114018 320NK 824191204718799999999999999 214 231436 1799999999999999
101 65 41 35 49 79117154180188176146105 64 32 17 22 46 8212215517417415718 321NK 854188213117799999999999999 247 351515 1699999999999999
127 93 65 51 53 72102135164180179160128 90 54 29 20 29 54 8812214916216018 322NK 926182222116399999999999999 322 501558 2099999999999999
144119 93 74 67 73 92118145165173166146116 82 52 33 27 37 59 8711513714818 323NK10 4173232414999999999999999 4 1 671650 2799999999999999
147136118100 88 84 91106125144157161154136111 83 58 41 35 41 57 8010412318 324NK1052161999999999999999999999 450 841759 3599999999999999
136140135125113103 99101110122136146151147135116 92 69 51 40 40 50 68 9018 325NK 05414012 515199999999999999 6 8 991930 3999999999999999
112129140142136126115106102104112123135145148142127106 80 57 40 34 40 5618 326NK 245142135314899999999999999 81210221 2 3499999999999999
 80107131148154150137120104 93 90 96110129146156155142119 88 58 35 24 2818 327NK 4 5154152815799999999999999 949 902213 2499999999999999
 47 77111141161168160141116 92 76 72 82102128153169171156127 90 53 26 1418 328NK 4571681636172999999999999991048 7223 6 1499999999999999
 22 47 83123157177179164136103 74 56 55 71100135165184183164128 85 44 1718 329NK 5381801730186999999999999991134 542351  999999999999999
  9 23 55 98142175190184159122 83 52 38 44 68105145178195189163121 75 3518 330NK 6131901816195999999999999991214 37999999999999999999999
 12 12 34 74120162189195179144101 60 33 25 39 72115157188199187154110 6418 331NK 646196185919999999999999999 031  91251 2599999999999999
 29 15 24 54 98144180197192165123 78 40 19 21 43 82127167192195176140 9618 4 1NK 716198193919799999999999999 1 7 151326 1799999999999999
 55 30 26 44 80124164190196179144 99 56 25 14 24 54 9513817218918416012318 4 2NK 745197201819099999999999999 141 2514 1 1499999999999999
 84 52 38 44 69106146177192186160120 77 40 18 17 35 6810814517117916814318 4 3NK 812192205617999999999999999 212 371434 1599999999999999
109 77 56 52 66 94129161181184169137 98 60 32 20 27 49 8211814716416515118 4 4NK 839185213416799999999999999 243 5115 8 2099999999999999
127 99 77 66 70 88115144167176170149117 82 51 32 28 40 63 9312214315415118 4 5NK 9 7176221615499999999999999 314 651544 2899999999999999
137117 97 82 79 87106129150163165153131102 73 51 39 40 53 74 9812013614218 4 6NK 93716623 714299999999999999 347 791624 3899999999999999
139128113100 92 93101116133147154151138118 95 73 57 49 52 63 79 9811512718 4 7NK1012154999999999999999999999 427 911715 4999999999999999
133132126117108103103109119129138142138128113 96 79 66 59 60 67 79 9410818 4 8NK 02013311 214299999999999999 5281021827 5999999999999999
121129132130124117111108109113120127132132126116102 88 74 65 62 65 74 8818 4 9NK 2 4132123013299999999999999 71710720 2 6299999999999999
104120132138139133123112104101103110119127133132125112 95 78 65 57 58 6818 410NK 331139142513399999999999999 9 81012123 5799999999999999
 85105126141149148138123106 94 88 91101116131141143136120 98 76 58 49 5218 411NK 4211501544143999999999999991010 882218 4999999999999999
 65 88114139156161154137114 92 77 73 81 98121141155156145123 95 68 48 4118 412NK 4571611637157999999999999991051 7323 0 4199999999999999
 48 69 98130156171170154127 97 72 58 60 76102132157170167149119 85 56 3818 413NK 5261721720171999999999999991125 572336 3499999999999999
 36 51 81117151175182171145109 75 50 41 51 78113148174183174147110 73 4418 414NK 5541821759183999999999999991157 41999999999999999999999
 31 38 63100140172190187164127 85 49 29 29 50 86128165188191173139 98 6118 415NK 622191183819399999999999999 010 311230 2699999999999999
 37 32 48 81123163190197182148104 59 26 13 23 54 98143179197192167128 8618 416NK 650198191719899999999999999 043 3113 4 1399999999999999
 53 36 41 66104147182200196170127 79 36  9  6 25 6311115618719818615611618 417NK 720201195819899999999999999 117 351339  499999999999999
 78 51 44 57 88127166193201186152105 57 19  1  6 33 7512216218719217614418 418NK 751201204219399999999999999 151 441418  099999999999999
107 76 58 58 77109146178195193171133 86 43 12  2 13 43 8412716218118116318 419NK 824197212918399999999999999 228 551459  299999999999999
134104 80 69 76 96126157180189180154117 75 38 14 10 23 53 9012715617016818 420NK 9 1189222317199999999999999 3 7 691545  999999999999999
153129106 89 84 92111135158174177166141107 72 42 24 21 34 59 9112214515818 421NK 944178232815999999999999999 353 841639 2099999999999999
158147130113101 97103117135151162164154134107 78 53 37 33 42 62 8711313518 422NK1038164999999999999999999999 451 971747 3399999999999999
149153147136122111106106114126138148152148135114 90 67 50 42 46 60 8110618 423NK 05315312 015299999999999999 6211051912 4299999999999999
129146154154145131117106100102111123137147149143127104 80 59 46 45 55 7618 424NK 224155134915099999999999999 8141002037 4499999999999999
102129150162163153135115 97 87 85 94111131148157155141117 88 62 45 42 5218 425NK 333164152015899999999999999 936 852146 4199999999999999
 75106137161174172157132105 81 68 67 80104131155169168152124 91 61 42 3918 426NK 4231751627170999999999999991031 662240 3999999999999999
 53 81117151176185177154121 87 61 48 52 72104138166181178157124 87 57 4018 427NK 5 31851720182999999999999991115 482325 3899999999999999
 41 61 95134168189192175143103 66 40 32 44 72110149177189181155118 81 5218 428NK 53819318 6189999999999999991154 32999999999999999999999
 41 49 76114153184198190164124 80 44 23 23 44 79122161186192178147109 7318 429NK 610198184819399999999999999 0 4 411230 2199999999999999
 51 47 64 96136172195198181145101 58 26 14 23 51 92135171190189169135 9818 430NK 640200192719299999999999999 040 4613 4 1499999999999999
 69 54 60 83118156185198191163123 77 39 15 13 31 6510714717618818015512218 5 1NK 7 819920 518899999999999999 114 541337 1199999999999999
 90 68 63 76104139171191193176142 99 57 26 13 19 44 8112115617718016714118 5 2NK 736195204218199999999999999 146 631410 1299999999999999
111 85 73 76 95124155179189181156120 79 44 22 18 32 61 9713215917217015318 5 3NK 8 4189211917399999999999999 218 721443 1799999999999999
129104 86 81 90112139164179180165137101 66 39 26 29 48 7610913815816415818 5 4NK 834182215916499999999999999 250 811517 2599999999999999
141120102 91 92104124146164172167148120 88 60 41 35 43 62 8911613915315618 5 5NK 9 6172224515699999999999999 326 901555 3599999999999999
148134117104 98102113130147159161153134109 83 62 49 47 56 74 9611913714718 5 6NK 944162234314999999999999999 4 9 981640 4699999999999999
149143132119110105108117130142149149141126106 85 69 59 58 66 80 9911813318 5 7NK1032150999999999999999999999 5 61051736 5799999999999999
143146143135124115109109114123132139141136124109 92 77 68 65 70 82 9811618 5 8NK 057146114514199999999999999 6311091850 6599999999999999
132144150148140129117108104106113123132137137130117101 85 73 68 70 81 9818 5 9NK 215150132613899999999999999 8 91042011 6799999999999999
117137151158155145129112 98 91 93102116131141145140127108 89 73 65 67 8018 510NK 315158145514599999999999999 920 912118 6599999999999999
100124147162168162145123100 82 75 79 94115136152157151135112 88 69 61 6518 511NK 35816816 01579999999999999910 8 752210 6199999999999999
 82108137162177178164139108 80 61 57 67 90119147166172162140111 83 63 5718 512NK 4341791651172999999999999991048 572254 5799999999999999
 66 90121154179190183159125 87 56 39 41 60 93130162182184168140106 76 5818 513NK 5 71901737185999999999999991125 382334 5599999999999999
 56 73103140174195198181147104 62 32 20 30 59100143177195192170136 99 7018 514NK 53919918211969999999999999912 2 20999999999999999999999
 56 62 85121160191206200173130 81 38 11  7 26 64111156189202193166129 9318 515NK 61320719 520299999999999999 013 561241  599999999999999
 67 60 72102140178204211195158109 58 18 -3  1 28 7212216619520318915912218 516NK 648211195120399999999999999 052 601321 -499999999999999
 89 70 69 87119157191209207183142 90 42  6 -7  3 36 8213117119519818115118 517NK 725211203820099999999999999 132 6714 3 -799999999999999
117 90 76 81102134169196207198169126 77 33  4 -3 12 46 9113617119018917218 518NK 8 5207212819299999999999999 215 761449 -499999999999999
144115 94 86 93115144173193198185156115 70 33 10  8 24 57 9713716718218018 519NK 848199222318399999999999999 3 0 861538  699999999999999
164141117100 95103122146169184186172145109 72 41 23 22 38 6610113516017318 520NK 938187232517499999999999999 353 951633 2099999999999999
172160141121107102108122140159171173162140111 80 54 38 37 49 7310313215518 521NK1039173999999999999999999999 4581021736 3699999999999999
168169159143126111104105114129145157162156141118 92 68 53 49 58 7810413118 522NK 03517012 016299999999999999 6211031847 4999999999999999
153167170162147128111100 96102114130146155156146128105 82 65 59 64 8110618 523NK 146170133515799999999999999 752 9620 2 5999999999999999
133156171175167149127105 89 82 86 99119139155161155139115 91 72 64 69 8518 524NK 24817515 216199999999999999 9 8 822110 6499999999999999
111139164179181170148120 93 73 65 71 88113139159168164147122 96 76 67 7318 525NK 33918216111699999999999999910 6 6522 7 6799999999999999
 92120150175188186169140107 76 56 50 59 83113144167177171152124 96 76 7018 526NK 42318917 8177999999999999991053 502255 6999999999999999
 79101132163186195186162127 89 58 39 38 55 84120154177184174151121 93 7618 527NK 5 01951755184999999999999991133 362337 7299999999999999
 74 88115148177196197180148108 69 40 27 33 57 93132165185187172145114 8918 528NK 5351991837188999999999999991210 27999999999999999999999
 76 80100131164189200193168130 87 50 26 21 36 6710614617518918516513610618 529NK 6 7201191619099999999999999 015 761244 2099999999999999
 86 80 91116148178197199183150109 67 34 18 23 45 8112215818218917915512518 530NK 638201195318999999999999999 051 801318 1899999999999999
 99 85 87104132163187199192168130 88 50 25 18 31 60 9813716818418416814318 531NK 7 8199202818699999999999999 124 841350 1899999999999999
116 95 88 96118146174192194179150111 71 39 23 25 45 7711414917318217515618 6 1NK 73919521 418299999999999999 158 881423 2299999999999999
132109 95 94107131157179190185164132 94 60 36 28 37 61 9412815717317616518 6 2NK 812190214117799999999999999 232 931457 2899999999999999
146123105 97102118140163179183172149117 83 55 39 38 52 7710813816017116918 6 3NK 847183222117299999999999999 3 9 971533 3799999999999999
157138119106102109125145163174173159135106 78 57 47 51 67 9111914316016718 6 4NK 92617523 716799999999999999 3511021613 4799999999999999
163151134119108107114128144158165162148127102 79 63 57 63 7910112514616018 6 5NK1012165999999999999999999999 4421061659 5799999999999999
165160149134120110108114125139150156153142124103 84 72 68 73 8810812914818 6 6NK 0 0165111215699999999999999 5471081754 6899999999999999
161165161150135120109104108117130142150150142127110 92 80 75 80 9311213318 6 7NK 1 0165123115199999999999999 7 410419 0 7599999999999999
152165170165152134116102 95 97106121136148152148135118100 86 80 83 9611618 6 8NK 15917014 015299999999999999 818 942010 8099999999999999
138159173177170153130107 88 79 81 94114135152161158146127106 89 81 85 9918 6 9NK 252177151716199999999999999 918 792114 8199999999999999
121147170184186174150120 91 69 60 65 84110139162173171157134109 90 81 8618 610NK 33818716211749999999999999910 8 602210 8199999999999999
103130159183196193174142105 70 47 40 51 77112147174187183165137109 88 8018 611NK 4201971716187999999999999991054 4023 0 8099999999999999
 88110141173198207197170130 86 48 25 22 40 75117158187199191169137107 8618 612NK 5 020718 7199999999999999991138 212347 8199999999999999
 81 94121155188210214197162114 66 27  7 10 36 7712516919720619516813410418 613NK 5422151856206999999999999991222  6999999999999999999999
 85 84102132169201219217193150 98 48 12 -4  6 38 8413417720420919416413018 614NK 624221194421099999999999999 033 8213 7 -499999999999999
101 86 90111144180209222214184138 85 36  4 -6  9 45 9314318320520618815818 615NK 7 8223203320999999999999999 118 851353 -699999999999999
125100 89 96120153186211220207174127 76 31  4  0 18 5610315018520320118118 616NK 754220212220499999999999999 2 5 891441 -299999999999999
151121100 93103126157187207211196163119 72 34 12 12 33 6911315518519819318 617NK 843212221319899999999999999 255 931530 1099999999999999
173146119101 97107128156181198200184154114 74 43 26 29 50 8312215818319218 618NK 93620123 519299999999999999 349 971621 2599999999999999
186167142119103 99107126149171185186173147114 81 56 44 48 67 9613016018018 619NK1036187999999999999999999999 449 991715 4399999999999999
187181163141119104 98104118138157170173165145119 92 72 62 66 8210713616218 620NK 0 0187114617499999999999999 559 981814 6299999999999999
179185178162140118102 94 96107125143158164161147127105 87 78 80 9411614118 621NK 05718513 916499999999999999 716 931918 7799999999999999
164180184178161138115 96 85 85 95112132149160161152136116 99 90 9110212218 622NK 155185143616299999999999999 832 842025 8999999999999999
146168183187179160135109 87 74 73 83102125147162166160144125107 97 9710818 623NK 250187155416799999999999999 937 722129 9599999999999999
128152174188190179157128 98 74 61 61 74 97125151168174167150129110 9910018 624NK 3401911656174999999999999991029 592226 9899999999999999
113135160181193192177149116 84 59 48 52 71100132160177181171151128109 9918 625NK 4251951746181999999999999991114 482314 9999999999999999
103119143169190198192170137101 67 45 39 49 7410814317118618517114712310518 626NK 5 51981828188999999999999991152 392355 9999999999999999
 99107127154180198201187159122 83 51 34 35 53 8412215718219218516613911518 627NK 54120219 5192999999999999991228 32999999999999999999999
100100114138167191203199178144103 65 38 28 37 63 9913817119019318015612918 628NK 616204194019499999999999999 032 9813 1 2899999999999999
107 98104123151179199205193165126 85 51 31 29 47 7811715418119418917014418 629NK 649205201319499999999999999 1 7 981334 2899999999999999
118101 99111135163189203201181148108 69 41 30 37 61 9713516818819218115818 630NK 723204204519399999999999999 141 9814 6 2999999999999999
132110 99103120146174195202192167131 92 58 38 35 50 7911515117719018717118 7 1NK 757202211819199999999999999 215 981439 3499999999999999
146122104100109129156180195196180151115 80 53 41 46 67 9813316318318818018 7 2NK 832197215218899999999999999 251 991512 4199999999999999
160136115103103115137161181190186166137104 74 55 50 61 8411514717118418418 7 3NK 910191222918699999999999999 3301011547 5099999999999999
172152129111103106120141162178182174154127 98 74 61 62 7710113015617618418 7 4NK 95318223 918499999999999999 4141031625 6099999999999999
180166145125109103108121140158171173164146122 98 80 72 76 9111414016317818 7 5NK1044174235518399999999999999 5 510317 9 7299999999999999
183177162142122107101105117134151162166159144123104 89 84 8810312414716718 7 6NK1149166999999999999999999999 6 710118 2 8499999999999999
180183176160139118102 95 97108124142156162159148131113100 94 9811113015218 7 7NK 048183131116299999999999999 717 9419 7 9499999999999999
171183186178160137113 93 83 83 9411313415216416515714212511010210411513418 7 8NK 145186143816699999999999999 827 82202010199999999999999
156176189192182161133104 80 66 66 7910212915417117617015413411610610511618 7 9NK 242193155717699999999999999 931 64213110499999999999999
136161184198200187161127 91 62 46 47 64 9412816018118918316414111910510518 710NK 33820117 1189999999999999991027 45223410399999999999999
117140168194209209192159118 76 43 27 31 54 9013216919420219317014211710218 711NK 4302121757202999999999999991119 26232910099999999999999
103118146178205221217194155107 60 26 11 19 49 9213918020521119817113911218 712NK 52022218472129999999999999912 8 11999999999999999999999
 98101121152187216229222193148 95 46 13  2 16 51 9915019121421619816713218 713NK 610230193521899999999999999 020 971256  299999999999999
106 94101124159196224234222188139 84 36  6  1 20 6011116120021821519215818 714NK 659234202021999999999999999 1 8 941343  099999999999999
124 99 91102129165201226232216180129 76 32  8  9 33 7512617220521820918318 715NK 74823321 421899999999999999 156 911429  599999999999999
148116 94 90104132168201222225206168120 72 36 18 24 52 9414118120721320018 716NK 837226214821499999999999999 244 891515 1899999999999999
172139109 92 91106134167196212212192157114 74 46 36 46 7411315418720520618 717NK 928214223120899999999999999 334 891559 3699999999999999
189162131105 91 92107132161185198196178148113 81 61 57 70 9613116418920118 718NK1022199231520199999999999999 426 901644 5699999999999999
197180154126104 92 93106127151171182180166143116 93 79 79 9211514317018818 719NK1123183999999999999999999999 525 911732 7799999999999999
195189172148124104 93 92102119139156167168159143124107 97 9810912815017118 720NK 0 2195123716999999999999999 632 911826 9699999999999999
186190184168146123103 91 88 9510912614415616215914813412111211212013515318 721NK 05519014 716299999999999999 748 88193411199999999999999
171183187181166145122101 86 81 85 9811713615316316415714513112211912413718 722NK 155187153716499999999999999 9 3 81205111999999999999999
154171183188182166144118 94 78 71 76 9011213615616917216515213612412012418 723NK 25718816461729999999999999910 5 7122 212099999999999999
137155173187191184165139110 84 66 61 68 8811514316617918117115413512111618 724NK 3531911737182999999999999991055 60225711699999999999999
122138159179193195185162130 98 70 54 52 66 9212415517818918617114912811418 725NK 4421961816190999999999999991136 51234111199999999999999
112122142167188201199182153117 82 56 44 49 7010213817019019618616514011818 726NK 5232021850196999999999999991212 44999999999999999999999
107110126151178199207199175140100 66 44 39 53 8111915618519919718015312718 727NK 6 1207192120099999999999999 0181061245 3999999999999999
108102112134164191208210194163123 83 52 37 41 64 9913817419620319216813918 728NK 636211195120399999999999999 0521021317 3699999999999999
113 99101118146177202213207183146104 67 43 37 51 8112015918920320018115318 729NK 7 9213201920499999999999999 124 981347 3799999999999999
124102 95104128159189209212198168128 87 56 41 45 6710214217619920419216818 730NK 743213204820499999999999999 156 951417 4099999999999999
137111 95 95111138170196210206185150111 75 52 46 59 8812516119020320018118 731NK 818210211720499999999999999 230 931448 4699999999999999
153124101 92 99119148177198205194169134 98 70 55 59 7811014517719720219118 8 1NK 854205214820299999999999999 3 5 921519 5499999999999999
168140113 96 92103126154179194195181155122 92 72 66 75 9913016118619919718 8 2NK 934197222220099999999999999 344 921552 6599999999999999
181157129106 93 94107129154175186184169145117 94 80 80 9411714517219019718 8 3NK102118723 019799999999999999 428 921630 7999999999999999
190172148122102 92 94107127149167176174161141120102 94 9611013115517619018 8 4NK1119177234619499999999999999 521 911716 9399999999999999
193185167143119100 89 9010111913915716716816014512911510811112213915917718 8 5NK1235169999999999999999999999 626 88181610899999999999999
189191183166143118 97 84 81 9010612714716216816615614212912112012714115918 8 6NK 044192141216899999999999999 743 81193711999999999999999
176189193187170145117 92 74 68 74 9111514016217417717015614012812212613818 8 7NK 154193154417799999999999999 9 1 6821 712299999999999999
156176193200195177149115 84 60 50 56 7610613916718619118416714612811812018 8 8NK 3 720016541919999999999999910 8 50222211799999999999999
133155180201211206185151111 72 44 32 40 6610314317820020519417214512110918 8 9NK 41221117482069999999999999911 6 32232110899999999999999
112128156187212224217192151103 59 28 18 30 6310715419221421519916913611018 810NK 5102241835217999999999999991157 18999999999999999999999
 98104126160196224235225193146 93 46 16 11 30 6911916920622421919516012318 811NK 6 2235191722599999999999999 011 981244 1099999999999999
 97 88 99127166205233241226189137 82 37 12 13 39 8413618521822821618514618 812NK 652241195722899999999999999 057 881328  999999999999999
109 85 81 98131172211236240219179126 74 34 17 26 5710515619922422620617118 813NK 739241203522899999999999999 142 801410 1799999999999999
130 96 77 79100136177212232230206165115 70 40 31 47 8212817420822421719218 814NK 826234211222499999999999999 226 751451 3199999999999999
155116 87 74 81104140177206220215190151109 73 52 53 7310815018721121720418 815NK 913221214821799999999999999 310 741529 5099999999999999
176140106 83 76 86109141172195204196173140107 82 71 7810013116519320820618 816NK10 1204222420999999999999999 356 7616 8 7199999999999999
189161130102 84 81 91112138163180186178160135112 96 9210212214817419219918 817NK105518623 319999999999999999 445 801647 9299999999999999
194176151125102 89 86 9511113215116517016515313712211311212113715617418618 818NK12 2170234919099999999999999 542 86173411199999999999999
190183167147124105 93 90 9510612213915215916015414413412712613214315617018 819NK1335160999999999999999999999 654 90184112699999999999999
179182177164147127109 95 89 90 9811212914515616216115514613713313414115218 820NK 052182152016299999999999999 820 88201913399999999999999
164174179176166150130109 92 82 81 9010512514516117017116415214013213013518 821NK 212179163317299999999999999 937 81214713099999999999999
146161173181181171152129104 84 72 72 8310312815317218118016815213512412218 822NK 3271821720182999999999999991033 71224512199999999999999
129144163179189188175151123 94 72 61 65 8210813916718519118416614412411318 823NK 4241901756191999999999999991116 61232711299999999999999
114127147171190199193174145111 79 59 53 63 8812115518319819718115713011118 824NK 5 91991826199999999999999991152 52999999999999999999999
103110130157184202207195168132 94 64 48 50 6910214017419820519517114111418 825NK 547207185420599999999999999 0 11031224 4699999999999999
 97 97112139171198213210190155115 77 51 43 55 8312216219320820518515512218 826NK 622214192020999999999999999 033 951254 4399999999999999
 97 88 95119153186210218207178138 96 62 44 47 6910514618320721219817013518 827NK 655218194621399999999999999 1 3 881323 4399999999999999
103 84 83100131167199218217197161119 80 53 46 59 8912917020021420818515018 828NK 728220201221499999999999999 134 811351 4699999999999999
115 88 77 84109144180207218209182143102 69 53 56 7811415418921021319716718 829NK 8 3218203921499999999999999 2 6 761420 5299999999999999
131 98 77 74 90119155188209212196165127 91 67 61 7310113817420121320518218 830NK 83921321 721399999999999999 239 731450 6199999999999999
149113 86 72 77 97129162190204200181150116 88 74 76 9412415818820620819318 831NK 918205213720999999999999999 315 721522 7399999999999999
166133101 80 72 81104134163185194187167140113 94 87 9511514317119320319818 9 1NK10 3194221220399999999999999 356 721558 8799999999999999
181153122 96 79 75 8510613315817518117515913811910610411313115417619119618 9 2NK1059181225519699999999999999 445 75164110399999999999999
189171146119 96 81 77 8610312514716317016815814413012112012714015717318518 9 3NK1216171235518999999999999999 547 77174111999999999999999
189183168147122100 83 76 80 9311213315216416816515614513513013214015216618 9 4NK14 2168999999999999999999999 7 9 76191713099999999999999
179185184173154130105 83 70 69 78 9712114516517617817115814413312813214318 9 5NK 121186154017899999999999999 839 6821 512899999999999999
159175188192185166139107 79 59 53 62 8411414617318919318316514412611711918 9 6NK 253192164519399999999999999 954 53222011699999999999999
132153177197206200178144105 70 45 38 49 7711515518720520619116513611210118 9 7NK 4 72061733207999999999999991053 38231510099999999999999
105124153185210221213186145 99 58 32 27 44 80126170204219213189155120 9418 9 8NK 5 62211814219999999999999991143 26999999999999999999999
 84 94120157195224233221187139 88 46 23 25 50 9314318921922721218013810018 9 9NK 557233185122799999999999999 0 0 841227 2199999999999999
 75 71 88122165206233239220181129 78 39 23 33 6611416520622922720316311818 910NK 644240192623199999999999999 043 7013 8 2399999999999999
 81 61 64 88128174213236236211168117 70 40 33 51 9013818521923021818614218 911NK 729239195923099999999999999 123 601346 3299999999999999
 98 66 54 64 94136180215231224196153106 68 48 52 7611716220122322320216518 912NK 813231203122699999999999999 2 3 541422 4799999999999999
122 83 59 54 71103143182209218206177139101 74 65 7610414218020821820918318 913NK 85621821 321899999999999999 242 531457 6599999999999999
145106 75 59 61 80112147178198200187161129102 86 8510112816118920620719118 914NK 940201213420899999999999999 322 571531 8399999999999999
163129 97 74 65 71 9111814717018318217014912710910110612314617018919619118 915NK102818422 719799999999999999 4 4 6516 710199999999999999
174148120 95 79 75 82 9812014115916816715914513112011812413715417018118418 916NK1128169224718499999999999999 452 74164911899999999999999
177161140118100 87 84 8910011613314715615915514813913313013414215216317018 917NK1256159234517299999999999999 555 84175513099999999999999
172167156140123107 95 89 90 9710912413915015815915614914213713513814515318 918NK1448160999999999999999999999 722 89195113599999999999999
160165164157145130113 98 89 86 9010211813615316416816515714513512912813418 919NK 12216516 516899999999999999 854 86213112899999999999999
145156165168164153135115 96 82 77 82 9711814116217517917215814112511711718 920NK 3 016816501799999999999999910 0 77222811699999999999999
126142159172178174159136110 87 71 68 77 9812515417618818617315112811010318 921NK 4 51781723189999999999999991047 6723 710399999999999999
108124146169185190181160130 99 74 60 62 79107140171192197187165137110 9418 922NK 4521901752197999999999999991124 592339 9099999999999999
 91104128157183199199183153118 84 60 53 63 89124161190204200180149116 9018 923NK 5302011818205999999999999991156 53999999999999999999999
 79 85107139173199210202177140101 69 51 52 73107147183206210195164127 9318 924NK 6 5210184321199999999999999 010 781226 4999999999999999
 72 69 85117155190212215198165123 84 57 49 61 9113117220221520718114310318 925NK 63921619 821599999999999999 039 671254 4999999999999999
 72 58 65 92130171203219213187148106 72 53 56 7811515719321521619616111818 926NK 713219193321899999999999999 1 9 581323 5299999999999999
 80 56 52 69103145185211218203172131 93 66 58 7110114017920821820817813718 927NK 74921820 021899999999999999 141 501353 5899999999999999
 95 62 47 52 77116158192211210190156118 86 69 71 9112516219521321219315818 928NK 826213202921599999999999999 214 461424 6899999999999999
116 78 52 45 58 88127165193204198175143111 88 80 8911314517720120920017518 929NK 9 720521 020999999999999999 250 451457 8099999999999999
139101 68 50 50 67 97132164186193184162136112 97 9610913215918319820018618 930NK 954193213520199999999999999 331 481534 9599999999999999
160126 93 68 55 58 741011311581751791721561361201111131241431631801891871810 1NK1052180221919099999999999999 420 54162011099999999999999
174151123 95 74 63 65 78 991231461621691661561431321251251321441591711781810 2NK1212169232517999999999999999 522 62172912499999999999999
177168150128104 83 71 68 75 911121341521641681641551441351301301371471591810 3NK1359168999999999999999999999 647 67192412999999999999999
169173170159140116 93 74 65 66 791001251491671771761671531371251191221321810 4NK 1 8173152717899999999999999 822 64211111999999999999999
148165177181173154127 98 73 57 55 68 921231541781901891751531301101011041810 5NK 251181162419199999999999999 938 54221610199999999999999
119142167187196189167134 98 66 47 45 61 92130167193204198176145113 90 801810 6NK 4 419617 7204999999999999991036 4423 4 8099999999999999
 88110142176201211201174134 92 57 39 41 64102145184209214199167128 91 681810 7NK 5 12111744215999999999999991123 372346 6299999999999999
 62 77108149187214222207173128 83 49 36 45 76120166203221217191150105 681810 8NK 55022218192229999999999999912 5 35999999999999999999999
 48 50 74113159199223225204165117 74 46 41 59 96143187217225209174128 821810 9NK 635227185122599999999999999 025 461244 4099999999999999
 49 36 47 78122169206225220193152106 69 50 54 80121166203222219194152104181010NK 718226192222499999999999999 1 3 361319 4999999999999999
 62 36 33 51 88134177208219208178137 98 70 62 74105145184211219205172128181011NK 759219195121999999999999999 139 311354 6199999999999999
 83 49 33 38 63101144181203206191161125 95 77 78 97129164194210207185149181012NK 840208202121199999999999999 215 321427 7699999999999999
107 69 44 37 49 77113150179193190173146118 97 90 98119147175195201189164181013NK 921194205020199999999999999 251 3715 0 9099999999999999
129 93 64 48 48 64 91122151172180174159137118105104115134157177188186171181014NK10 5180212118999999999999999 329 46153510399999999999999
145115 87 66 58 62 77100126148162167162150135122115117127142158171175170181015NK1058167215817599999999999999 410 57161811599999999999999
155134110 89 75 69 74 87105124141153157155148138130125126132142152159162181016NK1211157225016299999999999999 5 1 69172212599999999999999
157146130112 96 85 80 82 90103119134146154155152145137131127129134141147181017NK1350155999999999999999999999 613 79191312799999999999999
151150145134120106 93 85 83 88 99114130146157162160152141130121119122129181018NK 022151151216299999999999999 748 83205911999999999999999
139147152150143129113 97 84 79 82 94112133152166171167154137121109105109181019NK 21815216 317199999999999999 9 8 79215810599999999999999
121136151160161152136114 94 78 72 77 93116142164178180170150126105 92 90181020NK 33516216391819999999999999910 4 722238 8999999999999999
100119142162173173160137110 85 69 65 76 98128158180190185165137107 84 74181021NK 42717417 8190999999999999991045 652311 7499999999999999
 79 98125154177187181161131 99 73 60 63 81112147177196197181152116 83 63181022NK 5 91871735199999999999999991120 592342 5899999999999999
 59 73102138171193197184156120 86 63 56 67 95132169196206197169131 90 59181023NK 54619818 2206999999999999991153 56999999999999999999999
 44 50 75113154188205202181146107 74 57 59 80115155190210209188150105 64181024NK 622206182821299999999999999 013 441224 5599999999999999
 37 32 49 84128171201211200171132 94 67 58 70 99138178206215203170125 78181025NK 659211185621599999999999999 044 311256 5899999999999999
 41 23 27 54 96143183207210192158119 85 66 67 87121160194214212189149101181026NK 737212192621699999999999999 118 211328 6499999999999999
 56 26 17 31 64109155190207202180145110 83 73 82106141177203212201171128181027NK 818207195821299999999999999 154 1714 3 7399999999999999
 81 42 20 19 39 76119160189199191167136107 88 85 99125156185202203185153181028NK 9 2199203320599999999999999 232 171440 8499999999999999
111 70 38 23 28 51 86125159182188178157131110 98100114137163184194189170181029NK 952188211319499999999999999 316 231523 9799999999999999
139102 68 43 33 39 60 91124153171176168152133117109112123141160175181175181030NK105217622 318199999999999999 4 6 33161610999999999999999
158133103 74 54 45 50 66 91119144161167164154139127119118124136149161167181031NK1210168231716899999999999999 5 9 45173611799999999999999
165154135111 87 67 56 56 68 871111351541651671601481341221161161221341461811 1NK1340167999999999999999999999 629 55192911599999999999999
157161157144124101 79 64 58 65 821061321551701751691551361181051001041171811 2NK 1 4161145617599999999999999 757 5821 110099999999999999
135152164167158139113 86 66 56 61 78105135162180185176156130105 86 79 861811 3NK 244167155118599999999999999 912 5622 2 7999999999999999
104129154173180172150120 88 64 53 58 79111146176193194179150116 85 64 591811 4NK 3571801634196999999999999991011 532249 5999999999999999
 70 96130162185193182155120 85 60 51 60 87124162191204198173136 96 62 431811 5NK 4541931711204999999999999991059 512330 4099999999999999
 43 62 96137173197201186154115 80 57 53 69102142179204210194160116 72 401811 6NK 5432021745210999999999999991141 52999999999999999999999
 26 34 62103147184204203182147107 74 57 61 84121162195212207181139 92 501811 7NK 627206181721399999999999999 0 8 261219 5699999999999999
 23 18 35 70115159192206198172135 98 72 63 75104142179205211196161115 691811 8NK 7 9206184821199999999999999 044 171255 6399999999999999
 32 14 18 43 83129169195201188159123 92 74 74 93124160191206202178138 921811 9NK 749202191820799999999999999 119 131329 7199999999999999
 50 22 14 27 58 99141174192191173144113 90 80 88111142173194200186156115181110NK 827194194720099999999999999 153 1414 2 8099999999999999
 73 39 21 22 41 74113149175185178158132107 92 90103127154178190187167135181111NK 9 6185201719199999999999999 227 191436 8999999999999999
 97 62 37 28 35 58 90124153170174165146124106 98101116137159175180170148181112NK 946175205018099999999999999 3 2 281513 9799999999999999
118 85 58 42 39 51 74102130152163164154138121109105110124141157167166154181113NK1031165212716899999999999999 339 38155510599999999999999
133107 82 61 51 53 65 85109131148156156148136123114111116126138149155153181114NK1127157221415599999999999999 422 50165311199999999999999
142125104 85 70 63 65 75 92111129144152153147138127118114115121129138143181115NK1238153232614399999999999999 517 62181811399999999999999
142136123108 92 79 73 73 80 93110128142152155151142130118110107110118127181116NK1356155999999999999999999999 628 72195810799999999999999
135138136128116101 88 78 76 81 93110129146157161157145128112 99 94 96106181117NK 111138145716199999999999999 751 762111 9499999999999999
119132142144138125108 91 79 74 79 92112135155167169161143120 98 83 77 83181118NK 246144154217099999999999999 9 1 742159 7799999999999999
 98118138151155148132111 90 75 70 77 95120147168179176159133103 78 62 60181119NK 351155161717999999999999999 955 702237 5999999999999999
 73 96124149165168157135108 84 69 67 80104134163183189177151116 81 53 41181120NK 4411681649189999999999999991038 662312 4099999999999999
 46 68101136164179178161133102 77 64 68 87118153181197193172135 93 54 29181121NK 5251811720198999999999999991117 632346 2399999999999999
 23 38 70111151180191184160126 93 70 63 74101136172197205191159114 67 29181122NK 6 61911752205999999999999991154 63999999999999999999999
  9 12 37 78124166192198184154118 86 67 67 85117156189208206182140 90 42181123NK 647198182521099999999999999 022  81231 6499999999999999
  9 -3  9 42 89138177198198178145109 81 69 75100135172200211200167120 69181124NK 72920119 021199999999999999 1 0 -313 9 6899999999999999
 24 -3 -7 13 52101148183198193169136103 81 75 87115150182204206188151103181125NK 813199193820899999999999999 139 -91349 7599999999999999
 53 14 -6 -3 22 63111153183193183159129101 85 84100127158185199196174136181126NK 9 0193201920099999999999999 222 -71432 8299999999999999
 90 46 14  0  8 35 74117154178184173151125103 91 93109133159180189182160181127NK 95118421 518999999999999999 3 8  01520 9099999999999999
125 84 47 22 13 22 47 82120151170175166147125107 98100112132152169175169181128NK104817522 117599999999999999 359 131619 9799999999999999
149120 87 56 35 28 36 58 88119147164169162146128111101101109123139153161181129NK1153169231416199999999999999 457 28173510099999999999999
158144122 95 69 50 43 48 65 90118143160167162149131113100 95 98108123138181130NK13 4167999999999999999999999 6 5 4319 9 9599999999999999
149152145129107 84 65 55 57 70 92119143162170166152132111 93 82 82 901061812 1NK 049152141117099999999999999 721 542034 8199999999999999
125142152151139119 96 76 63 62 74 95122148167176171154129102 79 65 63 731812 2NK 22615315 817699999999999999 835 612139 6299999999999999
 93118141157160150130105 82 67 65 77100129157177183174152121 88 61 46 451812 3NK 345160155618399999999999999 939 642231 4399999999999999
 60 87118147165169159136108 83 68 68 82109140169186188173144106 69 41 281812 4NK 4471701637190999999999999991032 662314 2799999999999999
 32 54 87124156175177163136106 81 68 72 91121154181194189166129 87 48 221812 5NK 5381781714194999999999999991118 682353 1599999999999999
 15 27 56 95135166182180161131101 78 70 79103135168190196183152110 65 291812 6NK 6221841749197999999999999991159 70999999999999999999999
  9  9 29 65108147175186177154123 93 75 74 89117151179195193171133 88 451812 7NK 7 3186182219799999999999999 029  61236 7299999999999999
 14  2 12 40 80123159181184170143112 87 75 81102132164187194183153111 671812 8NK 740185185419499999999999999 1 4  21311 7599999999999999
 29  6  4 22 55 97137167181177158130102 83 79 91116146173188187167133 901812 9NK 816182192519099999999999999 137  21345 7999999999999999
 50 19  6 13 37 74113148171177166144118 95 83 86102128156176184175149113181210NK 851177195718499999999999999 210  61419 8299999999999999
 73 39 17 13 27 55 91127155169169154132108 91 86 94112137160174174159131181211NK 926171203117699999999999999 243 121455 8699999999999999
 96 61 35 22 25 44 73106136157165159144123104 92 91101119141158166161143181212NK10 416521 816699999999999999 317 211535 9099999999999999
116 85 57 38 32 40 61 88117141156159151136118102 94 95105122138151154147181213NK1046159215015599999999999999 354 321622 9399999999999999
130106 80 58 46 45 55 75 99124143153154146132116103 96 97105118131141143181214NK1135155224514399999999999999 435 441723 9599999999999999
136121102 81 65 56 57 68 85106127143152152145131116103 95 94 99109121130181215NK1232153999999999999999999999 525 561841 9399999999999999
134130119104 88 74 67 67 76 91110129145153154146132115 99 88 84 88 97110181216NK 0 1134133315599999999999999 627 6620 1 8499999999999999
122130130124112 97 83 75 73 80 95113133149159159149132110 90 75 69 73 85181217NK 136131143016099999999999999 740 7321 7 6999999999999999
102120133138134122106 90 79 76 82 97118140158167165151127 99 74 56 50 57181218NK 3 3138151816899999999999999 851 752157 5099999999999999
 75 99123142149146132112 93 79 75 83101125151170177170149117 83 52 34 30181219NK 41015016 117799999999999999 951 752241 3099999999999999
 44 70102133155163157139115 91 76 73 85108137164183186172142102 61 28 11181220NK 5 41631642187999999999999991042 732323 1099999999999999
 14 35 70110146169176165142113 87 72 73 89118151179195192169131 84 38  6181221NK 5521761722196999999999999991128 71999999999999999999999
 -7  2 32 75121159182184168140108 82 70 75 97130165192203193162116 64 18181222NK 63818618 320399999999999999 0 4 -71212 6999999999999999
-12-19 -2 36 84133171190187166134101 77 69 80106142177201206189152101 47181223NK 723191184520799999999999999 047-201256 6999999999999999
  2-23-23  2 44 96144178192185160126 95 74 71 86116152184204203181139 87181224NK 8 8193192920699999999999999 130-261340 7099999999999999
 35 -5-24-18 11 57107152181190178151118 90 74 75 93123157186200195169127181225NK 854190201520199999999999999 215-251426 7299999999999999
 76 29 -4-16 -5 26 70118157180184169143112 87 75 79 97125156180190182156181226NK 94118521 419099999999999999 3 1-161516 7499999999999999
116 71 31  5 -2 12 43 84126159176176161135108 86 77 81 98123149168176167181227NK1030178215917699999999999999 349 -21611 7699999999999999
144110 72 40 20 17 32 60 96131158171169154130106 87 78 80 94114136152159181228NK112117223 315999999999999999 439 161716 7799999999999999
153135108 79 53 38 38 51 75106135157167164149128105 86 76 76 85101120136181229NK1216167999999999999999999999 534 361832 7499999999999999
144143131112 89 69 57 56 67 87112137155164162148128105 84 71 66 72 85103181230NK 023145131616599999999999999 635 551955 6699999999999999
121134138133120102 84 72 70 77 94116139156165163149127102 78 61 53 57 70181231NK 158138141716699999999999999 746 692111 5399999999999999
