 66 13 -8 17 82168255324362360321260194136 98 9713519726231333632327119518 1 1O3 827366201033699999999999999 159 -81432 9399999999999999
112 38-14-27 10 89185277347380369321253183123 89 9714521327932634231825718 1 2O3 915381205634299999999999999 246-291520 8799999999999999
174 89 15-32-33 17106207298363387365309237166109 8410315923029233434230818 1 3O310 1387214234399999999999999 333-3916 5 8499999999999999
240155 72  2-36-24 38131230314369382350288217149100 8511417524330033333218 1 4O31046383222933899999999999999 418-381650 8499999999999999
291220139 61  1-25 -1 68160251324366366326264196135 95 9212818824929832318 1 5O31129372231632599999999999999 5 2-251735 8899999999999999
315270202128 61 13  1 35104188267326353341298238178126 9710314119524828818 1 6O31212354999999999999999999999 546  01821 9599999999999999
306292248188125 71 37 37 7614021127531933331327021716412310311414919523918 1 7O3 0 5306125433399999999999999 630 3219 910399999999999999
271283268231182132 91 70 7811516922627430430828624720215812511112114918718 1 8O3 057283133831099999999999999 715 6920 511199999999999999
22325026025022218614912010711514518723026628528526523219415612811512014218 1 9O3 159260142828899999999999999 8 7106211211499999999999999
17320523124424122520017215013814316219322525326826825222519115612811111118 110O3 319245152927099999999999999 914138222910999999999999999
128157190220239246238220197174159155167189217242258261248223189152120 9918 111O3 45624616422619999999999999910441552340 9599999999999999
 9611214418222024826125824121518716415516118221123825726225022218314110418 112O3 61826217492639999999999999912 7154999999999999999999999
 80 7810013918723326728327825522118515714415317821224426627025321717012118 113O3 715284184227199999999999999 035 7613 714499999999999999
 81 59 63 9514620425629230429125721417114113214818222425928027725020314818 114O3 757304192428299999999999999 120 57135113299999999999999
 94 55 40 5610216523128531631829124619514912312415219724428029327923918118 115O3 83332120 129399999999999999 159 40142811999999999999999
119 65 31 28 6212219526331333331927922416812610912516722126929930127221818 116O3 9 6333203530499999999999999 234 2515 110999999999999999
152 87 37 15 30 8015423029533333830825519414010610413719124829231129925518 117O3 93734021 831299999999999999 3 8 14153310099999999999999
190119 58 17 11 45112191266321344330285224162115 9411015821927430931428618 118O310 7344214131699999999999999 340  816 4 9499999999999999
229158 88 34  8 21 74151230297337341310254191134 97 9312618324529231630618 119O31037344221431799999999999999 411  71637 9099999999999999
264198126 63 21 13 46112192265318341327282221160112 8810114720826430231218 120O311 7342225031399999999999999 443 111710 8899999999999999
289236168101 49 22 32 81153228291328333304250190136 98 8911516822627430218 121O31138336232730599999999999999 515 211746 8899999999999999
300267209144 87 48 37 62119190256304326315276220165119 93 9613018323527518 122O31211327999999999999999999999 549 361824 9099999999999999
293283245189133 87 61 63 97154217271305313292249197148111 9410414018823418 123O3 010294124631499999999999999 626 5719 8 9499999999999999
267280266230182136101 84 94128179231272296295269228182139108 9610814018218 124O3 1 0280132829899999999999999 710 8420 1 9699999999999999
224254266256227190153125113122150190231264281277254218176137108 9410212818 125O3 2 2266142028299999999999999 8 611321 9 9499999999999999
166207240258257239211180154140141158188222250267267249218178138104 85 8518 126O3 326260153026999999999999999 9271382230 8299999999999999
106144189231259270263241210180157147153176208239261268256226184137 94 6618 127O3 5 527016532689999999999999911 71462346 5899999999999999
 59 78121175229271294293271236196161139139160196235266280271238188130 7818 128O3 62829718 8280999999999999991232136999999999999999999999
 40 28 5010217023829232332329625019915212312014719324228129928924818711818 129O3 731327191029999999999999999 051 28133511799999999999999
 55 11  0 29 9417625631835134630725018813410110414119925730232030325217818 130O3 82235320 332099999999999999 147 -11427 9899999999999999
100 31-15-21 21100194280344371355304237167110 81 9414521427832333630924618 131O3 9 7371205133799999999999999 238-241512 8099999999999999
164 80  9-33-27 30121220306364379349287213141 86 68 9515923329733834330418 2 1O3 949380213734699999999999999 324-371555 6799999999999999
232145 61 -6-37-15 55152249328374373329259183114 68 6410617725131134433718 2 2O31029380222134799999999999999 4 7-371635 6099999999999999
288211126 48 -8-23 14 94189277343371352297225152 91 60 7212419626431633818 2 3O311 637123 433899999999999999 448-241715 5899999999999999
319264188111 45  4  8 58138224298345353320260191126 78 62 8814421127031018 2 4O31142355234632199999999999999 527  01753 6299999999999999
320293237169105 54 32 51107180251306334325283224163110 77 7510716121826618 2 5O31215335999999999999999999999 6 4 321833 7199999999999999
294294264214159110 77 71 99151211265301310290247195145105 85 9212417021618 2 6O3 030298124831199999999999999 640 701915 8499999999999999
253272267240202161128109113141183227264283281257219177138110 9810713416918 2 7O3 118273132328599999999999999 72010820 4 9899999999999999
20623424924622820217615414414916919822825026025423320417214212011011513318 2 8O3 21925014 626099999999999999 810144211011099999999999999
16019021623223623021619818217217118019721623123923622320217615012711311118 2 9O3 353236151423999999999999999 934170223911099999999999999
12214517420322724224523722220318617517518419921622823222721018415412610518 210O3 54724516582329999999999999911341742359 9799999999999999
 9710613016520323726026725923821018316415916818821123224223922018815011418 211O3 6582671817243999999999999991253159999999999999999999999
 87 78 9012216821725828528927324020216614414015718722124826025322618313518 212O3 74329019 926199999999999999 057 78134013999999999999999
 92 63 58 8112718524228730930327322818014112112815820124327228026222116618 213O3 818310194928099999999999999 142 57141512099999999999999
110 64 39 46 8414621427531532530325820214911310412717322727129629326020418 214O3 849326202429999999999999999 219 38144610399999999999999
139 79 36 22 47104178251307335328288230168116 89 9814020025829931429524518 215O3 918337205731499999999999999 252 221516 8899999999999999
177107 48 15 19 65138218288334344316260193131 87 7610516423228832132128418 216O3 946345213032699999999999999 324 121547 7599999999999999
219144 75 24  7 33 98181259319348337290223155 97 66 7612519526231233231518 217O3101434922 433299999999999999 355  71617 6499999999999999
261187112 50 13 16 64141225295340348315254183118 72 58 8815122528732633118 218O31042350223833499999999999999 427  81649 5799999999999999
297232156 87 37 17 41105187263320345332282214146 90 57 6210917924830232818 219O31110346231533099999999999999 458 171723 5499999999999999
319272203133 75 39 38 79150226289329335303244177116 72 55 7613120026230518 220O31140337235532099999999999999 531 331758 5599999999999999
320298247183123 78 58 72121188252300322311269210149 98 66 63 9314821026418 221O31211322999999999999999999999 6 7 571837 6099999999999999
297303277229175128 96 88110157213262294302282238185134 94 71 7510615520818 222O3 040304124730399999999999999 647 881923 6999999999999999
253280283261224184149126123143179221256276277256219175133100 81 8410814818 223O3 136285133127999999999999999 7381222023 8099999999999999
193233260268258234206179159153162184212237254256242216181144112 89 84 9818 224O3 254269143825799999999999999 8551532148 8399999999999999
128169210244264268258236210186168164172191215235247245228199161122 90 7218 225O3 44526916222489999999999999910521632322 7199999999999999
 75100143192239274291288267234198167149149167197229253263252221175125 8018 226O3 6202921759263999999999999991230146999999999999999999999
 51 47 7212318624729532031728824319314912212214819223827429027924018211818 227O3 72332219 729099999999999999 039 45133111999999999999999
 61 24 19 52117194268323347336293235173121 9210014120025830231830024817718 228O3 81134820 031899999999999999 138 161418 9199999999999999
103 38 -1  1 49128217296350365339281211142 87 66 8914822028532934030924318 3 1O3 852366204634199999999999999 228 -61459 6699999999999999
162 82 16-16  0 65156249325369368324254176106 58 52 9416724531135034830318 3 2O3 929375212835599999999999999 311-171537 4899999999999999
227142 62  3-16 20 99194282348375354293216138 73 39 5311219227033035834118 3 3O310 437522 935899999999999999 351-161614 3899999999999999
283203120 48  3  5 58144234311359364323253175103 50 35 6913821929033835118 3 4O31036367224735299999999999999 428 -31649 3499999999999999
319255177104 45 20 43107191269328353336281209137 77 41 47 9516624030033418 3 5O311 6354232533799999999999999 5 3 201723 3899999999999999
330289225157 97 57 53 91157230291328331297237170109 65 49 7112419025229818 3 6O31135335999999999999999999999 536 501756 4999999999999999
316301258201147103 83 96139198254296312297255199143 96 68 68 9914920525318 3 7O3 0 331712 331299999999999999 6 9 831830 6499999999999999
285291271233189150123118138177222261284284260219173130 98 84 9312316420818 3 8O3 044292123028799999999999999 64211619 7 8499999999999999
24426526524822119116515015217119922925126125322919716313211110411413716718 3 9O3 13226813 326199999999999999 723149195510499999999999999
20022724324623822320518817817818720221823123422821219116814512912112413718 310O3 244247135223599999999999999 830176211312199999999999999
15918420922824024323822621019618818518919820821621721320118316214112712118 311O3 452243154721799999999999999105118523 412199999999999999
12614216819822624926025924522420018016816817819421222422822020017214311918 312O3 6242611750228999999999999991233167999999999999999999999
10510612515920023926928427825622218715814314616619522424525123921017113118 313O3 714284185125299999999999999 025103132014299999999999999
 98 81 8711716421726429630528825120416012811813417021325127427525120815618 314O3 750305193327899999999999999 116 81135311899999999999999
107 71 59 77123184246296322316282230173125 9810213618924328430229125019218 315O3 82032320 830399999999999999 156 591423 9599999999999999
130 77 45 45 82146218283326337312260195134 89 74 9915422027931632329323618 316O3 848338204132599999999999999 230 401452 7499999999999999
166 99 48 27 47105183259318347338291224154 93 59 6411218425731334133028218 317O3 916349211534299999999999999 3 2 271522 5699999999999999
210135 70 28 25 68143226298345354321256181111 58 41 7013821929134035332318 318O3 943356214935499999999999999 334 201553 4099999999999999
259180107 49 22 41104188268328356342288213137 73 34 38 9017025331835535118 319O31011357222535899999999999999 4 7 221625 3099999999999999
304231153 86 41 34 74149232300344351315247170 99 46 25 5111720127833335618 320O3104035323 235699999999999999 440 311659 2599999999999999
335278205135 79 50 62116192265318342328277205133 73 34 32 7314522529233518 321O31110343234334599999999999999 514 491734 2799999999999999
343312254188129 88 75101158225282318324295238171110 62 38 50 9716623629118 322O31141325999999999999999999999 551 751812 3799999999999999
323322288237183139111109139188241281302295261209153103 67 54 7111617523218 323O3 028327121730399999999999999 6331061857 5499999999999999
278302298272233194161141143166202239265275265236195152113 84 74 8812216818 324O3 12330413 227699999999999999 7261391956 7499999999999999
216255278282268243215189171167177197220240249245228200167134106 91 9411518 325O3 240283141324999999999999999 8471662122 9099999999999999
150191231261277278265242215190174169177193214231240238221193159124 98 8718 326O3 432279161724199999999999999105216923 4 8799999999999999
 96124167214257287298290265230193162145147167197229253262252221178132 9218 327O3 6 52981759262999999999999991224143999999999999999999999
 69 7110115221226730732331227722817713511211714919624328029528224218612718 328O3 7 432419 329599999999999999 026 66131911199999999999999
 76 46 49 89153226290333344320270208147 99 80 9814721027031232530224918118 329O3 749345195232599999999999999 125 4314 1 8099999999999999
112 55 27 40 95172252318355353312247175109 64 57 9416123630134234530824118 330O3 826360203534999999999999999 212 261439 5499999999999999
165 92 37 19 50120205285344366344286210135 71 37 5010818826733036135029718 331O3 9 1366211536399999999999999 253 191514 3699999999999999
222144 74 29 29 78158243315359361318247168 94 41 26 6113421929635036633818 4 1O3 932366215236799999999999999 331 221548 2599999999999999
274197123 63 35 56120202279336359338279202126 62 25 33 8716725031735735618 4 2O310 2360222836299999999999999 4 5 351621 2299999999999999
313246173108 63 57 96166242305343343302234159 92 43 27 5612120027432835118 4 3O3103034823 435199999999999999 438 541652 2799999999999999
333283218154103 78 92141208271316332311259191125 71 40 45 8815522728832618 4 4O31057332233933499999999999999 510 771723 3899999999999999
332303253196145110104131182238285310307273218158104 66 54 7412218424329018 4 5O31124313999999999999999999999 5421021753 5499999999999999
312306275231185148129136167210252282290274236187139100 77 7910615020124818 4 6O3 017314115129199999999999999 6151281826 7499999999999999
280291280253220187162154165191222249265262242209171136109 9810613116620518 4 7O3 059291122326699999999999999 65515419 6 9899999999999999
24026327026224422119818117618419921823324123622119817214712812112614416918 4 8O3 15627013 824199999999999999 75317620 512199999999999999
19722524525525624823321519918918719120121121922121520318616614813713514218 4 9O3 334257144322199999999999999 947187214513499999999999999
15918321023525426426224922920618617417117819320922122722220818516114012818 410O3 52326417 5227999999999999991147171233112799999999999999
12814216920423826628228026223219816814914615918521523925124822819616113018 411O3 6252831818252999999999999991241145999999999999999999999
11010812816521125628930329426322017413711812415219423726828227123919414718 412O3 7 730319 528299999999999999 036107131811799999999999999
108 87 91123176234284316321296249192139101 9011316121927030431028623818018 413O3 740322194331199999999999999 121 851350 9099999999999999
124 82 66 85135201266316338326281219153 98 66 7211718425330833632928722418 414O3 810339201933899999999999999 159 661421 6499999999999999
157 98 59 56 95162237302343348315252178109 58 41 7013621829134235933527618 415O3 839351205536099999999999999 235 531453 4199999999999999
202131 74 47 63121200275332358342287211133 67 27 30 8316625332536836932618 416O3 9 9359213237499999999999999 310 461526 2299999999999999
256179110 61 49 85158239308351358320249168 92 34 10 3610719928535037936418 417O3 939360221038099999999999999 345 4716 1 1099999999999999
308233159 97 61 67120197273329355341286208129 61 15 10 5513722830736137618 418O31011356225137799999999999999 422 571637  699999999999999
347286213147 96 75 98158231294334343312248172101 43 13 25 8216424831735818 419O31044344233436599999999999999 5 0 751715 1299999999999999
361325265202146108101132190251299324318278216148 88 43 26 5010818325631318 420O31120326999999999999999999999 541 991756 2699999999999999
343338303252200156129131162209256289302288249196140 91 58 50 7512719025118 421O3 02234512 130299999999999999 6271261844 4999999999999999
297320315288250209174154156178212244268275263233192148109 82 76 9513518518 422O3 119322125427599999999999999 7261521945 7699999999999999
235275298300284257225195174168178198222241252249232204170136109 9710513118 423O3 235302141825399999999999999 85116821 7 9799999999999999
17121525528429629127224321018216516217319521924025124722919916313010710218 424O3 4122971617251999999999999991041161224410199999999999999
11815319824428230430628825421317414513414417220824326827425922618213910518 425O3 53530817482749999999999999912 1134999999999999999999999
 9110314019224729332032129625320115111510312116121326129530428524319013718 426O3 633324185030499999999999999 0 4 91125410399999999999999
 95 77 93138200263312338330293236174117 81 7710916723128832532930024718518 427O3 717339193833299999999999999 1 3 771336 7499999999999999
125 81 68 94152222287334349326273206138 81 52 6411518625931835034330123818 428O3 754349202035299999999999999 150 671414 5099999999999999
170109 70 70111179252313349348307241167 99 49 35 6713521629134536534328818 429O3 828354205836599999999999999 231 641448 3499999999999999
220151 95 68 85141214283334353332275201127 64 28 35 8716624931936236632918 430O3 859353213536999999999999999 3 8 681522 2599999999999999
266197133 88 79114178250309344343302234159 91 40 23 5211920228034036735318 5 1O3 928349221036799999999999999 342 771553 2399999999999999
305240174120 91101150216279324340319264193123 65 31 35 8115523530434935818 5 2O3 957340224536099999999999999 415 901624 2799999999999999
330277215157116105132186247297326323286225158 97 52 37 6111719026131734618 5 3O31025329231934899999999999999 4471041655 3799999999999999
340303250195148122128164216266302314295250191132 83 55 58 9315221827831918 5 4O31054314235633299999999999999 5201211726 5299999999999999
332315277229183149138154191235273294292265219168120 84 71 8612618023628218 5 5O31125296999999999999999999999 5551381759 7199999999999999
309312292257218182159157175207240266276266238199157121 97 9411415119724118 5 6O3 03631412 227699999999999999 6361551838 9399999999999999
27629429327524721618817217318721023325025524522219216113311811813616620218 5 7O3 125296125025599999999999999 729170192811699999999999999
23726427928026824722219818317918620021723223823422019917515213713514616718 5 8O3 23228114 823899999999999999 850179204013499999999999999
19622725427227827225523020418317217118219921823323823321719417015014014318 5 9O3 4 127816 1238999999999999991032170221714099999999999999
15918621925127528728326423420017015214816118721724325725624021218015113318 510O3 5162881728259999999999999991143147233912999999999999999
13114617922026029030329526722618214412212214618623026628628426122217914118 511O3 6 83031825288999999999999991230119999999999999999999999
117115137181233280312320301259205151108 8910114219925629931931027322216818 512O3 649321191132099999999999999 03711313 9 8999999999999999
124 99103139196256306334331295237171112 70 60 9015122429033534832627521218 513O3 725336195334999999999999999 123 961345 5999999999999999
152105 84101153221285332349329276204131 71 36 42 9317325632536636833126718 514O3 759349203337299999999999999 2 4 841422 3399999999999999
197134 89 79112178251313351353315246166 92 35 12 3910920028835438737532418 515O3 834357211538899999999999999 245 781459 1299999999999999
253181120 83 87135208280335359345290211129 58 10  4 4913322931437439537018 516O3 9 9360215739599999999999999 325 791538  099999999999999
310238168112 87105163237302345355325259178100 36  0 10 6915825233138138918 517O3 946356224239299999999999999 4 6 861619 -399999999999999
355293224160114100130191258312343340299230154 83 28  5 28 9418126733637518 518O31026346232838099999999999999 44910017 2  599999999999999
374336278215160123120155211267310330318273209141 79 35 24 5411819727333118 519O311 9330999999999999999999999 5341171748 2399999999999999
360354318266212166138140172219264297309294254199141 89 55 50 8013820526918 520O3 019362115830999999999999999 6251351839 4899999999999999
318341334304261215176153154179214250277287276245201153110 82 7810314920518 521O3 11634213 028799999999999999 7261501938 7699999999999999
25930132231929626122218516215817319922925526926724721417513711010211815318 522O3 222324142227199999999999999 842157205010299999999999999
19924728631031329626522719016114915517720723826127026123620116313311812418 523O3 33831415592709999999999999910 9149221411799999999999999
15019223827930631430026922818514913013215519123226528428226022418314612418 524O3 4513141724286999999999999991124128233212099999999999999
12314618723628131132030426721916812610410813918623728130530528023919214918 525O3 5513201829308999999999999991221102999999999999999999999
121119145191245292321326301255199142 98 78 9213519425530432932429224319018 526O3 639327192033199999999999999 03511613 6 7899999999999999
143115118152205261308332326290233170111 70 60 8714521528132934833429123618 527O3 71933420 434999999999999999 1261121346 5899999999999999
179132110123168227283324337317267202136 80 47 53 9816824330935135933228018 528O3 755338204336199999999999999 2 81101422 4499999999999999
220163122111139192253305335334298237167103 54 36 6012119827533536535831818 529O3 828339211936799999999999999 2461101457 3699999999999999
260199146116121162221279322338319269202133 74 38 39 8115223230435336834618 530O3 859338215436899999999999999 3221131529 3399999999999999
297236178134118140190250300330330296237168104 55 36 5511118726432636136018 531O3 930334222836599999999999999 35511816 1 3699999999999999
325271212160128129164218272313328313267204139 83 48 46 8214622129033935718 6 1O310 132823 335799999999999999 4281241633 4399999999999999
342300246191149132147189241287315317289238176118 74 54 6811518024930634118 6 2O31034320233834799999999999999 5 213217 6 5499999999999999
345320275224177147143167210256291307298263212157108 76 71 9714720926831318 6 3O311 9308999999999999999999999 5381411740 6999999999999999
334327297254209171151156184223260286293277241194147109 89 9412617522927718 6 4O3 015334114829399999999999999 6181501818 8799999999999999
31032130927924120217215916819322625527427625922618714811910811814919323818 6 5O3 057321123627899999999999999 7 515919 210899999999999999
27730230829526823420017516517219221924426126325022419115913612713816420018 6 6O3 147308133926599999999999999 8 5165195712799999999999999
23927329430028826523320117516216518120623225326025323320517615314214716818 6 7O3 24830015 126099999999999999 919161211014299999999999999
19923626929129929026623319716714914816319222525426926925222519316514814718 6 8O3 3562991628271999999999999991034146223414699999999999999
16419523327029630629626822818414712512314418322826629029427724420516914518 6 9O3 5 03061740295999999999999991135121234613999999999999999
139156192237279308317302265214162118 94 9712918224029031932330025720916518 610O3 5533171838325999999999999991224 91999999999999999999999
135129150195248295325329303253191131 84 61 7412319226231935034931626320618 611O3 639331192835499999999999999 04512813 9 6199999999999999
156123120151206266315341336297234162 97 49 34 6112620928834837736732326118 612O3 721343201537899999999999999 1361171353 3499999999999999
198144113118160224287334353336284209132 65 21 16 5913823031437339537532118 613O3 8 335321 139599999999999999 2231101437 1299999999999999
253187133108123176245307348358328264184105 39  2 10 6715625233538940237218 614O3 846359214840399999999999999 3 81071521 -199999999999999
312242176126109135195264321355354314244162 85 24 -4 16 8417727134939539818 615O3 930359223440299999999999999 35410916 7 -499999999999999
360298229167123116151212277327353344297226147 75 21  3 3410719828635539118 616O31016354232239499999999999999 4401141653  399999999999999
385343282218161125127166224282325343328280212140 75 31 23 6113221629435318 617O311 5343999999999999999999999 5281211740 2199999999999999
379367324267208158131138176228278314328311266205142 86 52 52 9115623029618 618O3 011379115832899999999999999 6181291830 4799999999999999
344361346306255202159137146179224267298310295257206153107 80 8412017623718 619O3 1 1361125731099999999999999 7131371923 7899999999999999
29333134332729124619916114214817421225028029428525621517213411211514318918 620O3 15534314 629499999999999999 815141202311099999999999999
23928631732631228124019716114114216219623326528328226323219516114013915918 621O3 253326152728599999999999999 927138213413799999999999999
19423727830631530427523619315613212914618022025728229027825221818416015218 622O3 3573151652290999999999999991039128225215299999999999999
16519523527230031030027223018514411711213116921526029230529627023419716818 623O3 5 131018 6305999999999999991143111999999999999999999999
156166195235273301311299266220170126 98 9512016722127330932431328224119918 624O3 55731119 332499999999999999 0 41561235 9399999999999999
166153165198241282309315296255202148103 78 8311917623929433134132228423618 625O3 645316195034199999999999999 1 21531320 7699999999999999
190157148168208255295319317287237178122 79 63 8113019626432035135132127418 626O3 726321202935599999999999999 14914714 0 6399999999999999
221174146147177225274311327313271213150 95 59 56 8915122529334336435031018 627O3 8 332721 636499999999999999 2291421436 5399999999999999
255200157138152194247295325329302249184121 72 48 6111018125732136136733918 628O3 837331214036999999999999999 3 51381511 4799999999999999
289230177142137166217271314333323283222155 96 56 47 7713921528834336835918 629O3 911334221336999999999999999 3391351544 4699999999999999
319262204157135145186241292326333309258193128 77 50 5910417424931435636618 630O3 944334224636699999999999999 4121341617 4899999999999999
341293235181144135160209263307330324288231166108 67 56 8113821027933335918 7 1O31019332231936199999999999999 4451341649 5599999999999999
353318265209163138143179229279314325308264205145 96 69 7311117324230134118 7 2O31055326235235399999999999999 5201361723 6699999999999999
353334292240190152139156196244286312314288241185134 95 81 9914420526631418 7 3O31134316999999999999999999999 5571391758 8199999999999999
34134031226822017714914516820825128630429927022417513210510212717422928018 7 4O3 028344121830599999999999999 638143183710099999999999999
31733332329225020616914815017421124927929328625821817614212312615319524318 7 5O3 1 7333131029499999999999999 725146192212199999999999999
28531432230827723819816514815017220624227128528025722418815914314717020618 7 6O3 152322141428699999999999999 822146201914299999999999999
24728330731229826923119216014114216119423226528428526924020817916116017718 7 7O3 246313153328799999999999999 928139213415999999999999999
20724427930230829626722718514912612414317922426529230129026422919617216418 7 8O3 3503081656301999999999999991038122225816499999999999999
174202240277303311299268223174131104 9912116522127231032631728824820717418 7 9O3 45631118 9326999999999999991141 97999999999999999999999
159166195238280311321307269215158108 75 7110015722528833435434330725820818 710O3 55732119 935499999999999999 0131581238 6999999999999999
168148156192242290324335315268203137 80 46 46 8615523630936037936331826018 711O3 65233520 237999999999999999 1141471330 4199999999999999
202156135149194252306341348320262188115 54 21 28 8016325333138339837231818 712O3 743349205139899999999999999 2 71351421 1899999999999999
252190142125147202267323356357320252171 94 33  3 21 8617827335240040637118 713O3 832361213840999999999999999 25712515 9  399999999999999
309239174128118152214282337367360314239155 78 19 -2 2810319929336840840318 714O3 921369222441299999999999999 3441171557 -299999999999999
359292220157117118161228295346370355302225143 69 17  7 4812922431237740618 715O310 937023 840699999999999999 4291121643  499999999999999
389338270201143112123173239302347364343287212135 69 28 30 8016124832637818 716O31058364235139499999999999999 5151111728 2399999999999999
393367312247183133113133184246302341351325271203136 80 52 6511819226833218 717O31148352999999999999999999999 6 01131812 5199999999999999
370372339286226169129119143191245294326331306257200145102 8610615521928118 718O3 033376124033399999999999999 6481181858 8699999999999999
32935334631226321016213112715019223928130831128925120616313312514418523618 719O3 116354133831399999999999999 739125194712499999999999999
28431933232028924620116113613315218622726428929528125422118816515917420418 720O3 2 2332144729599999999999999 838131204715999999999999999
24227830331130027423819816313913314717621324927628828426724121419218318918 721O3 255311161428999999999999999 94713322 618399999999999999
21023826728929728926723519716213712713616320124027329329728526223420819318 722O3 4 229717432979999999999999911 1127233419099999999999999
19120623125828129228826723419415612611412415319624328330931530327624221018 723O3 51429218503169999999999999912 5114999999999999999999999
189184198226257283296292268230185142110 9811315120325730233033331427823718 724O3 617297193833599999999999999 0441831257 9899999999999999
199176174194228265294307298266219167121 90 8510915922028132735034431326818 725O3 7 6307201835199999999999999 1351721341 8399999999999999
219180160167198241283311318299256200143 97 72 7811617824830935136334330018 726O3 747319205236399999999999999 2151591420 7099999999999999
246195159148169212263305328325292238175116 74 60 8213620828033836836533018 727O3 823330212437199999999999999 2501481455 6099999999999999
276218168141145181235288326340322276212146 91 58 60 9916724431336037535418 728O3 857340215537599999999999999 3221381528 5499999999999999
306245187145131153203262312342342310251183119 71 53 7313020528134137337018 729O3 931346222537699999999999999 35413116 0 5399999999999999
332275213160129132170229287331349334288223154 97 61 6110016824531336037418 730O310 5349225437499999999999999 4251251631 5699999999999999
353303241183138122142192253306340345317261194132 84 65 8313720928133736718 731O31040347232437099999999999999 45812217 3 6599999999999999
363327270210158126125159214272318340333294235172119 85 8111517624630734918 8 1O31117342235436299999999999999 5321211736 7899999999999999
362342296239184142122134176232283320333315271215160118 9810915121227332118 8 2O31157333999999999999999999999 6 81221811 9799999999999999
34834731626721416613312514618924028631532029825620616213112114018323728718 8 3O3 027351124232299999999999999 648124185112199999999999999
32333732629124419715713112915319424028030530828825221117615314916820524918 8 4O3 1 4337133731099999999999999 735127194014899999999999999
28831432130627323118915313213015118723026929430128826122919917917318621318 8 5O3 149322144930199999999999999 833128204817399999999999999
24728030130729426622918815312912313817121425628830430128325522620118819118 8 6O3 248307162130599999999999999 946123222118799999999999999
20823726729130129427123419115011910611614919624729031732431128324721419018 8 7O3 4 730117503259999999999999911 5106235318299999999999999
183195223257288306305283243193142102 82 8912518224630234035333930425821418 8 8O3 5283081858353999999999999991215 81999999999999999999999
179165177211256296322324299251190128 79 54 6310717725432236638035931425718 8 9O3 636326195338099999999999999 1 31651316 5299999999999999
202160144162208264313343345313253181110 54 28 4310118527234639239936730918 810O3 733348204140199999999999999 1591441410 2799999999999999
242180136125155214280335366362320248167 90 33 10 3710920429737041040636118 811O3 825369212441499999999999999 2461241458 1099999999999999
292219155114113157227299355382370316237151 74 19  7 4913323232338941739818 812O3 91338322 541799999999999999 3301081544  599999999999999
340266191129 97111169245316369389366303220136 64 19 22 7816726334539941118 813O310 0389224441299999999999999 413 961627 1499999999999999
376310234163109 90120185261328373383350284204127 65 35 5411920629236039718 814O31045385232140099999999999999 454 9017 8 3499999999999999
390343275204140 98 95135202272331367366327263191126 79 66 9816424231336318 815O31130371235738199999999999999 534 911748 6599999999999999
381359307242179126 9910915421527632535034130224518713710610814520526832118 816O31215351999999999999999999999 615 98182710299999999999999
35235332327221616312411012716922227231032631528123719315814115118623328018 817O3 03235713 432699999999999999 65811019 914199999999999999
31533132129024620015913212514317722026129130229427124021018617718721224518 818O3 1 833114 430299999999999999 746124195917799999999999999
27729930529326723319716514413915117721124527128528527325423321420520822218 819O3 150305152928799999999999999 847138211620599999999999999
24226327828227525723120217415314414916819723025928029028727425523421921218 820O3 25228217172909999999999999910 914423 821299999999999999
21622924626127127126023921018015513913915518522225928930630729326824021518 821O3 4312721834309999999999999991132137999999999999999999999
20120021323425727428027124821417714512412214217922627230932832530326823018 822O3 557280192332999999999999999 033199123612199999999999999
19818118320423526628929628425220916312510410713618624329733434833429925318 823O3 65329720 034899999999999999 124179132410299999999999999
207173160173207250288312313290246192140101 85 9914420727232635835933028118 824O3 735316203236299999999999999 2 116014 3 8599999999999999
225177148147176224275315333324285228166112 77 7310616723930635537335631018 825O3 81033421 137399999999999999 2321431437 7199999999999999
250191146128145192252306341348322268201136 85 62 7612820227834037537533818 826O3 843349212938099999999999999 3 212815 9 6199999999999999
279213156121120157219284334359351307241169107 66 60 9616424431636638336118 827O3 916361215638399999999999999 3311151540 5799999999999999
307240175125105125181251313355366340282209140 86 60 7513020928634738037618 828O3 949367222338399999999999999 4 11051610 5999999999999999
334269201141104102143210280336366361319251180118 76 6910517425232036637918 829O31022369225138099999999999999 432 981641 6799999999999999
354297229165116 94112167238303349365345291223158108 82 9414521828834237018 830O31058365231937299999999999999 5 4 941713 8199999999999999
363321258193138101 9713119226031635135432226620314911210313018625331134918 831O31136357234935999999999999999 538 94174710299999999999999
359335285224167122 9910815021127131834233630124919715513113416722027531718 9 1O31219344999999999999999999999 615 98182512899999999999999
34033630425420015311810612216421927030932731828724520517415916619623827918 9 2O3 022342131032799999999999999 657106191215899999999999999
30932131027923619115212411613216721325829331030728625622620118819121124018 9 3O3 1 3321141931199999999999999 751116201918799999999999999
26929029929126723319616113412213015719523727429930729928025422921020220818 9 4O3 2 1299155830799999999999999 9 612222 320299999999999999
22624827028328427124621117414111911613417021526129832032330928124821719618 9 5O3 3352861740324999999999999991039115235019199999999999999
191202227256281294291269230184139106 9210514420025931034335233529825320818 9 6O3 51929518493529999999999999912 2 92999999999999999999999
176164177211255294318319293246186128 84 64 7912719727133337137735030024018 9 7O3 633322194037999999999999999 05916413 6 6499999999999999
185145135158209267318348347312251179110 59 39 6312621029436139739234928518 9 8O3 730352202340099999999999999 1491341359 3999999999999999
214152113112152219289346376367319245164 90 38 26 6514323732438741139033118 9 9O3 81837821 241199999999999999 2321071445 2499999999999999
256180118 86101160239315371395374313230145 72 28 31 8717627135240341137018 910O3 9 3395213941499999999999999 312 851527 2299999999999999
299219144 88 72106179263338388400365294210129 64 34 5512521730537340639318 911O3 946401221340799999999999999 350 7116 7 3399999999999999
337259181112 70 73124203285352392389343270191119 68 57 9617225733138139318 912O31027396224639499999999999999 427 651644 5599999999999999
360295219148 92 67 88149227301357382366315246178120 87 9514421728834437318 913O311 8382231737599999999999999 5 4 671720 8599999999999999
364319253185126 86 7911317524530734936133628722917413311914019025130534118 914O31149361234735199999999999999 540 77175511999999999999999
350327278219163118 9410214119725530333233330726622118215715618122426930518 915O31232336999999999999999999999 616 93183315399999999999999
32431828924519715512411312816320925429030930628625722620018619021124127018 916O3 017325132331099999999999999 656113191718599999999999999
29129728626022619116014013614917520924427128728827826124122321321322323918 917O3 052297143628999999999999999 745135202721199999999999999
25626827026224522319817515915215817519922825427328328427626024322821921818 918O3 143270163528599999999999999 9 1152224021899999999999999
22423524525325424823421419117115715416318421324427329330129427625222720818 919O3 34025418 3301999999999999991047154999999999999999999999
19920221523325126226325222920017114913914617020724928731332130928224621118 920O3 537264185532199999999999999 01619912 713999999999999999
18517418220623726528428626923719615812911813116621526731133733731327122418 921O3 637287193134099999999999999 1 317413 011899999999999999
18215515217421325729231130627723118013410410012617723929734035634230024518 922O3 71831220 235699999999999999 1371501339 9899999999999999
190147128141181236288324335317271212153106 82 9313720327333136436433027218 923O3 753336203036999999999999999 2 71281413 8299999999999999
208151114111145204269323353350313252184123 81 7110216624231236137835630218 924O3 825356205637899999999999999 2351071445 7099999999999999
233165113 90109165237306354371350295223153 96 66 7713020728434638037533018 925O3 858371212338399999999999999 3 4 901516 6599999999999999
262188124 82 80122195274338376376336268192126 79 6710017025132237038335518 926O3 931381214938499999999999999 334 751547 6699999999999999
292217146 90 65 86148230306362385367311237166108 76 8513821529134937836918 927O310 5385221738099999999999999 4 5 651619 7499999999999999
320248174111 69 64105180262330373381347283212149103 8911718125531936036918 928O31041383224537199999999999999 437 601652 8999999999999999
340279207140 88 62 7713220928434237236432125819614511411615621928333135418 929O31119374231535699999999999999 511 62172711099999999999999
346304241175119 80 70 9815722929434035834229824419315513715019124529432618 930O312 2358234933599999999999999 547 6918 713799999999999999
335315270213158114 87 881201742362893263373212852432051771671802142542871810 1O31254337999999999999999999999 630 84185616799999999999999
3073072862472021591241041071341782282733043163082852552262031931992192441810 2O3 03131014 331699999999999999 72410220 819399999999999999
2672822832692432091741431231191351672082492833043082982782522262072002061810 3O3 135284154630899999999999999 84111822 320099999999999999
2212402592692692562311991641351201231451822272713043223203022722362041831810 4O3 3282711727323999999999999991022119234617899999999999999
1781912162472732872832612241791371081011191602162723183443453202782291841810 5O3 5202881831348999999999999991149100999999999999999999999
152145164204250292316316289241183128 89 76 981512202883423693633252682051810 6O3 630320191837199999999999999 0471441253 7699999999999999
150116114149206269321350346307245175111 67 58 921592403153683873663112401810 7O3 723352195838799999999999999 1321101343 5699999999999999
169111 82 95149223296353378363310236159 92 51 541041842713443893923512811810 8O3 8 9379203439699999999999999 212 811427 4699999999999999
202129 75 59 93165250326379394364299218140 78 48 681342213053683963793201810 9O3 85039521 839799999999999999 249 5915 7 4899999999999999
241160 91 49 54108192279351394395350277197125 73 61100176260333380387349181010O3 930400214039099999999999999 325 451544 5999999999999999
278197122 64 40 66135222304367395379324251178116 81 90143219294350377362181011O310 9396221037799999999999999 4 0 401620 7999999999999999
308234158 93 51 49 92168250322370382353295228166119103128187255315352357181012O31047383223936099999999999999 434 44165410399999999999999
325264194129 79 56 72126199271329361358322268211162133134169223279320338181013O3112536423 733999999999999999 5 7 56172812999999999999999
326284226165114 81 75104158223282324342329294248204170155167202246286310181014O312 4342233631599999999999999 540 7318 415599999999999999
313290248199151115 96103135184235281310317303274240208186181195222252277181015O31249318999999999999999999999 614 95184518099999999999999
289282259224187153128120131159197236270291295286267243220205201209225243181016O3 010289134829699999999999999 656120194620199999999999999
257263256239216190166149143151170197226254273282281272255235219210208213181017O3 057263152528399999999999999 755143214320899999999999999
223234241242236224206186169158158167186212240265282289285269246222203192181018O3 23824317 729099999999999999 935157233419099999999999999
191200216233245249243227204179160150153171200236269295306299277244210181181019O3 45724918 9306999999999999991118150999999999999999999999
165166183211241263274267244212177148133136160200246288316324308272227182181020O3 6 7274185032499999999999999 027163122113299999999999999
149135147180223264293302287252206162127112123160214269315339335303252195181021O3 652302192234199999999999999 1 313513 611299999999999999
145114111141192250298326325296245189137103 96123177242301343355332282217181022O3 729329195135599999999999999 1341081343 9499999999999999
154104 83100152220286334353337290227163111 83 92139208278334364357313246181023O3 8 3354201936699999999999999 2 4 831417 8299999999999999
173109 68 65106177256324365370335273201136 89 76105170247315360372342279181024O3 837373204737399999999999999 234 611450 7599999999999999
201127 69 43 63126212294356385372320248175114 78 84133209285343373363312181025O3 912386211637499999999999999 3 6 431524 7599999999999999
236156 87 40 33 77157247326378392361297223154102 82107170248315359369338181026O3 949392214637199999999999999 339 301559 8299999999999999
272192117 57 26 41102190277347386383340272202142103100140208278332359351181027O31027390221736199999999999999 413 251635 9699999999999999
304232156 90 43 29 61131217296354380365316252191142117127174237294333344181028O311 8380225234499999999999999 450 28171411699999999999999
322268200133 78 45 45 87157235302348362341295241191154139156200251294319181029O31154363233132399999999999999 530 40175813999999999999999
319291240181126 83 60 69111173239295332340321283241201172163179212249280181030O31247341999999999999999999999 615 59185216399999999999999
296292267226179136101 84 93127177231278310320309283250218192181187207232181031O3 020297135632099999999999999 711 8420 818199999999999999
2552702702562281941581261081091311692142582913093082922662342051851781871811 1O3 134272152831099999999999999 826106215517899999999999999
2052282492622612472201851511251141241531952412823093183082812432041721551811 2O3 32826316573189999999999999910 1114232515399999999999999
1561762072412692822752502111681311091101361822362863213343222872391881451811 3O3 51128218 1334999999999999991128106999999999999999999999
121124153199249289311306275227174126 96 951261812443013403503272802191581811 4O3 619312184835099999999999999 0241191233 9299999999999999
109 86 99144206269318341331290231168114 83 871291942643233583573192571861811 5O3 712342192836299999999999999 1 9 861324 8099999999999999
120 72 58 88150226297348365343290223155100 75 911462202923453683502962221811 6O3 75736520 436899999999999999 149 5814 7 7499999999999999
147 81 42 45 94171255327372377341278206139 90 771101772523183603653282601811 7O3 837380203736899999999999999 226 371447 7699999999999999
181107 49 25 49115202285351384374325257186124 88 931412132843383633472941811 8O3 91638621 936399999999999999 3 1 251523 8499999999999999
218141 74 30 26 69147234312366383357300232167116 971201772473073463513171811 9O3 953383213935499999999999999 335 221558 9799999999999999
253178107 52 26 43101182264331369369331273209153118116153212273320340327181110O3102937422 834199999999999999 4 8 26163211299999999999999
280214144 84 45 38 72138215286338360345303247191148129142185239288318322181111O311 6360223832499999999999999 440 3617 612899999999999999
295243181121 75 53 63107172240298335341318276227182152146168209254289305181112O3114334323 930599999999999999 512 52174214599999999999999
296262212159112 80 73 94140198255299321318294256216182163166189222255278181113O31223323234628499999999999999 546 72182216199999999999999
283268235193151116 96 99124166213258290303298276246215189176180198222244181114O31311304999999999999999999999 623 95191417699999999999999
259259245219187156130119124146179217251276287284269246220198185185194209181115O3 033261141528899999999999999 711118203318499999999999999
226238241234217195171150140142157181211241265279281272252227202184175178181116O3 148241154128299999999999999 820139221817599999999999999
189207224235237229213190168153148155173201233262281288280258228195169154181117O3 344238165928899999999999999 957148233115299999999999999
154168194222244255251234207178154142144163195234270294302289258217175141181118O3 5162551753302999999999999991122140999999999999999999999
124129155194235267282277252216177144127130157199247288313314290246193142181119O3 615283183331799999999999999 018123122112599999999999999
105 93111154209261299312298261213164126109121161216271313331320279220156181120O3 7 031219 833299999999999999 055 9313 710999999999999999
101 68 68105167237296333338310259200145107 97123178242299336342312254182181121O3 739340194134499999999999999 130 631347 9699999999999999
114 60 37 56114193271331362353310246181125 91 95138205273326352341292219181122O3 817363201335399999999999999 2 4 371425 8899999999999999
140 72 25 18 58135225305361380356299228161108 85105163236302345356326261181123O3 856380204735799999999999999 240 1515 3 8599999999999999
179101 37  2 13 73163256333380385346281209145100 91126193265322353347301181124O3 936388212235699999999999999 317  01543 8999999999999999
226144 69 14 -6 24 98192282351386377329262194136101106152220285331348328181125O31018388215934899999999999999 356 -61624 9899999999999999
271195116 50  6  1 44124216298357379360309245184135112127176239293327332181126O311 2379224033499999999999999 437 -317 711199999999999999
303244172102 45 13 20 70149232303351363340291234181141127147193245288312181127O31150364232631599999999999999 520 11175512799999999999999
310278224161101 55 33 47 96166238299336343320278229184151142160197238272181128O31243345999999999999999999999 6 8 32185014299999999999999
291287260215163114 76 59 74117175236286318324306272231191161151162188221181129O3 022292134432599999999999999 7 3 59195915199999999999999
250268270252219178136103 88 97129176227272302311300272236197166149150168181130O3 135271145531199999999999999 8 9 87212414799999999999999
1962262502622562342011641311111111321702162602923073002762391981601341281812 1O3 310262161130799999999999999 930108224812899999999999999
1421712082432662712572281901521251161301632092552923103052792371881421101812 2O3 4462721718311999999999999991055116235310099999999999999
1001161542012482812942832512081641291131241602102602993183102762251681151812 3O3 6 129418123199999999999999912 6113999999999999999999999
 80 73 981472082643043193042652151641241071221652202733123263082632031391812 4O3 659319185732699999999999999 043 7113 210799999999999999
 83 51 53 921552262883293393152672101551151041281792392923253282972401721812 5O3 746340193633199999999999999 126 47134910399999999999999
105 52 29 461011762523153503493132571961411061061432022623103333212752091812 6O3 827354201133499999999999999 2 5 29143010199999999999999
136 72 27 19 551232052823393623463002381761261031181662292863243323032451812 7O3 9 5362204433399999999999999 242 1715 710399999999999999
173102 44 14 24 771552383093543623322772141561151081381942553043283202771812 8O3 941364211633099999999999999 316 12154210699999999999999
211138 73 27 14 441091902693293593503092501891391121211632222763133232981812 9O31016360214732399999999999999 349 14161611199999999999999
245176108 53 23 28 73145224293339352329281223168129118141189244289313307181210O31051352222031499999999999999 421 20164911899999999999999
271213147 87 45 31 54109181252308338335303253199153128131162210258291301181211O31125341225330299999999999999 453 31172412599999999999999
284242184126 77 50 52 86144211271312328314277230183148134146180223260283181212O312 1328233128699999999999999 526 4618 113499999999999999
283259216164116 80 65 79119174231279307311292256214175149143159190225253181213O31239313999999999999999999999 6 1 65184514399999999999999
268262237198156117 93 89108147195241277296294274242206173153150164189217181214O3 015268132429899999999999999 640 87193914999999999999999
240250245224193159130112113132165204241270284281263235203174155150159178181215O3 111251141928599999999999999 729110205014999999999999999
203225238237223200173148133132145171204237263277276261235203171148138143181216O3 228239152627899999999999999 835130221113899999999999999
161187214235242236218192167148141148168199232261277279264235197160130115181217O3 4 224216352809999999999999910 1141231811499999999999999
119142177214244260259241212180154139141161195233267286287267230184138102181218O3 5242621733289999999999999991124138999999999999999999999
 85 94128176226266288286262225184149129130155197243281301296267217160106181219O3 625290182130299999999999999 010 85122712699999999999999
 67 54 74123187249296318311277229179137115121156208261300316302258196128181220O3 71531919 331699999999999999 054 54131811399999999999999
 69 31 27 63129207278328346329283224167122102118165227282319327300241167181221O3 8 0346194432999999999999999 137 2414 410299999999999999
 94 34  1 10 63145233308355365335278213151107 95124182249304335331290219181222O3 844367202533899999999999999 219 -21448 9499999999999999
138 62  4-20  4 74167259333374373331266197136 96 95136202270320343327273181223O3 92837921 734399999999999999 3 1-201532 9099999999999999
194110 36-16-28 12 93191283351382369318250181123 92103153222285329341315181224O31012383215134299999999999999 345-291616 9199999999999999
253172 90 21-22-21 31118214300359379355300232166115 94115169235292327331181225O31057379223733499999999999999 429-2817 1 9499999999999999
298233154 79 17-14 -1 58144234309357366335279215155112101127181240289317181226O31142367232632099999999999999 514-16174810099999999999999
315278216145 79 28  7 29 89168247310346346312259201149114109137185236277181227O31229351999999999999999999999 6 1  7183910799999999999999
300295260206146 90 50 38 63118187253304329323291243192147118115139179222181228O3 020301131933199999999999999 650 38193511399999999999999
258279276248205157112 81 74 96142197251291310303274233188147121116133165181229O3 123281141331099999999999999 744 73204211599999999999999
203237259262245214177140114107122156200243277293287264228186147119109119181230O3 238264151529399999999999999 849106215910999999999999999
145182218246258253232201169143130137161197235266283281260226184142109 93181231O3 41025916242849999999999999910101302314 9299999999999999
