 51 17 -6-12  4 36 67 89106120123109 84 59 41 34 46 7711013214515214712318 1 1OH 941124211515299999999999999 246-131454 3499999999999999
 83 40  4-19-21  2 37 68 90110125125107 79 53 35 31 50 8511813815015614818 1 2OH103112822 315699999999999999 335-231542 3099999999999999
118 75 31 -5-26-22  6 42 71 94114128123101 72 46 29 31 56 9312314115215618 1 3OH1118129225015699999999999999 422-271626 2799999999999999
143110 65 23-10-26-15 16 51 77 98117127117 91 63 39 27 35 6410012614015018 1 4OH12 1127233615299999999999999 5 7-2617 9 2799999999999999
151134 98 56 17-10-18 -1 31 62 84103118121107 81 55 35 29 43 7210312413618 1 5OH1242122999999999999999999999 550-181751 2999999999999999
143140120 86 48 16 -3 -3 17 47 73 91106116113 96 72 50 36 35 51 7810311818 1 6OH 020143132111799999999999999 631 -61834 3399999999999999
127131126105 75 45 21  9 15 37 62 82 96106111104 88 67 49 40 42 58 80 9818 1 7OH 1 3131135911199999999999999 710  91919 3999999999999999
109115117110 93 69 46 30 25 34 54 74 89 99105106 98 83 66 52 46 48 61 7718 1 8OH 149117143710699999999999999 750 252013 4599999999999999
 89 98103104 98 84 67 51 42 41 50 66 81 92100104103 95 83 69 57 50 51 5818 1 9OH 242104152110499999999999999 834 402124 4999999999999999
 69 79 87 92 94 90 82 70 60 53 53 60 71 84 94101104103 97 86 72 59 50 4818 110OH 354 94161810599999999999999 931 522254 4799999999999999
 51 59 69 78 85 88 88 84 76 67 61 59 63 72 84 96104108107101 89 74 58 4618 111OH 531 891724108999999999999991050 59999999999999999999999
 40 42 50 62 73 82 88 91 89 82 72 63 59 61 70 85 99109114113106 91 71 5218 112OH 7 9 91182311499999999999999 016 401213 5899999999999999
 37 30 33 44 59 73 84 92 97 94 85 72 60 54 57 69 88106117121119108 89 6418 113OH 813 97191112199999999999999 115 301314 5499999999999999
 42 26 20 26 42 60 76 89 98102 97 84 67 53 47 53 72 95114125128122106 8118 114OH 9 0102195212899999999999999 2 0 2014 1 4799999999999999
 53 30 15 12 24 45 66 82 95105106 96 77 58 44 41 54 7910512313213212210018 115OH 938107203113399999999999999 240 111441 4199999999999999
 70 40 16  5  9 27 52 73 90102109105 89 67 47 36 39 60 8911513113713311718 116OH101211021 813799999999999999 315  51517 3599999999999999
 88 55 25  5  0 12 36 62 82 97108111100 79 55 37 31 43 7010112413613812918 117OH1043111214413999999999999999 348 -11551 3199999999999999
107 73 39 12 -3  0 20 48 73 91104112108 90 66 43 29 31 52 8311213113813618 118OH1113112222013999999999999999 420 -41624 2899999999999999
121 92 57 24  2 -5  8 34 63 84 99109111100 78 53 34 26 37 64 9612113313718 119OH1141112225513799999999999999 451 -51657 2699999999999999
130109 76 41 13 -3  0 21 51 76 93104110106 89 65 43 29 29 47 7710612413218 120OH12 9110232813399999999999999 522 -41730 2799999999999999
132120 94 60 29  7  0 12 38 67 88100107108 97 77 54 36 28 36 58 8811112418 121OH1235109999999999999999999999 553  018 4 2899999999999999
127123107 79 48 23  8 10 28 56 81 96104106102 88 67 47 34 32 43 67 9211018 122OH 0 2127125710699999999999999 625  71842 3199999999999999
118119112 94 68 42 23 16 24 45 71 91101105104 96 81 62 45 35 36 49 70 9118 123OH 038120131710599999999999999 659 161928 3499999999999999
104110109101 85 63 43 30 29 39 59 81 96103104101 93 79 61 46 38 38 49 6618 124OH 123111134610499999999999999 737 282027 3699999999999999
 83 95100100 93 81 64 49 41 42 52 68 85 97103104101 94 81 65 49 39 36 4318 125OH 225101144410499999999999999 824 402145 3699999999999999
 56 72 84 90 92 90 82 70 59 52 52 58 70 84 96103106105100 88 70 51 36 3018 126OH 356 92161910699999999999999 931 512316 2999999999999999
 32 43 59 73 83 89 91 88 79 69 60 56 58 67 81 95106112114109 96 75 51 3118 127OH 558 911752114999999999999991112 56999999999999999999999
 18 17 28 46 65 79 89 95 96 89 76 64 55 53 60 77 96112120124120105 78 4818 128OH 737 9719 612499999999999999 036 161247 5299999999999999
 22  5  2 15 38 61 78 92103106 97 80 61 48 43 52 75100119130135131111 7818 129OH 845106201013599999999999999 142  11353 4399999999999999
 42 10 -9-12  6 34 61 81 98112114100 77 54 37 32 47 7610612613814513811318 130OH 93811521 814599999999999999 237-131446 3299999999999999
 74 33 -1-21-20  4 37 65 86106120118 98 69 42 24 24 45 8111213214415114118 131OH102312222 115199999999999999 326-241533 2199999999999999
109 65 22-12-29-20 10 46 73 94115126116 89 57 30 14 20 49 8811713514715218 2 1OH11 5126224915299999999999999 411-291617 1499999999999999
137100 54 12-18-28-11 24 58 83103121126108 76 44 20 10 23 57 9411913514618 2 2OH1143127233314999999999999999 453-281658 1099999999999999
146125 85 42  5-18-18  7 43 73 93111124119 95 62 33 14 12 32 67 9911813118 2 3OH1217124999999999999999999999 531-211737 1099999999999999
139133108 70 32  4 -9  0 30 63 86103115120107 80 51 27 15 20 44 7510011418 2 4OH 012140124812099999999999999 6 6 -91814 1499999999999999
123127116 89 57 28  9  7 24 53 80 97108114110 93 68 44 27 21 32 55 80 9718 2 5OH 049127131311599999999999999 638  51852 2199999999999999
107112111 97 74 50 30 21 27 47 72 92103109109100 82 61 42 31 31 42 61 7918 2 6OH 122113133111099999999999999 7 8 211932 3099999999999999
 90 97 99 95 83 66 49 39 37 47 65 84 97104106102 92 76 60 46 39 40 49 6218 2 7OH 156 99135010699999999999999 738 372022 3899999999999999
 74 82 86 86 83 75 65 55 51 53 61 75 88 97102102 98 89 77 63 52 46 45 5018 2 8OH 244 87143410299999999999999 814 512137 4599999999999999
 57 65 72 76 78 78 74 69 65 62 63 68 76 85 93 99100 98 91 81 69 58 49 4418 2 9OH 420 78155710099999999999999 916 622324 4499999999999999
 45 49 56 64 71 76 79 80 78 74 69 66 67 71 80 90 98103102 97 87 74 59 4618 210OH 646 801725103999999999999991125 66999999999999999999999
 38 36 40 49 60 70 78 84 87 86 79 70 62 59 64 75 90102109109104 92 75 5518 211OH 8 9 87183211099999999999999 050 361254 5999999999999999
 39 28 26 33 46 61 74 85 92 95 90 78 63 52 50 57 74 94110117116109 93 7018 212OH 852 95192711899999999999999 145 261347 4999999999999999
 46 27 17 18 30 49 67 82 93101100 88 70 52 41 41 56 80103118124122110 8818 213OH 926101201512499999999999999 226 161427 3999999999999999
 60 33 14  7 15 34 56 76 90102107 99 80 57 38 30 38 61 9011312613012510718 214OH 956107205913099999999999999 3 0  715 3 3099999999999999
 78 45 18  2  2 18 43 67 86100110108 92 67 42 25 24 41 7110112213213312318 215OH1025111214113499999999999999 332  01536 2299999999999999
 97 62 29  4 -5  4 28 57 80 96109114104 80 51 28 16 23 50 8411212813513318 216OH1053114222013699999999999999 4 3 -516 9 1699999999999999
115 82 45 14 -5 -6 13 45 73 92106115112 93 64 36 16 13 30 64 9711913113618 217OH1120116225713699999999999999 433 -81642 1299999999999999
127101 64 29  3 -8  2 30 64 88103113117104 78 48 23 10 16 42 7710612313118 218OH1146117233213399999999999999 5 3 -81715 1099999999999999
132116 85 48 17 -1 -2 18 51 82100111116112 92 62 35 16 10 24 54 8811112218 219OH1210117999999999999999999999 533 -41750 1099999999999999
127122101 69 37 13  4 13 39 72 97109114114102 78 50 27 14 15 34 65 9311018 220OH 0 6127122811599999999999999 6 3  41826 1299999999999999
118119109 87 58 33 17 16 32 60 88106113113107 91 68 44 25 17 23 43 70 9118 221OH 039119123711499999999999999 634 1519 7 1799999999999999
104109107 96 76 53 36 28 34 52 77 98110112109100 85 64 44 28 23 30 47 6818 222OH 115109125311299999999999999 7 7 281958 2399999999999999
 84 94 97 95 86 72 56 45 43 50 66 85100108109105 97 84 67 49 35 29 32 4418 223OH 2 5 97133610999999999999999 746 4221 8 2999999999999999
 60 73 82 85 86 82 74 64 58 57 62 72 85 96103105104100 90 75 57 42 31 2918 224OH 334 8615 610599999999999999 842 562245 2999999999999999
 35 47 60 70 77 82 84 82 76 69 65 65 68 77 88 98105108108101 86 66 46 2918 225OH 556 841724109999999999999991040 64999999999999999999999
 21 22 33 48 63 75 84 91 92 87 77 66 59 58 65 80 96109116119114 97 72 4518 226OH 741 93185511999999999999999 021 201239 5799999999999999
 22  9  8 21 42 61 77 91102104 94 77 59 46 43 53 75 98115126131126105 7318 227OH 84110420 713199999999999999 132  71347 4299999999999999
 39 11 -5 -4 15 42 66 84101113112 95 70 46 30 28 45 7510312213414113410718 228OH 92611521 614199999999999999 227 -71437 2699999999999999
 68 30 -1-16 -9 18 50 75 94113123115 89 57 30 14 17 44 8010912714114813518 3 1OH10 6123215714899999999999999 313-161522 1399999999999999
101 58 18-11-21 -5 29 63 86106124128109 76 42 15  3 15 49 8711313014514818 3 2OH1042129224214999999999999999 354-2116 3  399999999999999
128 88 45  8-16-16  9 47 78 98117130124 96 60 27  4 -1 21 59 9411513114318 3 3OH1116131232214599999999999999 432-201641 -299999999999999
140113 72 32  2-13 -2 31 68 93110125129113 79 44 15 -1  5 33 70 9811512918 3 4OH1145130235813699999999999999 5 6-131717 -299999999999999
136124 93 56 24  2  0 21 56 87106119126120 95 62 31 10  3 17 48 7910011318 3 5OH12 9126999999999999999999999 537 -21751  399999999999999
122122104 75 45 22 11 20 47 79102115121120105 78 49 25 12 14 33 61 84 9918 3 6OH 029124122412299999999999999 6 5 111823 1199999999999999
108111105 86 62 40 27 27 43 70 95111118118109 90 65 42 26 20 28 47 69 8518 3 7OH 056111123011899999999999999 630 251856 2099999999999999
 94 99 98 89 73 56 43 39 46 64 86103112114109 97 80 60 42 32 32 41 56 7118 3 8OH 120 99124511499999999999999 654 391934 3199999999999999
 81 87 88 85 78 68 58 53 54 63 77 92103108107101 90 76 61 48 42 42 49 5818 3 9OH 152 88132010899999999999999 720 522026 4199999999999999
 67 74 77 79 78 75 70 66 64 67 72 81 90 96100100 97 89 78 67 57 51 48 5018 310OH 3 8 79143510199999999999999 756 6422 3 4899999999999999
 54 60 65 70 74 77 78 77 76 74 73 73 76 81 88 94 98 98 94 85 75 64 55 4818 311OH 6 1 781632 99999999999999991018 73999999999999999999999
 45 46 51 58 67 75 81 85 86 84 78 71 66 66 71 81 93102104101 93 82 67 5218 312OH 756 86175510499999999999999 011 451232 6599999999999999
 41 36 37 44 56 69 80 89 94 94 87 74 62 54 54 64 80 98109112109100 84 6318 313OH 832 9519 011299999999999999 121 351328 5399999999999999
 44 30 25 30 43 61 77 89 98102 97 82 63 47 40 45 63 86106117120116102 7918 314OH 9 0102195712099999999999999 2 2 2514 7 4099999999999999
 53 31 18 17 29 49 71 87100108107 94 71 48 32 29 42 68 96115125127119 9818 315OH 927109204712799999999999999 236 161442 2899999999999999
 68 38 17  7 14 35 62 83 98111116106 83 55 31 18 23 47 7910612313213211718 316OH 955116213213399999999999999 3 7  71516 1799999999999999
 87 52 23  4  2 20 49 77 96110121118 98 67 37 15  8 24 57 9111512913613118 317OH1022122221313799999999999999 337  11549  899999999999999
108 72 36 10 -2  6 34 68 93109121126113 83 48 20  3  6 32 7010212113313718 318OH1050126225213899999999999999 4 8 -31623  199999999999999
125 94 56 23  3 -1 19 54 87107119128124100 65 31  7 -3 10 44 8210812413418 319OH1117129232913599999999999999 440 -21658 -399999999999999
133113 78 42 16  3 11 39 76104118127129115 84 48 19  0 -1 21 57 9011112318 320OH1142129999999999999999999999 511  31734 -399999999999999
130122 97 64 35 16 13 30 63 96116125128122101 69 37 13  1  7 33 67 9410918 321OH 0 513012 012899999999999999 542 121811  099999999999999
118120108 83 56 35 24 30 52 84109122126123111 88 59 32 14  8 19 44 72 9218 322OH 04112012 712699999999999999 613 241852  899999999999999
103109107 94 74 55 41 38 49 71 97115122121115102 81 57 35 21 18 29 49 7018 323OH 118109122312299999999999999 645 381942 1799999999999999
 85 93 96 94 85 72 60 53 54 65 83101112116114108 98 81 62 44 31 28 35 4918 324OH 2 9 9613 411699999999999999 722 522049 2899999999999999
 64 75 82 86 87 83 77 69 65 66 73 84 95104108108106100 88 72 55 41 34 3418 325OH 344 87144210899999999999999 819 652226 3399999999999999
 42 53 64 73 80 86 88 86 81 75 71 71 75 83 92101107110108100 85 66 47 3318 326OH 6 0 881715110999999999999991037 71999999999999999999999
 28 31 42 56 70 81 91 97 97 90 79 67 60 60 68 83 98110117119113 96 72 4718 327OH 730 98185011999999999999999 0 6 281232 5999999999999999
 27 17 20 35 55 73 88101109107 94 74 55 43 42 55 78100115126131124102 7118 328OH 82111020 213199999999999999 117 171335 4199999999999999
 41 17  7 13 35 61 82 99113121113 90 62 39 25 27 49 7910412113314012910118 329OH 9 2121205814099999999999999 2 8  71423 2399999999999999
 64 31  7  0 14 44 74 94111126128110 79 46 21  9 19 50 8410912514014412718 330OH 939130214614499999999999999 251 -115 5  999999999999999
 92 53 20  0  0 25 60 89107124135128100 63 29  6  1 21 57 9111212914214118 331OH1012135222814499999999999999 330 -31544  099999999999999
116 78 41 12 -1 10 43 79104119134137119 83 45 15 -3  2 30 68 9711513014018 4 1OH104313823 514099999999999999 4 5 -11621 -499999999999999
130100 63 31  9  7 29 66 98117129138130102 64 30  6 -3 11 45 7810111612918 4 2OH11 9138233913299999999999999 437  51655 -399999999999999
131114 83 50 26 14 23 53 89114127134133115 83 48 19  3  5 27 59 8710411618 4 3OH1127136999999999999999999999 5 7 141726  199999999999999
123117 96 68 43 27 26 45 77106124132132122 97 65 36 16  9 19 44 72 9210418 4 4OH 0 9123113613399999999999999 533 241756  999999999999999
112112101 81 59 42 36 44 67 96117128130123106 81 54 32 19 20 35 58 79 9318 4 5OH 034113114513099999999999999 558 361826 1899999999999999
101104100 88 71 57 48 49 63 85106120125122111 93 71 49 34 28 34 49 67 8118 4 6OH 05710412 712599999999999999 623 4719 0 2899999999999999
 90 95 94 89 80 69 61 58 64 77 94108116118113101 86 68 52 42 40 46 58 6918 4 7OH 125 95124211899999999999999 650 581943 4099999999999999
 79 84 87 86 83 78 73 69 70 75 84 94103108108105 97 85 72 60 52 50 53 6018 4 8OH 224 87134110999999999999999 724 692051 5099999999999999
 66 72 77 81 83 84 82 80 78 77 79 82 87 93 98102103 98 90 79 69 60 55 5318 4 9OH 444 84153910399999999999999 9 1 772252 5399999999999999
 56 60 65 72 80 86 89 90 88 84 79 74 73 76 83 92101106104 97 87 75 63 5318 410OH 655 901713106999999999999991147 73999999999999999999999
 48 48 53 62 73 84 93 97 99 94 84 72 62 59 64 77 92106112111105 93 76 5918 411OH 744 99182311399999999999999 029 471253 5999999999999999
 45 38 40 49 65 81 93102107105 94 76 58 47 46 57 77 98113120119111 94 7118 412OH 815108192712099999999999999 120 381335 4599999999999999
 49 34 29 36 53 74 92105114116106 86 61 41 31 36 56 83107121127126113 8818 413OH 844116202412899999999999999 157 291413 3099999999999999
 60 36 23 22 38 64 88105117125121101 71 43 23 17 31 61 9311412713413010918 414OH 914125211313499999999999999 232 201449 1799999999999999
 78 47 25 14 23 49 80103118129132118 88 53 24  7  9 34 7110112013313912918 415OH 945133215813999999999999999 3 6 141525  599999999999999
100 65 35 16 13 32 66 98117130139134108 71 35  8 -3  9 42 8110712413713918 416OH1016139224014199999999999999 340 1216 2 -399999999999999
122 88 54 27 14 20 49 86114129139143128 93 53 19 -3 -7 15 53 8811112713818 417OH1046143232013999999999999999 415 131640 -899999999999999
134110 76 46 25 19 35 70105127138144139115 77 39  9 -7 -2 26 64 9311212618 418OH1114144999999999999999999999 449 181719 -899999999999999
133123 97 67 43 29 31 55 90120135141142130101 64 31  6 -3  8 38 71 9411018 419OH 0 0133113714399999999999999 523 2718 0 -399999999999999
121123110 87 63 45 39 48 75106127137139134118 90 58 30 11  7 21 48 74 9218 420OH 041124115613999999999999999 557 391843  699999999999999
104112111 99 81 64 53 52 65 89113128133132125109 85 58 35 21 20 33 54 7418 421OH 125113121913399999999999999 633 511934 1899999999999999
 87 96101101 93 81 69 63 65 77 95111121124123117105 86 65 46 33 32 40 5518 422OH 22410213 812499999999999999 717 632040 3199999999999999
 69 80 88 94 96 93 86 78 73 74 80 91102110114116115107 94 76 58 44 39 4218 423OH 354 9615 911699999999999999 828 7322 8 3899999999999999
 51 63 74 84 92 98 99 94 87 79 74 73 79 88 98107114117114104 87 68 50 4018 424OH 538 9917 5117999999999999991033 732339 3899999999999999
 38 45 58 73 86 97105108103 92 78 66 60 62 74 89104115122123114 95 72 5018 425OH 6541081836123999999999999991213 60999999999999999999999
 36 32 41 58 77 94106116119110 91 69 52 43 46 63 86105119128131121 98 7018 426OH 746119194713199999999999999 048 321314 4299999999999999
 45 29 27 41 65 88105118128127110 83 56 35 26 35 60 88108122134136122 9418 427OH 827129204213799999999999999 140 2614 2 2699999999999999
 63 38 23 26 48 78102117130137129103 69 40 19 15 32 63 9211112613813711718 428OH 9 3138212914099999999999999 222 221443 1499999999999999
 85 54 30 21 32 62 94116129140142123 89 53 25  8 11 37 71 9711412913913218 429OH 936143221013999999999999999 3 0 211522  699999999999999
106 73 45 26 24 46 81111128139146138110 72 38 13  3 16 47 8010211713113618 430OH10 5146224713699999999999999 335 221558  399999999999999
121 92 62 38 27 35 65100125138145144126 92 55 25  6  6 28 60 8810612013018 5 1OH1028147232113199999999999999 4 8 271631  499999999999999
127107 79 54 36 34 53 86117135144146135109 73 41 17  7 17 43 73 9511012118 5 2OH1044146235012599999999999999 438 3317 3  799999999999999
125115 93 69 49 40 48 73104129141145139121 91 59 32 16 15 32 58 8310011218 5 3OH1057145999999999999999999999 5 6 401733 1399999999999999
118115102 82 63 50 50 65 91117135142140128105 76 49 29 21 28 47 71 9010318 5 4OH 017118111714299999999999999 534 4818 4 2199999999999999
110111105 92 76 62 56 63 81104124135137130115 93 68 46 33 31 42 61 79 9318 5 5OH 042112114513799999999999999 6 2 561837 3099999999999999
101105103 96 86 74 66 66 75 92110123129128120105 86 66 49 41 43 54 69 8218 5 6OH 112105122213099999999999999 633 651917 4199999999999999
 92 97 99 97 92 85 78 74 75 84 96108117121119113100 85 68 56 51 53 61 7218 5 7OH 2 3 99131512199999999999999 713 732010 5199999999999999
 81 88 92 95 96 93 89 84 80 81 85 92101108112113110101 88 74 64 58 58 6318 5 8OH 341 96144811499999999999999 827 802130 5899999999999999
 70 78 85 91 96 99 98 95 89 83 79 79 83 90 99108113112105 94 81 69 61 5718 5 9OH 517 991623113999999999999991035 7823 4 5799999999999999
 60 66 75 85 95102106106101 91 80 70 67 71 81 95108116117111100 85 70 5818 510OH 6241071737117999999999999991159 67999999999999999999999
 52 54 63 76 91104112116114103 87 69 56 52 59 76 96112121123118104 85 6518 511OH 710116184612399999999999999 015 521252 5299999999999999
 51 45 49 64 84102115124126119100 76 53 39 37 51 76101118127130123105 8018 512OH 749126195213099999999999999 1 6 451337 3699999999999999
 58 43 38 48 71 97116128135134119 90 60 35 22 26 49 8010612213313612610218 513OH 827136205013699999999999999 150 381418 2199999999999999
 73 49 35 35 54 84112130140145138112 76 42 18  8 20 51 8611112613814012418 514OH 9 3145214014199999999999999 231 3315 0  899999999999999
 95 65 43 31 38 66101127141150152136101 60 26  4  0 20 57 9111312914214018 515OH 940153222614399999999999999 311 311541 -299999999999999
119 87 59 39 33 48 82117139150157153127 87 46 14 -5 -2 26 64 9411413114218 516OH1015158231114299999999999999 350 321624 -799999999999999
135110 80 55 39 39 62 99130147156159147116 75 36  7 -7  4 35 70 9611513118 517OH1050159235513899999999999999 429 3617 7 -799999999999999
138126102 75 54 43 51 79113139151157155138105 66 31  7 -1 14 45 76 9711418 518OH1124158999999999999999999999 5 8 431751 -199999999999999
127129117 94 72 56 52 65 93122141150153147128 97 62 32 13 10 27 54 79 9718 519OH 041130115915399999999999999 548 511838  999999999999999
111120120109 90 73 62 62 77101124138144144138120 93 64 39 24 24 40 62 8118 520OH 130122124114599999999999999 630 601929 2299999999999999
 95106114113104 90 77 69 71 83102119129134135130116 94 70 49 37 37 49 6618 521OH 229115134513599999999999999 721 692029 3599999999999999
 81 93103110111105 94 83 76 75 83 96109118124127126116 98 78 60 48 46 5418 522OH 339111151412899999999999999 834 742141 4699999999999999
 67 81 93103111113109100 88 78 73 75 84 96107117123125119105 87 68 55 5118 523OH 4531131644125999999999999991011 732258 5199999999999999
 56 67 82 96108116120116105 90 75 65 63 70 84 99113122126123111 92 73 5718 524OH 6 212018 9126999999999999991141 63999999999999999999999
 51 55 69 87104117125129123107 86 66 52 49 58 77 96112122129128115 94 7218 525OH 658129192313099999999999999 0 8 511246 4999999999999999
 56 49 55 74 97115127135137127104 77 54 39 37 51 75 97113124132130114 9018 526OH 743138202213399999999999999 1 3 491337 3699999999999999
 68 52 47 59 83109127138144142124 95 64 40 27 30 51 7810011512713513011018 527OH 821145211013599999999999999 149 471420 2699999999999999
 84 62 48 48 67 97123138147150141116 82 51 28 19 30 56 8410411813113612518 528OH 854150215213699999999999999 229 461459 1999999999999999
101 76 56 46 54 80112135147153151134102 67 38 19 18 36 65 9110812213313318 529OH 922154223013599999999999999 3 6 461536 1699999999999999
117 92 68 51 48 65 96127145153155146121 86 52 28 16 22 47 76 9811312613318 530OH 94615623 413399999999999999 341 471610 1599999999999999
126106 82 61 50 56 80112138152156152135105 70 41 22 18 33 60 8610511812818 531OH10 7156233513099999999999999 413 501642 1799999999999999
128116 96 74 58 54 68 96125146155155144121 89 58 33 21 26 46 73 9511012118 6 1OH1031156999999999999999999999 445 541714 2199999999999999
126121106 87 69 59 63 82110135149153148132106 76 49 31 27 38 61 8410211418 6 2OH 0 3126105915399999999999999 515 581746 2699999999999999
120121112 97 80 67 64 74 96120139148148139120 94 68 46 34 37 52 74 9310618 6 3OH 031122113114999999999999999 547 641819 3499999999999999
114117114105 91 78 70 72 85105124137142140129110 87 64 48 42 49 65 83 9818 6 4OH 1 311712 914299999999999999 621 691857 4299999999999999
107112113109101 89 80 75 79 92108123132135131121104 83 65 53 51 59 73 8818 6 5OH 144113125713599999999999999 7 3 751941 5199999999999999
 99106110111108100 91 83 80 83 93105117124127125117102 84 69 60 59 66 7818 6 6OH 24511114 612799999999999999 8 1 802036 5999999999999999
 90 99106111113110103 94 86 81 81 87 98109117123123116104 88 74 66 64 6918 6 7OH 359113153112399999999999999 927 802145 6499999999999999
 79 90101109116118116108 97 85 76 73 77 88101113122124119108 93 79 68 6418 6 8OH 5 51181648124999999999999991055 7323 1 6499999999999999
 68 78 91105117124127123113 96 78 65 59 64 78 97113123127124113 97 80 6718 6 9OH 6 012718 31279999999999999912 3 59999999999999999999999
 62 65 77 96114127135137131114 90 67 50 44 51 71 95114126131129118 99 7918 610OH 649137192013199999999999999 0 9 621259 4499999999999999
 64 58 63 80105126139146146135111 80 53 34 29 41 68 96116129136135121 9818 611OH 736147202713799999999999999 1 6 581348 2999999999999999
 76 60 54 63 87117139150156154137104 68 38 19 17 36 68 9811813114113912118 612OH 821157212414299999999999999 157 541436 1599999999999999
 95 72 56 52 67 98129150160165159134 95 56 24  6  9 35 70 9911913514514018 613OH 9 6165221514699999999999999 245 511524  599999999999999
119 91 68 53 53 74110140158167170159127 85 45 14 -1  8 38 7410012013714718 614OH 95017123 414799999999999999 330 501610 -199999999999999
138114 86 64 51 57 85121148163171172155119 76 38  9 -2 13 45 7810212213918 615OH1035173235114599999999999999 415 511657 -299999999999999
144132107 81 61 53 65 95129152164171168148111 70 34  9  4 23 55 8410512318 616OH1120172999999999999999999999 458 531743  399999999999999
137139125101 78 61 58 74104133152161166161138104 67 35 16 16 37 66 9010818 617OH 03714112 616699999999999999 542 571829 1399999999999999
124134133118 96 76 64 65 82109132147155158151130 99 67 41 27 32 51 76 9618 618OH 124135125615899999999999999 627 621916 2799999999999999
111123130127112 94 77 68 71 87108127138145147141122 97 70 50 41 47 64 8418 619OH 213131135314799999999999999 718 6820 6 4199999999999999
100113123128123111 95 81 73 75 86103117127134137133118 98 77 61 55 60 7418 620OH 3 5128145813799999999999999 820 7221 2 5599999999999999
 91104115124128124113 98 84 75 74 81 94106117125130127117101 84 71 65 6918 621OH 4 1128161213099999999999999 937 7322 6 6599999999999999
 80 95109120128131128117101 85 73 68 72 83 97109119125125119106 91 78 7118 622OH 5 113117351269999999999999911 2 682316 7199999999999999
 73 83 99114126134137133121102 82 67 60 62 74 90105116124127122110 94 8018 623OH 5581371857127999999999999991215 59999999999999999999999
 72 74 86104122135142144138122 98 75 58 50 54 69 88105116125130125111 9318 624OH 64914420 213099999999999999 021 721311 5099999999999999
 78 70 73 89112132144150150140118 91 65 48 41 49 69 9010711912913312510818 625OH 732151205313399999999999999 116 701358 4199999999999999
 89 74 67 74 96122142152156153137110 80 54 38 36 49 73 9511112313313412318 626OH 8 8156213613699999999999999 2 1 671439 3599999999999999
103 82 68 65 79106133151159160151129 98 67 43 31 35 54 8010211612913713318 627OH 841160221513799999999999999 242 641517 3099999999999999
117 95 75 63 67 87118143158163160145118 84 54 34 28 39 64 8910912213313718 628OH 911163224913799999999999999 319 631552 2899999999999999
128108 86 68 62 73 99130152163164156135103 70 44 29 30 48 75 9911612813618 629OH 942165232113699999999999999 354 621625 2799999999999999
134120 98 77 64 65 83113140158164162148122 89 58 36 28 38 61 8710812213218 630OH1014165235013599999999999999 427 621657 2899999999999999
135127109 88 71 63 72 96125148160163155136107 75 49 33 34 50 76 9911612618 7 1OH1047163999999999999999999999 5 0 631729 3199999999999999
132130118100 81 68 67 82108134151159157146123 94 65 44 36 44 65 9010912118 7 2OH 019133112115999999999999999 533 6618 1 3699999999999999
128130124110 92 77 69 75 93117138150154149135112 84 60 46 45 58 8010111618 7 3OH 047130115815499999999999999 6 7 691835 4399999999999999
124128127118103 88 76 73 82100121137145147140125103 79 60 52 56 71 9110918 7 4OH 118128124114799999999999999 647 731911 5199999999999999
120125127124114100 87 78 77 86103120132138139133118 98 79 64 60 67 82 9918 7 5OH 155127133513999999999999999 735 761954 6099999999999999
114122126127123114101 88 79 78 85 99114125131133127115 99 82 71 69 75 8818 7 6OH 244127144213399999999999999 839 782046 6999999999999999
104116125129130126117103 89 78 74 79 91105118126129126117103 88 78 75 8018 7 7OH 34713016 212999999999999999 957 742152 7599999999999999
 91105119129135136133122105 87 72 65 68 79 96112122128128121109 94 83 7818 7 8OH 4531361728128999999999999991116 652311 7899999999999999
 81 91106123136143145141127105 82 63 53 54 67 88108121129132127115 99 8518 7 9OH 5541451857132999999999999991224 52999999999999999999999
 78 78 89109130145153155149131103 74 51 38 40 57 8310612113213713412010118 710OH 651155201213899999999999999 028 771324 3799999999999999
 84 74 74 88113138155163165156133 99 65 39 24 28 50 8010512213614413912218 711OH 746165211314499999999999999 131 721419 2499999999999999
100 80 68 70 89119147164172173162132 93 55 27 13 21 48 8110612414014914218 712OH 84217422 714999999999999999 226 671510 1399999999999999
121 95 74 62 67 92127155170178179163129 86 46 17  6 19 51 8410912814615318 713OH 936180225515399999999999999 316 611559  699999999999999
142116 89 67 57 67 98134160174182181161122 78 39 12  5 24 59 9111313315018 714OH1029184234015499999999999999 4 3 571646  599999999999999
153136109 81 60 54 71105139161174182178154114 71 35 12 12 36 71 9911913818 715OH1119183999999999999999999999 448 541730  999999999999999
151149128100 74 57 56 78111141159170177170143104 66 35 20 27 53 8510812618 716OH 02315312 617799999999999999 532 541813 1999999999999999
141150141119 92 70 58 62 85115139153163167157131 96 64 41 33 46 72 9811718 717OH 1 3150125316799999999999999 616 571854 3399999999999999
131142145133111 88 70 62 70 91116134145153154143120 92 67 52 51 66 8910918 718OH 142145134015599999999999999 7 2 621934 4999999999999999
124134141139126107 87 73 68 76 93112125134141141131112 92 75 66 68 8210118 719OH 220142143214299999999999999 754 682017 6599999999999999
117128136139135123107 90 78 74 79 91105116124129130123110 96 84 79 82 9318 720OH 3 2139153513099999999999999 856 7421 8 7999999999999999
108121131137139135124109 94 82 76 77 85 96106115121124121113103 93 89 9018 721OH 3531391658124999999999999991016 752216 8899999999999999
 98110123133139141138128113 96 82 73 72 78 88100110118123123118109 99 9318 722OH 4541411833123999999999999991140 712339 9199999999999999
 92 98110124137144146143132115 95 78 67 64 70 83 9811011912612812311210018 723OH 5541461948128999999999999991248 64999999999999999999999
 91 88 95110128143151153147134113 90 70 58 56 65 82 9911312413113312511118 724OH 646153204113399999999999999 049 881340 5599999999999999
 96 85 83 93113135151158158150132107 80 60 49 51 65 8610511913013713612418 725OH 731159212413899999999999999 141 821423 4899999999999999
105 87 77 78 94120144159164161149126 96 69 49 42 49 69 9311212513614113518 726OH 81116422 014199999999999999 224 7615 1 4299999999999999
117 96 78 70 78101130153165167161144115 83 56 40 39 53 7810212013214214218 727OH 849168223314399999999999999 3 3 701535 3799999999999999
129107 84 69 67 82112141161169168157133101 69 45 34 41 63 9011212713914418 728OH 92717023 314499999999999999 338 6616 7 3499999999999999
138119 95 74 63 69 92124151165170166149119 85 55 37 35 50 7710412213514318 729OH10 5170233014599999999999999 411 631638 3399999999999999
143130106 83 66 62 76105136157167168159136103 70 46 35 42 65 9311613014018 730OH1041169235714499999999999999 444 6117 8 3599999999999999
144137118 94 73 62 66 88118144160165163149121 88 60 42 39 55 8210912713718 731OH1117166999999999999999999999 516 611739 3899999999999999
143141128106 84 68 63 74100128148158161155136107 77 55 45 51 7210012213418 8 1OH 022143115216199999999999999 550 6318 9 4599999999999999
140142135118 97 78 67 68 83109132147153153144123 97 72 57 54 66 9011413118 8 2OH 045142122915499999999999999 627 651842 5399999999999999
139141139128111 91 76 69 73 90112131142146144133114 92 73 64 67 8210412418 8 3OH 1 6141131114699999999999999 7 9 691917 6399999999999999
136140140135124108 90 77 71 77 91110125134138135126110 93 80 75 80 9411218 8 4OH 13014114 613899999999999999 8 2 711959 7599999999999999
128137141140135124109 92 79 73 76 87102116125130129123112 99 89 86 9010118 8 5OH 217141152413099999999999999 910 722055 8599999999999999
115129138142142139129113 95 79 70 69 77 91106117124127125118107 98 93 9418 8 6OH 34014317 8127999999999999991035 692221 9399999999999999
101113127138146149147137120 98 78 64 59 64 79 97111122129130126116104 9518 8 7OH 5101491848130999999999999991158 59999999999999999999999
 92 96108125141152158157146126 99 73 54 45 50 68 9010912313313813412210618 8 8OH 62215820 713899999999999999 0 3 9213 8 4599999999999999
 92 84 87102126147161168167156130 97 65 41 31 38 61 8811012714014714112418 8 9OH 72816921 714799999999999999 117 8414 7 3199999999999999
102 83 73 77 99129154169177177162131 92 56 29 19 31 60 9111413214815414418 810OH 832178215615499999999999999 215 731459 1999999999999999
120 93 72 62 70 99134161175184184165128 84 46 20 13 32 66 9812114015615918 811OH 931186224016099999999999999 3 6 611546 1299999999999999
142112 82 60 52 68103140164178188186161119 75 37 14 15 41 7810812914816218 812OH1025189232016399999999999999 352 521630 1199999999999999
158133100 70 50 49 72110144164178187181151108 66 33 17 26 58 9411913815518 813OH1113187235716399999999999999 435 461710 1699999999999999
163151121 88 61 46 51 80117145161174181169136 96 60 34 27 45 7911013014518 814OH1157181999999999999999999999 517 451748 2799999999999999
158158139108 79 56 48 60 89121142156166168152121 87 59 43 46 6810012413918 815OH 031160123816999999999999999 558 481823 4199999999999999
150156148126 98 74 58 55 71 98122137147154152135109 83 65 58 68 9111613418 816OH 1 1156131815599999999999999 638 541856 5899999999999999
144150149137116 93 74 64 66 81102119130137140136121103 86 75 76 8810812718 817OH 12715114 014099999999999999 721 631929 7499999999999999
139145146142129111 93 79 72 75 87101113121126128124115103 93 88 9210211718 818OH 151147145312899999999999999 811 7220 7 8899999999999999
130138142142137127112 97 86 80 81 87 9710511211712011911510810310010210818 819OH 231143162012099999999999999 921 7921 710099999999999999
118128135140141137129117103 91 83 80 83 89 9710511211812012011611110610418 820OH 3461411817121999999999999991059 8023 110499999999999999
106113123132140143141134122107 93 81 75 75 82 9210311312112612712311410518 821OH 5 81431942127999999999999991226 74999999999999999999999
 99 99106119134145149148140126108 89 74 66 67 76 9110611812813313312511118 822OH 613150203013499999999999999 032 981324 6699999999999999
 98 89 90101120139152156154144126102 80 64 57 61 76 9611312613514013612218 823OH 7 515721 614099999999999999 127 8814 7 5799999999999999
102 86 78 83101126148160163158143119 91 67 52 50 61 8210412213414314413318 824OH 752163213814599999999999999 2 9 781443 4999999999999999
112 89 73 70 82108137157166167158138108 77 54 43 48 67 9311513114214814318 825OH 83616722 714899999999999999 246 691515 4399999999999999
124 98 75 63 66 87119147163170168154126 92 62 43 39 53 7910712614014915018 826OH 918170223415199999999999999 319 621545 3899999999999999
136110 83 63 56 69 99132155167171165143110 76 49 37 42 65 9612113614815318 827OH 95917123 115399999999999999 352 561614 3699999999999999
145123 94 69 54 56 78112142160169170157128 93 62 41 37 53 8311413314515318 828OH1037171232615499999999999999 425 521644 3699999999999999
152135107 79 58 50 62 91125149162167164144112 78 53 40 46 7110412914315118 829OH1114168235015499999999999999 457 501713 4099999999999999
154145121 92 68 53 53 72104134151160162153129 97 69 51 47 62 9212214115018 830OH1149163999999999999999999999 531 501743 4799999999999999
153150133107 81 62 53 60 83114137149155153140115 88 67 57 61 8211213614818 831OH 0 9153122315599999999999999 6 6 531813 5699999999999999
152151141122 98 76 61 57 68 92117135143146142128106 85 72 68 7910112614318 9 1OH 017152125914699999999999999 646 561845 6899999999999999
150150145134115 94 75 64 63 75 95115128134136131120104 89 81 83 9511313218 9 2OH 029151134613699999999999999 734 621922 8199999999999999
144148146141131115 96 80 69 68 77 92107118124126124118107 98 93 9510411718 9 3OH 1 714815 512699999999999999 837 672012 9399999999999999
131140144144141134120103 86 74 69 72 82 9510711512012312111510810310210518 9 4OH 22814417 81239999999999999910 6 69214910299999999999999
113124134141145146142130112 92 75 64 62 70 83 9711012012712912511710810018 9 5OH 4441461853129999999999999991141 622356 9899999999999999
 98102113128142151156153142121 95 71 55 49 56 73 9311112413513913512210518 9 6OH 61115620 3139999999999999991256 49999999999999999999999
 91 84 88104126147160166165152126 93 63 43 36 46 69 9611613214514914011918 9 7OH 724167205315099999999999999 111 841355 3699999999999999
 96 76 67 75 99129153168176175159126 87 53 30 26 43 7410412514215515714018 9 8OH 830177213615999999999999999 2 6 671444 2599999999999999
110 81 60 52 66 99134158173183181159119 77 42 22 23 49 8511513515216415918 9 9OH 927184221516599999999999999 253 521528 1999999999999999
132 97 66 45 43 65104139161175186180151108 66 34 19 30 6410112714516216818 910OH1016186225216999999999999999 337 4116 8 1999999999999999
153119 82 52 35 41 71112142160175183171137 95 58 32 26 47 8511913915416718 911OH11 1183232416999999999999999 418 341645 2599999999999999
165140103 68 43 33 47 82118142157171174155120 83 53 37 42 7010713414916118 912OH1141175235316699999999999999 457 331719 3699999999999999
166153123 88 59 40 39 60 93122140152162158137105 76 56 49 64 9512614515518 913OH1219163999999999999999999999 534 371750 4999999999999999
161157138108 78 55 45 51 74102123136145149140120 95 75 64 68 8811613815018 914OH 014161125414999999999999999 610 441818 6499999999999999
155155144123 97 74 59 55 65 86107121129135134125109 93 81 78 8810712814318 915OH 026156132813599999999999999 647 541845 7899999999999999
150150145132113 93 76 67 67 78 93107116121124122115105 96 91 9310311813218 916OH 036151141012499999999999999 727 661915 9199999999999999
141144143136125110 95 83 77 78 84 9410210811311511611310910410210411111918 917OH 1 9144153811699999999999999 822 7620 010299999999999999
128134137137133125114102 91 85 83 85 89 9510110711211611711611311010810918 918OH 227137175711799999999999999 958 83221810899999999999999
113118125132136135130120109 98 88 81 79 82 88 9610611512112412411911110418 919OH 4231361925125999999999999991155 79999999999999999999999
100101109120132140141137127114 98 84 74 70 74 84 9711112212913212911910518 920OH 54314120 513299999999999999 01510013 1 7099999999999999
 93 87 90103121138147148143132114 93 75 64 62 69 8610411913013813812911118 921OH 642149203613999999999999999 110 871343 6199999999999999
 92 78 74 83104128146154155148131106 81 62 53 56 72 9411513014014514012218 922OH 73415621 414599999999999999 149 741416 5399999999999999
 98 76 63 65 83111138154160159147123 94 67 50 46 57 8210812714014914913418 923OH 822161213115099999999999999 224 621447 4599999999999999
108 80 59 52 63 90122147160165160141110 78 53 41 45 67 9712213815015514618 924OH 9 7165215815599999999999999 257 521516 4099999999999999
122 90 63 46 46 67102134153163166156129 94 63 43 38 53 8411513614915715618 925OH 949166222515999999999999999 330 431546 3799999999999999
136104 72 48 37 48 78115141156165164146113 78 52 38 43 6910413214715716118 926OH1028166225216199999999999999 4 3 371617 3799999999999999
149121 86 56 37 35 56 92125146157164157132 97 67 47 42 57 9012414515516118 927OH11 6164231516199999999999999 437 331647 4199999999999999
157137103 70 46 33 40 68104131146155158144116 85 62 49 53 7711214015415918 928OH1143158233316099999999999999 512 331718 4999999999999999
159147121 89 60 41 36 50 80112132143150147130104 80 64 59 71 9912914915718 929OH1219150233715899999999999999 548 351749 5999999999999999
157152135108 80 57 43 43 61 89114129137140134118 98 81 72 74 9011613915218 930OH1257140235215599999999999999 628 411820 7199999999999999
155151142125102 78 59 50 53 70 92110121127128123112 98 87 83 891041241401810 1OH1345129999999999999999999999 716 491857 8399999999999999
148148144136121103 83 67 59 61 73 89103112117119118112104 97 95 991101231810 2OH 031149151211999999999999999 817 581950 9599999999999999
134139141139135125110 92 76 66 64 70 80 921021091161191181131071031021051810 3OH 153141171411999999999999999 946 64214610199999999999999
112121130136140140134121103 84 69 60 61 69 82 96108118126127123113103 941810 4OH 4351401846127999999999999991126 592352 9299999999999999
 92 97108122135145149146133112 87 66 52 50 59 77 97113126136138130113 941810 5OH 6 81491944138999999999999991241 49999999999999999999999
 79 73 80 98120139152159157142115 84 58 41 40 54 801041231371481471311051810 6OH 722159202814999999999999999 1 2 731336 3899999999999999
 80 61 55 66 93123144158167165146112 76 48 32 35 58 901161341491581511251810 7OH 82416821 815899999999999999 153 551422 3099999999999999
 91 62 42 40 60 95127148163172168142103 66 39 27 38 701051301461601641471810 8OH 917173214416599999999999999 237 3815 3 2799999999999999
112 75 45 28 33 62101131149165173163131 91 57 33 29 51 891221421561671621810 9OH10 3174221816899999999999999 319 271541 2899999999999999
135 95 58 32 21 35 71108133149164168151116 79 50 34 40 71110137152164167181010OH1045169224716899999999999999 358 211616 3399999999999999
152117 78 45 25 23 45 82114133148160157134101 70 49 43 59 94129149159165181011OH1124161231016599999999999999 435 211648 4299999999999999
159135 99 64 38 25 33 60 93117132144150141117 89 66 54 58 82116142155161181012OH1159150232316199999999999999 510 251718 5399999999999999
159145117 83 55 37 33 48 75102119130138138125104 83 68 65 77103131149156181013OH1230139232915799999999999999 543 321745 6499999999999999
156148128101 74 53 43 46 64 87106118125128124112 96 83 76 80 95118138149181014OH13 0128234915199999999999999 616 421812 7699999999999999
151146134115 92 72 57 53 61 77 94107114118118114105 95 88 87 94108124137181015OH1334119999999999999999999999 651 531841 8699999999999999
142142135124108 90 75 66 65 72 84 95103108111111109105100 96 97102112121181016OH 023143144611199999999999999 735 651922 9699999999999999
129133132128119107 94 83 76 74 78 84 91 97102106110111110107104103103107181017OH 124133165811199999999999999 845 74211210299999999999999
112118123126126121112101 91 83 78 77 80 84 91 99107113117117114108101 96181018OH 3271271832117999999999999991042 772336 9599999999999999
 96100108118126129127119108 96 84 75 71 72 79 90102113121125124116104 91181019OH 5 21291919125999999999999991213 71999999999999999999999
 83 82 89103119131135133125112 95 78 67 62 66 78 94111123130133127112 93181020OH 6 9136195013399999999999999 039 8113 2 6299999999999999
 76 67 69 83104124137142139128110 87 68 56 55 65 84105122134140138124101181021OH 7 7142201914099999999999999 120 661338 5499999999999999
 76 58 52 61 84111132144148143127101 75 56 47 52 71 97119135144147137113181022OH 8 0148204814799999999999999 156 521411 4699999999999999
 84 57 41 42 60 91120139149152143119 89 62 45 41 56 84113134146153150130181023OH 849152211715499999999999999 230 391443 4199999999999999
 97 64 39 28 37 66101128144153154138107 76 51 38 43 68102130146156159146181024OH 933155214715999999999999999 3 5 281516 3899999999999999
115 78 46 24 21 40 76111133147155151127 94 64 44 38 53 86121144155162158181025OH1015156221716299999999999999 341 201550 3899999999999999
135 97 60 31 15 20 49 87117135148154143115 83 57 43 45 70107137153161162181026OH1056154224416399999999999999 417 141624 4199999999999999
150119 80 46 22 13 27 61 96120135146147131103 75 56 48 59 89125148158161181027OH113614923 616199999999999999 455 131658 4899999999999999
157137104 68 38 19 18 38 71101120132140137118 94 73 60 59 77108137153157181028OH1216141232115899999999999999 535 161732 5799999999999999
156147124 93 61 37 24 28 50 79102117126131125109 90 75 68 73 93119141150181029OH13 0131234315299999999999999 617 2318 8 6899999999999999
152148136115 88 62 42 33 40 59 82100111118120116104 91 81 79 86102122137181030OH1355120999999999999999999999 7 6 331850 7899999999999999
143143139129112 90 68 52 45 49 64 80 94103110113112106 97 90 87 92103116181031OH 027143151811499999999999999 8 6 451953 8799999999999999
126132133132127115 98 79 63 54 54 63 75 87 97106113115112105 97 91 89 941811 1OH 212133165611599999999999999 927 532145 8999999999999999
103112120127131131123108 89 71 58 53 58 69 83 96108118122121112 99 87 791811 2OH 4251321814123999999999999991058 532334 7799999999999999
 78 85 98113125134137132118 96 74 56 48 52 65 84101116127133129115 95 751811 3OH 5571371910133999999999999991213 48999999999999999999999
 62 59 69 89110127138144140124 98 71 51 42 47 66 91112127139143134112 841811 4OH 712144195414399999999999999 043 5913 9 4299999999999999
 59 43 42 59 86111129142150145124 94 65 44 37 48 751041251391501501331021811 5OH 813150203415299999999999999 134 411355 3799999999999999
 68 42 27 31 55 88114131145153145118 85 57 38 36 56 901201381501581511241811 6OH 9 415321 915899999999999999 219 261436 3499999999999999
 87 52 26 16 28 59 93116133147153138108 75 50 36 42 711081341481581601441811 7OH 949153214116199999999999999 3 0 161514 3599999999999999
109 70 37 15 12 33 68 99118134147147126 95 66 45 39 56 901241451561611551811 8OH103014922 816199999999999999 339 111549 3999999999999999
130 91 54 26 11 17 44 78104120135143136112 84 60 46 49 741091381521591581811 9OH11 7144222816099999999999999 415 101622 4499999999999999
143111 74 42 20 14 29 59 88108122133135123 99 75 57 51 64 93125146155156181110OH1141136224115799999999999999 449 131652 5199999999999999
148126 93 60 34 20 23 44 72 96111122128124109 89 70 60 62 81109135149153181111OH1212128225815399999999999999 521 191721 5999999999999999
148134109 79 52 33 27 37 59 83101112119120113 99 83 70 66 75 96120138146181112OH1239121232514799999999999999 552 271750 6699999999999999
146137119 95 70 49 38 39 52 72 90103110113111104 93 82 75 76 87105123135181113OH1310113999999999999999999999 625 371822 7499999999999999
139135125108 88 68 53 47 51 64 79 92101106107105100 92 85 81 84 94107119181114OH 0 1139135810799999999999999 7 4 4719 3 8199999999999999
126128125116103 86 71 60 57 61 71 82 91 97101104104101 95 90 87 88 94101181115OH 052128153110499999999999999 753 572015 8799999999999999
110116119118113103 89 77 68 64 66 72 80 87 94100105107105101 94 89 85 86181116OH 22211917 110799999999999999 9 7 642219 8599999999999999
 91 98106113116114106 95 83 73 67 66 69 76 85 95104111114112105 94 83 75181117OH 4 511618 4114999999999999991041 652346 7399999999999999
 73 78 89102113119118111100 86 73 64 61 65 74 87101113120122117105 88 71181118OH 5221191848122999999999999991155 61999999999999999999999
 60 59 67 84102116123123116102 84 68 57 55 61 77 96112124130130119 98 74181119OH 630124192513199999999999999 039 581247 5499999999999999
 54 43 45 61 84106121128129119101 78 60 49 49 63 85109125136140134114 85181120OH 73213020 114099999999999999 122 421329 4899999999999999
 57 36 27 36 60 89112126134133119 95 70 51 42 48 70 99123138146147133104181121OH 827135203614899999999999999 2 1 2714 9 4299999999999999
 69 38 18 15 33 64 95116130138135115 87 61 44 39 53 83115137148154149126181122OH 917139211115599999999999999 240 141448 3999999999999999
 89 51 21  5  8 35 71101119133141132108 78 54 39 41 63 99130147156158146181123OH10 3141214615999999999999999 320  31527 3899999999999999
114 73 35  8 -4  9 41 78104121136140126 99 70 49 39 48 78115141154160157181124OH1047140222116099999999999999 4 1 -416 6 3999999999999999
137100 59 24  0 -5 15 50 83105122135135117 90 65 48 44 60 94127147156159181125OH1131137225415999999999999999 443 -61644 4399999999999999
151126 88 49 18 -1  1 25 59 87106121130126107 83 63 51 53 74106134148154181126OH1215131232815499999999999999 526 -31723 4999999999999999
153141114 79 44 18  4 11 36 66 89105117123117100 80 64 56 63 85113134144181127OH13 2123999999999999999999999 611  418 5 5699999999999999
147144131106 75 45 23 15 24 47 71 89102112115110 96 80 68 63 71 90112127181128OH 0 5147135611599999999999999 659 151853 6399999999999999
135137134123102 76 51 33 28 36 54 74 88 99107111106 96 83 73 69 75 88104181129OH 1 013715 011199999999999999 754 281955 6999999999999999
116123126126118102 81 60 45 39 45 59 74 87 97106110108 99 88 77 70 71 79181130OH 227126161211099999999999999 859 392124 7099999999999999
 91102111118121117106 88 69 54 47 49 60 74 87 99109115114106 92 77 66 611812 1OH 4 21211723115999999999999991015 4723 1 6199999999999999
 65 76 89102112119119111 95 76 60 50 50 59 75 92106117123122111 93 72 551812 2OH 5321201824123999999999999991130 49999999999999999999999
 47 50 62 81 97110119123116100 79 60 49 48 60 80100116126132129113 88 621812 3OH 654123191413299999999999999 017 471234 4799999999999999
 42 32 36 54 77 96110121127119100 77 57 45 47 63 89112127136140132109 781812 4OH 759127195614099999999999999 113 321325 4499999999999999
 49 27 19 28 52 78 97112125129119 96 72 52 42 48 72101124137145145130 991812 5OH 851129203314699999999999999 2 0 191410 4299999999999999
 64 35 15 11 27 55 81100115128129114 89 64 46 40 54 841151341451501441211812 6OH 93613021 615099999999999999 243 101450 4099999999999999
 85 50 22  6  9 32 62 86103118129125105 80 56 42 43 65 981271421501501361812 7OH1017130213315199999999999999 321  51527 4099999999999999
106 69 36 12  3 14 42 71 92108121127117 95 70 50 41 51 791121361471501441812 8OH1054127215615099999999999999 358  316 1 4199999999999999
123 89 53 24  7  6 25 54 80 98112122121106 84 61 46 46 63 941241421491471812 9OH1128123221814999999999999999 431  41634 4499999999999999
133107 73 40 17  7 15 39 67 89104114119112 95 74 55 47 54 77107131143145181210OH1157119224314699999999999999 5 3  717 5 4799999999999999
138119 90 58 31 15 14 29 54 78 96107113112102 84 66 54 52 66 90116133141181211OH1224114231414199999999999999 534 121736 5199999999999999
138126105 77 49 28 19 25 44 67 87100107109104 93 77 63 56 61 77 99119131181212OH1251109234913499999999999999 6 6 1918 9 5699999999999999
133128114 92 67 44 30 28 38 57 77 92100104104 97 86 74 64 61 68 84102116181213OH1323105999999999999999999999 639 271847 6199999999999999
124124117104 84 63 45 37 39 51 67 83 93 99101100 94 84 74 67 66 73 85 98181214OH 033125141110199999999999999 718 361938 6699999999999999
109114114109 97 80 63 50 45 49 59 73 85 93 98100 99 94 86 77 70 68 71 80181215OH 133115152110099999999999999 8 4 452055 6899999999999999
 90 99105107104 95 81 67 57 52 55 63 74 84 93 99103103 98 90 79 69 63 63181216OH 256107163410499999999999999 9 6 522229 6299999999999999
 69 80 90 99104103 96 85 72 62 56 57 63 74 85 96104109110104 92 77 63 53181217OH 4221041735110999999999999991023 562345 5099999999999999
 51 57 70 85 97104105100 90 76 64 56 55 61 73 89103113119118109 92 70 51181218OH 5431061827119999999999999991140 55999999999999999999999
 38 36 45 63 83 98106110106 94 78 63 53 51 59 76 97113124129126111 87 59181219OH 7 1110191312999999999999999 043 351244 5099999999999999
 35 21 21 36 60 83100110116111 96 76 59 47 46 59 83107125135138131110 77181220OH 8 7116195713899999999999999 132 191337 4599999999999999
 45 19  5  9 31 61 86103115121115 96 72 53 41 43 62 92119136144146133104181221OH 9 3121204114699999999999999 218  41424 4099999999999999
 66 30  3 -8  2 30 63 88106120126115 92 67 46 36 43 70104130144152150131181222OH 954126212515399999999999999 3 4 -81510 3699999999999999
 95 53 16 -9-17  0 34 67 91109124127112 86 60 40 34 47 79114138150156150181223OH1041128221015699999999999999 349-171553 3399999999999999
125 85 42  6-17-19  4 40 71 93112126125106 78 53 36 34 54 90122142152156181224OH1127128225415699999999999999 434-211636 3399999999999999
146117 75 33  0-18-14 14 49 77 97114125119 97 71 48 35 39 63 98126141149181225OH1211125233915199999999999999 519-201719 3499999999999999
151137106 66 28 -1-13 -2 27 58 82100114120111 89 64 45 37 45 71102124136181226OH1255120999999999999999999999 6 3-1318 2 3799999999999999
143142126 96 60 28  5 -1 13 41 68 87101112114103 82 61 46 41 52 76101118181227OH 026143134011599999999999999 648 -11849 4199999999999999
127132130115 89 58 32 16 15 30 54 75 91102109109 97 79 61 49 46 56 75 94181228OH 118132142611099999999999999 734 131944 4699999999999999
107115120118105 84 61 41 29 31 45 64 81 93102107106 95 80 64 53 49 56 69181229OH 217120151810899999999999999 824 282052 4999999999999999
 83 95103108108 99 84 66 51 43 44 55 70 84 95103108107 98 84 68 55 48 50181230OH 329109161810899999999999999 922 422217 4899999999999999
 59 71 82 92 99101 97 87 73 60 52 52 59 72 87 99107112111103 88 69 53 42181231OH 4561011723112999999999999991033 512344 4099999999999999
