 18-12 -9 25 84155219261276265231179126 89 76 9112818123326526924419512518 1 1QD 8 4276193727199999999999999 124-141357 7699999999999999
 51 -7-32-22 22 91170237277288272231173117 80 72 9213619424627427124018318 1 2QD 854289202427799999999999999 212-331447 7199999999999999
107 31-23-42-23 30106187251286292269221160105 73 71 9814820825627726723018 1 3QD 941293211127799999999999999 259-421534 6899999999999999
168 90 18-29-39-12 47126203259286285256205144 95 70 7510816021725727025518 1 4QD1027289215727099999999999999 346-401619 6999999999999999
214151 78 14-23-23 11 73147215260278269236185129 88 72 8412017021925025618 1 5QD1110278224325799999999999999 431-2717 4 7299999999999999
237195136 71 20 -5  4 41101167222254263248213165118 87 79 9412917421323418 1 6QD1152263233123799999999999999 515 -61750 7899999999999999
235215177126 74 36 23 37 75127180221242243225192150112 89 8610313416919918 1 7QD1233245999999999999999999999 558 231838 8599999999999999
214212195164124 85 59 54 71104147187215227224206176141111 93 9310713115818 1 8QD 024215131522899999999999999 643 531933 9199999999999999
180192192180158129102 85 84 99126158187206213208192166137111 96 9310312118 1 9QD 13019414 521499999999999999 733 832040 9399999999999999
143162175180175162142122110108118137160182198204200185162135110 93 87 9318 110QD 3 118015 620499999999999999 83710722 0 8799999999999999
107128149167178180173158140127121126139158178194202199185161132104 83 7518 111QD 44218116142029999999999999910 11212311 7499999999999999
 78 94118145170187192187172152134124124136155177197206202186158124 91 6718 112QD 6 11931714206999999999999991126123999999999999999999999
 58 65 86117152183202208200180154131117118132156183206215208185150109 7218 113QD 65520818 421599999999999999 0 5 58122811699999999999999
 48 42 55 86126168202220221207179146120107111132163196219224210179136 8918 114QD 735223184722599999999999999 048 42131510699999999999999
 50 29 31 55 95145191222235229205168131105 9710913917721323323120716611418 115QD 8 9235192523599999999999999 125 271353 9799999999999999
 64 28 15 28 64115170215240244227193150112 91 9211415319723024323019614618 116QD 84124520 024399999999999999 159 151428 8899999999999999
 88 39 10  9 35 83142197236251244216174128 94 82 9412717321824424622217818 117QD 911252203324999999999999999 232  615 0 8299999999999999
120 61 18  1 14 53110171222250254235197149106 81 8010414619523525124020618 118QD 93925521 625199999999999999 3 4  11531 7799999999999999
153 92 38  5  3 29 79141200240255247217173125 88 74 8612016821424424822718 119QD10 8255213925099999999999999 335  016 3 7499999999999999
184127 68 22  4 15 53110172222249251232195147104 77 75 9713818622624423718 120QD1036253221224599999999999999 4 7  31635 7399999999999999
207160103 51 18 14 37 84142197234248240212171125 89 73 8211115419822823618 121QD11 5248224923699999999999999 439 1217 9 7399999999999999
220186138 87 45 26 33 65114168212237240223191149109 82 75 9112316420022118 122QD1137241233022499999999999999 513 251747 7599999999999999
221202168125 82 52 43 59 94140185218232227205173134100 79 79 9712816419418 123QD1212232999999999999999999999 551 431832 7799999999999999
209206188158122 89 68 66 84117156192215222213191160126 96 79 80 9712415518 124QD 021210125522299999999999999 635 641928 7799999999999999
180194194181158131105 90 90106132163190208213204184156124 95 77 75 8811118 125QD 129196135221399999999999999 730 882038 7499999999999999
139165183190185170149127112108118136160183200208203186159126 93 70 62 7018 126QD 3 219015 620899999999999999 84610822 0 6299999999999999
 90120152179195199190172150129118119131151175197210210194166128 88 56 4118 127QD 44619916282129999999999999910251172317 4099999999999999
 45 67103145183210220215195167138117111119140170201221224208174127 77 3618 128QD 6 92201739225999999999999991156111999999999999999999999
 15 19 46 92146196230244238213175135106 96105133172212237241221180122 6118 129QD 710244183924299999999999999 020 1413 1 9699999999999999
 12-10 -3 32 90156215253266254221172123 89 79 9413118122825625723018011218 130QD 8 1266193126099999999999999 115-111354 7999999999999999
 42-10-31-16 30 99175237273280261217158103 70 66 8913619624627226623317318 131QD 846281201927399999999999999 2 5-311440 6499999999999999
 97 23-27-40-16 40118198256285284255201136 82 55 58 9214921226027926722618 2 1QD 92828821 527999999999999999 251-411523 5299999999999999
159 79  8-33-36 -1 64145220269287276237176111 64 46 6010316422626627625618 2 2QD10 7288214927699999999999999 334-3916 3 4699999999999999
210140 64  3-26-17 27 97174238273278257210148 89 53 46 7011817923226126218 2 3QD1042279223126599999999999999 415-271642 4599999999999999
236187121 55  9 -5 16 65132199246265259229179122 74 51 55 8613418822824618 2 4QD1114266231324699999999999999 454 -51720 4999999999999999
239211165108 57 27 27 55105163213243249233199151103 69 57 7010214518721518 2 5QD1145249235622399999999999999 530 241758 5799999999999999
223213186147103 69 55 64 95138183216231227206172132 95 72 69 8511414817818 2 6QD1215232999999999999999999999 6 6 551840 6899999999999999
196199189168139110 90 86100127160190209214205183154122 96 81 81 9511714118 2 7QD 045200124821499999999999999 643 851929 7999999999999999
162175179174161143125114114126146167186197197188171147122101 89 87 9611118 2 8QD 153179133419899999999999999 7291132038 8799999999999999
129146160168169165155144136134139150163176184186181168149127107 92 85 8818 2 9QD 346170144918799999999999999 8451342213 8599999999999999
 98114134153168177178172161150141139143152165177185184174156132107 86 7418 210QD 53917916281869999999999999910541392334 7299999999999999
 73 84104130157180193195187171152136128130142160180193195184161131 99 7218 211QD 6411961740196999999999999991216127999999999999999999999
 57 57 73102138173199212210195170142121112119138165192208208192161122 8218 212QD 722213183121099999999999999 028 5513 411299999999999999
 51 38 46 71111156195221228218192157123102 9811314318021122521919315210318 213QD 754228191122599999999999999 1 8 381341 9799999999999999
 59 30 24 42 80131182221239237215178135100 84 9011815920223123922218513418 214QD 823241194723999999999999999 144 231413 8399999999999999
 78 34 12 18 50101160211243250236201153107 78 72 9213218222624924521716818 215QD 850251202125099999999999999 216 111443 7199999999999999
108 51 13  4 24 70131193238257252223177123 80 61 6910315420824625824220218 216QD 916258205425899999999999999 248  31512 6099999999999999
144 80 27  1  7 43100167223256261242201146 93 59 53 7612117923125925723018 217QD 942263212726299999999999999 318  01542 5299999999999999
181117 55 13  2 23 71136201246263254222172114 67 46 55 9014420224526024718 218QD10 826422 126099999999999999 349  21612 4699999999999999
211156 93 39 12 16 50107172226257259237195140 86 51 43 6410916521724825218 219QD1035261223725499999999999999 421 101645 4299999999999999
230189134 77 37 24 42 84142199240254244213167113 68 45 49 7912617922124118 220QD11 3254231724299999999999999 454 241720 4399999999999999
236210169120 74 48 48 74118170214240242223188142 95 61 48 59 9213718121318 221QD1135244999999999999999999999 530 4518 1 4899999999999999
225217193157117 85 70 78105144185216230224202168128 89 62 55 69 9913617218 222QD 0 5225121223099999999999999 610 701850 5599999999999999
198207201183157128106 97106129158187207214207187159125 93 70 62 72 9512518 223QD 1 6207125921499999999999999 659 971955 6299999999999999
155178192193184168148131123127140158177192200197184162133102 77 64 66 8018 224QD 237194141420099999999999999 8121232124 6399999999999999
104134162184196197188173154140134136146161178192198193176147113 80 57 4918 225QD 43819816 31989999999999999910141332259 4999999999999999
 58 81115153187209218212195169144126120126145170195211212195163120 75 4118 226QD 6 62181732213999999999999991159120999999999999999999999
 26 33 61105156201231242234208171133106 97107134172209232234214174119 6218 227QD 7 4242183523699999999999999 011 261259 9799999999999999
 20  3 14 51107170223255262246209159111 80 74 9213218423025625422717711018 228QD 749263192725999999999999999 1 6  21345 7399999999999999
 44 -1-15  5 54123194248275274247196134 82 55 57 8714120425327526623016918 3 1QD 828278201327599999999999999 154-151426 5299999999999999
 93 25-16-20 11 72150222269286273233170103 54 36 50 9415922527028326722218 3 2QD 9 4286205628499999999999999 237-2315 4 3699999999999999
152 74 11-18-11 32103182247281284258206137 73 34 29 5611118024227728025518 3 3QD 936286213728299999999999999 317-201540 2799999999999999
203131 58  8 -7 14 67141213262280269231171103 50 25 34 7213319925027126518 3 4QD10 6280221627299999999999999 354 -71614 2499999999999999
233178110 51 18 18 51109177234264266242196136 77 38 29 50 9615521124625618 3 5QD1033269225325699999999999999 429 141648 2999999999999999
241206154 97 55 40 54 93149204242254242210161107 62 40 44 7311917021123218 3 6QD1059254233023599999999999999 5 1 401720 3899999999999999
233214180136 95 71 70 92132178216236234213178133 90 60 51 64 9513617420118 3 7QD1124238999999999999999999999 533 671754 5199999999999999
212208189161130105 95102126160192214221210187154118 87 69 69 8411114116818 3 8QD 011213115222199999999999999 6 5 941832 6799999999999999
185191187174155136123120130149172191201201189168142116 95 83 85 9711613618 3 9QD 1 3191122620399999999999999 6421201924 8299999999999999
155168175175170160150143141147157169179184184176162143124107 96 93 9810918 310QD 233176132318599999999999999 7421412050 9399999999999999
124140155167175178174167159152149150155163170175175168154136118102 92 8918 311QD 45317815281769999999999999910141492247 8999999999999999
 96110129151172187193191181166150139134139150165178185182168146121 97 7918 312QD 61119417121859999999999999911591342357 7399999999999999
 73 81100128159187206211203185160136119116126146171193203198179149114 8218 313QD 6542111811203999999999999991245115999999999999999999999
 61 57 70 99138178210226224207177142112 97101121154189215223211182141 9718 314QD 725227185322399999999999999 043 561318 9699999999999999
 60 41 45 70111161206234242229199156114 85 78 9412817321423823821617612318 315QD 752242193024199999999999999 120 401348 7899999999999999
 72 37 26 43 82136192234253249222178125 82 61 67 9814720024125724621215918 316QD 81825420 425799999999999999 153 261417 6099999999999999
 98 46 19 22 53106170225258264245203146 90 53 45 6611217322926326724419918 317QD 843265203826999999999999999 224 171446 4499999999999999
136 72 27 12 30 75140206253272262228173109 56 32 39 7613620225427626823418 318QD 9 9272211327699999999999999 256 121516 3199999999999999
178111 51 18 19 51108177237270273249201137 74 31 22 44 9516222626727725918 319QD 935275214927899999999999999 328 141547 2199999999999999
216155 90 41 23 38 82144209256273261224168103 47 19 24 5911818524026926818 320QD10 3273222827299999999999999 4 2 231621 1799999999999999
242196136 80 45 42 68117177231261262239195137 77 33 19 36 7913819824125918 321QD1033265231025999999999999999 437 391657 1999999999999999
251222177125 82 62 70101149200237252242212167113 64 33 30 53 9615019923118 322QD11 5252235824099999999999999 514 621738 2899999999999999
240230204166127 98 88101131170207230234219189148103 65 44 46 6910715018718 323QD1141235999999999999999999999 555 881826 4299999999999999
212220213194167139120116127150177200213213199175143108 78 61 61 7710513818 324QD 1 0220122921599999999999999 6461161930 5899999999999999
168191203204195178159144138142153168183193196190175152123 96 75 68 74 9218 325QD 234204135019699999999999999 8 613821 2 6899999999999999
119148175195206206197180162148140141149163178190195189171144112 83 65 6118 326QD 43220715581959999999999999910251402244 6199999999999999
 73 99133169200220225216195168142124118126145172196211211194163122 81 5218 327QD 55222517292139999999999999911551182357 4399999999999999
 43 55 85129177216240244230199159121 97 92106137177214235235214174121 7018 328QD 6442451830238999999999999991246 91999999999999999999999
 35 26 43 83139196240261258233189136 91 67 69 9414019423825925522617511118 329QD 724262191926099999999999999 051 251327 6599999999999999
 53 19 16 42 94161223262275262223165104 59 42 55 9515521726127726522616418 330QD 75927520 327799999999999999 136 1414 4 4299999999999999
 94 38 11 18 56120191249278278252199132 70 33 28 5410817824027728426321518 331QD 830282204428599999999999999 217 101439 2699999999999999
146 77 29 15 34 84154222268282268228165 95 41 17 27 6713220225728227924918 4 1QD 859282212228499999999999999 255 141512 1799999999999999
194125 64 31 31 62120189246275274246195128 64 24 16 40 9115922226427726418 4 2QD 927278215927799999999999999 330 271544 1599999999999999
226169108 61 44 58 99159218258269253214157 94 43 20 27 6311918223326026118 4 3QD 953269223426399999999999999 4 3 441615 1999999999999999
241200147 98 69 67 91137191235256252225179124 71 37 29 49 9114619723324618 4 4QD101925823 924799999999999999 435 641646 2899999999999999
240215176133100 86 96126168210237243227194148100 62 43 48 7511716320122318 4 5QD1045244234722899999999999999 5 6 861717 4299999999999999
228217192160130111108124153187214227222201167128 91 66 59 71 9813416819418 4 6QD1113227999999999999999999999 5381071752 5999999999999999
208208197178156137128131146169191206209200179151121 95 80 78 9111313916318 4 7QD 032209114621099999999999999 6161271836 7799999999999999
181191193187175162150145147157170182190190183168148127108 96 9410211613418 4 8QD 140193123519199999999999999 7121451942 9499999999999999
15216818018718718217416415715315415916617317717616915714012311010210210918 4 9QD 337188142317799999999999999 917153213310199999999999999
123140160178191198195186173158146140141149161174182182172155135114 99 9218 410QD 514198163018399999999999999111813923 7 9299999999999999
 96111134161187206213208193170146127119123139161183198200189166137108 8518 411QD 6 521317392019999999999999912 9119999999999999999999999
 77 84106138175207226228215189155122101 97111138173204221220201170130 9218 412QD 640229182622399999999999999 0 2 771243 9799999999999999
 67 62 78111155199231245238212172128 91 75 8110815019623024423520716311318 413QD 7 924519 624499999999999999 044 621314 7499999999999999
 71 50 54 82127182228255257237197144 92 59 53 7311617222525726324420314818 414QD 736259194326499999999999999 120 491344 5299999999999999
 91 52 39 56 96154214256271260225170107 56 32 40 7613520125327827324419218 415QD 8 3271202027999999999999999 155 391415 3199999999999999
128 71 39 39 68122187245276277251201134 68 25 15 38 9016022927528927523518 416QD 832280205828999999999999999 230 351447 1499999999999999
175109 58 38 50 91153219267283270231170 98 36  5  9 4711118625028629026818 417QD 9 2283213929299999999999999 3 6 381522  299999999999999
221157 96 56 49 72121185243276278253204137 67 17 -1 16 6413420626028528118 418QD 934281222128699999999999999 344 471559 -199999999999999
253204144 92 66 69100151209253272262228175110 49 12  6 33 8515221525727318 419QD10 827223 827399999999999999 423 641639  499999999999999
264235189138100 85 96129175221250256239203151 94 46 20 23 5310416121224418 420QD1044257999999999999999999999 5 4 851723 1899999999999999
254245219181143116108121150187219236235217183139 93 56 38 44 7211416019918 421QD 0 1254112623899999999999999 5511081815 3799999999999999
225235229210183155135130140160184205216214200174141104 75 60 63 8311415018 422QD 1 6235122221799999999999999 6501301920 5999999999999999
183207220221210192170152143145155170185196200194179154124 96 78 73 8410618 423QD 234222135420099999999999999 8201422047 7399999999999999
136168195214223219204182160143135137148165183197201194174146114 88 75 7718 424QD 41122315542019999999999999910171352222 7499999999999999
 94124160194220233231214187155129114113127151180205218215196163124 89 6818 425QD 52123417192199999999999999911321112333 6599999999999999
 67 85120163205235248241217179137103 86 89111148189223239235212172123 8118 426QD 6102481818240999999999999991221 85999999999999999999999
 58 60 83126178224253260245210160109 73 60 7210615620724525925022017011418 427QD 64826019 725999999999999999 027 5613 1 6099999999999999
 70 51 59 91143201246268265238191131 77 46 42 6611317423026427225721715918 428QD 722270195027399999999999999 112 511337 4099999999999999
101 62 50 68110170227265275259220161 97 47 26 35 7313219825027727725220418 429QD 752275203028099999999999999 153 501411 2699999999999999
143 89 59 58 86138199250275271243192127 65 26 19 42 9115822226528127223918 430QD 82227721 828199999999999999 231 551444 1799999999999999
185126 81 64 75113169226264274257217158 93 41 17 24 6011818524027127625818 5 1QD 850274214327799999999999999 3 6 641516 1699999999999999
218164113 82 77 99144199245267262233185124 66 28 20 41 8714720724926826318 5 2QD 918268221826899999999999999 340 751547 1999999999999999
238195146107 90 97127173220252259242205152 96 51 29 34 6611617222024925718 5 3QD 947260225225799999999999999 412 891618 2799999999999999
244215175136110104120154196231248243217176126 80 48 40 56 9314118822324118 5 4QD1016248232924399999999999999 4451031650 4099999999999999
241224195162134119122143174206229234221193153111 76 57 59 8011615719321818 5 5QD1048235999999999999999999999 5201181725 5599999999999999
228223207183158139132139158183205218216201174140107 83 73 7910113116319018 5 6QD 011228112421999999999999999 6 013218 7 7399999999999999
208214210197179161148144150164181195202199186165139115 97 90 9611313616118 5 7QD 1 6214121420299999999999999 65414419 1 9099999999999999
18219820520519718416915715015115916918018718818116714812811210310511613318 5 8QD 225206133618999999999999999 822150202010399999999999999
15417519320520820319117515914614114415416717918718717816214112210910411118 5 9QD 35520815311889999999999999910 9141215510499999999999999
127149174197213219213197174150131122125139160182198203195176151125105 9618 510QD 459219165320399999999999999111412223 5 9699999999999999
102121150182211229232220195162129106 98107131164196218224213188154119 9418 511QD 5422331750224999999999999991156 982357 8599999999999999
 85 95122159200232247243221184139 99 76 75 9513317921924324522719314910718 512QD 6172481835247999999999999991232 72999999999999999999999
 80 76 94130178224255263247212161106 64 47 57 9214420224626726223619213918 513QD 649263191826899999999999999 041 7513 7 4799999999999999
 93 69 72100147203250274271243194130 70 32 24 48 9816422827128627423818418 514QD 72227620 128699999999999999 123 671343 2399999999999999
125 81 64 76114170229272285269229168 96 37  7 12 4911218725228929727723418 515QD 756285204529799999999999999 2 4 641421  499999999999999
173114 75 67 88134195252284286259208139 66 12 -7 10 5913120826829829827318 516QD 833289213130199999999999999 246 6615 1 -799999999999999
224162107 78 78106157217265286277242184112 44  0 -8 19 7515022227329629118 517QD 911287221929799999999999999 329 741544 -999999999999999
261211154108 87 95127178231268278261222162 93 34  2  3 36 9416422726928518 518QD 95127823 928599999999999999 414 861628 -299999999999999
277247201151115102114147192235260262242202146 86 38 15 22 5611117222425718 519QD1035264999999999999999999999 5 11021716 1499999999999999
269261234194154126118130159195227244243223188140 91 53 36 44 7612217221518 520QD 0 4269112524699999999999999 5531181810 3699999999999999
242253246224193160137130140161188212225225210183145105 74 59 66 9012716818 521QD 1 6253122822799999999999999 6551301912 5999999999999999
204229240237221195167145135138152172193208213206187158125 96 80 81 9812718 522QD 218241135621399999999999999 8151352027 7999999999999999
162195221235236223199170145129126135153176196209211199175144114 94 8910118 523QD 333237153721299999999999999 9451262148 8999999999999999
125158193221238240226200166135114107115136165194215223215192159125101 9218 524QD 43724116592239999999999999910571072259 9299999999999999
101125161199230246245227194153116 91 85 9812616420222923823020516712810018 525QD 52724818 2238999999999999991149 852357 9199999999999999
 91102130170212243255248222181132 91 67 67 8712617421724525324121016712418 526QD 6 72561853253999999999999991232 64999999999999999999999
 96 91106141187230257262245210159105 64 47 56 8713619223626026324520715918 527QD 643263193726599999999999999 046 901310 4799999999999999
116 93 93116158208248267262235189131 77 43 35 55 9815621325427226724119618 528QD 716268201727299999999999999 128 901345 3599999999999999
146108 92101133180229262270254216162101 52 29 34 6511918123426727626322918 529QD 749271205427699999999999999 2 8 921419 2799999999999999
180133102 96115154204247269265238191132 74 35 25 43 8614520525127327325118 530QD 820271212927699999999999999 245 951452 2499999999999999
211163122102106133177225259268253216163104 54 28 31 6111217222526027226318 531QD 85226822 327299999999999999 3201001524 2699999999999999
234191148117107121155199240261259234190135 82 44 32 47 8513919523826226418 6 1QD 924263223626599999999999999 3541071557 3299999999999999
247214173137117118139176216246256243211165113 69 44 44 6911216321024325618 6 2QD 957256231125699999999999999 4281141630 4199999999999999
250228196160134123131156191223243243224189145100 67 54 63 9313518121824018 6 3QD1031245235024699999999999999 5 412317 6 5499999999999999
246235212183154136132144169198222232227205172133 97 74 69 8411415219021818 6 4QD11 9233999999999999999999999 5441311745 6999999999999999
233234223201176154140140152173196213219211191162131103 87 8710213016219218 6 5QD 034236115621999999999999999 6321381831 8599999999999999
21522622621519717515614414315216918720120620118516213711410110111513816518 6 6QD 12922813 120699999999999999 735142192910099999999999999
19121222322421519817615514113714315717519120020019017114812711311012014018 6 7QD 235225142920199999999999999 853137204211099999999999999
16519121322622821919917414913012212714316418720320920218516213711911211918 6 8QD 34122915582099999999999999910 6122215911299999999999999
13816519422023523722419916613310910010712916019221622622120217314311910918 6 9QD 43623817 82269999999999999911 210023 610999999999999999
115137168204234250247227193150109 81 74 8812016320623624824021718114311418 610QD 52225118 5248999999999999991149 74999999999999999999999
103112138177219252264255226180126 79 51 50 7411817422626027025822818413818 611QD 6 4265185627099999999999999 0 21031232 4799999999999999
106 97110144190238270277258219162 99 48 24 31 6612419024728128827123318118 612QD 646277194628999999999999999 053 971316 2299999999999999
131 99 94113154208257284284256206139 71 21  3 20 6613520826729730027723218 613QD 728288203530299999999999999 143 9314 0  399999999999999
175124 95 95121168225272293284249190117 47  2 -8 18 7415022528030630327618 614QD 811294212530899999999999999 231 921446 -999999999999999
226167119 95100132184240281294278237173 98 32 -6 -7 26 8816523728530629918 615QD 856294221530799999999999999 319 941533-1199999999999999
268216159116 99109145197248282288267222158 86 28 -1  4 4210517924328429818 616QD 94328923 529999999999999999 4 7 991621 -499999999999999
288255205153117106120156205249274275252208147 83 34 13 24 6412418924327618 617QD1032278235628699999999999999 4561061710 1399999999999999
286273240194150121114130163205241260258236196143 89 50 36 49 8714019523918 618QD1124262999999999999999999999 54811418 0 3699999999999999
265271257227187149125121135164198227242241223190146103 72 63 7610915319718 619QD 048271122524499999999999999 6441201855 6299999999999999
233253257244217182149128123134157185210225227215191156121 96 88 9912516118 620QD 144257134022899999999999999 7481231955 8899999999999999
19722724424723621117914812611912514416919321221921519717014111810911613618 621QD 24324815 922099999999999999 9 111921 410999999999999999
16519722324024323220717514311910811212915518320622022120918515713412212518 622QD 3432431634222999999999999991013108221812199999999999999
142168198225241243230204168132105 93 9711614618121022823222119716714112718 623QD 4382441745232999999999999991114 92232512699999999999999
129145172204232247246228197156116 87 76 8410914718822224124423120317014118 624QD 52624818412459999999999999912 4 76999999999999999999999
126129148179214242254248224185138 95 68 62 7711115720323825525423520216418 625QD 6 8255192625799999999999999 0211251246 6199999999999999
135123130154191228254260246213167115 73 52 54 7912317622325526725923219318 626QD 64726120 526799999999999999 1 81221324 5099999999999999
153126119133165206244265262239197144 91 54 41 54 9014319924426927325622218 627QD 724267204127499999999999999 1501191359 4199999999999999
179140119120142181225259271258225176119 69 40 39 6411016722226027727124618 628QD 759271211427799999999999999 2271171433 3699999999999999
205162128115126157200242268270248206151 95 52 35 46 8113519424227127726218 629QD 834272214627899999999999999 3 311515 7 3599999999999999
229186145120117137175219256271262231182126 75 43 39 6110616321725727427018 630QD 9 8272221827599999999999999 3371151540 3799999999999999
247209167133118125153194235262267248210159105 63 44 51 8413318823526327018 7 1QD 941268225027099999999999999 4111171613 4399999999999999
257228189151126121136169209243260255229188138 92 61 53 7111016020924526218 7 2QD1016261232326499999999999999 4451201647 5399999999999999
260241210173141125128149182217243251239210169125 87 67 70 9513518122224818 7 3QD1053251235825699999999999999 5211241723 6699999999999999
256248226194162137127135158189218236238223195158120 92 81 9011815619622818 7 4QD1136239999999999999999999999 6 312718 2 8199999999999999
246248237214184155135129139160188212225225211187155125104 9811013617020318 7 5QD 039249122922799999999999999 6521291849 9899999999999999
22924224122920617815113212713615518020221621820818816213711911512514817718 7 6QD 128243134021899999999999999 751127194611499999999999999
20522824023922620317414612511812514316819321121821419817615213312713415318 7 7QD 22624115 621899999999999999 9 0118205812799999999999999
17820522824124122820317113711210110712715618721422822821519316714413313618 7 8QD 33024316312309999999999999910 9101221713299999999999999
152177206233249249233203164123 92 79 8511014718822424524823521017814913218 7 9QD 4312511742249999999999999991110 78233013099999999999999
132148176210242260260239202154104 67 53 63 9514319624026527025422418414818 710QD 52726318422709999999999999912 5 53999999999999999999999
126125143177219256275271244198140 82 41 28 44 8614620925928628926923118318 711QD 620276193629199999999999999 0331231256 2899999999999999
141118118141182231271289280246191124 60 18  9 33 8415422527830330227723118 712QD 710290202730699999999999999 1291151346  899999999999999
177131108113142190245286300285244181107 40  1 -2 30 9116824229331430827618 713QD 759300211631599999999999999 2201071435 -599999999999999
224165120101111147202258296305284238169 92 28 -5 -1 3910618625730231730518 714QD 84730622 331799999999999999 3 91011523 -899999999999999
267210151110 97113155213267299302277227156 82 24  0 12 5812820426730331118 715QD 935304224831199999999999999 356 971610  099999999999999
293250192138104 98120165221269293291263213146 79 32 17 36 8515222027129718 716QD1024296233130099999999999999 442 971656 1799999999999999
297274230175128103103129173223262279274246199140 85 50 44 6811517523126918 717QD1115280999999999999999999999 5291001741 4399999999999999
284279253210162124106111136176217248260253229189141 99 76 7710114419223418 718QD 01328512 926099999999999999 6171051827 7399999999999999
26126925923319415412411111714017320522923923521718615011910510913116520218 719QD 056269131224099999999999999 7 9111191610499999999999999
23225025324221818515112511512013816319021122222321219016414213113515217718 720QD 143254143222499999999999999 810115201513199999999999999
20422724024223121018015012611411612915117519821322021520118116215115116218 721QD 23824316 622099999999999999 922114213015099999999999999
18020222223423722720717914812310810711813916619321422622521419517516015618 722QD 3432371729227999999999999991036106225515699999999999999
162178199220235239229207176142113 96 9410713216519822423823822520317815918 723QD 4472391830240999999999999991138 93999999999999999999999
152157175200225242245232206169130 98 81 8210113417421324125324923020217218 724QD 541246191525499999999999999 0 41521226 7999999999999999
150143153176207236253253233199156112 79 66 7410214519223325926525422719218 725QD 627255195226699999999999999 05514313 6 6699999999999999
158137135152183221252265257229187137 91 61 56 7511316421625427327225121618 726QD 7 7265202527599999999999999 1361341343 5599999999999999
174141126132158198239267273255218168113 69 48 54 8413319024027228227023918 727QD 744274205528299999999999999 2121251417 4799999999999999
196154125119136172218258279274246200144 89 53 43 6210316021826228328125918 728QD 819280212428599999999999999 2451181450 4399999999999999
219173134115120148191239273283267230177118 70 44 48 7913019124427728627318 729QD 853283215328699999999999999 3171131522 4299999999999999
240195150118111127164212256280279253208152 97 58 46 6310516222026328328018 730QD 926283222128599999999999999 3491101554 4699999999999999
257217170130110114140183231266279266233185130 83 57 59 8713619224327328118 731QD 959279224928199999999999999 4211081625 5499999999999999
267236193149118108122156200242267269249213165115 79 66 8011616621825627418 8 1QD1035271231927599999999999999 4541081658 6699999999999999
271249214172134112112133169210244260255232195151111 87 8510614519123326018 8 2QD1115260235226899999999999999 5301091734 8399999999999999
26825723119515712611111714117621223824824021818514811810310813216820723918 8 3QD12 2248999999999999999999999 612111181510299999999999999
25725724321618214812211212014317520522723522921118515613312313115218221318 8 4QD 03225913 423599999999999999 7 211219 412399999999999999
23724924823320817714512111111713716419321522722621519517215214314816418618 8 5QD 122250142722899999999999999 8 5111201114399999999999999
21123124324323020817714411810410612214817920622623322821319217115815516418 8 6QD 22924416 523399999999999999 922103214115599999999999999
182204226241246236214181143110 90 8710113016720423324824823521118516315318 8 7QD 3492461731250999999999999991040 86231515299999999999999
156172197225247257249224185139 97 69 62 7911416120924826927125522518915818 8 8QD 5 42571835272999999999999991147 62999999999999999999999
141143161193230261274265235188131 78 45 38 5910416322326929229126923018418 8 9QD 6 6274192829499999999999999 0261401244 3799999999999999
144125128153195242279293280243185118 58 22 19 4810317424229031030427422418 810QD 7 0293201531199999999999999 1211231335 1699999999999999
168125107116150203259298308289244178102 39  6 10 4811419326430832230826818 811QD 751309205932299999999999999 2101061423  399999999999999
208147105 93110154216275312316291239165 87 27  2 15 6213621728331832330018 812QD 838318214032599999999999999 254 9215 9  199999999999999
250185125 89 85112165230287316314283226151 76 25 11 33 8816524129531831318 813QD 925319221832099999999999999 337 831553 1099999999999999
281225160106 80 86121178242290310301267209138 74 36 33 6412319525829730818 814QD1011310225430899999999999999 419 791634 3099999999999999
293254197138 96 81 95135191246282294281246192131 82 59 6710315921926629018 815QD1057294232829299999999999999 5 0 811715 5899999999999999
289267226173124 94 89109149198241266271257225180133100 9010514018823426418 816QD1145272999999999999999999999 541 881754 9099999999999999
27526624020115712010010212315819622724524723521017714512512314017020623618 817QD 0 1275123924899999999999999 625 98183512199999999999999
25425624321818515012311011413215918721022422722020418316215115216618721118 818QD 038257135022799999999999999 715110192415099999999999999
22923923822720618015213012012113315217419420821621720919618117217117819018 819QD 124240153121899999999999999 821119203917099999999999999
20521822722822020418215813612312012614116118320321722322121019718417617618 820QD 236228171222499999999999999 950120223317599999999999999
18319520922122722321018816213711811011412915318120822823723522220318316918 821QD 4 92271817238999999999999991111110235516599999999999999
165171186206225235233218192160128105 9510112215419122424625324522619817218 822QD 52123618592539999999999999912 7 95999999999999999999999
154151162185213238249244223189149112 87 80 9412416621024526426424821918318 823QD 612250193226699999999999999 0431501249 8099999999999999
152136139160193229256264251221178131 91 69 71 9513718823526727826824120118 824QD 65326420 127899999999999999 1201351325 6799999999999999
160131122135167210250274274251211159107 69 57 7110716021626128428326222318 825QD 730277202928699999999999999 1531221358 5799999999999999
176134112115141184234272287276242192134 83 54 54 8213119124628229227924518 826QD 8 3287205529299999999999999 2231101429 5099999999999999
197146111101117156208258289292269225167107 64 48 6310416322527229529126518 827QD 836294212129699999999999999 25310015 0 4899999999999999
220166119 95 98128177233277296287254202141 86 55 55 8313519825528929627918 828QD 9 9296214629799999999999999 322 931531 5199999999999999
242189135 98 87104145201254288293274233178119 75 59 7311317023027529428718 829QD 942295221229499999999999999 352 8716 1 5999999999999999
259213159111 86 89117166221266287282255211157106 76 7410014620325328328718 830QD1017288224028999999999999999 424 841634 7299999999999999
269233185134 97 84 98134183233267278266236193145106 90 9913117722626427918 831QD1056278231027999999999999999 458 8417 8 9099999999999999
272247208162119 93 9011014819323425826224822018214511811212716020023726118 9 1QD1142263234626799999999999999 537 88174711299999999999999
266254227190149115 96 9811915419322524424623521218415613913815318021023618 9 2QD1240247999999999999999999999 624 94183413699999999999999
25125123821318114711810310412215018120922823423021619617616215916918620718 9 3QD 03125314 423499999999999999 724101194115999999999999999
22523723923021118515412610710311313516319221623123523021519718117217218018 9 4QD 140239155623599999999999999 846103212917199999999999999
194211226235234221197166132106 93 9511314317821223825125023721519017116118 9 5QD 3242361727252999999999999991020 92231816099999999999999
163177199223242249239214177134 96 74 72 9112717321925527327225422318715618 9 6QD 4562491827275999999999999991135 70999999999999999999999
140142161194231260271261230183128 79 51 49 7412118023727829528926221817018 9 7QD 6 2271191429699999999999999 0231391233 4699999999999999
132115122152197247283295279240181115 59 30 34 6812719826130131229725820118 9 8QD 655295195531299999999999999 1111141323 2799999999999999
143103 92108151210268305312290241172 98 41 18 31 7614622428631831929324118 9 9QD 743313203232299999999999999 154 9114 8 1799999999999999
174113 78 76105160229289320320290233157 82 32 19 42 9817625230432431327518 910QD 82832421 832499999999999999 234 731451 1899999999999999
213142 86 62 71111176248301324315279216140 72 35 34 6813220927531231729518 911QD 912325214131999999999999999 313 611531 3099999999999999
247180113 68 57 78128196261303315300259196127 73 51 6210516923728730729918 912QD 955316221130899999999999999 351 5616 9 5099999999999999
267213148 93 63 64 95148212265294297277235178122 85 78 9914520325628729118 913QD1037299224129299999999999999 427 591645 7799999999999999
273234181125 84 69 8111616822025827627225121316712810711113718022526027418 914QD112027723 927599999999999999 5 3 69172110699999999999999
267243204157115 88 8410213717921824425324722819816614213414416920223325218 915QD12 6253234025699999999999999 541 83175713499999999999999
25524221618214611610110312115018120822523122721419517516216016918821022718 916QD13 6231999999999999999999999 623100184115999999999999999
23623422120017414712711611913215217419320821621721220219018117818219220318 917QD 018237144121799999999999999 718116195217899999999999999
21321921821019617715713912912613214516117919621021922021420419318518118218 918QD 122219164022099999999999999 845126221218199999999999999
18919820621221120318816814913212312313214917219621723023422721319517816718 919QD 3252121750234999999999999991032122234016599999999999999
16617318720421822321720017614912511010812014317420623324724723421118416018 920QD 4592231831249999999999999991139107999999999999999999999
147148163187213234240231208175140109 93 9511414718822725426325523219816218 921QD 55524019 226399999999999999 0251461224 9199999999999999
136127137163198233254257239207164121 89 77 8811916321225227327325321717318 922QD 636258192927699999999999999 05812713 0 7799999999999999
134112113135174220257274267239196144 97 70 69 9213619124227628627323919118 923QD 712274195428699999999999999 1281091333 6699999999999999
141105 93107145196247280287269230176118 75 59 7110816422427129328826121418 924QD 746288201929499999999999999 156 9314 4 5899999999999999
157107 81 83113164224273297292262212150 94 61 58 8513519925729229927923818 925QD 818298204430099999999999999 224 781435 5699999999999999
180120 78 66 84129191252293303287247189126 77 58 7011016923428230129326018 926QD 852304211030299999999999999 253 6615 6 5899999999999999
207143 88 59 63 96152218273301300273226165108 72 68 9314220426129429827518 927QD 926304213630099999999999999 324 571538 6599999999999999
232173111 67 53 70114176239283299288255205147101 80 8912317623327629328218 928QD10 329922 529399999999999999 356 531612 7999999999999999
250201142 89 58 57 85135195249281287270235188140107 9911615420324927627918 929QD1044287223728199999999999999 431 541648 9899999999999999
260224174122 80 62 7010315220424726826925122018014412412414518021925126518 930QD1130271231226599999999999999 511 61172812199999999999999
259237201158115 84 73 861171592012342502502372131841591461491671932202401810 1QD1230252235824699999999999999 557 73181814599999999999999
246239219190155121 96 88 971211541872152322372312171981791671671761912081810 2QD1357237999999999999999999999 658 88193316699999999999999
222228225213193165136112 991001151391681972192332372312161971811711701761810 3QD 113228155123799999999999999 824 98213917099999999999999
188203216223221208184154124101 92 991191501862182422522492322071811601501810 4QD 31722417152539999999999999910 5 92231715099999999999999
153167190215234240230205168128 94 76 791021401862292602722652422051661361810 5QD 45424018 9272999999999999991122 75999999999999999999999
122128151188226255265253222175122 79 58 63 921411982502822902752391891391810 6QD 557265185029099999999999999 0121221219 5699999999999999
104 94108145196247280288271230172109 62 43 55 951552222743012992732231611810 7QD 648289192730499999999999999 055 9413 6 4399999999999999
105 73 72 98150214270302304279228160 93 49 38 601111812502963112982571951810 8QD 73430720 031199999999999999 134 691349 3799999999999999
126 73 50 60101165236291315309276217144 80 45 45 791392132753083092832311810 9QD 817316203231399999999999999 211 491429 4199999999999999
160 92 48 38 62115187256302317302262198128 74 53 65108174242291308295257181010QD 85931721 230899999999999999 247 3815 7 5399999999999999
196125 66 36 41 77138209270303307286240178117 79 72 95144207263294295270181011QD 939308213129899999999999999 322 341544 7099999999999999
223160 97 52 38 56100163227273293288262216162116 93 98129179232271284272181012QD101829422 028499999999999999 356 381618 9299999999999999
239189130 80 52 53 80127184234266275265237196153123115129162205244266265181013QD1057275222826899999999999999 429 49165311499999999999999
244207160112 77 64 75106150196232251254241216184155138138156186218242250181014QD1138255225825099999999999999 5 3 64172813699999999999999
241217182143108 86 83 98128164197222233233222203182164155160175197217229181015QD1228235233323199999999999999 541 82181115599999999999999
230218196168139115102103117140166190207217219213202188176170172181193204181016QD1342219999999999999999999999 627101191517099999999999999
211211202187168147130119118126141159178195207214214209199187178174174179181017QD 028212153421599999999999999 736117212217399999999999999
187194199198191178161144131124124133148168188207220224220207191174162157181018QD 223199165922499999999999999 92412323 515799999999999999
160171185198205204193175153133118114121139164193218234238228209184158141181019QD 4222061747238999999999999991053114235213699999999999999
136144162187209222221207183153125105101112137172208237251248230199164133181020QD 5272241820252999999999999991147100999999999999999999999
115117135165201230243238216182142108 89 90111147191232258264251220177133181021QD 613243184826599999999999999 0261141227 8799999999999999
102 92105137181225254262248216171124 89 76 87119167218258276270243198144181022QD 650262191527799999999999999 056 9213 2 7699999999999999
 98 73 76103150206252277275250207152102 73 70 94139196249281285265223165181023QD 725279194128799999999999999 125 711335 6899999999999999
106 64 52 70113174235278293280244190130 84 64 75111168229275294284249193181024QD 8 029320 729499999999999999 154 5214 8 6499999999999999
127 69 38 41 74133202262296299276231170111 73 67 90137200258292295271223181025QD 836301203629799999999999999 225 351443 6599999999999999
158 90 41 24 42 89157228281303296265213151 99 74 80113167229276295284249181026QD 91430421 729599999999999999 258 241518 7299999999999999
193124 61 25 22 53110181247288300285249195139 98 85101141195248282286265181027QD 955300214028899999999999999 334 191556 8599999999999999
222163 98 46 23 32 71131198253283287269231182136107105126166214255274268181028QD1039288221527599999999999999 412 22163610399999999999999
241196140 84 45 33 50 91147205248269269251218177142124127149184221248257181029QD1130272225625799999999999999 455 33172212399999999999999
246218178130 85 56 51 69106154200234251251237212181156143146163189214232181030QD1231253234723699999999999999 544 50181814299999999999999
236226203171133 98 75 70 84113150187216234238232215192171157156164180197181031QD1354239999999999999999999999 645 69193915599999999999999
211217214200178148118 94 85 911101391722012242352352242041811621521511601811 1QD 110217153023799999999999999 8 7 85213315099999999999999
175192206213210194169138109 91 881011261601952242422462352121821541341281811 2QD 311213164624799999999999999 942 88225712899999999999999
135155181207225228216189153116 89 80 901171561992352562592432111701321071811 3QD 4452291738260999999999999991059 80235110099999999999999
100112141181219244250237204159113 81 70 821161642142532722682421991471011811 4QD 5492511819273999999999999991157 70999999999999999999999
 76 74 97139191238266270251211157104 71 64 831251822362722832692311751151811 5QD 640271185428399999999999999 033 721245 6399999999999999
 69 49 57 92148210259284282256207146 93 64 65 931452072592862852592091441811 6QD 726286192728999999999999999 111 481328 6199999999999999
 81 40 31 52101167232277295285251195132 85 65 751131722332762912772381781811 7QD 8 8295195929199999999999999 148 3014 8 6599999999999999
109 51 22 26 60120190252288296279237178119 82 73 941402002542842842582091811 8QD 849296203028899999999999999 223 201446 7399999999999999
144 78 32 17 34 80145213264289288263217160111 86 901201702252662812682311811 9QD 92729221 028199999999999999 257 171523 8499999999999999
176112 56 24 24 54107171230269282272241195145110 98111147196241267267244181110QD10 3282213027099999999999999 330 201558 9899999999999999
200144 87 45 29 42 80135193239264267251218176138115114135172214246258247181111QD104026822 125899999999999999 4 3 29163211299999999999999
216171120 75 47 44 66108158205238252249229199165138126133156189220239240181112QD1117253223324299999999999999 436 4317 812699999999999999
223190149106 74 59 66 92130172208230237230211186161144139149170195216225181113QD115923723 922599999999999999 512 59174913999999999999999
220201171137105 83 77 87112145177203218222216201183165152150158173190202181114QD1252222235820799999999999999 553 77184414999999999999999
207201186163137114 98 95105124149174194207213210200186170159154156165176181115QD14 7213999999999999999999999 645 9520 915499999999999999
186191190181165146127114109114127146167187202211212205191174158148144149181116QD 118192153721399999999999999 8 0109215414499999999999999
159172183189186176160141124114114123140162186206219221212193170147131124181117QD 315189164222199999999999999 93511323 112499999999999999
130145165185198201192173150127111107116136164194218232231215188155125106181118QD 4422011726233999999999999991049107234410199999999999999
102114139170199217219207182150121101 98111138174210237246237211172130 95181119QD 53922018 0246999999999999991142 97999999999999999999999
 77 81105143186221239238218184143108 89 90112149194233256257236197146 96181120QD 624241183225999999999999999 019 761225 8799999999999999
 61 52 68106158210247261251222178130 93 79 89120168219257271260226173112181121QD 7 426119 327199999999999999 051 5213 5 7999999999999999
 59 31 34 64117181238271277259220166115 81 75 95137192244275278254206142181122QD 744278193528099999999999999 125 281344 7499999999999999
 75 26  9 25 70136207262288286259211152101 75 78108158217265285275239181181123QD 82529020 928599999999999999 2 1  91424 7399999999999999
109 43  3 -3 26 84158230278296286252198139 94 77 89126182238276284264219181124QD 9 7296204628599999999999999 238 -515 5 7799999999999999
154 81 21 -9 -2 37103179244284294278239184130 94 86105147201250277274246181125QD 952294212527999999999999999 319-111547 8599999999999999
196129 61 11 -7  9 55122193250280284265225174127101 99123164213251267258181126QD104028522 726799999999999999 4 2 -71632 9799999999999999
226175113 54 15  5 27 74137199245268269249212168131111114138175214242250181127QD1131271225425199999999999999 448  5172211099999999999999
238207161108 59 29 25 48 92146197235253253235204168138123126145174204225181128QD1228255235023199999999999999 538 23181912299999999999999
231220194157113 74 50 48 67104148190222238240227202171145130129142164187181129QD1335241999999999999999999999 636 46193112899999999999999
205213208191163128 95 73 68 82109145182211229233224203175147129123129145181130QD 1 7213145023399999999999999 745 68205912399999999999999
166187201205197176147116 92 83 891101411762062272342262051751431181061081812 1QD 25020516 023499999999999999 9 5 83222010599999999999999
123148175198211210194166133105 90 91109139175209232240230205168129 98 831812 2QD 4252121657240999999999999991024 882321 8199999999999999
 85104137174206224226211180143109 90 91109142182219242246231198153107 721812 3QD 5362271743247999999999999991130 88999999999999999999999
 58 65 93135182220241242223187144107 88 90112151196234253250227184130 801812 4QD 633244182225599999999999999 0 9 581224 8699999999999999
 46 37 54 92145198238256253228186138101 85 921211672152492612482151621021812 5QD 721257185826199999999999999 051 371310 8499999999999999
 52 25 25 52102163218254267257225176127 94 84 991361872332602612391951351812 6QD 8 3267193326499999999999999 129 221352 8499999999999999
 73 29 12 24 63122186237266271252212161115 89 891131562082482652542211681812 7QD 84227220 626599999999999999 2 4 111431 8699999999999999
105 48 13  9 34 83147208252271266239194144105 89 981311792262572612391971812 8QD 918272203926299999999999999 239  715 8 8999999999999999
139 78 30  8 17 53110173227259268254220174129100 951141521992392572492181812 9QD 952268211225799999999999999 312  81543 9499999999999999
169111 57 21 14 35 80138196238259257235198155118101106132173214242248230181210QD1025261214424999999999999999 345 13161710099999999999999
193142 88 45 23 29 59108163211241251241214177140114107120150188220237233181211QD1058251221823899999999999999 418 22165110799999999999999
208168120 75 44 35 50 86133181217237238222195162133116116134163194217225181212QD1133240225422599999999999999 452 35172911499999999999999
214186148107 72 52 53 74110152190217228223206181153131121125143167191206181213QD1212228233620999999999999999 528 50181212199999999999999
208195169137104 79 68 74 96128163192211217211195174151133125129144163181181214QD1259217999999999999999999999 6 9 6719 812599999999999999
192192181161136110 92 85 92111138166190205210205191172150133124125136151181215QD 032193135921099999999999999 659 85202212399999999999999
167179182177163143123106100104119141165187202209205192172148127115112120181216QD 15418215 920999999999999999 8 6 99214211299999999999999
136155172182182173157136119108109120140164188206214210195170140113 96 92181217QD 334183161221499999999999999 9271072246 9299999999999999
102123149175192197190172148125110107117138166194216224217196162124 90 70181218QD 45419717 32249999999999999910431062335 6799999999999999
 68 85115153187210217208186155125105101113139173208231236223192147 99 60181219QD 5552171747237999999999999991145100999999999999999999999
 41 46 72115165208233239225195155119 96 94111144187225248247224182126 69181220QD 645239182825099999999999999 018 401237 9299999999999999
 29 14 28 67124184231256257236198150109 87 89113155204244262253220166100181221QD 73226019 926299999999999999 1 0 141325 8599999999999999
 39  0 -7 18 70138205254275270241194140 98 79 87120170223261271253210146181222QD 818276195127299999999999999 142 -81411 7999999999999999
 73 12-21-19 17 80157226270286275239185128 88 76 91131186239271274248196181223QD 9 4286203527699999999999999 226-251457 7699999999999999
126 51 -7-32-20 25 96175241280289271229172117 83 77 99144200249274269236181224QD 950289211927599999999999999 310-331542 7699999999999999
180107 35-15-31-11 41115191249280283260215158109 82 82109156209251267256181225QD103628522 526899999999999999 356-311629 7899999999999999
221164 94 30-11-18  8 63134202250273270244199147104 84 90119164211244253181226QD1123275225425499999999999999 442-201716 8399999999999999
239204151 89 35  4  4 34 86149206245260253226184139104 89 98125164203228181227QD1211260234823599999999999999 530  018 8 8999999999999999
234221190144 93 50 28 33 62108160206234244236210173134105 94101125157188181228QD13 1244999999999999999999999 620 2719 5 9499999999999999
208214205181145105 72 56 62 86124165201223230222199167132106 95 99117142181229QD 053215135723099999999999999 715 562013 9599999999999999
169189198195180154123 97 83 86104133166195214220213193163131104 90 90102181230QD 217199145922099999999999999 819 822131 8899999999999999
124150173189194187168143119104103114137164191210217211191161126 96 78 74181231QD 35519416 321799999999999999 9361012245 7499999999999999
