 43 81120153173178169150128109100104119142165181185171142102 58 20 -5 -818 1 1QS 44917815431859999999999999910131002241-1099999999999999
  9 43 87130164183185172150126108100107126151174188187167132 88 43  6-1418 1 2QS 53518616261909999999999999911 21002325-1699999999999999
-12 11 51 97141172187184167143120103100110132158181191184160121 76 33  018 1 3QS 61818717 8191999999999999991146 99999999999999999999999
-14 -6 22 64110150176185177158134112 99 99114138163182187176148110 67 2918 1 4QS 659185174918899999999999999 0 9-151228 9799999999999999
  2 -6  8 40 81124157176178167146123104 95100117141163177178163135 99 6218 1 5QS 738179183217999999999999999 052 -613 9 9599999999999999
 31 12 11 29 61100135161172169155134113 98 93101118139157166163148122 9218 1 6QS 816173191616699999999999999 132  91352 9399999999999999
 62 39 28 33 53 83116144162166159143124106 94 9210011513214515114613311318 1 7QS 85116620 515199999999999999 212 271440 9299999999999999
 89 68 52 48 56 76102129149160159149134116101 92 91 9710812013013413212218 1 8QS 92716121 813499999999999999 251 481539 9099999999999999
108 92 78 69 69 78 95117137151157153142128112 99 89 86 89 9610611512012118 1 9QS10 6157224112299999999999999 333 6817 1 8699999999999999
117110101 92 87 87 95108125140151153149139125110 96 84 78 77 83 9210311218 110QS1052153999999999999999999999 426 861834 7799999999999999
117119118113107101100105115129141150152148138125108 91 75 66 64 69 81 9518 111QS 1 0119114915299999999999999 5431001945 6399999999999999
109121128129126118111107109118130142150153149139123103 81 62 51 50 59 7518 112QS 247129125715399999999999999 7101072035 4999999999999999
 95114130140141136125114108109118130143153156152139119 93 67 47 37 40 5418 113QS 343142135915699999999999999 8211082117 3799999999999999
 76101125143152151140126112105107118133148159162154136109 79 51 32 26 3418 114QS 421153144916299999999999999 9171052154 2699999999999999
 55 83113139156161154139121106101106120138156166166153128 95 62 34 19 2018 115QS 45316115291689999999999999910 11012229 1799999999999999
 35 63 96129154166165151132112 99 97107126148165173167146114 78 44 21 1218 116QS 52316716 4173999999999999991040 9623 2 1299999999999999
 20 43 77113145165170162143121102 92 96112135158174176162134 97 60 29 1118 117QS 5511711638177999999999999991114 922333  999999999999999
 10 27 57 95131158171168153131108 92 88 99120146168179173151117 79 44 1918 118QS 6191721710179999999999999991147 88999999999999999999999
  9 17 41 76114146166171161141117 96 85 88105130156174177163136100 63 3318 119QS 647171174217899999999999999 0 4  91219 8599999999999999
 15 14 30 60 97132158169166150127104 87 82 91112138161173169150119 84 5218 120QS 715170181617399999999999999 034 121251 8299999999999999
 28 19 26 49 81116146163167157137114 93 82 83 96119143160166157135104 7318 121QS 744167185316699999999999999 1 4 191326 8099999999999999
 47 31 30 44 70101132154164161146125103 86 79 84100121141154155143121 9518 122QS 814164193515699999999999999 134 2814 4 7999999999999999
 69 49 41 47 64 90118142157160152135114 95 82 78 85 9911713414314213211318 123QS 847161202714499999999999999 2 6 411451 7899999999999999
 91 72 60 58 66 84106129147156155144126107 90 79 76 81 9310812213113212418 124QS 923157213713299999999999999 242 571552 7599999999999999
111 96 83 76 77 85 99117134148153149138121103 87 75 69 71 80 9410811912518 125QS10 6153231512599999999999999 327 761715 6999999999999999
123117108100 95 94 99109123136146150147136121102 84 68 58 56 63 78 9511118 126QS11 1150999999999999999999999 436 941842 5699999999999999
123128128124118112108108114124136145150148139123103 79 57 42 38 45 62 8518 127QS 129129121315099999999999999 6261071953 3799999999999999
108127139144141134123114110113123135147154155146128101 71 43 24 19 28 5018 128QS 3 9144133415599999999999999 8 41102051 1999999999999999
 79110135153159155143128114108110120136151162164154131 98 61 28  7  3 1618 129QS 4 5159144116599999999999999 9151072144  299999999999999
 44 80117148167171163145125109101105119139159173174160130 90 49 14 -6 -718 130QS 44917115361769999999999999910101012232 -999999999999999
 12 47 89130161177176162139116 99 93101120145169183181160125 81 38  4-1318 131QS 5271791623184999999999999991056 932317-1499999999999999
 -8 17 57103144172182174154128103 87 86 99124153177188181155116 71 29 -118 2 1QS 6 218217 7188999999999999991137 852358-1199999999999999
-11  0 32 76121157178179165140113 89 77 81101130159181186173144104 62 2518 2 2QS 6351811749187999999999999991215 77999999999999999999999
  2  0 19 55 98139167178171151124 97 77 71 81105135161177177160130 93 5618 2 3QS 7 6178182917999999999999999 037 -21252 7199999999999999
 27 13 19 44 81121153171172158135107 83 69 69 84109136157167162144116 8518 2 4QS 734173191016799999999999999 112 131329 6799999999999999
 56 36 32 45 72107139161169162143119 94 75 66 71 8711013214715214512810518 2 5QS 8 1169195415299999999999999 145 3114 8 6699999999999999
 81 61 51 55 72 98126150162162150129106 85 71 68 74 8910712313413612911618 2 6QS 828164204413699999999999999 215 511452 6799999999999999
100 84 73 71 78 95117138153158152138119 99 83 72 70 75 86 9911212012211818 2 7QS 857158215212299999999999999 246 701548 7099999999999999
111102 93 89 90 98111127142150151143129113 97 84 75 70 72 79 89 9910711218 2 8QS 932152235911499999999999999 320 881713 7099999999999999
114113110107104105110119130139145143137126113 99 86 74 67 64 68 77 8910018 2 9QS1019145999999999999999999999 4201041850 6499999999999999
110117121122120117114114119127134139139135127116102 85 69 58 54 57 68 8318 210QS 247122113514099999999999999 62211320 2 5499999999999999
 99114127134135130122115112114121129136140139133120101 80 60 46 42 48 6318 211QS 339135132014099999999999999 8 31122054 4299999999999999
 83105125140146143133120110105108117128139146147138120 95 69 46 33 32 4318 212QS 411146143114899999999999999 9 71052136 3199999999999999
 63 90117139153154145129112100 97103116133148156154139114 84 54 32 22 2618 213QS 439155151815799999999999999 952 972213 2199999999999999
 44 71103133154162156140119100 89 90102121143160165157135103 69 39 19 1518 214QS 5 41621556165999999999999991028 882246 1599999999999999
 27 52 86121149165165151129105 87 80 87106131156171171154125 88 53 25 1218 215QS 52916716301739999999999999911 0 802318 1199999999999999
 15 36 68106140163170160139113 89 74 74 89115144167177169145110 72 39 1618 216QS 55317017 4177999999999999991132 722348 1099999999999999
 11 24 52 90128157171167149123 95 74 65 73 95126156175177161131 94 58 2918 217QS 61817117381789999999999999912 2 65999999999999999999999
 15 19 40 75113147167171158134105 78 62 61 76105137163176170149116 80 4818 218QS 642172181317699999999999999 018 141234 5999999999999999
 27 22 35 63 99134160170164144116 87 65 55 61 83113143164170159135103 7118 219QS 7 8170185117099999999999999 047 2113 7 5599999999999999
 46 33 37 57 88121149165166152128 99 73 56 53 65 89118143158159146122 9418 220QS 733168193316199999999999999 116 331342 5299999999999999
 69 52 48 59 81110137157164157138112 86 64 53 55 69 9211713714814613311418 221QS 8 0164202214999999999999999 146 481422 5299999999999999
 92 74 66 68 82103126146157157145125101 78 61 53 56 70 8910912613513412518 222QS 829158212513699999999999999 217 651512 5399999999999999
111 98 88 84 89101118134147152148135116 96 76 62 55 55 64 79 9711212212518 223QS 9 415223 012599999999999999 254 841623 5499999999999999
123117110105104107114124135142145140130115 98 80 65 54 50 54 65 81 9811318 224QS 951145999999999999999999999 34810418 1 5099999999999999
122127128126122119117118123130136139138132121106 86 66 49 39 39 49 67 8818 225QS 143128111713999999999999999 6 51171930 3899999999999999
109126138143141135126118114116121130137142141133115 91 64 41 26 24 35 5718 226QS 317143132314399999999999999 8141142038 2399999999999999
 84112136151157152139124111104105114127142153155145123 92 58 29 13 12 2718 227QS 4 0157144315599999999999999 9221032133 1099999999999999
 54 89123150165166155135114 97 90 94109130151166168154126 88 49 19  3  618 228QS 43416715381699999999999999910 8 902221  299999999999999
 27 61101138164174168148122 97 80 76 87109138164179177157122 80 40 11 -118 3 1QS 5 51741624180999999999999991047 7623 3 -199999999999999
  9 37 77120155175176161134104 79 64 66 85115148174185177152113 71 33  918 3 2QS 53417817 6186999999999999991123 632342  499999999999999
  5 22 57100141169179170147115 84 61 53 63 89123157179184170141102 63 3118 3 3QS 6 11791746185999999999999991157 53999999999999999999999
 15 20 45 83125158176175157128 95 66 48 48 66 97132161177175157127 91 5818 3 4QS 626178182417999999999999999 016 141231 4699999999999999
 35 29 43 73111146169175163139107 76 52 43 50 73105137160168161141113 8318 3 5QS 65017519 316899999999999999 048 2813 4 4399999999999999
 58 46 49 70101134159171166148120 89 63 46 44 58 8211113615215514512610318 3 6QS 713171194315599999999999999 117 451337 4399999999999999
 81 66 62 73 95123148164165153130103 77 57 48 51 66 8911213114014013111618 3 7QS 736166202814199999999999999 145 621413 4799999999999999
 99 85 79 82 95115137153159154138115 92 71 58 54 59 73 9010812112812712118 3 8QS 8 2159212512899999999999999 212 781455 5499999999999999
111102 95 94100111127141149149141125106 88 73 64 61 65 74 8710011011711918 3 9QS 83115123 111999999999999999 241 941554 6199999999999999
117114110108108112119128137140138130118104 91 79 71 66 66 70 79 9010111018 310QS 9 9141999999999999999999999 3261081734 6599999999999999
117121122122120118117119123128130129125117108 98 86 74 65 61 62 70 82 9618 311QS 217122101513199999999999999 5481171914 6099999999999999
109121130134132127119114112114118123127127124116104 89 72 58 51 53 62 7818 312QS 314134123912799999999999999 7581122021 5199999999999999
 97116132142144138126114104101104112122131136134124107 86 64 48 41 45 5918 313QS 344144141613699999999999999 9 01012110 4199999999999999
 80105128145153149136118102 91 90 97112128142148144128104 77 53 36 32 4118 314QS 41015315 714899999999999999 939 892149 3299999999999999
 62 90119144158159147126104 86 77 81 96118140156159149126 96 65 40 26 2818 315QS 4331601546160999999999999991011 772224 2599999999999999
 45 73107138159166157137110 85 69 66 78101130155169166148118 84 52 29 2218 316QS 4561661622170999999999999991042 652256 2299999999999999
 32 57 92128156170167148120 90 65 54 59 81112145169177167141107 71 41 2418 317QS 5181711657177999999999999991112 532327 2299999999999999
 25 44 77114148169173159132 99 68 48 44 59 89126159178179161131 94 60 3618 318QS 5411741732181999999999999991142 432358 2799999999999999
 27 37 64101137164175168144111 77 49 35 41 65101138167180174151119 84 5518 319QS 6 51751810180999999999999991214 35999999999999999999999
 38 39 57 89125155172172155125 90 57 35 30 44 74111146169175164139109 7918 320QS 629174185017599999999999999 028 361246 2999999999999999
 57 49 58 82113144165171161137105 71 43 29 31 51 8311814716416515112810218 321QS 653172193316699999999999999 058 491321 2799999999999999
 80 67 67 81105132155166163146119 88 59 37 30 38 59 8911814115315214012118 322QS 718167202415499999999999999 129 6514 0 3099999999999999
102 88 82 88103123143156159150131105 78 55 39 36 45 64 8811213014014013218 323QS 745160212914199999999999999 2 1 821447 3699999999999999
120108101100106118132144151148138120 99 77 59 47 44 49 63 8110111712713118 324QS 81615123 813199999999999999 2371001553 4499999999999999
130125120116116119125132138140137129117102 85 69 56 49 49 57 71 8810511918 325QS 9 0140999999999999999999999 3391151730 4899999999999999
129134135133128124121121123126129130128122112 98 81 63 49 43 47 59 78 9818 326QS 145135105513099999999999999 64012119 8 4399999999999999
118134144147143134123114109109113121129135135127111 89 65 45 35 37 51 7318 327QS 256147133213699999999999999 8301082021 3499999999999999
 99124144156156147131113 99 91 93103119135148151142121 92 62 39 27 31 4818 328QS 333157144715199999999999999 918 912116 2799999999999999
 76108137158166160142119 96 79 74 81 99123147163165151124 90 57 32 23 3118 329QS 4 3166153816699999999999999 955 7422 2 2399999999999999
 55 88124154170170155129100 74 59 59 75102133161175173153121 84 51 29 2518 330QS 4301721622177999999999999991030 572242 2499999999999999
 40 70108144169177167142110 78 53 43 51 76110146172182173149114 77 47 3118 331QS 45617717 21829999999999999911 3 432319 3099999999999999
 35 57 93131162178175155123 87 56 36 34 52 84122157178181167139104 71 4718 4 1QS 5201791741182999999999999991136 332352 4099999999999999
 40 52 81118152174178164136101 66 39 27 34 60 96134163177174155127 95 6818 4 2QS 54417918181789999999999999912 7 27999999999999999999999
 53 55 75107140166177170148115 79 48 29 26 42 72108141164170162142116 9018 4 3QS 6 7177185617099999999999999 023 521238 2599999999999999
 71 65 75 99129156172172156128 95 62 38 28 33 55 8511814415816014913010818 4 4QS 629174193516199999999999999 052 6513 9 2799999999999999
 89 78 81 96120144163168159138109 79 53 37 34 45 68 9512214114914713712118 4 5QS 653168201815099999999999999 121 781341 3399999999999999
105 94 90 97113133151160157143121 94 70 51 43 45 58 7810012013413913712818 4 6QS 718160211013999999999999999 150 901417 4299999999999999
118108102103111124138148150144128108 87 69 57 53 56 67 82 9911412513013018 4 7QS 747151222513099999999999999 22310215 2 5399999999999999
126120115112113118126134139138130118102 87 75 66 63 64 71 81 9410711812518 4 8QS 822139999999999999999999999 3131121614 6299999999999999
128128126123120118118121125127127122114104 94 84 75 69 66 69 76 8810111418 4 9QS 036128 92112799999999999999 52211818 2 6699999999999999
125132135134129122115111110113117120121118113104 93 80 69 63 63 70 8310018 410QS 215136114612199999999999999 7401101929 6299999999999999
117132141144140130117105 98 97102111120127129124113 97 80 64 56 56 66 8318 411QS 256144134912999999999999999 837 972028 5599999999999999
105126143152151140123105 89 82 85 96112128139142135119 97 74 56 48 52 6718 412QS 324153144714299999999999999 913 822113 4899999999999999
 90116140156160152133109 86 71 67 77 97121142155155142119 91 66 48 43 5318 413QS 349160153015699999999999999 945 672151 4399999999999999
 74104133157167163144117 88 64 52 56 75104134158169163143114 84 58 43 4418 414QS 41216716 9169999999999999991015 522227 4299999999999999
 61 89123152170172157129 96 64 42 37 51 80116150173178166140107 76 53 4418 415QS 4361731647179999999999999991046 3723 1 4499999999999999
 52 76110143168178169143108 71 41 25 29 53 90131164182181163133100 71 5318 416QS 5 01781726184999999999999991118 242335 5099999999999999
 52 68 97132161178177157124 85 48 22 14 28 60102143173185178156126 95 7118 417QS 52518018 7185999999999999991152 14999999999999999999999
 60 66 88119151173179167140103 63 30 11 13 34 71113151174180170147120 9418 418QS 551179185118199999999999999 0 9 601227  999999999999999
 76 73 85110139163176172153121 83 47 21 10 18 45 8212015116917115913911618 419QS 618176193817299999999999999 042 7213 4 1099999999999999
 97 87 90105128151167170159136104 70 40 20 16 29 55 8812114615915915013418 420QS 645170203216199999999999999 117 861345 1699999999999999
117104100106121138154162159145122 94 66 42 29 28 40 62 9011613614714914318 421QS 715162214014999999999999999 1551001434 2699999999999999
132122114113118128140148150145133114 92 70 52 41 40 49 65 8710812613814218 422QS 751151231214299999999999999 2421131538 3999999999999999
141135129123121122126132136137134126114 99 82 66 55 50 53 64 8210111913318 423QS 848137999999999999999999999 41112117 6 4999999999999999
141144142136128121117115117121125127127121111 97 80 65 55 53 61 77 9711718 424QS 059144111912899999999999999 6531151839 5399999999999999
135146151148139126113103 98100107118128134134126110 90 70 56 52 59 76 9918 425QS 2 6151133113599999999999999 812 981952 5299999999999999
122143155158151135116 97 83 79 85 99117135147149139120 95 71 55 51 60 8118 426QS 247158144214999999999999999 855 792048 5099999999999999
107134154165162148125 98 76 62 62 75 97123146160161148124 95 69 54 53 6718 427QS 319165153316299999999999999 932 612134 5199999999999999
 92121149167171160137107 77 54 44 51 72102134159172168150122 92 67 55 6018 428QS 34717216171729999999999999910 6 442215 5599999999999999
 79108139164176171151120 86 55 35 32 47 77113147170178169146117 88 67 6118 429QS 4131761657178999999999999991040 312252 6199999999999999
 71 96128157176178163135 99 64 36 23 29 52 88126158177178164139110 84 6918 430QS 4391791735180999999999999991112 222326 6899999999999999
 71 88116147170180172149115 77 44 23 18 33 64102139166178173156130104 8318 5 1QS 5 41801812178999999999999991143 182359 7699999999999999
 76 84106135162177177160130 94 58 31 18 23 45 7911714916917416414512210018 5 2QS 5281791850174999999999999991214 17999999999999999999999
 86 86100124150170176166142110 75 45 25 21 34 60 9412715316616515413511518 5 3QS 554176192816799999999999999 030 841245 2099999999999999
 99 92 98115138159170167151124 92 62 39 27 31 48 7510613315215915614412718 5 4QS 62017120 915999999999999999 1 2 921316 2799999999999999
112102101110127145159163154135108 80 56 40 36 44 63 8711313414715114713618 5 5QS 648163205515199999999999999 1351001350 3699999999999999
123112107109119133145153151140120 97 75 57 48 48 57 74 9411513114114414018 5 6QS 720153215314499999999999999 2131071430 4799999999999999
133123116113115122131139142138127111 93 77 64 58 59 67 80 9711312713714018 5 7QS 75814223 814099999999999999 3 51131522 5899999999999999
138133127120117116119124128130128120109 96 84 74 68 67 72 82 9611112513518 5 8QS 858130999999999999999999999 4391161641 6799999999999999
140141137130122115110109112117121122120113104 94 83 75 71 73 81 9411112618 5 9QS 034141105212299999999999999 6421091814 7199999999999999
138145146141131118106 97 95 99108117124127124115103 90 78 70 71 79 9511418 510QS 137147125812799999999999999 751 951928 7099999999999999
132146153152142126107 90 80 80 88103120133139137126110 92 76 68 69 8110018 511QS 219154141413999999999999999 833 792023 6799999999999999
123143157161154137113 88 69 61 66 82105129147154150135114 91 74 66 70 8618 512QS 25116115 715499999999999999 9 9 612110 6699999999999999
110136157168166150124 93 65 47 43 56 82113143162168159139114 89 72 66 7518 513QS 321169155316899999999999999 943 432152 6699999999999999
 97124151170175164139105 70 41 26 30 53 87125158176178165140112 87 72 7218 514QS 3491761637180999999999999991017 252233 7099999999999999
 86112142167180177156123 83 46 19 11 24 55 97138170185183165138110 87 7618 515QS 4181811721187999999999999991053 112312 7699999999999999
 81101129158178184171142103 61 25  4  4 25 63108149177188182162135109 9018 516QS 44818418 6188999999999999991131  12351 8499999999999999
 84 95117145170184180160126 84 44 12 -2  5 33 7311715517918517615613110918 517QS 5191851853185999999999999991211 -2999999999999999999999
 95 95109132157176182171146110 70 33  8  1 14 44 8312415617417816814912818 518QS 552182194317899999999999999 030 931252  199999999999999
111103107122143162174173158132 98 62 32 13 11 26 55 9112615216716815914418 519QS 626175203716999999999999999 1111021337 1099999999999999
127114110116129146160166161146121 92 63 38 25 26 40 66 9612514715816015318 520QS 7 5166213816099999999999999 1561101427 2399999999999999
140128118115120130141150153148135116 93 70 51 40 41 53 74 9912314115215418 521QS 754153224515499999999999999 2531151526 3999999999999999
149139129120116117122129136139137130117100 82 66 56 55 63 8010112213915018 522QS 912139235415299999999999999 4181161638 5499999999999999
152149140129118110107108114121128131130123111 96 81 69 65 71 8410312414118 523QS1117132999999999999999999999 6101071757 6599999999999999
151155150140126111 98 91 91 98109121131136134124109 92 79 72 76 8910812918 524QS 055155131213699999999999999 730 9019 8 7299999999999999
146157159152138118 98 81 73 74 85102121136145145135119100 84 77 81 9511618 525QS 144159142814799999999999999 821 7220 8 7799999999999999
137155164163151130105 80 62 55 61 78101126146157156143124103 86 80 8710418 526QS 224165152415899999999999999 9 2 552059 8099999999999999
126148164170163145118 87 61 44 41 54 78108136158167162147124102 87 84 9418 527QS 258170161016799999999999999 940 402144 8499999999999999
115139160173173159133101 68 42 30 34 54 85119149168174165145122101 88 9018 528QS 3301751651174999999999999991015 292225 8799999999999999
104127152171178171149117 81 49 27 22 34 61 97132161176176162141117 98 9118 529QS 4 01781730177999999999999991049 2223 2 9199999999999999
 97116141164178178162134 98 62 34 19 21 41 74112146169178173156133111 9718 530QS 43018018 6178999999999999991121 182338 9499999999999999
 95107129153173180172149116 79 47 24 17 28 54 9012615617317616614712510718 531QS 4591801842177999999999999991153 17999999999999999999999
 98102118141163176176160132 98 64 36 21 23 40 7010513816217217015713711818 6 1QS 528178191717399999999999999 012 971225 2099999999999999
104101110128150167174166145116 83 53 33 26 34 56 8611814616316816114712918 6 2QS 558174195416899999999999999 0461001258 2699999999999999
113104106118136155166166153130101 72 49 35 35 48 7110012814916116115313818 6 3QS 631168203416299999999999999 1211031331 3399999999999999
123111106111124140153159155140117 91 67 50 43 48 62 8511013314915715514618 6 4QS 7 6159211715799999999999999 15910614 7 4399999999999999
133120111109114125137147149143128108 87 69 57 54 60 75 9511613514815315018 6 5QS 74814922 715399999999999999 2461091449 5499999999999999
142130119112110113121130137138133121106 89 75 67 65 71 8410112013614715118 6 6QS 84613923 315199999999999999 3511101542 6599999999999999
148140129118110105106111119127130129121109 96 85 77 75 79 9010512313814918 6 7QS1011131999999999999999999999 5221051653 7599999999999999
153149141128115103 95 93 98108119127130127118107 96 87 82 84 9310912614218 6 8QS 0 1153115713099999999999999 644 931813 8299999999999999
153156152140124106 89 79 77 85 99116130138138131119106 93 86 87 9711313218 6 9QS 055156133113999999999999999 741 771924 8699999999999999
149160162154137115 91 70 59 60 73 94118138150152145130113 98 89 9010112018 610QS 141162144215399999999999999 826 582024 8899999999999999
141158168167153130100 71 48 38 44 64 94124150164166156138118100 91 9410818 611QS 223169153816799999999999999 9 8 382117 9199999999999999
129151169176169149118 82 49 26 20 33 61 98134162177177164143120102 94 9918 612QS 3 2176162917999999999999999 949 2022 6 9499999999999999
116140163179182168141103 63 29  9  8 28 63105144173186183167143120103 9818 613QS 3411831717187999999999999991031  62252 9899999999999999
106126152174186183163129 87 46 13 -3  3 29 6911415418019018416514111910418 614QS 41918718 4190999999999999991115 -3233710199999999999999
102114137162182189180155117 74 34  5 -6  6 36 7812316018318917916013711618 615QS 4591891852189999999999999991159 -6999999999999999999999
105107122145168184187173144106 65 28  4 -1 15 48 8913016318118317215313118 616QS 539188193918499999999999999 0211041244 -199999999999999
114106112128150170181179162134 98 61 30 12 12 30 6210013616317617516314518 617QS 622182202617799999999999999 1 61061330  999999999999999
126111107114130149165172168151125 94 63 38 25 29 48 7711114116117016715418 618QS 7 9172211217099999999999999 1531071417 2599999999999999
137120109107113127142154159155142120 95 70 51 43 48 66 9212014415916416018 619QS 8 4159215916499999999999999 24510615 7 4399999999999999
147131116106103108118130141146144135119100 81 67 62 67 8210412714615816118 620QS 916146224616199999999999999 35110316 1 6299999999999999
154142127112102 97 98106116127134136132123109 95 84 79 83 9611413314915818 621QS1051137233516099999999999999 514 9617 3 7999999999999999
159152139124107 94 86 85 91103116127134135130120108 98 92 9510512113815218 622QS1240135999999999999999999999 636 851813 9299999999999999
160159151137119100 83 72 71 78 9210912513714214013111910710110211212714318 623QS 026160141314299999999999999 741 70192110099999999999999
156163161151134112 89 69 58 58 68 8710912914515215014012611310510611613218 624QS 119163151815299999999999999 831 56202210499999999999999
149161167163150128101 75 54 44 48 64 8811413815516215814512811310610912018 625QS 2 716716 716299999999999999 913 44211510699999999999999
138155167171163145118 87 59 40 34 44 65 9412515016617016214512611110511118 626QS 251171164717099999999999999 952 3422 210599999999999999
125145162173173160136104 71 44 29 29 45 7310613816317517316014012110710518 627QS 3301751723176999999999999991028 27224310499999999999999
114132153170178172153123 88 55 32 23 30 53 8512115217217817115413311410418 628QS 4 617817561789999999999999911 3 23232110399999999999999
106119141162177179167141107 72 42 25 23 37 6610113616317717716414412310718 629QS 4401801828179999999999999991137 21235610199999999999999
102109127150170180176157126 91 58 34 23 29 50 8211814917017717115413311418 630QS 51318119 0177999999999999991210 23999999999999999999999
102102115136158175178167143111 77 49 31 27 40 66 9913315917317316214312318 7 1QS 546179193117499999999999999 0301001242 2799999999999999
106100105121143163174171155128 97 67 44 34 38 56 8411614416417116615213218 7 2QS 62017420 417199999999999999 1 41001314 3399999999999999
114102100109127147162168161142115 87 62 46 42 52 7310112915216516715814218 7 3QS 657168203816899999999999999 140 991347 4299999999999999
123108 99101112129145157158149130106 82 63 53 55 68 8911513915616416215018 7 4QS 739159211516599999999999999 220 991421 5299999999999999
134117104 98101111126139148148139123102 83 70 65 69 8310312514515816215718 7 5QS 832149215516299999999999999 3 9 9815 1 6599999999999999
144128112100 95 97106118130139140134121105 91 81 78 84 9611313214915916018 7 6QS 941141224016199999999999999 413 951551 7899999999999999
153140124108 95 88 88 95107121132136134125114103 95 92 9510512013715115918 7 7QS11 8136233116199999999999999 531 871659 9299999999999999
160152138120102 86 76 74 81 9511212813714013612711710810310411112514015418 7 8QS1250140999999999999999999999 644 73182310299999999999999
162161153137116 93 73 59 56 65 8410612814315015014213111911010911512814418 7 9QS 027163142315199999999999999 744 56194310899999999999999
158166166155136109 81 56 40 39 51 7510413215316416415514112511411111713118 710QS 127167153216599999999999999 837 37205011199999999999999
149164173172158133101 66 38 22 23 41 7110613916417717616414612711411111918 711QS 223174162617899999999999999 927 20214811199999999999999
135155172181178160129 90 52 22  7 12 35 7111214917518618316714612511211018 712QS 3151821714187999999999999991015  7224010999999999999999
120139162181189182158122 79 39 10 -2  8 36 7712115918319118316414112010718 713QS 4 418917581919999999999999911 3 -2232710699999999999999
108122144169188193182154114 70 31  4 -3 12 44 8813216818819117815713211218 714QS 4501941840191999999999999991150 -3999999999999999999999
102106124149174191193177146106 64 28  6  4 24 5910314417418818516914612118 715QS 536194191918899999999999999 0121021235  299999999999999
103 97106126152175188186168137 99 61 31 15 20 43 7911915417718317515713318 716QS 622189195618399999999999999 055 971318 1599999999999999
110 96 94106127151171180175157128 95 63 40 32 41 6610013416217617616414418 717QS 7 9180203117899999999999999 138 931359 3299999999999999
121101 91 92105125146161167161145121 94 70 55 53 65 8911914616617316815318 718QS 8 116721 517399999999999999 223 901438 5299999999999999
133112 96 88 90102119136148153148136118 98 82 73 75 8811013315416616816018 719QS 9 1153213916999999999999999 314 881519 7299999999999999
144125106 92 86 87 96109123135140139131120107 96 92 9510712414315716516318 720QS1018140221816599999999999999 418 8516 6 9299999999999999
153138120104 90 82 81 87 9811112313113413212611811110811011913214615716218 721QS12 313423 516299999999999999 537 81171010799999999999999
159149135119102 86 76 72 77 8810211712813613913713112311811812413514715618 722QS14 3139999999999999999999999 656 72183211799999999999999
160157149135118 98 80 66 62 67 80 9711613214414914814013112312012513414618 723QS 0 7160151714999999999999999 758 62195112099999999999999
155160159151136115 91 70 55 52 59 76 9812114115516015614513212111812213318 724QS 11916016 316099999999999999 849 51205611899999999999999
146158164163153133108 80 57 44 44 56 7710413115316616815914412711611312018 725QS 223165163916999999999999999 932 42214711399999999999999
134150163170167152127 97 67 45 35 39 57 8511614516617517115613711910910918 726QS 3121701710175999999999999991012 35222910899999999999999
120138157171176168146116 83 54 35 30 41 65 9713115917617816714812610910218 727QS 3531761739179999999999999991048 3023 610299999999999999
107123145166179179164136102 68 42 28 30 48 7911414817118117515813611410018 728QS 42918118 7181999999999999991122 272339 9799999999999999
 98109131155176184177154122 87 55 34 27 37 62 9713316217818016714612210218 729QS 5 31841834181999999999999991154 27999999999999999999999
 93 97115140165181183169141107 73 46 32 33 51 8111715017218017315513110818 730QS 53718419 118099999999999999 012 921225 3099999999999999
 92 89100122149171181176157127 94 63 43 36 46 7010213616317717716314211718 731QS 611182192817999999999999999 044 881255 3699999999999999
 97 86 89105129154171176166143114 83 59 46 47 64 9112215117117716915112818 8 1QS 648176195617799999999999999 117 851324 4599999999999999
105 88 83 91110133154167167154131104 79 62 56 64 8411113916117317215913918 8 2QS 729169202617499999999999999 153 831355 5699999999999999
116 95 83 83 93112133150159156143123100 82 71 72 8310312715016517116414918 8 3QS 818159205817199999999999999 234 821428 7099999999999999
128106 89 81 82 92108127142149147137121104 91 86 8910111913815516516615718 8 4QS 918150213416799999999999999 324 8015 7 8699999999999999
140120101 86 78 78 8610011713214114213612511410610310611512914415616316118 8 5QS1037142221916399999999999999 430 7716 110399999999999999
152136117 99 83 72 69 75 8810512213514114013612912211811812313314515516018 8 6QS1225141232016199999999999999 551 69173011899999999999999
159151137118 98 78 63 56 60 73 9311513314515115014513712912412613314315318 8 7QS1423151999999999999999999999 7 8 56191812499999999999999
161162156142121 96 70 50 40 44 60 8411113615416416515714513312412312914018 8 8QS 042162153416699999999999999 814 40204112399999999999999
154165169165149124 92 60 36 25 30 49 7911214316617717616414713011911612418 8 9QS 2 3169162217899999999999999 912 24214311699999999999999
139157173180175155124 86 50 23 12 20 45 8112015517918718116414212110910818 810QS 3 818017 31879999999999999910 4 12223310799999999999999
120140164183191182157120 78 40 14  6 18 49 90133168188191179156130109 9818 811QS 4 11911740192999999999999991053  62317 9799999999999999
101118144172192197184155114 71 34 10  8 26 62106148179193189170143115 9518 812QS 4491981814194999999999999991138  62358 8799999999999999
 87 96119149178196198180148107 65 32 15 19 43 82126163187191179156126 9918 813QS 5341991846192999999999999991219 14999999999999999999999
 82 80 95122154181194191171138100 63 37 27 39 6810714617518818416613911018 814QS 618195191518999999999999999 037 791257 2799999999999999
 86 74 78 97126155177185178158128 95 66 48 47 64 9513016118018417315012218 815QS 7 3185194318599999999999999 115 731333 4599999999999999
 96 77 71 79100127151168172164145120 94 74 65 71 9112014917018017515913518 816QS 750172201018099999999999999 154 7014 6 6599999999999999
109 87 73 72 83102124143155157150135116 99 87 86 9611513815917217416414618 817QS 842158203817599999999999999 237 711439 8599999999999999
124101 84 75 75 8510011713214214413913011810810310511513114816216816515418 818QS 948144211116899999999999999 327 74151510399999999999999
137117100 86 78 77 83 9510912113113513513112612111912012713815015916115718 819QS1127136215216199999999999999 436 7716 911999999999999999
146132117102 89 79 76 78 87 9911212413213713913713413012813113814615215418 820QS1357139225615499999999999999 6 5 76175212899999999999999
151144134120105 90 77 70 71 79 9210812313614615014814213412912813213914618 821QS1511150999999999999999999999 725 69193812899999999999999
151151147138124106 86 70 61 62 72 8810812914615716015514413212312112513418 822QS 039152155016099999999999999 825 60204912199999999999999
144153157154143125101 78 60 51 55 69 9011614015916816615513912311311212018 823QS 2 8157162016999999999999999 913 51213711299999999999999
133148160165161145120 92 66 49 43 51 71 9912815417117516614912811110310618 824QS 3 3166164817599999999999999 954 43221610299999999999999
118138157171174164141111 80 54 39 39 54 81113145169180176159136114 98 9418 825QS 3441741713180999999999999991031 372249 9499999999999999
103123147169181178161132 98 66 43 34 42 64 97132162180182169146120 98 8618 826QS 42018217371839999999999999911 4 342320 8599999999999999
 88105132159180187177152119 84 55 37 36 52 81118152176185177157130103 8318 827QS 45418718 1185999999999999991135 342351 7899999999999999
 78 88113143171187186169139105 72 48 38 46 69104140169184183167140111 8618 828QS 52818918251869999999999999912 4 38999999999999999999999
 72 75 93123154178188180157126 92 64 47 46 62 92127159180185174151122 9318 829QS 6 3188184818599999999999999 022 711233 4499999999999999
 73 66 77101132161180183169144113 84 62 54 62 8511614817218317916113410418 830QS 640184191318499999999999999 053 6613 1 5499999999999999
 79 65 66 82109139163176173157133106 82 69 69 8310813616217717916714511718 831QS 721176193818099999999999999 126 631330 6799999999999999
 90 70 62 69 88113139159167162147125104 88 82 8810512815116817517015413118 9 1QS 8 716720 617699999999999999 2 3 6214 0 8299999999999999
104 82 67 63 72 9011313415015615214012410910010010812314115716816916014318 9 2QS 9 4156203717099999999999999 247 631435 9999999999999999
121 98 80 68 65 72 8710612413914614513812912111711712413414615716216115218 9 3QS1023147211816399999999999999 346 65152111699999999999999
137118 99 82 70 65 67 78 9411212813914414314013613213113213714415115515518 9 4QS1227144222515699999999999999 511 6417 213199999999999999
149138123105 87 71 60 58 65 8110012013714815415415014313713213313714315018 9 5QS1433155999999999999999999999 643 57192813299999999999999
154153147133114 90 68 51 45 51 68 9211814115816716715914713412412212713718 9 6QS 024154152916899999999999999 8 0 45205012299999999999999
149159164160145121 90 61 40 33 40 61 9012315117218017516014112311110911718 9 7QS 2 616416 718099999999999999 9 1 33214110899999999999999
133153170179174154123 87 53 30 24 35 61 97134166184187175153128106 94 9618 9 8QS 310179164018899999999999999 953 242223 9399999999999999
110135162183192183158121 81 46 24 21 38 71112151180193187167138109 87 7818 9 9QS 4 11921710193999999999999991039 2023 2 7899999999999999
 86109141172194199185155115 75 42 25 28 52 90133169191194179151119 89 7018 910QS 4472001739195999999999999991120 232338 6699999999999999
 67 83113149180199199180147108 70 43 33 45 74115154183195187164132 98 7118 911QS 53020118 5195999999999999991158 33999999999999999999999
 57 62 85120156184197191169137101 69 50 49 68101140172190191174145111 8018 912QS 612197183119399999999999999 014 571232 4799999999999999
 58 52 65 92127159181188178156127 97 74 64 72 95128160182189180157126 9418 913QS 654188185518999999999999999 049 5213 4 6499999999999999
 68 53 55 72100132158173175164144120 98 84 83 9612114917218418116513911018 914QS 737175191918499999999999999 124 521334 8199999999999999
 82 63 56 62 81106132151161160150135118104 9810311813916017417716814912418 915QS 825162194517899999999999999 2 1 5614 4 9899999999999999
 99 78 65 63 71 8810812814214914814113112111411312013314916216816615413618 916QS 924149201416999999999999999 243 63143711399999999999999
116 96 81 73 72 78 9010512013213914113813412912612613113914915615815414318 917QS1054141205115899999999999999 338 71152712699999999999999
129114100 88 80 77 80 88 9911212413313914214213913613413413714214614814518 918QS1327142215214899999999999999 5 3 77172913399999999999999
139129119107 95 85 78 76 81 9210612013314415015114814113412912813113614018 919QS1445151999999999999999999999 642 76193712899999999999999
142141136127114 98 83 73 69 74 8610312214015316015915113812611811712113018 920QS 0 7142152116199999999999999 755 69204311799999999999999
139146149145134117 96 77 64 61 69 8510713115116516916214712911310510611518 921QS 158149154916999999999999999 848 61212410499999999999999
130145156160154137114 89 67 55 55 68 90118145166175172157135113 97 92 9818 922QS 253160161417699999999999999 930 542157 9299999999999999
115136157169170158134106 78 57 49 55 74103134162178180167145118 95 81 8218 923QS 33417116371819999999999999910 6 492228 8099999999999999
 97121149171181175156126 94 67 50 47 61 88122154177185177156126 97 76 6818 924QS 41018117 0185999999999999991039 462257 6899999999999999
 77101133163183188175148115 83 58 47 53 75108144172188185167138105 76 6018 925QS 4441881722189999999999999991110 472327 5899999999999999
 61 80111147176191188168138104 74 55 52 67 96131164185190177150116 83 5818 926QS 5191921744190999999999999991140 512358 4999999999999999
 49 60 87124160185192182158126 95 70 59 65 87120153179190184161129 94 6418 927QS 55519318 71909999999999999912 9 59999999999999999999999
 46 46 65 98136168186187172147117 90 73 71 85111142170186186170142108 7518 928QS 634189183118899999999999999 029 441239 7099999999999999
 51 41 50 75109143169182178161137112 92 83 88107133159178184175154124 9118 929QS 715182185518499999999999999 1 2 4113 9 8399999999999999
 63 46 43 57 83115144165172167151131113100 9910812614816717717516113810918 930QS 8 3172192217899999999999999 138 421340 9899999999999999
 81 59 48 50 65 881151391551601561451311201141161251401551661691631481271810 1QS 9 2160195116999999999999999 221 47141611399999999999999
103 80 63 55 57 69 881091291431501501441371311281301361451531581581521401810 2QS1026151203115999999999999999 319 5515 712899999999999999
123105 87 72 63 61 68 81 991181331441491501471431391371371401431471481461810 3QS1237150215314899999999999999 443 61172613799999999999999
139129115 99 82 68 61 62 72 881081281441541591581521431351291271301351421810 4QS1417159999999999999999999999 623 60195212799999999999999
146147142129111 89 69 56 53 62 811051291511651701661541381231131101151271810 5QS 03914715 217099999999999999 744 53204911099999999999999
141154161158143120 92 66 50 46 57 79109139163177178167147124104 93 931051810 6QS 213161153617999999999999999 844 462130 9199999999999999
124147167176172153123 90 62 44 43 58 87121154177187180160133104 82 73 791810 7QS 31217716 518799999999999999 934 4122 6 7399999999999999
 99128158181189180156122 86 57 43 47 68102139171189190174145112 81 61 581810 8QS 4 01891632192999999999999991018 422242 5799999999999999
 72101137170192196182153117 82 57 48 59 87124160186195185159125 89 60 451810 9QS 4431971658195999999999999991057 482316 4499999999999999
 50 73109148180197195176145110 79 60 60 78110147178194192172140102 67 43181010QS 5241991723196999999999999991132 582350 3799999999999999
 37 50 81120157185195188166136105 81 70 77101134167189194181154118 81 51181011QS 6 519517471949999999999999912 6 70999999999999999999999
 35 38 59 92130163183187176155128103 86 84 98125155179191185165133 98 66181012QS 645188181119199999999999999 023 341237 8399999999999999
 43 36 46 71105138163177176164144122104 96101119144168183184171146115 84181013QS 727178183618599999999999999 055 3613 8 9699999999999999
 58 44 44 59 84114141159167164152136121110108118135155171177171154129101181014QS 81116719 117799999999999999 129 42133910899999999999999
 76 59 52 56 72 94118138152156153145134124119121130144157166166156139117181015QS 9 4156193016799999999999999 2 6 52141411899999999999999
 95 77 66 63 69 82 99117133143148147142136130128129135144151155152143128181016QS101714820 515599999999999999 250 6315 612899999999999999
112 97 84 76 73 77 86 99113127137143146145141137134132133137140142140134181017QS12 914621 114299999999999999 356 7317 513299999999999999
125115104 94 85 80 80 85 95108122135144150151148142134127124125128131133181018QS1346151232113499999999999999 536 79192212499999999999999
133129123113102 91 81 77 80 90105122138151158158152140127116110111117126181019QS1433159999999999999999999999 7 5 77202211099999999999999
134139139133122106 90 78 72 76 88107128147161166162149131113100 95100112181020QS 13214015 416699999999999999 8 7 722059 9599999999999999
127142151151143126106 86 71 67 74 91115140160172172160139115 94 81 81 93181021QS 235152153017399999999999999 853 672131 8099999999999999
113136155164162148125100 78 65 65 78101129156174180171150122 93 72 64 72181022QS 318165155318099999999999999 932 6322 1 6499999999999999
 93122150170177168148120 93 72 62 68 88117148173185181162132 99 69 52 52181023QS 35617716161869999999999999910 7 622231 5099999999999999
 70100135166183184169143113 85 68 65 78104137167186189174146109 74 47 37181024QS 4331861640190999999999999991041 6423 1 3799999999999999
 47 74112151179192186166136106 81 69 74 94125158183193185160124 85 51 30181025QS 51119217 4193999999999999991114 692333 2799999999999999
 29 49 84126164188194182158129101 82 77 89115146174191191172140101 63 34181026QS 5491941729193999999999999991147 77999999999999999999999
 21 29 57 97138171189190175150123100 88 90108135163184191181155120 81 47181027QS 631192175519199999999999999 0 7 211219 8799999999999999
 25 21 37 68108145172184181165143120104 99107127151173185183166137103 68181028QS 715185182218699999999999999 042 201253 9899999999999999
 40 25 28 47 79114146167175170157139122112112123141160174178170150123 92181029QS 8 6175185117899999999999999 121 24132911199999999999999
 63 42 33 39 58 86115141158164161151138128122125134147159166166156138115181030QS 9 7165192416799999999999999 2 6 33141212299999999999999
 90 68 52 45 51 66 88112133148156156150142135131132137144150154152144132181031QS1028156201215499999999999999 3 3 45152113199999999999999
115 97 79 65 58 59 69 861061261421511551531481421351311301321351391411391811 1QS12 815522 514199999999999999 421 57175013099999999999999
133123109 93 78 67 64 69 821011221401531601601541431321221151141191261341811 2QS1329160999999999999999999999 555 63194011499999999999999
141142137125107 88 72 65 67 80100123145160168165155138120104 95 951041181811 3QS 044142141716899999999999999 716 642030 9499999999999999
135149155152138117 94 74 64 67 82105132155171175168150125101 82 74 78 941811 4QS 211155145217599999999999999 817 6421 9 7399999999999999
117142161169165147122 95 74 65 70 89116145169181179163137106 78 59 55 671811 5QS 3 9169152218299999999999999 9 8 642145 5599999999999999
 91123152174181172151122 94 74 68 78102133162182188177152118 83 55 40 431811 6QS 357181155118899999999999999 951 682220 3999999999999999
 64 96133165184187174149119 92 76 76 92120151177191187167134 96 61 36 281811 7QS 4401881618191999999999999991031 732254 2899999999999999
 40 69107145175190187170143114 91 81 87109139168188192179150113 74 42 241811 8QS 52119116441939999999999999911 7 812327 2299999999999999
 25 45 80120157181190182162135110 92 89102127157181192186164130 92 56 301811 9QS 6 01901710192999999999999991141 892359 2199999999999999
 21 31 58 95133165182185173152128107 97101118144170186188173145110 74 44181110QS 6381861736189999999999999991214 96999999999999999999999
 26 26 43 73109143167178176162142122108104113133157176184177156126 92 62181111QS 71717918 318499999999999999 031 24124710499999999999999
 39 31 38 59 89121148166171165152135120111113125144162174174162139110 81181112QS 758171183217699999999999999 1 4 31132011199999999999999
 57 43 41 52 74101128148160162156144131121117121133148160165160146124 99181113QS 84316319 216599999999999999 138 40135811799999999999999
 76 60 52 54 67 86108129145154155149140131124122126135145152153146132114181114QS 937155193915399999999999999 215 51144812299999999999999
 95 79 68 63 67 77 93111128141149150147141133128125126130135139139134124181115QS1046151203214099999999999999 3 3 63161412599999999999999
112 98 87 78 75 76 84 96111126139147150149143136128122119119122126129128181116QS12 7150221812999999999999999 411 74182311899999999999999
123116106 97 88 82 81 86 96111126140150154153146135123112105104109116124181117QS1314155999999999999999999999 544 81194010499999999999999
129129125117106 95 86 82 85 96112130146157161157145129110 95 87 88 98112181118QS 037130135916199999999999999 7 4 822023 8799999999999999
126137141137127113 98 86 81 85 99118139156166167157138114 91 74 69 76 93181119QS 2 3141143316899999999999999 8 3 812057 6999999999999999
114135150154149135116 97 84 80 87105128151168175169151123 93 68 53 53 68181120QS 25815515 217599999999999999 850 802130 5199999999999999
 94123149165168158138115 94 82 81 94116143166180180165137102 69 43 33 42181121QS 342168153018299999999999999 932 8022 2 3399999999999999
 67101137165179177162138112 92 82 87105131159180188178154118 78 44 22 20181122QS 4231801558188999999999999991011 822236 1899999999999999
 38 72113151178188181161135109 91 86 97120148174190189170137 96 55 23  8181123QS 5 41881627192999999999999991049 862312  799999999999999
 14 41 82126163186191180157131107 93 94110136164185193183157118 75 36  9181124QS 5471921657193999999999999991127 922350  299999999999999
  2 17 50 94137171188189174151127107 99105124150175190189172140100 59 24181125QS 63019117291929999999999999912 5 99999999999999999999999
  5  5 26 62104144172185182167145124110107117137160179186179158125 87 50181126QS 71718518 318699999999999999 029  2124410699999999999999
 22  9 15 38 74112146168177173159140124114115126144162175177166143113 80181127QS 8 7177183917799999999999999 112  9132611399999999999999
 50 28 21 29 52 84116144162168164152138125119121130144157164163152133108181128QS 9 3168192216599999999999999 158 21141611899999999999999
 81 57 41 36 45 65 91118141156161158149137127121122127136144149148141127181129QS10 5161202315099999999999999 251 36152612199999999999999
109 89 70 57 53 59 74 96119139152158156148137127119116117121128133136135181130QS1112158221113699999999999999 355 53171611599999999999999
128116101 86 73 67 70 821001201391521581571491371241111031001031101201291812 1QS1217158999999999999999999999 512 67185810099999999999999
134134127115101 87 78 78 87104124143156162160150134115 97 84 80 84 961121812 2QS 026135131316299999999999999 631 771959 8099999999999999
128140144140129112 96 85 84 93110131150163168162147125100 78 63 60 70 881812 3QS 2 2144135816899999999999999 738 832044 6099999999999999
111133150157152139119101 89 88 99118140160172173162140111 81 57 44 46 611812 4QS 3 7157143617499999999999999 835 872123 4399999999999999
 87117143162168161144122102 91 93107128152170179174156127 93 61 37 29 381812 5QS 357168151017999999999999999 923 9022 0 2999999999999999
 61 93127156173175164143120101 93 99116140164180183171145110 73 41 22 211812 6QS 44017615431849999999999999910 6 932235 1999999999999999
 38 68105141167180177162139116100 96107128153175186181161129 90 54 26 141812 7QS 5191811614186999999999999991045 9623 8 1499999999999999
 21 45 81120154176182174155132111 99101116140165182186173146110 71 38 171812 8QS 5551821644186999999999999991122 982341 1399999999999999
 14 29 59 97134164179179166146123106100108127152174184180160128 91 55 281812 9QS 6301811714185999999999999991157100999999999999999999999
 15 21 42 76113147169177172156135116104104117138161177180168143110 74 44181210QS 7 5177174418199999999999999 013 15123010299999999999999
 25 21 33 59 93127154169172162145126111104110125146164174170153126 94 63181211QS 739172181517499999999999999 045 2113 410499999999999999
 40 29 32 50 77108137157166164152136120109107115131148161165156137111 83181212QS 816166184816599999999999999 117 29134110799999999999999
 59 43 39 47 66 92119142156161155144129117110111119132145153152142123100181213QS 855161192615499999999999999 150 39142310999999999999999
 78 61 51 52 63 81104126144154155149138126116111112118127136141139129114181214QS 940156201414199999999999999 226 50152111099999999999999
 97 80 68 63 66 76 92111130144152152146136125115109108111117124128128122181215QS1032153212912999999999999999 3 9 63165010899999999999999
112 99 88 79 76 78 86 99116132145151151145135124112103 97 98103111119123181216QS1129152232012399999999999999 4 8 761827 9799999999999999
122116108 99 91 87 87 92104119135147154153147135119103 89 81 81 89101114181217QS1227155999999999999999999999 531 861931 8099999999999999
124128127121112102 94 92 96107123139152159157148131110 88 70 61 64 77 96181218QS 114129131915999999999999999 655 922017 6199999999999999
116132141141134123109 99 94 98111129147160166161146122 94 67 48 41 49 70181219QS 23414214 316699999999999999 8 1 942057 4199999999999999
 97124144155156146130113100 95101117137157170173163140108 74 43 25 23 39181220QS 330157144417399999999999999 856 952135 2299999999999999
 68102135159170167153133114100 97106125148168180178160129 91 52 21  6 11181221QS 417170152218199999999999999 945 962215  699999999999999
 35 71112148172181174156133112 99 99112135160179187178153115 72 32  3 -6181222QS 5 218116 0187999999999999991030 982256 -699999999999999
  6 37 79123160181186175154129109 99103121145170187190174142100 55 17 -7181223QS 5451861638191999999999999991113 992338-1299999999999999
-10  8 45 90134168185185170148124106100109129155178190187165130 86 43  9181224QS 6291871717191999999999999991156100999999999999999999999
 -9 -6 18 57102143172184179163140118104102114136160180187178153118 76 38181225QS 712184175818799999999999999 021-11123810199999999999999
  9 -3  6 33 72114149171178170153132113102104118139160175177165141108 72181226QS 756178184117899999999999999 1 5 -3132210199999999999999
 39 17 12 24 52 88124152168170160143124108101105118136153163163151130102181227QS 839171192916499999999999999 149 1214 910199999999999999
 73 48 32 31 45 71102131153163162151135118105 99103113127140148147139122181228QS 923164202914999999999999999 234 3015 7 9999999999999999
101 79 61 51 53 66 88113137153159156145130114102 96 97103113124131134130181229QS10 8159215313499999999999999 322 511623 9599999999999999
120106 91 78 71 73 84102122140152156152141127111 98 89 85 89 97107117124181230QS1057156235112699999999999999 419 711759 8599999999999999
126123115105 95 89 89 97111128143153156151140125108 90 77 70 72 80 94108181231QS1151156999999999999999999999 529 881920 7099999999999999
