-13-12  8 42 82119144153145123 96 72 58 58 74101132161178177155117 70 2418 1 1R1 7 0153182718099999999999999 026-151229 5699999999999999
-11-27-21  5 45 89127152158146121 92 68 56 60 79109142170183178151108 5818 1 2R1 749158191318499999999999999 113-271316 5699999999999999
 11-21-32-21 10 53 97134156158142115 86 63 55 62 84116149174184174143 9718 1 3R1 83515920 018499999999999999 159-3214 2 5599999999999999
 47  4-24-29-13 21 64107140156153134106 79 60 55 66 8912015117317916413118 1 4R1 921157204817999999999999999 245-301449 5499999999999999
 87 41  3-18-18  2 36 77115142153146125 98 74 58 57 69 9312114816516715118 1 5R110 5153213616899999999999999 330-211537 5699999999999999
119 78 38  8 -6 -1 20 53 89121142147137116 92 71 59 60 72 9311814015215118 1 6R11049147222615499999999999999 414 -61627 5899999999999999
135106 72 41 19 11 19 41 70100125139140129109 88 70 61 62 73 9011012713618 1 7R11134141232013799999999999999 458 111724 6099999999999999
134120 97 71 48 33 30 40 59 83107126135134123105 87 71 63 63 70 83 9811218 1 8R11221136999999999999999999999 543 301832 6299999999999999
120119110 93 75 58 49 49 57 73 92111125132130119104 87 72 63 60 64 73 8518 1 9R1 026121131413299999999999999 633 481955 6099999999999999
 98106109105 94 82 70 63 63 69 82 97113125131128119104 87 71 59 53 54 6218 110R1 152109141413199999999999999 734 622121 5399999999999999
 74 87 99105106100 91 81 73 71 76 86100114126132130120104 85 66 51 43 4318 111R1 332106151513299999999999999 848 712229 4299999999999999
 51 65 82 98108112107 98 87 78 74 78 88102118130136133121102 79 57 40 3118 112R1 45511216111369999999999999910 2 742319 3199999999999999
 33 45 63 84103116119114102 88 77 73 78 89106124137141136119 95 68 43 2618 113R1 55211916581419999999999999911 0 732359 2099999999999999
 20 26 43 67 92113125126116101 84 73 70 78 93114133145147136113 84 53 2818 114R1 6341271738147999999999999991146 70999999999999999999999
 13 12 25 48 77104125133128114 94 77 67 68 81101124143153149132103 69 3718 115R1 7 9133181515399999999999999 034 111224 6699999999999999
 13  4 10 30 59 91118134137126106 85 68 62 69 87112136153158147122 88 5218 116R1 740137184915899999999999999 1 6  41258 6299999999999999
 21  3  1 15 42 75107130140135118 95 73 60 60 74 97124148161158140109 7118 117R1 810140192216299999999999999 137  01330 5999999999999999
 35  9 -2  4 26 58 92121138141128107 82 64 56 63 82109136156163153128 9218 118R1 839142195516399999999999999 2 7 -214 2 5699999999999999
 53 21  2  0 15 43 77109132142137119 94 71 57 55 68 9212014516016014211218 119R1 9 7142202916299999999999999 237 -11435 5499999999999999
 74 39 13  2  9 30 61 95123139141129107 82 63 54 58 7610112814915815112818 120R1 93714221 415899999999999999 3 7  21510 5399999999999999
 95 60 29 11  9 23 49 80110132142137120 96 73 58 54 63 8310813214815013818 121R110 9142214115199999999999999 337  81547 5399999999999999
113 81 50 27 17 22 40 67 96121137140130110 87 67 56 56 67 8711013014113918 122R11043140222414299999999999999 410 161630 5499999999999999
125101 73 47 31 28 37 57 83108128138136123103 82 64 55 57 69 8710612313118 123R11121138231513199999999999999 445 271721 5599999999999999
128114 93 71 52 42 42 53 72 94115130136132119 99 79 63 55 56 65 80 9711218 124R112 5136999999999999999999999 527 401825 5499999999999999
119118108 93 76 62 55 57 66 82101118130135131118 99 79 62 52 49 56 68 8418 125R1 02312013 113599999999999999 619 551945 4999999999999999
 99110113109 99 86 75 68 68 75 87103119131137133121102 80 60 45 38 41 5218 126R1 15611314 913799999999999999 732 672111 3899999999999999
 69 88104114115110 99 88 78 75 78 88103119134142141128107 81 54 33 22 2318 127R1 342116152214399999999999999 9 4 752225 2199999999999999
 36 57 81104120126122111 96 83 75 76 85102122140152151137111 78 45 19  518 128R1 5 71261628153999999999999991026 742325  399999999999999
  6 22 48 80109130138134119 99 81 70 70 82102127150163162145113 73 34  318 129R1 6 71381726165999999999999991130 69999999999999999999999
-12 -8 13 47 85119142149141121 96 74 62 64 79105135161175171149110 64 2118 130R1 656149181917699999999999999 018-121223 6199999999999999
-11-23-14 13 52 95131152156142116 87 64 54 59 79110144171183176147103 5418 131R1 74015719 818499999999999999 1 5-231310 5399999999999999
  9-19-27-12 21 65109143160157136106 76 54 47 57 82116151177186173139 9218 2 1R1 821161195518699999999999999 149-271355 4699999999999999
 43  2-21-22  0 37 82123152162151126 94 64 45 43 58 8712215517718016212618 2 2R1 859162204018199999999999999 231-241438 4299999999999999
 80 35  1-14 -7 19 58100135156158142113 81 54 41 44 62 9112515317016814718 2 3R1 936160212417199999999999999 311-151520 4099999999999999
111 69 31  6  0 14 43 79116143155149129100 71 49 41 47 67 9512314615615018 2 4R1101115522 815699999999999999 348  016 3 4199999999999999
128 96 62 34 19 21 38 66 98127145149138116 89 65 48 44 53 71 9511713413918 2 5R11045149225413999999999999999 423 171648 4499999999999999
131112 86 60 42 36 43 61 86111132142140127106 82 63 51 50 58 73 9110711918 2 6R11121143234612299999999999999 458 361739 4999999999999999
121114100 82 65 55 55 64 80 99118131136131118 99 81 65 56 54 59 70 83 9518 2 7R11159136999999999999999999999 534 541843 5499999999999999
104107104 95 84 75 70 71 79 91105118127129124113 98 82 68 59 55 57 63 7318 2 8R1 058107124912999999999999999 618 692012 5599999999999999
 83 93 99100 97 92 86 82 82 87 95105115122125122113100 85 71 59 51 49 5418 2 9R1 249100135912599999999999999 730 822147 4999999999999999
 63 75 88 98104105102 96 90 87 88 93101111120125124117104 87 69 53 43 3918 210R1 441105152212699999999999999 918 862254 3999999999999999
 44 56 72 90104113115110101 91 84 83 88 99111123131130122106 84 62 43 3118 211R1 5431151630132999999999999991040 832340 2999999999999999
 29 38 55 77 98115124122113 99 86 77 77 85 99116131139138125103 76 50 2918 212R1 6211241720140999999999999991133 76999999999999999999999
 20 22 37 61 88112128132125110 91 76 68 72 85105126143149143123 95 63 3518 213R1 65313218 114999999999999999 017 191212 6899999999999999
 16 11 21 44 73103127138136122100 79 64 61 70 90116139154156143116 81 4718 214R1 720139183715799999999999999 049 111246 6199999999999999
 20  6  9 28 57 91120140144133112 86 65 54 57 74100129152163158136102 6418 215R1 747144191116399999999999999 119  51317 5399999999999999
 30  8  3 15 42 76110136148144125 98 71 52 47 58 82113142162167153124 8518 216R1 813149194516799999999999999 148  21348 4799999999999999
 47 17  3  7 28 61 98129148151137111 81 56 42 45 64 9312615316716414210718 217R1 839152201916899999999999999 216  21420 4199999999999999
 68 33 10  6 19 48 83118144154147125 95 65 44 37 48 7210413515816515412718 218R1 9 6154205416599999999999999 245  51454 3799999999999999
 91 54 25 12 17 38 70105134152153138111 80 52 37 37 53 8011214015715714118 219R1 934155213215999999999999999 314 111529 3599999999999999
111 77 46 25 21 34 59 91122144154147126 97 67 44 35 40 59 8611513814914518 220R110 5154221414999999999999999 345 2116 9 3499999999999999
126 98 69 45 34 37 54 79108132148150137114 86 60 41 36 44 63 8811213013718 221R1103815123 213799999999999999 417 331654 3699999999999999
131114 91 69 53 48 55 72 95118136145143128106 80 58 43 39 46 62 8310311818 222R11117146999999999999999999999 454 481750 3999999999999999
124120107 91 76 66 65 72 86104121134140136123104 81 61 46 41 44 56 72 9018 223R1 0 512412 714099999999999999 539 6419 5 4199999999999999
104112113108 98 88 81 80 84 93105118129135134124108 87 66 49 39 37 44 5818 224R1 138114131913699999999999999 649 792041 3799999999999999
 75 92106114115110102 94 89 87 92100112125134137132117 96 72 49 32 25 2918 225R1 339115145313799999999999999 844 8722 9 2599999999999999
 43 63 86107121127124114101 90 83 84 92106123139147144129104 74 44 22 1118 226R1 5 61271617147999999999999991025 822315 1199999999999999
 15 31 58 88115134140135119100 83 72 72 83103127148160157139109 71 35  918 227R1 6 11401722161999999999999991130 71999999999999999999999
 -2  4 27 60 97128148151140117 91 70 58 61 77104134160173168145107 63 2418 228R1 643152181517399999999999999 0 7 -21220 5899999999999999
 -3-10  2 32 72112144159156137108 77 54 45 53 76109144171182172142 99 5218 3 1R1 72016119 318299999999999999 052-1013 3 4599999999999999
 13 -9-10 10 46 90130157166154127 92 60 39 35 50 79116152177184168133 8718 3 2R1 755166194718499999999999999 133-121343 3499999999999999
 41  7 -8  0 27 67110146166165145112 75 45 29 31 52 8612415817817715611818 3 3R1 828168202918099999999999999 210 -81421 2799999999999999
 74 34  8  2 18 51 91129157167157130 94 59 33 24 34 59 9312915717016413918 3 4R1 859167211017199999999999999 245  21459 2499999999999999
102 63 31 16 20 42 76113144161161143112 77 47 28 26 41 6810013015115714518 3 5R1 929164215015799999999999999 317 151536 2599999999999999
120 88 57 36 31 43 68 99129150158149126 95 65 41 30 34 50 7510312614014018 3 6R1 958158223114199999999999999 348 311614 2999999999999999
127104 79 58 47 50 66 89115137149148134111 83 58 42 37 43 59 8010111712518 3 7R11026150231612699999999999999 417 471655 3699999999999999
123111 94 77 65 62 69 85104123137141136120 99 77 58 47 45 52 64 80 9510618 3 8R11057141999999999999999999999 447 621743 4599999999999999
111110102 92 82 77 77 85 97111123131131124111 94 77 63 55 53 56 64 75 8618 3 9R1 014112113413299999999999999 523 761851 5399999999999999
 95101103101 96 91 89 89 93101110117122122118108 96 82 70 61 56 55 59 6718 310R1 155103123312399999999999999 621 882035 5599999999999999
 77 88 98104106105102 98 95 95 98103110115118118112102 89 75 62 53 49 5118 311R1 4 8106141911999999999999999 833 942210 4999999999999999
 59 72 87101111116115109100 93 89 89 95104113121124120110 94 75 58 45 4018 312R1 5161161557124999999999999991022 8823 8 4099999999999999
 43 55 73 93111123127122110 96 85 79 80 89103118130134129115 93 69 48 3418 313R1 5541271659134999999999999991117 782349 3099999999999999
 30 38 56 81105125135134122104 85 72 67 73 89109129142145135114 86 58 3518 314R1 6231361744145999999999999991155 67999999999999999999999
 23 25 40 66 95122140144135115 91 70 57 58 71 94121143155153136107 74 4318 315R1 649144182215699999999999999 022 221228 5699999999999999
 22 16 26 50 82115140152147128101 73 53 45 53 75105135157164155130 95 5818 316R1 714152185716599999999999999 053 161259 4599999999999999
 29 14 17 36 68104135155157142115 82 54 37 37 54 84119149168168150118 7918 317R1 738158193217099999999999999 121 131330 3599999999999999
 43 19 13 26 54 90126153164155131 96 61 36 26 35 60 9613216017216513910218 318R1 8 416420 817299999999999999 150 1314 1 2699999999999999
 64 33 17 21 42 76113145164165146114 76 42 22 21 38 7010714216517015512518 319R1 831167204517099999999999999 219 161435 1999999999999999
 88 53 29 23 36 64 99133159168158132 95 57 29 15 22 45 7911614616316114218 320R1 9 0168212516499999999999999 249 231511 1599999999999999
111 77 49 34 37 56 86118147164164146115 78 44 22 15 27 53 8611914315414818 321R1 93116622 815499999999999999 321 331550 1599999999999999
128100 72 53 47 56 77104132152161154133101 68 39 22 21 34 59 8811513514118 322R110 4161225814199999999999999 354 471635 1999999999999999
134117 95 75 63 63 74 93116136150153143121 93 64 41 28 28 40 60 8410612218 323R11043153999999999999999999999 432 621730 2799999999999999
128123112 97 84 78 79 88103119133142143134116 93 69 49 37 35 42 57 75 9418 324R1 0 3128113314499999999999999 519 771843 3499999999999999
109117118114105 97 92 91 95104114125132135130118100 79 59 45 37 39 48 6418 325R1 139119125213599999999999999 639 912020 3799999999999999
 82100114121122117109101 95 93 96103114125132134127112 91 68 48 35 31 3818 326R1 336122144213499999999999999 854 932152 3199999999999999
 53 75 98118130134128117102 90 83 83 91105122136144140125101 73 46 28 2118 327R1 4521341612144999999999999991030 822259 2199999999999999
 28 48 75104128143145135117 95 77 67 67 79100125146157153135105 71 40 1918 328R1 5401461717157999999999999991127 662349 1399999999999999
 14 25 50 83117143156153135109 81 59 49 54 73102132157169162138103 64 3118 329R1 61715718 9169999999999999991211 49999999999999999999999
 12 12 30 62100135158165153127 93 62 41 35 47 73108143168176164134 94 5418 330R1 651165185517699999999999999 031  91250 3599999999999999
 24 10 18 43 80120152169167145111 74 43 25 26 46 79117152174176158124 8318 331R1 722171193717899999999999999 1 9 101326 2399999999999999
 45 21 16 32 64103140165173160130 92 54 26 16 25 51 8812715817416914510918 4 1R1 752173201717499999999999999 143 1514 2 1699999999999999
 71 40 25 30 53 87124155171168146111 71 37 16 14 31 61 9813315816715612918 4 2R1 821173205616799999999999999 215 241436 1399999999999999
 95 63 41 36 49 76110142163169156128 91 54 26 14 20 42 7310713615315413918 4 3R1 848169213315699999999999999 246 351510 1499999999999999
113 84 60 48 52 71 98128151163159139108 73 43 23 19 31 54 8311213414313918 4 4R1 915164221214499999999999999 315 471544 1999999999999999
123101 78 63 60 70 90115138153156145121 92 62 39 28 30 44 65 9011212713118 4 5R1 942156225413199999999999999 344 591620 2799999999999999
125111 94 79 71 74 86104124140147143129107 81 58 42 37 41 55 73 9210811818 4 6R11011147234512099999999999999 414 7117 1 3799999999999999
120115105 93 85 82 87 98112125134137131117 98 78 61 50 47 51 61 75 8910118 4 7R11046137999999999999999999999 451 821754 4799999999999999
109112110105 98 94 92 96102111120125126121110 97 82 69 59 55 57 63 72 8418 4 8R1 1 5112113612699999999999999 547 921915 5599999999999999
 95104110112111107102 98 98100105111116118117111101 89 77 66 59 56 59 6718 4 9R1 3 2112131111899999999999999 748 982059 5699999999999999
 79 92105115120120114106 98 93 91 95101110117120118110 98 83 68 57 51 5318 410R1 42312115 912099999999999999 946 912216 5199999999999999
 62 77 96113125131127117104 91 82 79 85 96110122129129119103 83 64 49 4318 411R1 5 71311626130999999999999991047 7923 5 4399999999999999
 48 62 83106126138140131114 94 77 67 67 78 96116133142139125103 77 55 4018 412R1 5391411717142999999999999991127 662344 3699999999999999
 37 47 68 95122142150145127102 77 58 51 58 77102128147154146126 97 67 4418 413R1 6 615017591549999999999999912 1 51999999999999999999999
 32 35 53 82113141157158142115 84 56 40 39 54 81114143161163148120 87 5518 414R1 632160183816499999999999999 017 311233 3799999999999999
 34 29 41 67101135159168158132 97 61 34 23 31 55 90127156171166144110 7518 415R1 659168191617199999999999999 048 2913 6 2399999999999999
 45 30 33 54 87123154172171151116 75 39 16 13 29 62102139166174163135 9918 416R1 727174195517499999999999999 120 291340 1199999999999999
 64 40 33 45 73108144169178167137 96 54 20  4  9 33 7111214816917115412318 417R1 757178203617399999999999999 152 331416  399999999999999
 88 59 42 43 62 93128159177176156120 77 36  9  0 12 41 8011915116616314318 418R1 829179211916799999999999999 225 401455  099999999999999
113 82 59 50 59 81112143166176168142104 62 27  6  3 20 50 8612114715715118 419R1 9 317622 615799999999999999 3 1 501537  299999999999999
131105 81 66 64 75 98124149166169155128 92 55 26 11 12 29 57 8911813814518 420R1 94117023 014599999999999999 338 631625  999999999999999
139123103 86 76 78 90108129148158157143118 87 56 33 21 23 37 60 8611112818 421R11025159999999999999999999999 422 761721 2099999999999999
134131120106 95 88 90 98111126139147145134114 90 65 45 33 33 42 60 8110218 422R1 0 9134112214799999999999999 520 881833 3299999999999999
118127129123114104 97 95 98106116127135137131118 98 77 57 44 39 43 56 7518 423R1 139129124813799999999999999 656 9520 2 3999999999999999
 95114127133131123112101 93 90 94102114126134135127110 89 68 50 40 41 5218 424R1 313133143513699999999999999 857 902126 3999999999999999
 71 94116133141140129114 97 83 76 78 88105123137143138122 98 73 51 39 3818 425R1 41914216 3143999999999999991018 762232 3799999999999999
 50 72 99125144152147131108 85 67 59 63 78101125145153148129102 72 48 3618 426R1 5 515217 7154999999999999991111 592322 3599999999999999
 38 54 81112139157160149125 96 68 49 43 52 74103133154162154131 99 67 4418 427R1 5431611759162999999999999991154 43999999999999999999999
 34 42 64 95128155168164143112 78 49 32 31 47 76110142163167153126 92 6118 428R1 616168184416899999999999999 0 4 341232 2999999999999999
 41 38 52 80114146168173160131 94 58 30 19 26 49 83120151168166147116 8318 429R1 647173192516999999999999999 041 3713 7 1999999999999999
 55 42 47 68 99133161175171148113 73 39 17 13 28 57 9413015716715913610518 430R1 71617620 416799999999999999 115 421341 1299999999999999
 74 54 49 61 87119150170175161131 92 54 24 10 15 37 6910613815816114812318 5 1R1 745175204216299999999999999 146 481414 1099999999999999
 94 69 56 60 78106136161172167145111 73 39 17 12 24 50 8311614215415113518 5 2R1 813173211915599999999999999 217 561447 1199999999999999
110 85 68 64 74 96123148165167154127 93 58 30 17 19 37 63 9412214114714018 5 3R1 841168215614799999999999999 247 631520 1699999999999999
122101 82 72 74 89110134153162157139110 78 49 29 23 31 50 7610212413613818 5 4R1 910162223613899999999999999 318 711555 2399999999999999
128113 96 83 79 86101120138151153144124 97 70 47 35 34 44 63 8510612213018 5 5R1 942154232313199999999999999 352 791633 3399999999999999
129121108 96 88 88 95108123137144142131112 90 68 52 44 46 55 71 8910611818 5 6R11019144999999999999999999999 432 871719 4399999999999999
124124118109100 95 95100110121130134131122107 89 72 60 54 55 63 75 8910418 5 7R1 02412511 813499999999999999 529 941819 5399999999999999
115122123120113106100 98100106113121125124118107 93 79 68 61 60 65 75 8818 5 8R1 146123122312599999999999999 7 1 981941 6099999999999999
102115124128126119110101 95 93 97104113120123121113101 87 74 64 61 64 7318 5 9R1 3 712814 912399999999999999 847 9321 4 6199999999999999
 88105121132136133122109 95 85 82 85 95108120128129122109 92 75 63 57 6118 510R1 4 2136153813099999999999999 959 8222 7 5799999999999999
 73 92113131143145137121101 82 70 67 74 89109127138140131114 93 72 58 5318 511R1 4421461641141999999999999991047 672255 5399999999999999
 60 77101126146156152137112 86 64 51 52 66 89115138151151138115 89 66 5218 512R1 5151561731152999999999999991127 502335 5099999999999999
 51 64 87116143162166154129 97 65 42 33 40 62 93125150163159140112 83 6018 513R1 54716618161639999999999999912 3 33999999999999999999999
 49 54 73102135161175171150116 77 43 21 18 33 64101137162171162138106 7618 514R1 618176185917199999999999999 012 491240 1799999999999999
 55 50 62 87121153176183170139 98 55 22  5  9 32 69111147170174160132 9918 515R1 651183194317599999999999999 049 501319  499999999999999
 71 55 56 74104138169186185163125 80 37  6 -5  6 36 7711915417217215412418 516R1 727188202817599999999999999 126 531359 -599999999999999
 93 69 59 66 89120153178189180152110 64 24 -2 -6 10 43 8412415516916514518 517R1 8 4189211517099999999999999 2 5 591443 -799999999999999
117 90 71 67 79102132161181186171140 98 54 19 -1  0 19 51 9012615216215618 518R1 84518622 616299999999999999 246 671529 -399999999999999
137113 90 77 77 90112139162177177160129 90 52 22  7 10 29 59 9312514615418 519R1 93017923 215499999999999999 330 751619  699999999999999
148131111 94 85 86 98117138157167165149122 88 56 31 20 23 40 66 9512113918 520R11021168999999999999999999999 422 841716 2099999999999999
146142129114100 92 92100114131146155153141119 92 65 44 34 36 49 70 9411718 521R1 0 6146112415599999999999999 529 911821 3399999999999999
134142141131118105 96 93 96106119133142145137121100 77 58 47 46 55 73 9418 522R1 118143124514599999999999999 658 931935 4599999999999999
116134143143135122107 95 87 87 93105120133140138127109 88 69 56 53 60 7518 523R1 231144141914099999999999999 834 862049 5399999999999999
 97119138148149140124105 88 76 73 79 93111128140143135118 96 76 61 57 6318 524R1 333150154414399999999999999 951 732155 5799999999999999
 80103127146156155142121 97 76 62 58 66 84107129145149141123100 78 63 5918 525R1 4221571652149999999999999991048 582248 5999999999999999
 68 87112138157164158139113 84 60 46 46 58 81109134151155145125 99 77 6318 526R1 5 31641746155999999999999991133 442333 6199999999999999
 63 75 98126151167169156131 99 68 44 33 37 56 84115142158159145121 95 7418 527R1 5391701833160999999999999991213 32999999999999999999999
 64 68 86112140163174169149117 82 50 29 24 35 60 92125150162158140114 8918 528R1 613174191416399999999999999 012 641249 2499999999999999
 71 67 77 99127154172176163136100 63 34 19 21 39 6910413515616315313210618 529R1 644177195316399999999999999 048 661323 1899999999999999
 83 71 73 89114142165177173152119 81 47 23 15 25 49 8211614315915914412118 530R1 715177202916199999999999999 121 701356 1599999999999999
 97 79 73 82102129154172176164137102 65 35 18 19 35 63 9512614815715113418 531R1 74617621 515799999999999999 154 731428 1699999999999999
111 90 78 79 93115141162173170151121 85 52 28 20 27 48 7710813415015214218 6 1R1 817174214015399999999999999 226 7715 1 2099999999999999
123102 86 80 87104126149165169159137105 72 45 29 27 40 63 9111813814714518 6 2R1 849169221714899999999999999 259 801536 2699999999999999
133115 98 87 86 95113133152162161147123 93 65 44 34 38 53 7610112313814318 6 3R1 924163225814399999999999999 335 851612 3499999999999999
138126110 96 90 92102118136150156151135112 86 63 48 43 50 66 8710812613718 6 4R110 3156234514099999999999999 416 891652 4399999999999999
139134122109 98 94 96106120134144147140126105 84 66 55 54 61 75 9411212718 6 5R11049147999999999999999999999 5 8 941740 5399999999999999
136138132122111101 96 98105116128136138133121104 87 72 63 62 69 82 9811518 6 6R1 042138115013999999999999999 616 961838 6299999999999999
129138140135125112102 95 94 99108119129133131122108 93 79 71 68 74 8510118 6 7R1 146140131113399999999999999 739 931947 6899999999999999
118133142145139127112 98 88 84 88 98112124133134128116100 85 75 71 76 8818 6 8R1 246145144113499999999999999 857 842057 7199999999999999
105124141151152143127107 88 74 70 75 88106124137142137124106 89 76 72 7718 6 9R1 336153155914299999999999999 958 702159 7299999999999999
 91112134152161159146123 96 72 57 53 61 81105129146152146131110 90 75 7118 610R1 42016217 1152999999999999991048 522251 7199999999999999
 79 97122147165172165144114 81 53 37 36 50 76108137156163154135110 88 7318 611R1 5 11721755163999999999999991133 342338 7199999999999999
 72 84106135161179182168138101 62 33 18 22 43 76113146166171159135108 8518 612R1 5411831845171999999999999991217 17999999999999999999999
 72 74 91118149175190187166129 86 44 15  4 14 41 8012015417317415913310418 613R1 622191193317699999999999999 022 7113 1  499999999999999
 82 72 79100130162187198189161118 71 30  3 -4 12 44 8612816017617415512818 614R1 7 4198202117899999999999999 1 6 721347 -499999999999999
100 80 75 85109141172194200186153108 60 21 -2 -4 16 51 9313316317617014918 615R1 749200211017699999999999999 150 751434 -699999999999999
122 97 81 79 92117148176194196178144 99 54 18  0  3 25 6010013716317116318 616R1 83619822 017199999999999999 236 781522 -199999999999999
143117 95 82 84 98122150175189188169135 93 53 23 10 16 38 7110714016016618 617R1 925191225116699999999999999 326 811612 1099999999999999
157137114 95 85 87101122147168180177158128 91 57 33 24 31 52 8211314115718 618R11019180234416199999999999999 420 8517 4 2499999999999999
161151134113 97 88 89100118139157166164149123 93 66 47 41 48 66 9111814118 619R11119167999999999999999999999 522 871758 4199999999999999
155157148132114 98 89 88 96110127143153153142122 99 77 62 56 62 7810012318 620R1 041157123015499999999999999 635 871858 5699999999999999
142154156147132115 98 87 83 88 99115130141145139125106 88 75 70 74 8710618 621R1 140156135214599999999999999 757 8320 2 7099999999999999
127144155157149133114 96 82 75 77 87103120134142140130114 98 85 79 82 9418 622R1 238157151814299999999999999 915 7521 9 7999999999999999
112132149159160150133111 89 73 64 66 77 95115133143144135120104 90 84 8718 623R1 3331611635145999999999999991020 642210 8499999999999999
100118138155164163150129103 79 61 53 56 70 92116136148149140123106 92 8618 624R1 4221651735150999999999999991112 5223 2 8699999999999999
 91105125146163170164147121 92 66 48 43 50 69 95122143154153141122103 9018 625R1 5 51701824155999999999999991155 422347 8799999999999999
 87 95113135156171174163140110 78 52 37 36 49 74103131152160154138117 9818 626R1 54317419 5160999999999999991233 34999999999999999999999
 87 88101122146166177174157129 95 62 39 29 35 54 8311514215916215113210918 627R1 619178194216299999999999999 026 8613 7 2999999999999999
 92 86 92109133157175180171148114 79 48 29 27 39 65 9612815116315914412218 628R1 654181201616399999999999999 1 2 861341 2699999999999999
101 87 86 98119145167180180163134 98 64 37 26 30 49 7811113915816215313418 629R1 727182204916399999999999999 135 851413 2599999999999999
112 93 85 90106130155174182174152119 83 52 32 28 39 63 9412514916015914518 630R1 8 0182212116199999999999999 2 9 851445 2799999999999999
124103 88 86 96116140163177178165138104 70 45 32 35 53 7910913615416015218 7 1R1 835180215416099999999999999 243 851518 3299999999999999
135114 96 87 89103124148167175171152124 91 62 43 38 47 68 9512314515615618 7 2R1 910176222815899999999999999 318 861551 3899999999999999
145127108 93 88 94109130151165169160139111 82 59 47 48 61 8310913214915618 7 3R1 94816923 615699999999999999 358 881626 4699999999999999
152139121104 93 90 98114133150160160149128103 79 62 55 60 75 9611913915218 7 4R11030162234715599999999999999 442 9017 4 5599999999999999
155148134117102 93 92100114130145152151140122100 81 69 66 72 8710712714318 7 5R11122153999999999999999999999 535 911748 6599999999999999
153154146132116101 92 90 97109124137145144135120103 87 78 76 83 9611413218 7 6R1 036155122714599999999999999 640 901842 7699999999999999
147155155147132115 98 87 84 89100114129139141136125110 96 87 85 9010211818 7 7R1 130156135114199999999999999 755 841949 8499999999999999
136151159159150133112 93 79 73 76 88104122136144142133119105 94 90 9410518 7 8R1 228160152014499999999999999 9 8 7221 2 9099999999999999
122141157166166154133108 84 65 57 60 74 96119138150151143128112 98 92 9518 7 9R1 3261671637152999999999999991012 572210 9299999999999999
108127148166176174158132101 71 49 39 44 63 90119144159162152135115 98 9118 710R1 42017717411629999999999999911 8 392310 9199999999999999
 95110132157178187182162129 91 56 31 22 31 55 88123153169171158137113 9518 711R1 51118818361729999999999999912 0 22999999999999999999999
 88 94113140168189198189163124 80 41 16  9 23 52 9113016117817616013510918 712R1 6 1198192517999999999999999 0 3 881249  999999999999999
 91 85 95117147178199206193161117 69 29  5  3 21 56 9813917018317815712918 713R1 651206201218399999999999999 052 851337  199999999999999
103 85 83 96122154185206209192156108 60 22  2  4 27 6510814817518417515118 714R1 740210205818499999999999999 140 821424  099999999999999
122 96 81 82 98126159189207207186147100 54 21  6 13 39 7812015617818216818 715R1 829209214218399999999999999 228 791510  699999999999999
143114 90 78 82100128160187202198175138 94 53 26 18 29 56 9313116217817718 716R1 919203222518099999999999999 316 781555 1799999999999999
160134107 86 78 83102128157180191185162128 90 57 37 35 49 7510914116517518 717R1101019123 917599999999999999 4 7 781640 3499999999999999
170152127103 85 79 85102125149168176170150121 91 66 53 54 69 9312214716518 718R111 4176235417099999999999999 5 0 791725 5299999999999999
170162145122101 86 81 86100119138154160155140118 96 78 71 74 8810813115118 719R112 4160999999999999999999999 6 1 811812 7099999999999999
163165157140120101 88 82 84 94109126139146144135120104 92 87 9010111813618 720R1 042166131914699999999999999 712 8119 6 8799999999999999
151161161154139120102 88 80 80 86 99114128137139135125113104 9910110912218 721R1 136162145014099999999999999 833 792014 9999999999999999
137151159160153139121101 85 75 72 77 8910512213414113913212211110510511218 722R1 237161162014199999999999999 950 72213010499999999999999
124138152161162155139119 97 79 66 63 69 8310212213814614613812611410610518 723R1 3391631728147999999999999991051 63223610599999999999999
112125141156165166157138114 89 69 56 54 64 8210512814615415214112511110318 724R1 4341671816154999999999999991139 54232910299999999999999
103112128147163172170157134105 78 56 46 49 63 8711413915516015413812010518 725R1 5211721854160999999999999991218 45999999999999999999999
 98101115134155172178172153125 93 64 45 39 48 69 9812715116416315113111118 726R1 6 2178192716599999999999999 010 971253 3999999999999999
 97 93102120144166181183170145111 78 51 36 37 54 8111214116116816114312018 727R1 639184195816899999999999999 047 931325 3599999999999999
100 90 92106130156177187183163132 96 63 40 33 42 65 9612915516916815413118 728R1 713188202717099999999999999 120 891356 3399999999999999
108 91 85 94114141167185189178151116 80 51 35 36 53 8111414416517116314318 729R1 747190205517199999999999999 153 851426 3499999999999999
118 96 84 85 99124152175188186167136100 67 44 37 46 6910013215717116915418 730R1 821189212417299999999999999 226 821456 3799999999999999
131106 88 81 88107134160180186177153120 86 58 44 45 61 8811914716617216318 731R1 856186215317299999999999999 3 0 811526 4299999999999999
144119 96 82 81 93115141164179179165138106 77 56 50 58 7810613515817016918 8 1R1 932181222417199999999999999 336 801556 5099999999999999
155133109 90 80 84 98120144164173168151126 97 74 61 61 74 9612214716417018 8 2R11012173225917099999999999999 415 801629 5999999999999999
163146124102 86 80 86101122143158164157140118 95 78 71 75 9011113415316518 8 3R11058164233816899999999999999 5 0 8017 6 7199999999999999
167157140118 98 85 80 86100118136149154148134116 99 87 83 8910312214115618 8 4R11156154999999999999999999999 555 801751 8399999999999999
165164154137116 97 84 78 82 94110126139145143134121108 99 9610111212714318 8 5R1 026166131514699999999999999 7 4 781852 9699999999999999
157164164155138117 97 81 72 73 82 9711513114114414013111911010510711512818 8 6R1 127165145414499999999999999 826 72201610599999999999999
143157167168160143120 96 75 62 59 67 8410512614215115014213011810910711318 8 7R1 239169162615199999999999999 945 59214410799999999999999
126143160173177169150123 92 66 48 43 52 72 9812614816116215213712010710318 8 8R1 3501771735163999999999999991051 43225610299999999999999
108123144166183188179156123 86 54 33 28 39 64 9813115817217215813711610018 8 9R1 4541881828174999999999999991148 272354 9599999999999999
 95102122148175195200189160120 77 41 19 16 33 6410414217018317815913210718 810R1 5512011913183999999999999991238 15999999999999999999999
 89 86 98122154185206210194159114 67 30 10 12 35 7211515418118917815312218 811R1 643211195518999999999999999 044 851325  899999999999999
 95 79 78 95125160193213213193153105 58 23  9 17 45 8613016718919017314318 812R1 733216203419299999999999999 130 7614 8  899999999999999
110 83 70 74 96129165197213210185143 95 52 24 16 30 6310414617719218616318 813R1 820215211219299999999999999 215 691450 1699999999999999
130 97 73 65 74 98132167195207199171131 88 51 31 31 51 8412315918318917718 814R1 9 7207214918999999999999999 3 0 651530 2999999999999999
150118 88 68 64 76102133164187194183156120 84 57 45 52 7410614016818318118 815R1 954194222618499999999999999 344 6416 8 4599999999999999
165138107 82 68 68 81104132157174177165141112 85 68 64 75 9712415117017818 816R1104217723 217899999999999999 431 661645 6499999999999999
171153127102 81 71 73 85104126146158159149131110 92 83 84 9511413615516718 817R11136160234117099999999999999 521 701723 8299999999999999
169161143121100 84 76 78 87101118133142144138127113103 9810111012514015418 818R11243144999999999999999999999 622 7618 8 9899999999999999
161161153138120103 89 81 80 85 9510812113113513412912111411111211812813918 819R1 029162141913699999999999999 740 79191511099999999999999
149155156149138122106 92 82 77 79 87 9911312513413713513012311711611912618 820R1 13315616 713799999999999999 911 77205411699999999999999
135145152155151141126108 91 78 71 71 79 9311012713914514313612711811311418 821R1 2551551717145999999999999991026 70222011399999999999999
121132144154159156145127106 85 69 62 63 75 9311513514915414913812411210618 822R1 4 815918 1154999999999999991119 61231610699999999999999
108117132148161167162147125 99 75 58 52 59 7610012514715916015013311510218 823R1 5 41671834161999999999999991159 522357 9799999999999999
 97103118138158171175166145117 87 62 48 47 60 8311214016016716114512310318 824R1 54717519 3167999999999999991234 45999999999999999999999
 91 91103124148169181180164137104 72 49 40 47 68 9712915517017015613410918 825R1 625183193017299999999999999 032 8913 4 4099999999999999
 90 82 88107134161181189180157123 88 58 40 39 55 8311614716917616714611818 826R1 659189195617699999999999999 1 4 821333 3899999999999999
 93 78 76 90116146173190190174144107 72 47 38 46 7010213616417817615813118 827R1 733192202217999999999999999 135 7514 1 3899999999999999
101 79 69 76 97127158182193185162127 90 60 42 43 60 8912415517618116914418 828R1 8 6193204818199999999999999 2 6 691429 4099999999999999
114 86 68 66 80106138167186189175146111 77 53 45 55 7911114316918117715718 829R1 840190211518299999999999999 238 651457 4599999999999999
128 98 74 62 67 87116147172184180161130 97 70 55 56 72 9913115917718016818 830R1 917185214418199999999999999 312 621526 5399999999999999
144113 85 66 61 71 94122150170177168146118 90 70 64 71 9211814616717817418 831R1 956177221517899999999999999 349 611557 6499999999999999
157131102 78 64 63 76 99125148163165155135111 90 78 77 8910913215416917418 9 1R11041166225117499999999999999 431 621632 7699999999999999
166147121 96 75 65 67 79 99121140152153145129111 97 90 9310412114015616618 9 2R11137154233616899999999999999 522 641714 9099999999999999
167158141118 95 77 68 68 78 9311212914014414013011810910410611412614015318 9 3R11257144999999999999999999999 628 67181310499999999999999
162163156141121100 82 69 66 70 83 9911613114014213713012111511311612413618 9 4R1 040163144714299999999999999 756 66195311399999999999999
148158162159148129107 85 67 58 59 69 8610712714215014914213112011211111718 9 5R1 2 8163162415099999999999999 927 57214211199999999999999
128143158168169160140113 85 61 46 44 55 7610313015116216115013411710410018 9 6R1 3371701726163999999999999991039 44225510099999999999999
106121142163179183173149116 80 51 33 31 46 73107139164174170153130106 9018 9 7R1 4481831812175999999999999991136 302349 8699999999999999
 86 95117145172191196183153113 72 39 22 24 45 79118154178184173148118 9118 9 8R1 5461961851184999999999999991224 20999999999999999999999
 74 73 88116151182203205187151106 62 30 17 25 53 9213517018918816913710218 9 9R1 637207192819199999999999999 035 7213 7 1699999999999999
 74 60 64 85120158191209207183142 95 53 26 20 36 6911215318319518515812118 910R1 72421120 319599999999999999 117 591346 1999999999999999
 85 59 49 60 87125164195209201172130 85 49 29 31 54 9113216919119317514218 911R1 8 9209203619599999999999999 158 491424 2799999999999999
104 69 48 46 62 93131167192200187157117 78 50 40 51 7811415117919118416018 912R1 85220021 919199999999999999 238 441459 4099999999999999
125 88 59 45 48 68 99134165184185169140106 76 58 58 7410113416318218517018 913R1 936187214018699999999999999 318 441532 5699999999999999
143109 78 55 48 56 76105134158170168151127100 80 72 78 9612114716717717318 914R11020171221117799999999999999 359 4816 5 7299999999999999
155128 99 73 58 55 65 84107130147154150137119101 89 88 9711313315216416718 915R111 9154224516899999999999999 442 551639 8799999999999999
159141118 94 75 65 65 73 8810612213514013712911710710110311112313715015618 916R11210140232515799999999999999 532 64171910199999999999999
156147132114 96 81 73 72 78 8810011312413013112712111611211311712513414218 917R11343131999999999999999999999 639 72182211299999999999999
147146140129116101 89 80 76 77 83 9310511712613213212912411911611612012718 918R1 025147153913299999999999999 815 76202311699999999999999
134140142140133121107 93 81 73 72 76 8710111613013814113712912011210911218 919R1 2 5142165014199999999999999 947 7222 410999999999999999
119128138145146140128111 93 77 66 64 70 84103123139148149141127113103 9918 920R1 3411461731150999999999999991048 6423 0 9999999999999999
103114128143153155148131110 87 68 57 57 68 88112135152158153138119101 9018 921R1 44415518 2158999999999999991131 552339 8799999999999999
 88 97114135153164164152129102 75 56 48 54 72 98127150164163150128105 8518 922R1 53016518291659999999999999912 5 48999999999999999999999
 76 80 97121146166175169150121 89 62 46 44 58 84115145165172162141113 8618 923R1 6 8175185417299999999999999 012 761236 4399999999999999
 69 66 78102132160178181168141107 74 50 40 48 70102136163176173154125 9318 924R1 642182191917799999999999999 043 6513 4 4099999999999999
 68 56 61 81113146173186182161128 92 61 43 42 59 8912415617718116713910418 925R1 716187194418299999999999999 113 551332 4099999999999999
 72 51 47 61 90125159182188176148112 77 52 43 52 7711114517218417815412018 926R1 751188201018499999999999999 144 4714 0 4399999999999999
 84 55 40 45 67100137168185183164133 97 67 50 51 68 9813216318218416813718 927R1 826186203718599999999999999 216 401428 4899999999999999
100 66 42 36 48 76111145171181173150118 87 64 56 65 8811914917318317615318 928R1 9 418121 718399999999999999 250 361459 5699999999999999
120 83 53 37 38 55 84118148168172160136108 84 69 69 8310713516017617816518 929R1 945172213917999999999999999 327 351531 6799999999999999
138105 73 49 38 43 63 90120144159159147127104 87 80 8410012114416217216818 930R11032161221617299999999999999 4 9 3816 7 8099999999999999
153127 97 70 51 44 50 68 91116136147147138123107 96 93 991121281451581631810 1R1113114823 316399999999999999 5 0 441651 9399999999999999
158144122 97 74 58 51 55 68 871071241351391351261161081051081161271391491810 2R11255139999999999999999999999 6 6 5118 010599999999999999
154152142125104 83 66 57 56 63 77 951131281371381341271191121101121191291810 3R1 013154144713999999999999999 737 5520 211099999999999999
139148151147134115 93 73 58 51 54 66 851071271421481451361241111031001051810 4R1 157151161214899999999999999 911 51214810099999999999999
117132147157158147127101 75 54 43 44 58 81108134153160155141121102 88 841810 5R1 33415917 5160999999999999991023 422252 8499999999999999
 91108130152168171160136104 72 46 34 37 55 84118147166171160137110 85 691810 6R1 4451721746171999999999999991118 332340 6699999999999999
 67 79103133161180183168138101 64 38 27 36 61 96133163179176157126 93 651810 7R1 54018418221809999999999999912 3 27999999999999999999999
 51 53 72104140172190190169134 93 56 32 28 43 75114151178187175147109 731810 8R1 629192185518799999999999999 022 501243 2799999999999999
 46 36 45 72109148180195189163125 83 50 32 36 59 95134168188187166130 891810 9R1 714195192819099999999999999 1 1 361320 3199999999999999
 53 31 28 45 77117155183192181151112 74 48 39 51 79116153180189179150110181010R1 756193195918999999999999999 139 261355 3999999999999999
 70 38 23 27 50 85125159181183167136101 70 52 53 71102136166184183164130181011R1 838185202918699999999999999 216 221428 5099999999999999
 91 55 30 23 34 60 95130158172169150122 92 70 62 70 92121150172179170146181012R1 919173205817999999999999999 253 2315 0 6299999999999999
111 76 46 30 30 45 71102132152160153135111 89 76 76 88110135156169169154181013R110 1160212817199999999999999 330 281531 7499999999999999
128 96 67 45 36 41 58 81107129143146138123105 91 86 90103122141155160154181014R11045146215916099999999999999 4 8 3616 4 8699999999999999
138114 88 65 50 47 53 68 87107123133134128117106 98 96101112126139147148181015R11140134223614999999999999999 450 461644 9699999999999999
140125106 86 69 59 58 63 74 89104116124126124118111106104108115123132137181016R11258126232913799999999999999 544 57174610499999999999999
136131120105 90 77 69 66 68 75 86 98110120125126123118112108107110115121181017R11443126999999999999999999999 7 4 66194510799999999999999
127129127121110 98 85 75 69 68 72 81 94108121130133130123114105100100104181018R1 1 512916 013399999999999999 843 672132 9999999999999999
112121128130127118105 90 76 66 63 67 78 94113129139141135123109 96 88 88181019R1 259130164614199999999999999 958 632232 8799999999999999
 95107121133139136126109 89 72 60 57 64 79101123141150148135117 97 81 73181020R1 4141391719150999999999999991048 562312 7399999999999999
 77 89108128143149145129107 83 63 52 52 65 87114138155158149128103 79 63181021R1 5 51501747159999999999999991127 502346 5999999999999999
 59 69 90116140156159149127100 73 53 46 53 74102132155166162142114 83 58181022R1 54616018131679999999999999912 0 46999999999999999999999
 46 49 68 96127153167165148120 88 61 45 45 61 89122151170172157128 93 60181023R1 623168183917399999999999999 017 451230 4399999999999999
 38 32 45 72107141166174165141108 76 52 43 52 76109142168179171146109 70181024R1 65917419 517999999999999999 048 3213 0 4399999999999999
 38 22 25 47 81120153174176159130 95 66 48 48 65 95130161180181162128 87181025R1 736177193418399999999999999 121 211331 4699999999999999
 48 21 12 24 53 92131161176171149117 85 60 51 59 83115148173184175148109181026R1 81417620 418499999999999999 155 1214 2 5199999999999999
 67 31 11 10 29 63102138164171161137106 79 62 60 74101132160178180164132181027R1 855172203718199999999999999 231  81436 5999999999999999
 92 52 22  9 15 38 72108140159162149126100 79 69 73 90115142164175171150181028R1 940163211417699999999999999 311  81512 6899999999999999
117 80 45 22 14 23 47 78110136151151139119 99 84 79 86103124145161166158181029R11031153215616699999999999999 356 141553 7999999999999999
138108 75 47 28 24 33 53 80107128140141132117103 93 90 96109125140152155181030R11133142224915599999999999999 449 231646 9099999999999999
147130105 78 55 39 34 41 56 78100119131135131121110102 98100107118129139181031R11255135999999999999999999999 555 341810 9899999999999999
144140129110 88 67 51 43 45 55 73 93113127135135128118107 99 95 971051161811 1R1 0 6144142813699999999999999 719 4220 9 9599999999999999
127136139134120100 78 59 47 45 52 68 89111130141143136123107 93 84 82 891811 2R1 151139154114499999999999999 846 442140 8299999999999999
102119135144143131111 87 64 47 42 49 66 91117139152152141122 99 79 66 641811 3R1 326145163215499999999999999 957 422240 6499999999999999
 74 93116138152154142118 90 63 45 39 48 70 99129152163158140113 84 60 471811 4R1 4371551713163999999999999991052 392326 4599999999999999
 48 63 89119146162163147120 88 59 41 39 53 80113144165171159133 99 65 401811 5R1 5321641749171999999999999991138 38999999999999999999999
 29 36 58 91126155170167147116 82 54 40 44 64 96131160175173152118 79 441811 6R1 621171182217799999999999999 0 7 291217 4099999999999999
 22 17 31 60 97134162173165141107 74 51 44 55 81114148172179167138 99 591811 7R1 7 5173185417999999999999999 045 161254 4499999999999999
 26  9 12 34 68107142165171157130 97 68 52 52 70 99132161177176155120 791811 8R1 746171192517999999999999999 121  81328 5099999999999999
 40 14  5 15 42 78116147164163145117 88 65 57 65 871171471681761651381001811 9R1 826166195517699999999999999 157  514 1 5799999999999999
 60 27  8  8 25 55 90124148158151132106 81 66 66 79103131155169167150119181110R1 9 5158202517099999999999999 231  61433 6499999999999999
 82 46 21 11 17 38 68100127145148138119 97 79 72 77 93116139157162154132181111R1 944149205516299999999999999 3 6 1115 5 7299999999999999
101 68 40 22 19 31 52 79106127138137126109 92 81 79 88104124141152151139181112R11025139212815399999999999999 341 191540 7999999999999999
116 88 61 40 29 31 44 64 88109124131128118105 93 86 87 96110125137142138181113R1111213122 514299999999999999 420 291621 8699999999999999
125105 81 60 45 40 44 56 73 91108120124122115105 96 92 93 99110120128131181114R11210124225313199999999999999 5 4 401718 9299999999999999
127115 99 81 65 54 50 53 63 77 92106116121121116108101 96 94 97104111118181115R11327122999999999999999999999 6 1 501848 9499999999999999
121119111 99 86 72 63 58 59 66 77 91105116123125121113103 95 90 89 93101181116R1 0 6121144512599999999999999 719 582034 8999999999999999
109115117113105 93 80 69 61 60 65 76 91107121130132126115100 87 79 77 82181117R1 153117154313299999999999999 843 602148 7799999999999999
 92104115121120113100 84 70 61 58 64 77 96115131140139128111 91 74 63 62181118R1 326122162414199999999999999 949 582236 6299999999999999
 71 86105120130130120104 85 67 56 55 64 82105128144150143125100 75 55 46181119R1 4301311658150999999999999991038 542314 4599999999999999
 49 64 87111131141139125104 80 61 52 54 69 93120143157156141115 83 54 34181120R1 5191421728158999999999999991118 512349 2999999999999999
 29 40 63 93122143151144125 99 73 55 49 58 80108138159167158133 98 61 31181121R1 6 21511758167999999999999991154 49999999999999999999999
 15 16 36 67103135155158146121 91 66 51 51 67 94126155172172153119 77 38181122R1 643159183017499999999999999 024 131229 4999999999999999
 10  0 10 37 75114146162160142113 83 60 50 58 80111144169179170143102 57181123R1 72416419 317999999999999999 1 0  013 4 5099999999999999
 18 -6 -9  9 43 85124153164157135105 76 58 55 68 95127157177180163129 84181124R1 8 6165193918199999999999999 138-101341 5499999999999999
 39  4-13 -9 15 52 93130155161150126 97 73 60 63 80108139165179175152115181125R1 850162201817999999999999999 219-141420 5999999999999999
 70 28 -2-13 -3 23 60100133152154141118 93 73 66 73 91117144165173165140181126R1 93815521 117399999999999999 3 2-1315 2 6699999999999999
103 61 25  1 -5  7 33 68103131146146133113 92 77 73 81 98121143159163153181127R11030148214916399999999999999 350 -61550 7399999999999999
129 95 59 29 10  7 19 42 73103126139138128111 94 83 80 86 99117135147150181128R11128140224715199999999999999 442  61650 7999999999999999
142121 94 64 38 23 20 30 50 75101122133134126113 98 87 82 85 94107122133181129R11236135999999999999999999999 543 201810 8299999999999999
138133119 97 73 51 37 33 39 55 77100119132135129117102 89 80 78 83 93107181130R1 0 1138134913599999999999999 652 331949 7899999999999999
120129129121104 84 64 49 42 46 59 78101121135139134120103 85 72 65 67 771812 1R1 135130145613999999999999999 8 8 422116 6599999999999999
 93110124130126113 94 73 57 48 50 62 82105127142146138121 99 76 59 49 511812 2R1 3 8130155114699999999999999 920 472221 4999999999999999
 63 83105124135133121101 79 60 51 53 66 88114137150152140118 90 62 42 331812 3R1 4241361636153999999999999991020 502311 3299999999999999
 37 54 79106129141140126104 80 61 52 57 73 98126148159155137108 75 45 241812 4R1 5251421716159999999999999991110 522354 1899999999999999
 18 28 50 81112136148144127102 77 59 54 63 84111139158164154128 94 57 271812 5R1 6151481752164999999999999991152 54999999999999999999999
 10  9 25 53 88120143151143122 96 72 57 57 72 96125151165164146114 76 391812 6R1 659151182616799999999999999 032  71231 5599999999999999
 12  0  7 29 62 98129148151138114 88 67 58 64 83110139160168159133 97 571812 7R1 739152185916899999999999999 1 8  013 6 5899999999999999
 23  1 -3 11 39 74109136149146129104 80 64 61 73 96124149164165148117 781812 8R1 817150193116799999999999999 142 -31340 6099999999999999
 40 11 -2  2 22 53 88119140146137117 93 73 63 67 84109135155163156133 991812 9R1 85314620 316399999999999999 216 -31413 6399999999999999
 61 28  6  1 12 36 68100126140140127106 85 70 66 76 95119141156157143117181210R1 928142203515899999999999999 249  01446 6699999999999999
 82 48 21  8 10 26 52 82110129136131116 97 79 70 72 84104125143151146128181211R110 413621 915199999999999999 322  71521 6999999999999999
101 69 41 21 15 22 41 67 93115128131123108 91 78 73 78 91109127139142133181212R11042131214614299999999999999 356 1516 1 7399999999999999
114 88 61 39 27 26 36 55 78100117126125117103 89 80 77 82 94109123131131181213R11125127222813299999999999999 434 251649 7799999999999999
121103 81 59 43 36 38 49 66 86104117124122114102 90 82 80 83 93104115121181214R11217124232312199999999999999 516 351752 7999999999999999
120111 97 79 63 51 46 49 59 74 91106118123122114103 92 83 78 80 86 95105181215R11317123999999999999999999999 6 7 461916 7899999999999999
111112107 96 83 69 59 55 57 65 78 94109120126125117105 91 79 71 70 75 85181216R1 040113142012699999999999999 712 542041 7099999999999999
 96105110108101 90 77 66 60 61 68 81 97113126132130120104 85 69 59 56 62181217R1 217110151513399999999999999 827 602147 5699999999999999
 74 90104113115109 98 83 71 63 62 69 84103121135141136120 98 74 54 41 40181218R1 34411516 114199999999999999 935 612238 3999999999999999
 49 67 89109122125118104 87 71 62 62 72 90112133147150139117 87 58 34 22181219R1 4501251642150999999999999991031 602321 2199999999999999
 24 40 65 93117133135126108 87 69 59 62 76 99125147159157139109 72 38 13181220R1 5431361721160999999999999991118 59999999999999999999999
  3 11 34 67100128144144130107 83 65 57 64 83111139161170161135 97 54 17181221R1 63014518 117099999999999999 0 2  312 2 5799999999999999
 -6-11  4 34 72110139152148129103 78 60 57 68 93123153173176161127 83 37181222R1 715153184217799999999999999 044-121244 5699999999999999
  0-20-19  2 39 81120147156148125 97 72 58 59 75103135163180178156117 69181223R1 8 0156192518299999999999999 127-221327 5699999999999999
 23-12-27-20  7 47 90128151156143119 90 68 57 62 82111143169181174148106181224R1 846157201018299999999999999 210-271411 5799999999999999
 58 14-16-25-13 17 57 99133152152137111 85 65 58 67 88117146168176166137181225R1 932154205717699999999999999 256-251457 5899999999999999
 96 50 12-12-17 -1 29 68106135149146129105 81 65 61 70 91117143162166154181226R11019150214716799999999999999 342-171547 6199999999999999
126 88 48 16 -2 -2 15 44 78111135144139123101 80 66 64 72 90113134149152181227R111 9145224315399999999999999 431 -41644 6399999999999999
141116 84 52 26 13 16 31 57 87114133140134119 99 80 68 65 71 85103121134181228R112 1140234713799999999999999 521 121751 6499999999999999
137129110 85 59 40 31 33 47 69 94116132137131117 99 82 68 63 65 75 90106181229R11258137999999999999999999999 617 301912 6399999999999999
118124120108 89 70 55 47 48 59 77 98118131136131118100 82 66 57 56 62 75181230R1 1 7124135913699999999999999 719 462040 5599999999999999
 91105115117110 97 81 67 59 59 68 83102120134139134120101 79 60 48 43 48181231R1 24111715 113999999999999999 830 582157 4399999999999999
