 27 27 26 23 18 13  7  3  0  0  2  7 13 19 24 28 30 30 29 27 26 25 25 2618 1 1SE 042 271634 3099999999999999 836  02124 2599999999999999
 28 29 29 27 23 18 12  6  1 -1 -1  2  8 15 21 27 31 32 32 30 28 27 26 2618 1 2SE 129 291717 3299999999999999 923 -22215 2699999999999999
 28 29 31 30 28 24 18 11  4  0 -2 -1  3  9 16 23 28 31 32 32 30 28 26 2618 1 3SE 221 311757 32999999999999991012 -22258 2699999999999999
 26 28 30 31 31 28 23 17 10  3 -1 -2 -1  4 10 17 23 28 31 31 30 28 26 2518 1 4SE 314 311838 319999999999999911 1 -22340 2499999999999999
 24 25 27 29 30 30 27 22 15  8  3 -1 -2  0  5 11 18 23 27 29 28 27 25 2318 1 5SE 4 5 301919 29999999999999991150 -2999999999999999999999
 22 22 24 26 28 28 27 24 20 14  8  3  0  0  2  7 12 18 22 25 26 25 23 2218 1 6SE 457 2820 0 2699999999999999 024 221237  099999999999999
 20 20 20 21 23 24 25 24 21 17 12  7  4  2  3  5  9 13 17 20 22 22 21 2018 1 7SE 550 252039 2399999999999999 113 201322  299999999999999
 18 17 17 17 18 19 20 21 20 18 15 11  8  6  5  6  8 11 14 17 19 20 20 1918 1 8SE 650 212113 2099999999999999 212 1614 3  599999999999999
 17 15 14 13 13 14 15 16 17 16 15 13 11 10  9  8  9 11 13 15 17 18 19 1818 1 9SE 815 172142 1999999999999999 325 131438  899999999999999
 16 15 13 11 10 10 10 11 12 13 14 14 13 13 12 12 12 13 14 16 17 18 18 1818 110SE1028 1422 5 1899999999999999 456 1015 0 1299999999999999
 17 15 13 11  9  8  7  7  8 10 11 13 14 15 15 15 15 15 16 17 18 19 19 1918 111SE2226 19999999999999999999999 616  7999999999999999999999
 18 17 14 12  9  7  5  4  5  6  9 11 14 16 17 17 18 18 18 19 19 20 20 2118 112SE2252 21999999999999999999999 7 8  4999999999999999999999
 20 19 17 14 11  8  5  3  3  4  6 10 13 16 18 20 20 20 20 20 21 21 22 2218 113SE2329 22999999999999999999999 748  3999999999999999999999
 22 21 19 17 13 10  6  4  2  3  4  8 12 16 19 21 22 23 22 22 22 22 22 2318 114SE1659 23999999999999999999999 823  22011 2299999999999999
 23 23 22 20 17 13  9  5  3  2  3  6 10 14 19 22 24 24 24 23 23 23 23 2318 115SE 014 2317 7 2499999999999999 857  221 1 2399999999999999
 24 25 24 23 20 16 12  7  4  2  2  4  8 12 17 21 24 25 25 24 23 23 23 2318 116SE 1 1 251724 2599999999999999 930  12139 2399999999999999
 24 25 25 24 22 19 14 10  5  2  1  2  5 10 15 20 23 25 26 25 24 22 22 2218 117SE 146 251746 269999999999999910 4  12211 2299999999999999
 23 24 25 25 24 21 17 12  7  3  1  0  2  6 11 17 21 24 25 25 23 22 21 2118 118SE 226 251812 25999999999999991037  02241 2199999999999999
 22 23 24 25 24 22 19 14  9  4  1 -1  0  3  8 13 17 21 23 23 22 21 20 1918 119SE 3 3 251840 23999999999999991111 -123 9 1999999999999999
 19 21 22 24 24 22 20 15 10  5  1 -1 -1  0  4  9 14 18 20 21 21 19 18 1718 120SE 338 2419 8 21999999999999991143 -22338 1799999999999999
 17 18 19 21 22 22 20 17 12  7  3  0 -2 -1  1  5 10 14 17 19 19 18 16 1518 121SE 414 221936 19999999999999991214 -2999999999999999999999
 15 15 16 18 19 20 19 17 13  9  5  2  0 -1  1  3  7 11 14 16 17 17 15 1418 122SE 454 2020 2 1799999999999999 012 151244 -199999999999999
 13 12 13 14 16 17 17 16 14 11  7  4  2  1  2  3  6 10 12 15 16 16 14 1318 123SE 540 172024 1699999999999999 056 121310  199999999999999
 11 10 10 10 11 13 14 14 13 12 10  7  5  4  4  5  7 10 12 14 15 16 15 1318 124SE 646 142044 1699999999999999 154 101332  499999999999999
 11  9  8  7  8  9 10 11 12 12 11 10  9  8  8  8 10 11 13 15 16 16 16 1418 125SE 839 1221 3 1699999999999999 3 3  71347  899999999999999
 12 10  7  6  5  5  6  7  9 11 12 12 12 12 12 12 13 14 15 16 17 18 18 1718 126SE2129 18999999999999999999999 422  5999999999999999999999
 15 12  9  6  4  3  2  3  5  8 10 13 15 16 16 17 17 17 18 18 19 20 20 2018 127SE2210 20999999999999999999999 539  2999999999999999999999
 18 16 12  9  5  2  0  0  1  4  8 11 15 18 19 20 21 21 20 20 21 21 22 2218 128SE23 9 22999999999999999999999 643  0999999999999999999999
 22 20 17 13  9  4  1 -2 -2  0  3  8 13 18 21 23 24 23 23 22 22 22 22 2418 129SE1615 24999999999999999999999 739 -22016 2299999999999999
 24 24 22 19 14  9  3 -1 -3 -3 -1  3  9 15 20 23 25 25 24 23 22 22 22 2318 130SE 017 241638 2599999999999999 832 -421 7 2299999999999999
 25 26 26 24 20 14  8  2 -2 -5 -4 -1  4 11 17 22 25 26 25 24 22 21 20 2118 131SE 123 2617 6 2699999999999999 923 -52149 2099999999999999
 23 25 27 27 24 20 14  7  1 -4 -6 -5 -1  5 12 18 23 25 25 24 22 20 19 1918 2 1SE 225 271738 25999999999999991011 -62229 1899999999999999
 20 23 25 27 27 24 19 13  6 -1 -5 -6 -4  0  7 13 19 22 24 23 21 19 17 1618 2 2SE 322 271810 24999999999999991058 -62310 1699999999999999
 16 18 21 24 26 25 22 17 11  4 -1 -4 -5 -3  2  8 14 18 21 21 20 17 15 1418 2 3SE 416 261841 22999999999999991141 -52352 1399999999999999
 13 14 16 19 22 23 22 19 14  8  3 -1 -3 -3  0  5 10 14 18 19 18 16 14 1218 2 4SE 5 7 231911 19999999999999991220 -3999999999999999999999
 11 10 12 14 17 19 20 19 16 12  7  3  0 -1  1  4  8 12 15 17 17 16 13 1118 2 5SE 559 201937 1799999999999999 036 101254 -199999999999999
  9  8  8  9 11 14 15 16 15 13  9  6  4  3  3  5  7 10 13 15 16 15 13 1118 2 6SE 655 161958 1699999999999999 126  81321  399999999999999
  9  7  6  6  7  9 10 12 12 12 10  9  7  6  6  7  9 11 13 14 15 15 13 1118 2 7SE 8 8 122012 1599999999999999 225  61334  699999999999999
  9  7  5  5  4  5  6  7  9 10 10 10  9  9  9 10 11 13 14 15 16 15 15 1318 2 8SE10 9 102021 1699999999999999 341  413 9  999999999999999
 11  8  6  5  3  3  3  4  5  7  8 10 11 11 12 13 14 15 15 16 17 17 16 1518 2 9SE2031 17999999999999999999999 514  3999999999999999999999
 13 11  8  6  4  2  2  2  3  4  7  9 11 13 14 15 16 16 17 17 18 18 17 1718 210SE2057 18999999999999999999999 629  1999999999999999999999
 15 14 11  9  6  3  2  1  1  2  5  8 11 13 15 17 17 18 18 18 18 18 18 1818 211SE2210 18999999999999999999999 721  1999999999999999999999
 18 16 14 12  9  6  3  1  0  1  3  6 10 13 16 18 19 19 19 18 18 18 19 1918 212SE1652 192340 1999999999999999 8 3  01958 1899999999999999
 19 19 17 15 12  8  5  1  0 -1  1  4  8 12 15 18 19 19 19 18 18 18 18 1918 213SE1645 20999999999999999999999 841 -12041 1899999999999999
 20 20 19 17 15 11  7  3  0 -2 -1  1  5 10 14 17 19 20 19 18 17 17 17 1818 214SE 049 201656 2099999999999999 916 -22113 1799999999999999
 19 20 20 19 17 13  9  4  0 -2 -3 -2  2  7 11 15 18 19 19 18 16 15 15 1618 215SE 143 201713 1999999999999999 950 -32143 1599999999999999
 17 19 20 20 19 16 11  6  1 -2 -4 -4 -1  3  8 13 16 18 18 17 15 14 13 1318 216SE 228 201735 19999999999999991023 -42213 1399999999999999
 15 17 19 20 19 17 13  8  3 -2 -4 -5 -4  0  5 10 14 16 17 16 14 12 11 1118 217SE 3 8 201758 17999999999999991055 -52243 1199999999999999
 12 14 17 18 19 18 15 10  5  0 -4 -5 -5 -3  1  6 11 14 16 15 14 11  9  918 218SE 349 191820 16999999999999991125 -62315  999999999999999
  9 11 13 16 17 17 16 12  8  3 -1 -4 -5 -4  0  4  8 12 14 14 13 10  8  718 219SE 431 181842 14999999999999991154 -52350  699999999999999
  6  7  9 12 15 16 15 14 10  6  2 -1 -3 -2  0  3  7 10 13 13 13 10  8  518 220SE 519 1619 0 13999999999999991221 -3999999999999999999999
  4  4  5  8 11 13 14 13 12  9  5  3  1  1  2  4  7 10 12 13 13 11  8  518 221SE 615 141915 1399999999999999 032  41244  199999999999999
  3  2  2  4  6  9 11 12 12 11  9  6  5  5  5  6  9 11 13 14 14 12 10  718 222SE 729 121929 1499999999999999 121  21259  599999999999999
  4  2  1  1  2  4  7  9 10 11 11 10  9  9  9 10 11 13 14 15 15 15 13 1018 223SE 913 111944 1599999999999999 222  11258  999999999999999
  6  3  1  0  0  1  2  5  7  9 11 12 12 12 13 13 14 15 16 17 17 17 16 1318 224SE20 9 17999999999999999999999 338  0999999999999999999999
 10  7  4  1 -1 -1 -1  1  3  6  9 12 13 15 16 16 17 17 17 18 18 18 18 1718 225SE21 8 18999999999999999999999 5 5 -1999999999999999999999
 15 12  8  4  1 -1 -3 -2 -1  2  6 10 13 15 17 18 18 18 18 18 18 19 19 1918 226SE2248 19999999999999999999999 624 -3999999999999999999999
 19 17 14 10  5  1 -2 -4 -4 -2  2  6 11 15 17 19 19 19 18 18 17 18 19 2018 227SE1557 19999999999999999999999 730 -420 1 1799999999999999
 21 20 19 15 11  6  1 -3 -5 -5 -3  2  7 12 16 19 20 19 18 17 16 15 16 1818 228SE 018 211611 2099999999999999 826 -52044 1599999999999999
 20 22 22 20 16 11  5  0 -4 -6 -6 -3  3  8 13 17 19 19 18 16 14 13 13 1518 3 1SE 132 221633 1999999999999999 916 -62124 1399999999999999
 17 20 22 22 20 16 10  4 -1 -5 -7 -5 -1  4 10 14 18 19 18 15 13 11 10 1118 3 2SE 236 221658 199999999999999910 2 -722 4 1099999999999999
 13 16 20 22 22 20 15  9  3 -2 -5 -6 -4  1  6 11 15 17 17 15 12  9  7  718 3 3SE 333 221725 17999999999999991044 -62244  799999999999999
  8 11 15 19 21 20 18 13  7  2 -3 -5 -4 -1  3  8 13 15 16 15 12  8  6  418 3 4SE 425 211750 16999999999999991121 -52324  499999999999999
  5  7 10 14 17 19 18 15 11  6  1 -2 -2 -1  2  7 11 14 15 14 12  9  5  318 3 5SE 516 191812 15999999999999991154 -2999999999999999999999
  2  3  5  9 12 15 16 15 13  9  5  2  1  1  3  6 10 13 14 14 12  9  6  318 3 6SE 6 7 161828 1499999999999999 0 4  21220  199999999999999
  1  1  2  5  8 10 13 13 13 11  8  6  4  4  5  7 10 12 14 14 13 10  7  418 3 7SE 7 2 131838 1499999999999999 046  11237  499999999999999
  2  1  1  2  4  6  9 10 11 11 10  8  7  7  8  9 11 13 14 14 13 12  9  618 3 8SE 8 9 111843 1499999999999999 132  01239  799999999999999
  3  1  0  1  2  3  5  7  9 10 10 10 10 10 11 12 13 14 15 15 14 13 11  818 3 9SE1844 15999999999999999999999 227  0999999999999999999999
  6  3  2  1  1  1  2  4  6  8  9 10 11 12 12 13 14 15 16 16 15 14 13 1118 310SE1847 16999999999999999999999 342  1999999999999999999999
  8  6  4  2  1  1  1  2  3  6  8 10 11 13 14 14 15 15 16 16 16 15 14 1318 311SE1852 16999999999999999999999 514  1999999999999999999999
 11  9  7  5  3  1  0  0  1  3  6  8 11 13 14 15 15 16 15 15 15 15 15 1418 312SE1650 16999999999999999999999 630  0999999999999999999999
 13 12 10  8  5  3  1  0  0  1  3  7 10 12 14 15 16 15 15 14 14 14 15 1518 313SE1553 1623 8 1599999999999999 725 -120 4 1499999999999999
 15 14 12 10  7  4  1 -1 -2 -1  1  4  8 11 14 15 16 15 14 13 13 13 13 1418 314SE1552 16999999999999999999999 8 9 -22023 1399999999999999
 15 15 14 13 10  6  3  0 -2 -3 -1  1  5  9 13 15 15 15 14 12 11 11 11 1318 315SE 038 1516 3 1599999999999999 847 -32050 1199999999999999
 14 15 16 14 12  9  5  1 -2 -4 -4 -1  2  7 11 14 15 15 13 11 10  9  9 1018 316SE 138 161619 1599999999999999 921 -42119  999999999999999
 12 15 16 16 14 11  7  3 -1 -4 -5 -3  0  4  9 12 14 15 13 11  8  7  6  718 317SE 229 161639 1599999999999999 954 -52149  699999999999999
 10 12 15 16 16 14 10  5  1 -3 -5 -4 -2  2  7 11 13 14 13 11  8  5  4  418 318SE 316 161658 14999999999999991026 -52221  499999999999999
  6  9 13 15 16 15 13  9  4  0 -3 -4 -3  1  5  9 12 14 13 11  8  4  2  118 319SE 4 4 161718 14999999999999991057 -42255  199999999999999
  2  5  9 13 15 16 15 12  8  4  0 -1 -1  1  4  8 12 14 14 12  8  4  1 -118 320SE 455 161735 14999999999999991127 -12332 -199999999999999
 -1  1  5  9 13 15 15 14 11  8  5  3  2  3  5  9 12 14 14 13 10  6  2 -118 321SE 551 151750 14999999999999991156  2999999999999999999999
 -2 -2  1  4  8 12 14 15 14 11  9  7  6  6  8 10 12 14 15 14 12  8  4  018 322SE 654 1518 2 1599999999999999 013 -21219  699999999999999
 -2 -3 -2  0  4  8 11 13 14 14 12 11 10 10 11 12 14 16 16 16 14 11  7  318 323SE 8 9 141814 1699999999999999 1 1 -31230 1099999999999999
  0 -3 -3 -3  0  3  6 10 12 13 14 14 13 13 14 15 16 17 17 17 16 14 11  718 324SE1829 17999999999999999999999 158 -3999999999999999999999
  3  0 -2 -3 -2 -1  2  5  8 11 13 14 15 16 16 17 17 17 18 18 18 17 15 1218 325SE1852 18999999999999999999999 3 9 -3999999999999999999999
  8  5  1 -1 -2 -3 -1  1  4  7 11 13 15 16 17 17 18 17 17 17 18 17 17 1518 326SE18 0 18999999999999999999999 435 -3999999999999999999999
 13 10  6  3  0 -2 -3 -2  0  3  7 11 14 16 17 18 17 17 16 16 16 16 17 1718 327SE15 5 182245 1799999999999999 559 -31916 1699999999999999
 16 15 12  8  4  0 -2 -3 -3  0  3  7 11 15 16 17 17 16 15 14 13 14 15 1718 328SE15 7 17999999999999999999999 710 -31954 1399999999999999
 18 18 16 13  9  5  1 -2 -3 -3  0  4  9 13 15 17 17 15 13 11 10 10 12 1418 329SE 026 181521 1799999999999999 8 8 -42031 1099999999999999
 16 18 18 17 14  9  5  0 -2 -3 -2  1  6 10 14 16 16 15 12 10  8  7  7 1018 330SE 143 181541 1699999999999999 856 -32110  799999999999999
 13 16 18 19 17 14  9  4  0 -2 -2  0  3  8 12 15 16 15 13  9  6  4  4  518 331SE 248 1916 3 1699999999999999 939 -22149  499999999999999
  8 12 16 18 19 17 13  9  4  1 -1  0  2  6 11 14 16 16 14 10  6  3  1  218 4 1SE 345 191625 16999999999999991016 -12227  199999999999999
  4  7 12 16 18 18 16 12  8  4  2  2  3  6 10 13 16 16 15 11  7  3  1  018 4 2SE 438 181645 16999999999999991049  223 4  099999999999999
  0  3  7 12 15 17 17 15 12  8  6  4  5  7 10 13 16 16 15 13  9  4  1 -118 4 3SE 529 1717 1 16999999999999991116  42339 -199999999999999
 -1  0  4  8 12 15 16 16 14 12  9  8  8  9 11 14 16 17 16 14 11  6  2  018 4 4SE 621 161711 17999999999999991138  8999999999999999999999
 -2 -1  1  4  8 12 14 15 15 14 12 11 11 11 13 15 16 17 17 15 12  8  5  118 4 5SE 716 161717 1799999999999999 015 -21151 1199999999999999
 -1 -1  0  2  5  8 11 14 15 15 14 13 13 13 14 16 17 18 18 16 14 11  7  418 4 6SE 824 151720 1899999999999999 053 -11149 1399999999999999
  1  0  0  1  3  6  8 11 13 14 14 14 15 15 16 17 18 18 18 17 15 13  9  618 4 7SE1722 18999999999999999999999 136  0999999999999999999999
  4  2  1  1  2  3  6  8 10 12 14 15 15 16 16 17 18 18 18 17 16 14 12  918 4 8SE1722 18999999999999999999999 231  1999999999999999999999
  6  4  3  2  1  2  3  5  8 10 12 14 15 16 17 17 17 17 17 17 16 15 13 1118 4 9SE1650 17999999999999999999999 344  1999999999999999999999
  9  7  5  3  2  2  2  3  5  8 10 12 14 16 16 16 16 16 16 15 15 14 13 1218 410SE1450 16999999999999999999999 5 7  2999999999999999999999
 11  9  7  5  4  2  1  2  3  5  8 11 13 15 16 16 15 15 14 13 13 13 13 1318 411SE1438 16999999999999999999999 616  1999999999999999999999
 12 11 10  8  5  3  1  1  1  3  5  9 12 14 15 16 15 14 12 11 11 11 11 1218 412SE1442 16999999999999999999999 7 9  12013 1199999999999999
 13 13 12 10  8  5  2  1  0  1  3  7 10 13 15 16 15 13 11  9  8  8  9 1118 413SE 016 131453 1699999999999999 753  02032  899999999999999
 12 13 13 12 10  7  4  2  0  0  2  5  9 12 15 16 15 13 10  8  6  5  6  818 414SE 132 1415 9 1699999999999999 831  02059  599999999999999
 11 13 15 15 13 11  7  4  2  1  2  4  8 11 15 16 16 14 11  7  4  3  3  518 415SE 234 151527 1699999999999999 9 8  12129  399999999999999
  8 12 14 16 16 14 11  8  5  3  3  4  7 11 14 17 17 16 12  8  4  1  0  118 416SE 331 161546 1799999999999999 945  322 2  099999999999999
  4  8 13 16 18 18 16 13  9  7  5  6  8 11 15 17 18 17 14 10  5  1 -2 -218 417SE 427 1816 4 18999999999999991021  52238 -299999999999999
  0  4  9 14 17 19 19 17 14 11 10  9 10 12 15 18 19 19 17 13  7  2 -2 -418 418SE 524 191622 20999999999999991056  92317 -499999999999999
 -3  0  5 10 15 19 20 20 18 16 14 13 13 14 16 19 21 21 19 16 11  5  0 -318 419SE 624 201639 21999999999999991128 13999999999999999999999
 -5 -3  0  5 11 15 19 21 21 19 18 17 17 17 18 20 22 22 21 19 14  9  4 -118 420SE 730 211656 2299999999999999 0 0 -51156 1799999999999999
 -4 -4 -3  1  6 11 15 18 20 21 20 20 19 20 20 21 22 23 22 21 18 13  8  318 421SE 851 211713 2399999999999999 048 -41210 1999999999999999
 -1 -3 -3 -2  1  6 10 14 17 20 21 21 21 21 21 22 22 23 23 22 20 17 13  818 422SE1730 23999999999999999999999 144 -3999999999999999999999
  4  1 -1 -2 -1  2  5  9 13 16 19 20 21 21 22 21 21 21 21 21 20 19 16 1318 423SE14 2 22999999999999999999999 250 -2999999999999999999999
  9  6  2  0 -1  0  2  5  9 12 16 18 20 21 21 21 20 19 19 19 19 19 18 1618 424SE1347 21999999999999999999999 4 6 -1999999999999999999999
 14 11  7  4  2  1  1  2  5  9 12 16 18 20 20 19 18 17 16 16 16 16 17 1718 425SE1351 202250 1799999999999999 523  11923 1699999999999999
 16 15 12  9  6  3  2  2  3  6 10 13 16 18 19 19 17 15 13 12 12 12 14 1618 426SE14 3 19999999999999999999999 632  21953 1299999999999999
 17 17 16 13 10  7  5  3  3  5  8 11 15 18 19 19 17 14 12  9  8  8 10 1218 427SE 038 171419 1999999999999999 729  32028  899999999999999
 15 17 18 17 15 12  8  6  5  5  7 10 14 17 19 19 18 15 11  8  6  5  6  818 428SE 2 0 181437 1999999999999999 817  521 4  599999999999999
 11 15 17 18 18 16 13 10  8  7  8 11 14 17 19 20 19 16 12  8  5  3  2  418 429SE 3 7 181456 2099999999999999 857  72140  299999999999999
  8 12 16 18 19 19 17 14 12 10 10 12 14 17 20 21 21 18 14 10  5  2  1  118 430SE 4 6 191515 2199999999999999 932 102214  199999999999999
  4  8 13 17 20 20 20 18 15 14 13 14 15 18 21 22 22 20 17 12  7  3  1  018 5 1SE 5 0 201531 229999999999999910 2 132247  099999999999999
  2  5 10 14 18 21 21 20 19 17 16 16 17 19 21 23 23 22 19 15 10  5  2  018 5 2SE 552 211545 23999999999999991029 162319  099999999999999
  0  3  7 12 16 20 22 22 21 20 19 19 19 21 22 24 24 23 21 17 13  8  4  118 5 3SE 644 221556 24999999999999991050 192352  099999999999999
  0  2  5  9 13 17 21 22 22 22 21 21 21 22 23 24 25 24 22 19 15 10  6  318 5 4SE 741 2216 4 259999999999999911 5 21999999999999999999999
  1  1  3  6 10 15 18 21 22 22 22 22 22 23 24 24 25 25 23 21 17 13  9  518 5 5SE1610 25999999999999999999999 027  1999999999999999999999
  3  2  3  5  8 12 15 18 20 22 22 22 23 23 23 24 24 24 23 21 18 15 11  818 5 6SE1614 24999999999999999999999 1 5  2999999999999999999999
  5  4  3  4  6  9 12 15 18 20 21 22 22 23 23 23 23 23 22 21 19 16 13 1018 5 7SE16 3 23999999999999999999999 149  3999999999999999999999
  7  5  4  4  5  7  9 12 15 17 19 21 21 22 22 22 21 21 20 20 18 16 14 1218 5 8SE1334 22999999999999999999999 241  4999999999999999999999
  9  7  6  5  5  6  7  9 12 15 17 19 20 21 21 20 19 19 18 17 17 16 15 1318 5 9SE1316 21999999999999999999999 340  5999999999999999999999
 11  9  8  6  6  5  6  8 10 13 16 18 19 20 20 19 18 16 15 15 15 14 14 1418 510SE1315 20999999999999999999999 441  5999999999999999999999
 13 12 10  9  7  6  6  7  9 11 14 17 19 20 20 19 17 15 13 12 12 12 13 1418 511SE1321 20999999999999999999999 537  61956 1299999999999999
 14 14 13 11 10  8  8  8  9 11 13 16 19 20 21 19 17 14 11 10  9  9 11 1318 512SE 0 3 141333 2199999999999999 630  72010  999999999999999
 14 15 16 15 13 12 10  9 10 11 13 16 19 21 22 21 18 15 11  8  6  6  7 1018 513SE 142 161349 2299999999999999 719  92036  699999999999999
 13 16 18 18 18 16 14 13 12 13 14 17 20 22 24 23 20 16 12  7  4  3  4  718 514SE 255 1814 8 2499999999999999 8 8 1221 7  399999999999999
 11 15 19 21 22 21 19 17 16 15 16 18 21 24 25 25 23 19 14  9  4  1  1  318 515SE 358 221429 2599999999999999 856 152142  199999999999999
  7 12 18 22 24 25 24 22 21 19 19 20 22 25 27 28 26 23 18 12  6  1 -1  018 516SE 457 251453 2899999999999999 942 192221 -199999999999999
  3  8 14 20 24 27 28 27 25 24 23 23 24 26 28 29 29 27 22 16  9  4  0 -218 517SE 554 281518 29999999999999991028 2323 3 -299999999999999
 -1  3  9 16 22 26 29 30 29 27 26 26 26 27 29 30 31 29 26 21 14  8  2 -118 518SE 653 301544 31999999999999991112 262349 -299999999999999
 -2  0  4 10 17 23 27 30 30 30 29 28 28 28 29 30 31 31 29 25 19 13  7  218 519SE 758 301612 31999999999999991159 28999999999999999999999
 -1 -1  1  5 11 17 23 27 29 30 30 29 29 29 29 29 30 30 29 27 23 18 12  718 520SE 914 301641 3099999999999999 039 -113 6 2999999999999999
  3  1  1  3  7 12 17 22 25 28 29 29 29 28 28 28 28 28 28 27 25 21 17 1218 521SE1048 29999999999999999999999 134  0999999999999999999999
  8  5  3  3  4  8 12 17 21 24 26 27 28 27 27 26 25 25 25 25 24 22 20 1718 522SE1148 28999999999999999999999 233  2999999999999999999999
 13  9  7  5  5  6  9 13 17 21 23 25 26 26 25 24 22 22 21 21 21 21 20 1918 523SE1216 26999999999999999999999 335  5999999999999999999999
 17 14 11  9  8  8  9 11 14 18 21 23 25 25 24 22 20 18 17 17 17 18 18 1918 524SE1235 252311 1999999999999999 437  71912 1799999999999999
 19 18 16 14 12 11 10 11 14 16 20 22 24 25 24 22 19 16 14 13 13 13 15 1718 525SE1251 25999999999999999999999 536 101945 1299999999999999
 19 19 19 18 16 14 13 14 15 17 19 22 24 25 25 23 20 16 13 10  9  9 11 1418 526SE 1 7 1913 8 2599999999999999 628 132020  999999999999999
 17 19 20 21 20 18 17 17 17 18 20 23 25 26 26 24 21 17 13 10  7  7  8 1118 527SE 236 211325 2699999999999999 713 172053  799999999999999
 14 18 21 22 23 22 21 20 20 20 22 24 26 28 28 27 24 20 15 11  7  5  6  818 528SE 347 231343 2899999999999999 754 202126  599999999999999
 11 16 20 23 25 25 25 24 23 23 24 25 27 29 30 29 27 23 18 13  9  6  5  618 529SE 446 2514 2 3099999999999999 832 232157  599999999999999
  9 14 19 23 26 28 28 27 26 26 26 27 29 30 31 31 29 26 21 16 11  7  5  518 530SE 537 281421 3199999999999999 9 9 262229  599999999999999
  7 11 16 21 26 28 30 30 29 28 28 28 30 31 32 32 31 28 24 19 14  9  6  518 531SE 622 301439 3299999999999999 946 2823 0  599999999999999
  6  9 14 19 24 28 30 31 31 30 30 30 30 31 32 33 32 30 27 22 17 12  8  618 6 1SE 7 7 311456 33999999999999991020 302332  699999999999999
  6  8 12 17 22 26 29 31 31 31 31 30 31 31 32 33 32 31 28 24 19 14 10  718 6 2SE 754 311512 33999999999999991051 30999999999999999999999
  6  7 10 14 18 23 27 29 31 31 31 30 30 31 31 32 32 31 29 25 21 17 12  918 6 3SE1527 32999999999999999999999 0 6  6999999999999999999999
  7  7  8 11 15 19 23 27 29 30 30 30 30 30 30 30 30 30 28 26 22 18 14 1118 6 4SE1538 30999999999999999999999 041  7999999999999999999999
  9  8  8 10 12 16 20 23 26 28 28 28 28 28 28 28 28 28 27 25 22 19 16 1318 6 5SE11 5 28999999999999999999999 118  7999999999999999999999
 10  9  8  9 11 14 17 20 23 25 27 27 27 27 26 26 25 25 24 23 22 20 17 1518 6 6SE1123 27999999999999999999999 156  8999999999999999999999
 12 11 10 10 10 12 15 18 21 23 25 26 26 25 24 23 22 22 21 21 20 19 18 1618 6 7SE1132 26999999999999999999999 234  9999999999999999999999
 14 13 12 11 11 13 14 17 20 22 24 25 26 25 24 22 20 19 18 18 18 18 18 1818 6 8SE1141 26999999999999999999999 314 11999999999999999999999
 17 16 15 14 14 14 15 17 19 22 24 26 26 26 24 21 19 17 15 15 15 16 17 1818 6 9SE1153 26999999999999999999999 356 141910 1599999999999999
 19 19 18 18 17 17 17 19 20 23 25 27 28 27 25 22 19 16 13 12 12 13 15 1818 610SE 030 1912 9 2899999999999999 448 171932 1299999999999999
 20 22 22 22 22 21 21 21 22 24 26 28 30 30 28 25 21 16 13 10  9 10 12 1618 611SE 221 221229 3099999999999999 553 2120 4  999999999999999
 20 23 25 27 27 26 25 25 25 26 28 30 32 32 31 28 24 19 14  9  7  7  9 1218 612SE 334 271254 3299999999999999 7 8 252040  799999999999999
 18 23 27 30 31 31 30 29 29 29 30 31 33 35 34 32 29 23 17 11  7  5  5  818 613SE 430 311324 3599999999999999 821 292120  599999999999999
 14 20 26 30 34 35 35 34 33 32 32 33 35 36 37 36 33 28 22 15  9  5  3  518 614SE 520 351359 3799999999999999 926 3222 3  399999999999999
  9 15 22 28 33 37 38 37 36 35 34 34 35 37 38 38 37 33 27 21 13  8  4  318 615SE 6 8 381438 38999999999999991026 342249  399999999999999
  5 10 17 24 30 35 38 39 38 37 36 35 35 36 37 38 38 36 32 26 19 12  7  418 616SE 657 391521 39999999999999991123 352338  399999999999999
  3  6 11 18 25 31 35 38 38 37 36 35 35 35 36 37 38 37 35 31 25 18 12  718 617SE 747 3816 6 38999999999999991224 35999999999999999999999
  5  5  8 13 19 25 31 34 36 36 36 35 34 33 33 34 35 35 34 32 28 23 17 1218 618SE 838 371654 3599999999999999 028  51330 3399999999999999
  9  7  7 10 15 20 25 30 33 34 34 33 32 31 31 30 31 31 32 31 29 26 22 1718 619SE 929 341749 3299999999999999 119  71444 3099999999999999
 13 11  9 10 13 17 21 25 29 31 32 32 31 30 28 27 27 27 27 27 27 26 24 2118 620SE1013 321914 2899999999999999 210  91610 2799999999999999
 18 15 13 13 13 16 19 22 26 29 30 30 30 28 26 25 23 22 22 23 23 24 24 2318 621SE1046 312129 2499999999999999 259 131734 2299999999999999
 22 20 18 17 16 17 19 22 24 27 29 30 29 28 26 23 21 19 18 18 19 20 22 2318 622SE1112 302355 2399999999999999 344 161833 1899999999999999
 23 23 22 21 20 20 21 23 25 27 29 30 30 29 27 24 20 18 15 14 15 16 18 2118 623SE1131 30999999999999999999999 425 201917 1499999999999999
 23 24 25 25 24 24 24 25 26 28 30 31 31 31 28 25 22 18 15 13 12 13 15 1918 624SE 211 251149 3199999999999999 459 241954 1299999999999999
 22 25 27 28 28 28 28 28 29 30 31 33 33 33 31 28 24 20 16 13 11 11 13 1618 625SE12 8 339999999999999999999992029 11999999999999999999999
 20 24 28 30 31 31 31 31 31 32 33 34 35 35 34 31 27 23 18 14 11 10 11 1418 626SE1231 3599999999999999999999921 1 10999999999999999999999
 19 23 28 31 33 34 34 34 33 34 34 35 36 37 36 34 31 26 22 17 13 11 11 1318 627SE1258 379999999999999999999992133 11999999999999999999999
 17 22 27 31 34 36 36 36 35 35 35 36 37 38 37 36 34 30 25 20 15 12 11 1218 628SE 553 361328 3899999999999999 9 1 3522 5 1199999999999999
 15 20 25 30 34 36 37 37 37 36 36 36 37 38 38 37 36 32 28 23 18 14 12 1218 629SE 618 381359 3899999999999999 955 362238 1199999999999999
 13 17 22 28 32 36 38 38 37 37 36 36 36 37 38 38 37 34 30 26 21 16 13 1218 630SE 647 381430 38999999999999991042 362311 1299999999999999
 12 15 19 24 29 34 36 37 37 36 36 35 35 36 36 37 36 35 32 28 23 18 14 1218 7 1SE 718 3715 0 37999999999999991125 352345 1299999999999999
 12 13 16 21 26 30 34 36 36 36 35 34 34 34 35 35 35 34 32 29 24 20 16 1318 7 2SE 752 361531 35999999999999991210 34999999999999999999999
 12 12 14 18 22 27 30 33 34 34 33 33 32 32 32 33 33 33 31 29 25 21 18 1518 7 3SE 826 3416 3 3399999999999999 018 1213 2 3299999999999999
 13 12 13 16 20 23 27 30 32 32 32 31 30 30 29 30 30 30 29 28 26 23 19 1618 7 4SE 858 321640 3099999999999999 049 1214 4 2999999999999999
 14 14 14 15 18 21 25 27 30 31 31 30 29 28 27 26 27 27 27 26 25 23 21 1918 7 5SE 924 31999999999999999999999 119 13999999999999999999999
 17 16 16 16 18 21 23 26 28 30 30 29 28 26 25 24 23 23 24 24 24 23 22 2118 7 6SE 945 301924 2499999999999999 145 151622 2399999999999999
 20 19 18 19 20 21 24 26 28 30 30 30 28 26 24 22 21 20 20 21 22 23 23 2318 7 7SE10 3 302240 2399999999999999 2 7 181716 2099999999999999
 23 23 22 22 23 24 25 27 29 30 31 31 30 27 25 22 19 18 17 18 19 21 23 2518 7 8SE1021 31999999999999999999999 226 2218 1 1799999999999999
 26 26 27 27 27 27 28 29 31 32 33 33 32 30 27 23 19 17 15 15 16 18 21 2518 7 9SE1043 339999999999999999999991843 15999999999999999999999
 28 30 31 31 31 31 31 32 33 34 35 36 35 34 30 26 22 17 14 12 13 15 18 2318 710SE1113 369999999999999999999991926 12999999999999999999999
 27 31 34 35 36 36 35 35 35 36 37 38 38 37 35 31 26 20 16 12 11 11 14 1918 711SE 4 6 361154 3899999999999999 711 352010 1199999999999999
 25 31 35 38 39 39 39 38 37 37 38 39 40 40 39 36 31 26 19 14 10  9 11 1518 712SE 436 401243 4099999999999999 838 372058  999999999999999
 21 27 33 38 41 42 42 40 39 38 38 39 40 42 42 40 37 31 25 18 13  9  9 1118 713SE 510 421338 4299999999999999 940 382146  999999999999999
 16 22 29 36 40 43 43 42 40 39 38 38 39 41 42 42 40 37 31 24 17 12  9  918 714SE 546 431435 42999999999999991032 382236  899999999999999
 11 17 24 31 37 41 43 42 41 39 37 37 37 38 40 42 42 40 36 30 23 17 12  918 715SE 623 431533 42999999999999991120 372326  999999999999999
 10 13 18 25 31 37 40 41 40 38 36 35 34 35 36 38 40 40 38 34 29 22 17 1318 716SE 7 1 411631 409999999999999912 9 34999999999999999999999
 11 12 15 20 26 32 36 38 39 37 35 33 32 31 32 34 36 37 37 35 32 27 22 1718 717SE 739 391732 3799999999999999 014 1113 1 3199999999999999
 14 13 14 18 22 27 32 35 36 36 34 32 30 29 28 29 30 32 33 33 32 30 26 2218 718SE 815 361843 3399999999999999 1 0 131359 2899999999999999
 19 17 17 18 21 25 29 32 34 34 33 31 29 27 25 25 25 26 28 29 30 29 28 2618 719SE 846 342012 3099999999999999 143 1715 5 2599999999999999
 23 22 21 21 22 25 27 30 32 33 32 31 29 26 24 22 22 22 23 24 26 27 28 2718 720SE 913 332212 2899999999999999 220 211619 2199999999999999
 27 26 25 25 25 27 28 30 32 33 33 32 30 27 24 22 20 19 19 20 22 24 26 2718 721SE 934 33999999999999999999999 248 251731 1999999999999999
 28 29 29 29 29 29 30 31 32 33 34 33 31 29 26 23 20 18 17 17 18 20 23 2618 722SE 951 349999999999999999999991828 17999999999999999999999
 29 30 31 32 32 32 33 33 34 35 35 35 34 32 29 25 22 19 17 16 16 18 21 2518 723SE1011 359999999999999999999991913 16999999999999999999999
 28 31 33 34 35 35 35 35 36 36 36 36 36 34 32 29 25 21 18 16 15 16 19 2318 724SE1041 369999999999999999999991953 15999999999999999999999
 27 31 34 36 37 37 37 37 37 37 37 38 38 37 35 32 28 24 21 17 16 16 18 2118 725SE 450 371127 3899999999999999 755 372030 1699999999999999
 26 30 34 37 39 39 39 38 38 37 38 38 39 38 37 35 32 28 24 20 17 16 17 1918 726SE 455 391220 3999999999999999 854 3721 5 1699999999999999
 24 29 33 37 39 40 40 39 38 37 37 38 38 39 39 37 35 31 27 22 19 16 16 1818 727SE 5 9 401312 3999999999999999 935 372140 1699999999999999
 21 26 31 36 39 40 40 39 38 37 36 37 37 38 39 38 36 33 29 25 20 17 16 1618 728SE 529 4014 0 39999999999999991010 362215 1699999999999999
 19 23 28 33 37 39 40 39 38 36 35 35 36 37 38 38 37 35 31 27 22 18 16 1518 729SE 553 401443 38999999999999991042 352249 1599999999999999
 17 20 25 30 34 37 39 38 37 35 34 33 34 35 36 37 37 35 33 29 24 20 17 1518 730SE 619 391524 37999999999999991114 332322 1599999999999999
 15 18 22 26 31 34 36 37 36 34 32 31 31 32 33 35 35 35 33 30 26 22 18 1618 731SE 645 3716 4 35999999999999991146 312353 1599999999999999
 15 16 19 23 28 31 34 35 34 33 31 30 29 29 30 32 33 33 32 30 27 24 20 1818 8 1SE 711 351649 33999999999999991222 29999999999999999999999
 17 17 18 22 25 29 31 33 33 32 30 28 27 26 27 28 30 31 31 30 28 26 23 2018 8 2SE 733 331743 3199999999999999 022 1613 4 2699999999999999
 19 19 19 21 24 27 30 31 32 31 29 27 25 24 24 24 26 27 28 29 28 27 25 2318 8 3SE 752 3219 2 2999999999999999 047 191352 2499999999999999
 22 22 22 23 25 27 30 31 32 31 30 27 25 23 22 22 22 24 25 27 28 28 27 2718 8 4SE 8 7 322057 2899999999999999 1 7 221448 2299999999999999
 26 25 26 26 27 29 31 32 32 32 31 29 26 23 21 20 20 20 22 24 26 27 29 2918 8 5SE 819 32999999999999999999999 118 251550 1999999999999999
 29 29 30 30 31 31 32 33 34 34 33 31 29 25 22 20 18 18 18 20 23 26 29 3118 8 6SE 836 349999999999999999999991653 18999999999999999999999
 32 33 34 34 34 34 35 35 36 36 36 34 32 29 25 22 19 17 16 17 19 23 27 3018 8 7SE 9 6 369999999999999999999991755 16999999999999999999999
 34 36 37 37 37 37 37 37 37 38 38 37 36 33 30 26 21 18 15 15 16 19 23 2818 8 8SE 336 3810 5 3899999999999999 648 371852 1599999999999999
 33 37 39 40 40 40 39 38 38 38 39 39 39 38 35 31 26 21 17 14 14 15 19 2418 8 9SE 339 401124 3999999999999999 8 8 381947 1499999999999999
 30 35 39 41 42 42 40 39 38 38 38 39 41 41 39 36 32 26 21 16 13 13 15 1918 810SE 4 1 421241 4199999999999999 853 382041 1399999999999999
 25 32 37 41 43 43 41 39 38 37 37 38 40 41 42 41 37 33 26 20 16 13 13 1518 811SE 430 431351 4299999999999999 932 372133 1299999999999999
 20 27 33 38 41 42 42 39 37 35 34 35 37 39 41 42 41 38 32 26 20 15 13 1318 812SE 5 1 421456 42999999999999991011 342224 1399999999999999
 16 22 28 34 38 41 41 39 36 34 32 31 32 35 38 40 41 40 37 32 25 20 16 1418 813SE 533 411558 41999999999999991052 312311 1499999999999999
 15 18 24 29 34 38 39 38 36 33 30 29 28 30 33 36 39 40 39 35 30 25 20 1718 814SE 6 4 391659 40999999999999991135 282356 1699999999999999
 16 17 21 26 31 34 37 37 35 32 29 27 25 26 28 31 34 36 37 36 33 29 25 2118 815SE 634 3718 2 37999999999999991220 25999999999999999999999
 19 19 21 24 28 32 34 35 34 32 28 26 24 23 23 25 28 31 33 34 34 32 29 2618 816SE 659 351910 3499999999999999 037 1913 9 2399999999999999
 24 23 23 25 28 30 33 34 33 32 29 26 23 21 21 21 23 26 28 30 32 32 31 2918 817SE 719 342033 3299999999999999 112 2314 2 2199999999999999
 28 27 27 27 29 31 32 33 33 32 30 27 24 22 20 19 20 21 24 26 28 30 31 3118 818SE 730 332237 3199999999999999 140 2715 4 1999999999999999
 31 30 30 31 31 32 33 34 34 33 31 29 26 23 21 19 19 19 20 22 25 28 30 3118 819SE 731 34999999999999999999999 149 301615 1999999999999999
 32 33 33 34 34 34 34 35 35 34 33 31 29 26 23 21 19 18 18 20 22 25 28 3118 820SE 713 359999999999999999999991725 18999999999999999999999
 33 34 35 36 36 36 36 36 35 35 34 33 31 29 27 24 21 19 18 18 20 22 26 2918 821SE 410 369999999999999999999991825 18999999999999999999999
 33 35 37 37 37 37 37 36 36 36 35 35 34 32 30 27 24 22 19 18 19 21 24 2818 822SE 338 379999999999999999999991915 18999999999999999999999
 31 35 37 38 38 38 37 36 36 35 36 36 35 35 33 30 28 24 21 19 19 19 22 2618 823SE 340 389999999999999999999991959 19999999999999999999999
 30 34 37 38 39 38 37 36 35 35 35 35 36 36 35 33 30 27 24 21 19 18 20 2318 824SE 352 391229 3699999999999999 9 2 352039 1899999999999999
 27 32 35 38 39 38 37 35 34 33 33 34 35 36 36 35 33 30 26 22 19 18 18 2118 825SE 4 9 391331 3699999999999999 919 332117 1899999999999999
 24 29 33 36 38 38 37 35 33 32 31 32 34 35 36 36 35 32 28 24 20 18 17 1818 826SE 430 381422 3699999999999999 943 312152 1799999999999999
 22 26 30 34 36 37 36 34 32 30 29 30 31 33 35 36 35 33 30 26 22 19 17 1718 827SE 453 3715 7 369999999999999910 9 292226 1799999999999999
 19 23 27 31 34 36 35 33 31 29 27 27 28 30 33 35 35 34 32 28 24 20 18 1718 828SE 516 361550 35999999999999991037 272259 1799999999999999
 18 21 25 29 32 34 34 33 30 27 26 25 25 27 30 32 34 34 33 30 26 22 19 1818 829SE 539 341636 349999999999999911 6 252330 1899999999999999
 18 20 23 27 30 32 33 32 30 27 24 23 23 24 26 29 32 33 33 31 29 25 22 2018 830SE 558 331728 33999999999999991139 222359 2099999999999999
 20 21 23 26 29 31 32 32 30 27 24 21 20 21 23 25 28 31 32 32 31 28 26 2418 831SE 614 321829 32999999999999991215 20999999999999999999999
 23 23 24 26 29 31 32 32 30 27 24 21 19 19 20 22 25 27 30 31 31 31 29 2818 9 1SE 624 321945 3199999999999999 025 231258 1999999999999999
 27 27 27 28 30 31 32 32 31 29 26 22 20 18 18 19 21 24 26 29 31 32 32 3118 9 2SE 629 322125 3299999999999999 045 271348 1899999999999999
 30 30 31 31 32 33 33 33 33 31 28 25 22 19 18 17 18 20 23 26 29 31 32 3318 9 3SE 631 34999999999999999999999 051 301450 1799999999999999
 34 34 34 34 34 35 35 35 34 33 31 29 25 22 19 17 17 17 19 22 25 29 32 3418 9 4SE 629 3599999999999999999999916 4 17999999999999999999999
 35 36 36 36 36 36 36 36 36 35 34 32 30 26 23 20 18 16 17 18 21 25 29 3318 9 5SE 246 369999999999999999999991722 16999999999999999999999
 35 37 38 38 38 37 36 36 36 36 36 35 34 31 28 24 21 18 16 16 18 21 25 3018 9 6SE 238 389999999999999999999991832 16999999999999999999999
 34 37 38 39 38 37 36 35 35 35 36 37 37 36 33 30 25 21 17 15 15 17 21 2618 9 7SE 253 391141 3799999999999999 8 1 351935 1599999999999999
 31 35 38 39 39 37 35 34 33 33 34 36 37 38 38 35 31 26 21 17 15 15 17 2118 9 8SE 315 3913 4 3899999999999999 828 332032 1599999999999999
 27 32 36 38 38 37 35 32 30 30 30 32 35 38 39 39 36 32 26 21 17 15 15 1818 9 9SE 341 381415 3999999999999999 9 1 302124 1599999999999999
 22 28 33 36 37 37 34 31 28 27 26 28 31 35 38 40 39 36 32 26 21 17 15 1618 910SE 4 9 371518 4099999999999999 939 262211 1599999999999999
 19 24 29 33 36 36 34 31 27 24 23 23 26 30 34 37 39 39 36 31 26 21 18 1718 911SE 437 361617 39999999999999991018 232255 1799999999999999
 18 22 27 31 34 35 34 31 27 24 21 20 21 24 29 33 36 38 37 35 30 26 22 2018 912SE 5 3 351714 38999999999999991059 202335 2099999999999999
 20 22 25 29 32 34 34 31 28 24 21 19 18 20 23 28 32 35 36 36 33 30 26 2418 913SE 526 341812 36999999999999991140 18999999999999999999999
 23 23 26 28 31 33 33 32 29 25 21 18 17 17 19 23 27 31 33 35 34 32 30 2818 914SE 543 331915 3599999999999999 011 231221 1799999999999999
 27 27 27 29 31 33 33 32 30 27 23 20 18 17 17 19 23 26 29 32 33 33 32 3118 915SE 551 332029 3399999999999999 042 2613 5 1799999999999999
 30 30 30 31 32 33 33 33 31 28 25 22 19 18 17 18 20 22 25 28 31 32 33 3318 916SE 548 33999999999999999999999 1 5 301355 1799999999999999
 33 32 33 33 33 34 34 33 32 30 27 24 22 20 19 18 19 20 22 25 28 30 32 3318 917SE 529 349999999999999999999991456 18999999999999999999999
 34 34 34 34 34 34 34 33 33 31 29 27 25 23 21 20 19 19 20 22 25 28 30 3218 918SE 4 3 349999999999999999999991615 19999999999999999999999
 34 35 35 35 35 34 34 33 33 32 31 29 28 26 24 22 21 20 20 20 22 25 28 3118 919SE 222 359999999999999999999991735 19999999999999999999999
 33 34 35 35 35 34 33 32 32 32 31 31 30 29 27 25 23 21 20 19 20 23 25 2918 920SE 226 359999999999999999999991840 19999999999999999999999
 32 34 35 35 34 33 32 31 31 31 31 31 31 31 29 27 25 23 20 19 19 20 23 2618 921SE 236 351124 3199999999999999 824 311932 1999999999999999
 30 32 34 34 34 32 31 29 29 29 30 31 31 32 31 30 27 24 22 19 18 19 21 2418 922SE 251 341251 3299999999999999 821 292015 1899999999999999
 27 31 33 34 33 32 30 28 27 26 27 29 31 32 32 31 29 27 23 20 18 18 19 2118 923SE 3 9 341348 3299999999999999 838 262054 1899999999999999
 25 28 31 33 33 31 29 26 25 24 25 26 29 31 32 33 31 29 25 22 19 17 17 1918 924SE 329 331436 3399999999999999 9 2 242129 1799999999999999
 22 26 30 32 32 31 29 26 23 22 22 23 26 29 32 33 33 31 28 24 20 18 17 1818 925SE 351 321521 3399999999999999 930 2222 3 1799999999999999
 21 24 28 31 32 31 29 26 22 20 19 20 23 26 30 33 34 33 31 27 23 20 18 1818 926SE 412 3216 7 3499999999999999 959 192236 1899999999999999
 20 23 26 29 31 31 29 26 22 19 18 18 19 23 27 31 33 34 33 30 27 23 21 2018 927SE 432 311655 34999999999999991030 1723 9 2099999999999999
 21 23 26 29 31 31 30 27 23 19 17 16 16 19 23 28 31 34 34 33 30 27 25 2318 928SE 448 311748 349999999999999911 3 162342 2399999999999999
 23 24 26 29 31 31 31 28 25 20 17 15 14 16 19 24 28 31 34 34 33 31 29 2718 929SE 5 0 311848 34999999999999991140 14999999999999999999999
 27 27 28 30 31 32 32 30 27 22 18 15 14 14 16 20 24 28 31 33 34 33 32 3118 930SE 5 9 321957 3499999999999999 013 271222 1499999999999999
 30 30 30 31 32 33 33 31 29 25 21 18 15 14 14 16 20 24 27 30 33 34 34 331810 1SE 516 332127 3499999999999999 041 301312 1499999999999999
 33 33 33 33 33 34 34 33 31 29 25 21 18 16 15 15 17 19 23 26 30 32 33 341810 2SE 520 34999999999999999999999 1 5 331416 1599999999999999
 34 34 34 34 34 34 34 33 33 31 29 26 22 19 17 16 15 17 19 22 25 29 31 331810 3SE 116 349999999999999999999991537 15999999999999999999999
 34 35 35 34 34 33 33 33 33 32 31 30 27 24 21 18 16 16 16 18 21 25 28 311810 4SE 132 3599999999999999999999917 5 16999999999999999999999
 33 34 35 34 33 32 31 31 31 32 32 32 31 29 26 23 19 17 16 16 17 20 24 281810 5SE 147 351023 3299999999999999 7 4 311824 1599999999999999
 31 33 34 33 32 30 29 28 28 29 31 32 33 33 31 28 24 20 17 15 16 17 21 251810 6SE 2 5 3412 9 3399999999999999 725 281929 1599999999999999
 28 31 33 33 31 29 27 25 25 25 27 30 33 34 34 33 29 25 21 17 16 16 18 221810 7SE 226 331328 3599999999999999 756 252025 1599999999999999
 26 29 32 32 31 29 26 23 21 21 23 26 30 33 35 35 34 30 25 21 18 16 17 191810 8SE 250 321433 3699999999999999 833 212113 1699999999999999
 23 27 30 32 31 29 25 22 19 18 18 21 25 30 34 36 36 34 30 25 21 19 18 191810 9SE 314 321532 3699999999999999 912 182157 1899999999999999
 22 26 29 31 32 30 26 22 18 16 15 17 20 25 30 34 36 36 34 30 26 22 21 20181010SE 339 321627 3799999999999999 951 152236 2099999999999999
 22 25 28 31 32 31 28 24 19 16 14 14 16 20 26 31 34 36 36 33 30 27 24 23181011SE 4 1 321720 36999999999999991029 142312 2399999999999999
 24 25 28 31 32 31 29 26 21 17 14 13 14 17 21 26 31 34 36 35 33 30 28 26181012SE 419 321813 369999999999999911 6 132345 2699999999999999
 26 27 29 31 32 32 31 28 23 19 16 13 13 15 18 22 27 31 34 35 34 33 31 29181013SE 432 3219 8 35999999999999991143 13999999999999999999999
 29 29 30 31 32 32 31 29 26 22 18 15 14 14 16 19 23 27 31 33 34 33 32 31181014SE 438 322011 3499999999999999 015 291220 1499999999999999
 31 31 31 32 33 33 32 30 27 24 21 18 16 15 16 18 20 24 27 30 32 33 33 32181015SE 437 332134 3399999999999999 041 3113 1 1599999999999999
 32 32 32 32 33 32 32 31 29 26 23 21 18 17 17 17 19 21 24 26 29 31 32 32181016SE 425 33999999999999999999999 1 9 321353 1799999999999999
 32 32 32 32 32 32 31 30 29 27 25 23 21 20 19 18 18 19 21 23 26 28 30 31181017SE 022 3299999999999999999999915 6 18999999999999999999999
 31 32 32 31 31 30 30 29 29 28 26 25 23 22 21 20 19 19 19 21 23 25 27 29181018SE 1 5 329999999999999999999991639 19999999999999999999999
 30 31 31 30 29 28 28 27 27 27 27 26 25 24 23 21 20 19 18 19 20 22 25 27181019SE 121 3199999999999999999999918 0 18999999999999999999999
 29 30 30 29 28 26 25 25 25 25 26 26 26 26 25 23 21 20 18 18 18 20 22 25181020SE 135 301131 2699999999999999 731 2519 0 1899999999999999
 27 28 29 28 27 25 23 22 22 23 24 26 27 27 26 25 23 21 19 18 17 18 20 23181021SE 150 291257 2799999999999999 737 221946 1799999999999999
 26 27 28 28 26 24 22 20 20 20 22 24 26 28 28 27 25 23 20 18 17 17 19 21181022SE 2 7 281353 2899999999999999 759 202025 1799999999999999
 24 27 28 28 26 24 21 18 17 17 19 21 25 27 29 29 28 26 23 20 18 18 18 20181023SE 226 281442 2999999999999999 826 1721 2 1899999999999999
 23 26 28 28 27 25 21 18 15 15 16 18 22 26 29 31 31 29 26 23 21 19 19 20181024SE 246 281529 3199999999999999 856 152138 1999999999999999
 23 26 28 29 28 26 22 18 15 13 13 15 19 24 28 31 33 32 30 27 24 22 21 21181025SE 3 6 291618 3399999999999999 928 132215 2199999999999999
 23 26 28 30 30 28 24 19 15 12 11 12 15 20 25 30 33 34 34 31 28 26 24 24181026SE 325 3017 7 349999999999999910 2 112253 2499999999999999
 24 26 29 30 31 29 26 22 17 13 10 10 12 16 21 27 31 34 35 34 32 30 28 27181027SE 344 3118 0 35999999999999991039 102331 2799999999999999
 27 28 29 31 32 31 29 25 20 15 11  9 10 12 17 23 28 32 35 36 35 33 31 30181028SE 4 2 321856 36999999999999991119  9999999999999999999999
 29 30 31 32 33 33 31 28 23 18 14 11  9 10 13 18 23 28 32 34 35 34 33 32181029SE 421 3320 0 3599999999999999 010 2912 5  999999999999999
 31 31 32 32 33 33 32 30 27 22 18 14 11 10 11 14 18 23 27 30 33 33 33 33181030SE 441 332119 3499999999999999 052 311258 1099999999999999
 32 32 32 32 32 33 32 31 29 26 22 18 15 13 12 12 15 18 22 25 29 31 32 32181031SE 5 7 3323 8 3299999999999999 2 0 3214 4 1299999999999999
 32 32 32 31 31 31 31 31 30 29 26 23 19 17 14 13 13 15 17 21 24 27 29 301811 1SE99999999999999999999999999991524 13999999999999999999999
 31 31 30 30 29 29 29 29 29 29 28 27 24 21 18 16 14 14 15 17 20 23 26 281811 2SE 021 319999999999999999999991650 14999999999999999999999
 29 29 29 28 27 26 25 25 26 27 28 28 27 26 23 20 18 16 15 15 17 19 22 251811 3SE 050 291050 2899999999999999 618 251810 1599999999999999
 27 28 28 26 25 23 21 21 22 23 25 27 29 29 27 25 22 19 17 16 16 18 20 231811 4SE 111 281231 2999999999999999 657 211917 1699999999999999
 26 27 27 26 24 21 19 17 17 19 21 24 28 30 30 29 26 23 20 18 17 17 19 221811 5SE 132 271347 3099999999999999 736 172011 1799999999999999
 25 27 28 27 24 21 18 15 14 14 16 20 24 28 31 31 30 28 24 21 19 19 20 221811 6SE 154 281451 3199999999999999 816 142057 1999999999999999
 25 27 28 28 26 22 18 15 12 11 12 16 20 25 30 32 33 31 29 25 23 21 21 221811 7SE 217 281547 3399999999999999 855 112138 2199999999999999
 25 27 29 29 28 25 20 16 12 10 10 12 16 22 27 31 33 34 32 29 27 25 24 241811 8SE 240 291639 3499999999999999 933 102216 2499999999999999
 25 28 30 30 30 27 23 18 14 11  9 10 13 18 23 29 32 34 34 33 30 28 26 261811 9SE 3 1 301727 359999999999999910 9  92251 2699999999999999
 27 28 30 31 31 29 26 21 16 12 10  9 11 15 20 25 30 33 35 34 33 31 29 28181110SE 321 311814 35999999999999991044  92324 2899999999999999
 28 29 30 32 32 31 28 24 19 15 12 10 11 13 17 22 27 31 33 34 34 32 31 30181111SE 337 3219 1 34999999999999991118 102355 2999999999999999
 29 30 31 32 32 31 29 26 22 18 14 12 11 12 15 19 23 27 31 33 33 32 31 30181112SE 351 321951 33999999999999991154 11999999999999999999999
 30 30 31 31 31 31 30 27 24 20 17 14 13 13 14 17 20 24 27 30 31 31 31 30181113SE 4 3 312048 3199999999999999 026 301232 1399999999999999
 30 30 30 30 30 30 29 28 25 22 19 16 15 14 14 15 18 20 23 26 28 29 29 29181114SE 413 3022 4 2999999999999999 1 5 301317 1499999999999999
 29 29 28 28 28 28 28 27 25 23 21 18 17 15 15 15 16 18 20 22 24 26 27 27181115SE2326 279999999999999999999991413 15999999999999999999999
 27 27 27 26 26 26 26 25 24 23 22 20 18 17 16 15 16 16 18 19 21 23 25 25181116SE99999999999999999999999999991524 15999999999999999999999
 26 26 25 24 24 23 23 23 22 22 22 21 20 19 18 17 16 16 16 17 19 21 23 24181117SE 0 4 269999999999999999999991644 16999999999999999999999
 25 24 24 23 21 20 20 20 20 20 21 21 21 20 19 18 17 16 16 16 17 19 21 23181118SE 023 2511 1 2199999999999999 643 201756 1699999999999999
 24 24 23 22 20 18 17 17 17 18 19 21 22 22 21 20 19 18 17 17 17 18 20 22181119SE 039 241253 2299999999999999 7 1 171855 1799999999999999
 24 24 24 22 19 17 15 14 14 15 17 20 22 23 24 23 22 20 19 18 18 18 20 22181120SE 057 2414 0 2499999999999999 728 141944 1899999999999999
 24 25 25 23 20 17 14 12 11 12 14 18 21 24 26 26 26 24 22 21 20 20 21 23181121SE 116 251454 2699999999999999 759 112030 1999999999999999
 25 26 26 25 22 18 14 11  9  9 11 15 19 24 27 29 29 28 26 24 23 22 22 23181122SE 137 261543 2999999999999999 832  92115 2299999999999999
 26 27 28 27 25 21 16 12  8  7  8 11 16 21 26 30 32 32 31 28 26 25 24 25181123SE 2 0 281632 3299999999999999 9 7  72159 2499999999999999
 26 28 30 30 28 24 19 14  9  6  6  7 12 18 24 29 33 34 34 32 30 28 27 27181124SE 226 301720 3599999999999999 945  52242 2799999999999999
 28 29 31 31 30 28 23 17 12  7  5  5  8 13 19 26 31 34 36 35 33 31 29 29181125SE 255 3118 9 36999999999999991027  52325 2999999999999999
 29 30 31 32 32 31 27 22 16 10  6  4  5  9 14 20 27 31 34 35 35 33 31 30181126SE 326 3319 1 35999999999999991112  4999999999999999999999
 30 30 31 32 33 32 30 26 21 15  9  6  5  6 10 15 21 26 30 33 34 33 32 31181127SE 4 1 331957 3499999999999999 0 7 3012 1  599999999999999
 30 30 30 31 32 32 31 29 25 20 14 10  7  6  7 11 15 20 25 28 31 31 31 30181128SE 442 322059 3199999999999999 054 301256  699999999999999
 29 29 28 29 29 30 30 29 27 23 19 15 11  9  8  9 11 15 19 23 26 28 28 28181129SE 531 3022 6 2899999999999999 154 281357  899999999999999
 28 27 26 26 26 27 27 27 27 25 23 19 16 13 11 10 10 12 15 19 22 24 26 26181130SE 644 2723 2 2699999999999999 313 2615 5 1099999999999999
 26 25 24 23 22 22 23 24 24 24 24 22 20 17 15 13 12 12 14 16 18 21 23 241812 1SE 849 242340 2499999999999999 437 221618 1299999999999999
 24 24 22 21 19 18 18 19 20 21 22 23 23 21 19 17 15 14 14 15 17 19 21 231812 2SE11 3 23999999999999999999999 548 181734 1499999999999999
 24 23 22 20 17 15 14 14 15 17 19 21 23 24 23 21 19 18 17 16 17 19 21 231812 3SE 0 7 241253 2499999999999999 643 141846 1699999999999999
 24 24 22 20 17 14 12 11 11 12 15 18 22 24 25 25 24 22 20 19 19 20 21 231812 4SE 030 241415 2599999999999999 729 101946 1999999999999999
 24 25 24 22 19 15 11  9  8  8 11 15 19 23 26 27 27 26 24 22 22 22 22 241812 5SE 053 251520 2799999999999999 810  82035 2199999999999999
 25 26 26 24 21 17 13  9  7  6  8 11 16 21 25 28 29 29 28 26 24 24 24 251812 6SE 118 261613 2999999999999999 848  62119 2499999999999999
 27 28 28 27 24 20 16 11  8  6  6  9 13 18 24 28 30 31 30 29 27 26 26 261812 7SE 144 281658 3199999999999999 925  62158 2699999999999999
 27 29 29 29 27 24 19 14 10  7  6  7 10 15 21 26 30 32 32 31 30 28 27 271812 8SE 211 291739 329999999999999910 0  62234 2799999999999999
 28 29 30 30 29 26 22 18 13  9  7  7  9 13 18 23 28 31 33 32 31 29 28 281812 9SE 238 301817 33999999999999991034  623 7 2899999999999999
 28 29 30 31 30 28 25 21 16 11  8  7  8 11 15 20 25 29 31 32 31 30 29 28181210SE 3 5 311854 329999999999999911 8  72338 2899999999999999
 28 28 29 30 30 29 26 23 18 14 10  8  8  9 12 17 21 25 28 30 30 29 28 27181211SE 330 301933 30999999999999991143  8999999999999999999999
 27 27 28 29 29 28 27 24 20 16 12  9  8  8 10 14 18 21 25 27 28 28 27 26181212SE 356 292015 2899999999999999 0 8 271219  899999999999999
 26 25 26 26 27 27 26 24 21 17 14 11  9  9  9 11 14 18 21 23 25 25 25 24181213SE 422 2721 0 2599999999999999 043 251257  999999999999999
 24 23 23 24 24 24 24 23 21 18 15 12 10  9  9 10 12 15 17 20 22 23 23 22181214SE 451 242145 2399999999999999 134 231335  999999999999999
 22 21 21 21 21 21 21 21 19 18 16 14 12 11 10 10 11 13 15 17 19 20 21 21181215SE2223 219999999999999999999991414 10999999999999999999999
 20 20 19 18 18 18 18 18 18 17 16 15 13 12 12 11 12 13 14 16 18 19 20 20181216SE2250 209999999999999999999991455 11999999999999999999999
 20 19 18 16 15 15 14 15 15 15 16 16 15 14 14 13 13 14 14 16 17 19 20 20181217SE10 5 162312 2099999999999999 544 141546 1399999999999999
 20 19 17 15 13 12 11 11 12 13 15 16 17 17 17 16 16 16 16 17 18 19 20 21181218SE13 4 172334 2199999999999999 624 1117 1 1699999999999999
 21 20 18 16 13 11  9  8  9 11 13 16 18 19 20 20 20 19 19 19 19 20 21 23181219SE1433 202359 2399999999999999 7 0  81838 1999999999999999
 23 22 21 18 14 11  8  6  6  8 11 14 18 21 23 24 24 23 22 22 21 22 23 24181220SE1525 24999999999999999999999 735  61956 2199999999999999
 25 25 24 21 17 12  8  5  4  4  7 11 16 21 25 27 28 27 26 25 24 24 24 25181221SE 029 2516 7 2899999999999999 813  42055 2499999999999999
 27 27 27 25 21 16 11  6  3  2  4  7 13 19 24 28 30 31 30 28 27 26 26 26181222SE 1 4 271648 3199999999999999 854  22145 2699999999999999
 28 29 29 28 25 20 15  9  4  1  1  3  8 14 21 27 31 33 33 31 29 28 27 27181223SE 145 291729 3399999999999999 937  12229 2799999999999999
 28 30 31 31 29 25 20 13  7  2  0  0  3  9 16 23 28 32 33 33 31 29 28 27181224SE 230 311811 33999999999999991023  02310 2799999999999999
 27 29 30 32 31 29 25 19 12  6  1 -1  0  4 10 17 23 28 31 32 31 29 28 27181225SE 317 321855 32999999999999991111 -12351 2699999999999999
 26 27 28 30 31 30 28 23 17 10  5  1  0  1  5 11 17 23 27 29 30 28 27 25181226SE 4 6 311940 309999999999999912 1  0999999999999999999999
 25 24 25 27 29 29 28 26 21 16 10  5  2  1  3  6 12 17 22 25 26 26 25 24181227SE 458 292025 2799999999999999 035 241252  199999999999999
 23 22 22 23 24 26 26 25 23 19 14 10  6  4  3  5  8 12 17 20 23 24 23 22181228SE 556 2621 9 2499999999999999 128 221343  399999999999999
 21 19 19 19 19 21 22 22 22 20 18 14 11  8  6  6  8 10 14 17 19 21 21 21181229SE 710 222149 2199999999999999 234 181434  699999999999999
 19 18 16 15 15 15 16 17 18 19 18 17 15 12 11 10 10 11 13 15 17 19 20 20181230SE 857 192223 2099999999999999 355 151525 1099999999999999
 19 17 15 13 12 11 11 12 13 15 16 17 17 16 15 14 13 13 14 15 17 19 20 20181231SE1114 172252 2099999999999999 522 111619 1399999999999999
