  6 37 77118151170171157132106 85 76 82101127154174178165133 91 45  6-1718 1 1SR 53417216461799999999999999911 7 762335-2099999999999999
-19  1 38 83128162179177159131103 83 76 85107136163180180161124 78 31 -618 1 2SR 6231801731182999999999999991156 76999999999999999999999
-25-22  4 45 93138169182176154124 97 79 76 89114143168182177153114 66 2118 1 3SR 7 9182181718299999999999999 020-271241 7599999999999999
-12-25-16 14 58105146173180169144115 90 76 77 93119147169178169143103 5818 1 4SR 75218019 217899999999999999 1 5-251325 7599999999999999
 17 -9-16 -2 30 73116151171173158133106 84 75 79 97121146164169157130 9218 1 5SR 834174194816999999999999999 149-171411 7499999999999999
 53 20  1  0 18 50 89126153166162145121 98 80 74 81 9811914015315514211718 1 6SR 915167203615699999999999999 232 -21458 7499999999999999
 85 53 28 17 21 40 69103132152158151134112 92 78 74 81 9511312913913912818 1 7SR 956158212914199999999999999 315 161552 7499999999999999
107 82 59 42 36 43 61 87113135148150141125106 88 77 73 78 8910311612412418 1 8SR1038151223412599999999999999 358 361655 7399999999999999
117102 85 69 58 56 63 79 99119135144143134119102 86 74 69 71 79 9010211118 1 9SR1125145999999999999999999999 445 551812 6999999999999999
114111103 92 82 74 73 78 90106122134140139130116 99 83 69 62 61 67 78 9018 110SR 0 5114122114199999999999999 542 721934 6199999999999999
102110113110103 94 87 84 88 96108122133139138130115 96 77 61 51 49 55 6818 111SR 157113132313999999999999999 659 842043 4999999999999999
 84101113120120113104 95 90 91 97109122134141139130112 90 67 49 38 37 4618 112SR 326121142214199999999999999 824 902135 3699999999999999
 63 85106122130130121109 97 90 90 97110125138145142129107 80 54 34 25 2818 113SR 424131151314599999999999999 933 892217 2499999999999999
 42 65 92117134141137124108 94 86 87 97113131145150143124 97 66 38 20 1418 114SR 5 61411556150999999999999991024 852253 1499999999999999
 23 45 74105131146149139121102 87 81 86101121140153154141116 83 49 22  818 115SR 54114916341559999999999999911 3 812326  699999999999999
  9 25 54 88121144155151135113 92 79 78 88108131150159154134103 66 32  918 116SR 6121551710159999999999999991138 772358  099999999999999
  0 10 34 69105136155158147125101 82 73 78 94118142159162149122 86 48 1718 117SR 64215917431639999999999999912 9 73999999999999999999999
  0  0 18 49 87123149160155137112 88 73 70 82104129152163159139107 68 3218 118SR 711160181616499999999999999 029 -21240 6999999999999999
  7 -2  7 33 68106138157160147124 98 77 67 71 89113139157162151125 89 5218 119SR 740161185016399999999999999 059 -21312 6799999999999999
 20  3  3 21 51 88123148159154135110 85 69 65 75 96122145158156139109 7318 120SR 8 9159192515999999999999999 130  11345 6599999999999999
 40 16  7 15 38 71107136154156144122 96 75 64 66 80103127145153146125 9518 121SR 83915720 215399999999999999 2 1  71421 6399999999999999
 62 34 18 17 32 58 90121144154149133109 86 69 62 68 8410512614014413411218 122SR 911154204414499999999999999 234 1615 3 6299999999999999
 85 57 37 28 33 50 77106130146150141122100 79 65 61 68 8310312113213312318 123SR 946150213513499999999999999 3 9 281551 6199999999999999
104 81 60 46 43 50 68 92115134145144133114 93 74 62 58 64 78 9511112112318 124SR1025146224412399999999999999 350 421652 5899999999999999
116103 86 71 61 59 67 82101120134141139128110 90 72 58 53 56 67 82 9811118 125SR1115141999999999999999999999 440 5918 7 5299999999999999
117116108 97 86 77 75 79 90105120133139137127110 90 68 52 42 42 52 67 8618 126SR 021117121913999999999999999 551 751929 4199999999999999
104116122120112102 92 86 86 93105119132140140131113 89 64 42 28 25 34 5318 127SR 214122133314199999999999999 728 852043 2599999999999999
 77101121133135128116102 91 87 91102118134145148138117 88 57 29 11  7 1818 128SR 342136144314899999999999999 9 2 872146  699999999999999
 41 73105132147150141124105 90 83 86 99119140154157146120 85 47 14 -7 -918 129SR 4431511544158999999999999991011 822239-1199999999999999
  6 37 75114144161162148126102 83 75 81 99124148165167152120 78 35 -1-2018 130SR 53216416381689999999999999911 4 752327-2399999999999999
-19  2 40 84126157172167147120 92 73 68 78101131158174173153116 69 24-1118 131SR 6151721728176999999999999991149 67999999999999999999999
-27-20  8 50 98140168176165139108 79 62 62 78106138165179173148107 59 1418 2 1SR 654176181417999999999999999 012-281231 6099999999999999
-16-25-11 22 67114152173173155125 93 67 55 60 81112144168177167137 95 4918 2 2SR 731176185917799999999999999 054-251312 5499999999999999
 10-12-14  7 43 88130160172164141109 78 57 51 62 86116145165169154123 8318 2 3SR 8 6172194217099999999999999 133-161351 5199999999999999
 43 13 -1  6 31 68108142162165150124 93 67 52 51 65 9011814215615513710818 2 4SR 838166202515799999999999999 211 -11432 4999999999999999
 74 43 23 18 31 57 91124148159153134108 81 60 50 54 69 9111513314213712118 2 5SR 9 9159211014299999999999999 246 181514 5099999999999999
 96 70 49 38 40 56 81109133148150140120 96 73 58 52 57 71 8910812112612118 2 6SR 94015122 112699999999999999 319 3716 1 5299999999999999
108 90 73 60 57 63 78 98119135143140128109 89 71 59 55 59 70 84 9710811218 2 7SR1014143231011299999999999999 354 561659 5599999999999999
110102 92 82 75 75 81 93108122132135131119104 87 72 61 56 57 64 74 86 9618 2 8SR1055135999999999999999999999 434 741816 5599999999999999
103105104 99 94 89 89 93100110119126128125116104 88 73 60 53 51 55 64 7618 2 9SR 1 3105115712899999999999999 539 891948 5199999999999999
 89101108111110106100 97 96100106114121125125118106 90 72 56 45 41 45 5518 210SR 3 9111132412699999999999999 737 9621 2 4199999999999999
 71 89106118123121114105 97 93 94100110120128129123108 89 67 47 34 30 3618 211SR 414123144212999999999999999 918 932155 3099999999999999
 51 73 96117130134128117103 91 86 88 97111125135136127108 83 57 34 21 2018 212SR 4531341538137999999999999991014 852235 1999999999999999
 32 54 82109131142141130112 94 81 77 84 98117134144142128103 72 42 20 1018 213SR 5251431622145999999999999991053 772310 1099999999999999
 15 34 63 96125145150142124101 81 70 71 84105128146153146124 92 57 26  718 214SR 55315117 0153999999999999991125 692342  399999999999999
  3 17 44 80115142155153136111 86 67 62 70 90117141157158143114 77 40 1218 215SR 6201561735160999999999999991155 61999999999999999999999
 -1  5 27 62100133155160148124 95 70 56 57 74100130153164158135 99 60 2518 216SR 64616018 916499999999999999 012 -11224 5499999999999999
  3 -1 14 45 83121149162157136106 77 55 48 58 82112142161166151122 83 4418 217SR 712163184416699999999999999 042 -21254 4899999999999999
 15  1  7 31 67106139160162147120 88 60 45 46 63 91123150164161140106 6818 218SR 739163191916599999999999999 111  11326 4399999999999999
 34 12  9 23 53 90125152162155133102 71 48 40 48 70100130152160150126 9218 219SR 8 6162195716099999999999999 142  814 0 4099999999999999
 57 31 19 24 45 76110140157158143116 85 58 41 39 52 7610513214815113811318 220SR 834160203815299999999999999 213 181438 3899999999999999
 82 55 37 33 44 67 97125146155148128101 72 50 39 41 56 7910512713913912618 221SR 9 3155212714199999999999999 246 321521 3899999999999999
104 80 61 50 52 65 87111133146147136116 90 66 48 39 43 57 77 9911712712718 222SR 937148222912899999999999999 323 491613 3999999999999999
118102 86 73 68 71 83100119133140138127109 87 65 49 41 42 52 69 8810411518 223SR1018141999999999999999999999 4 7 681722 4099999999999999
119116108 98 90 86 87 95106118128133132124109 89 69 52 40 37 43 56 73 9118 224SR 0 2119112013499999999999999 514 851851 3799999999999999
107117122120114106 99 96 98103112121128131127115 97 75 53 36 27 29 40 5918 225SR 2 9122125613199999999999999 712 962022 2799999999999999
 82105123133135129118106 96 92 95104116129137137126106 80 52 28 14 13 2618 226SR 341135143013899999999999999 9 7 922134 1299999999999999
 50 80110134147149139122103 88 81 84 97115134148150138114 81 46 17  0  018 227SR 4361501541151999999999999991012 812229 -299999999999999
 18 48 85121148161158141117 92 74 67 75 94120144161162147116 77 36  5-1118 228SR 5181621637164999999999999991058 672316-1199999999999999
 -6 18 56 98137162170159135104 76 58 56 70 96128156172171150113 68 26 -418 3 1SR 5551701725174999999999999991138 542358-1499999999999999
-14 -2 29 72116152172172152121 86 58 44 48 70102137166179172145104 58 1818 3 2SR 6281751810179999999999999991216 43999999999999999999999
 -6 -8 12 49 93135165175165138101 67 42 35 47 75111146171178165133 91 4918 3 3SR 7 0175185217899999999999999 036-101252 3599999999999999
 16  1  8 34 73116151171170151118 81 50 32 33 52 83119150169170151118 7918 3 4SR 729173193217299999999999999 111  11327 3199999999999999
 44 21 16 31 61 99135160169158132 97 63 39 29 37 60 9112414916115513410318 3 5SR 756169201116199999999999999 144 1514 2 2999999999999999
 71 45 32 37 57 87120147161159141112 79 51 35 33 45 69 9812414314813911818 3 6SR 822162205114899999999999999 215 321438 3199999999999999
 92 69 53 49 60 81108133150154144123 95 67 47 37 40 54 7610012013213312318 3 7SR 848155213513499999999999999 244 491516 3699999999999999
107 88 73 66 68 81100121138146143129108 84 63 48 43 48 61 79 9711111911918 3 8SR 914146223112099999999999999 314 6516 1 4399999999999999
113102 91 83 81 86 97111125134136130117 99 81 65 54 50 54 63 76 9010110818 3 9SR 946136999999999999999999999 349 8117 0 5099999999999999
111109104 99 95 94 97104113120125125120110 97 83 70 60 55 55 60 70 81 9218 310SR 0 2111103212699999999999999 442 941827 5499999999999999
102109113112110106103102103107112116118116111102 89 76 64 55 51 53 61 7318 311SR 22611312 811899999999999999 65210220 9 5199999999999999
 88103115122123119112104 99 96 98103110117120117109 95 79 62 49 42 44 5418 312SR 34412314 712099999999999999 9 5 962119 4299999999999999
 70 91110125133132124112 98 89 85 89 98111122129127116 98 76 54 38 31 3618 313SR 42413415181299999999999999910 0 8522 7 3199999999999999
 51 74100123139144137122103 86 76 75 84100118134140136120 95 67 42 26 2318 314SR 45414416 7140999999999999991035 742244 2299999999999999
 33 56 86116139151149135112 88 70 62 68 85108131147151141117 86 54 28 1618 315SR 52115216471529999999999999911 4 622317 1599999999999999
 20 39 69104134154159147124 95 69 54 53 67 92121147160158140109 73 39 1718 316SR 5461591723162999999999999991133 512348 1199999999999999
 12 24 52 88125152165159138106 74 50 40 49 72104137161169160133 96 58 2718 317SR 61116517591699999999999999912 2 40999999999999999999999
 12 16 38 72111145166168151121 84 53 34 33 51 82118150170172154122 82 4618 318SR 637169183517499999999999999 018 111232 3199999999999999
 21 15 29 58 96133160171162136 99 62 35 24 32 58 93131160174168144108 7018 319SR 7 3171191217499999999999999 049 1513 4 2499999999999999
 40 24 27 48 81118150168168149116 78 44 23 20 36 67104139163170158131 9718 320SR 729170195217099999999999999 120 231339 1999999999999999
 64 42 35 46 71104136159167157131 96 60 32 19 23 44 7611114115916014612018 321SR 757167203516299999999999999 153 351416 1899999999999999
 90 66 52 53 68 93121146160158142114 80 50 28 21 29 51 8111213614914813418 322SR 826161212415099999999999999 227 501458 2199999999999999
113 91 74 68 73 88109131147153146127101 72 47 31 27 36 56 8110612613613618 323SR 858153222713799999999999999 3 4 681548 2799999999999999
126112 98 88 85 90102117132141142134118 96 73 52 39 35 41 55 75 9611312418 324SR 938143999999999999999999999 351 851654 3599999999999999
128125118109103100101108116125131132127116 99 80 62 47 40 40 49 65 8310218 325SR 0 1128104313299999999999999 5 8 991825 3999999999999999
117127131129122115108103103107113121126127122110 93 73 54 40 35 39 53 7318 326SR 2 5131124212799999999999999 73110320 3 3599999999999999
 96117133141141133120107 96 91 93102114126134134124105 80 56 36 26 29 4418 327SR 325142142913599999999999999 912 912117 2599999999999999
 69 98125145154150137117 97 81 75 80 94114133147149137114 83 52 28 17 2218 328SR 41315415401509999999999999910 4 752212 1799999999999999
 42 73108138158164154132105 79 62 59 70 92119145161162146117 80 46 21 1218 329SR 4501641634164999999999999991045 582257 1299999999999999
 23 49 86123154170168149119 86 59 44 47 66 96130158173169148113 73 38 1718 330SR 5231711720174999999999999991121 432336 1399999999999999
 14 32 65105142168175164136 99 64 39 31 42 69105141168179170142104 64 3318 331SR 55317618 2179999999999999991155 31999999999999999999999
 19 25 50 86126158176173151116 77 44 25 25 45 78116151174178162131 93 5718 4 1SR 622177184217999999999999999 012 191229 2299999999999999
 34 29 43 73110145169175162132 93 55 28 18 27 53 89127158173170149117 8318 4 2SR 649176192017499999999999999 045 2813 1 1899999999999999
 55 41 45 66 97131159172167144109 72 39 21 20 36 6610113515816615713410518 4 3SR 714172195716699999999999999 116 401334 1899999999999999
 77 58 54 65 89119146164166151123 89 55 31 21 28 48 7911113815415514212118 4 4SR 738167203515699999999999999 146 5414 6 2199999999999999
 96 77 67 70 85109133152160153133104 73 47 31 28 39 61 8911513514514212918 4 5SR 8 3160211614599999999999999 215 671440 2799999999999999
111 94 82 79 86102122139150150138116 90 65 46 37 39 51 71 9411512913413018 4 6SR 82915122 513499999999999999 246 791519 3699999999999999
121108 97 91 92100112126137141136123105 84 65 51 46 50 61 77 9410912012518 4 7SR 859141231512599999999999999 323 9016 7 4699999999999999
123118110104101102107115123128129124114100 84 70 60 56 57 65 76 9010311318 4 8SR 939130999999999999999999999 4181001714 5599999999999999
120122121117112108106107110114118119117111102 91 79 68 62 60 63 71 83 9718 4 9SR 1 8123105911999999999999999 6131061851 6099999999999999
111121128129125118110103100100103109114117116110100 87 73 62 56 57 65 7918 410SR 244129131811799999999999999 830 992022 5699999999999999
 97115129137137131119105 94 87 88 94105116124126121108 90 72 57 49 50 6118 411SR 333138144712799999999999999 928 872122 4899999999999999
 80103125141148144130112 92 78 73 77 90108125137139130112 89 66 48 41 4618 412SR 4 714815431399999999999999910 3 7322 5 4199999999999999
 63 88116140154156144122 97 74 60 59 71 93118139152151136111 82 56 39 3618 413SR 4361571626153999999999999991034 582242 3599999999999999
 48 72103134156165157136106 76 53 44 51 72102132156165159137105 72 46 3318 414SR 5 316517 61659999999999999911 4 442316 3299999999999999
 37 57 88123152170169152120 84 52 33 31 48 79115148170175161132 96 63 4018 415SR 5291721745175999999999999991135 292350 3399999999999999
 33 45 73108143168177166138 99 60 30 18 25 52 89129162180178157124 87 5618 416SR 55717718241829999999999999912 7 17999999999999999999999
 40 41 61 93129160178176154118 76 38 14 10 26 60101142171183175149115 8118 417SR 62517919 518399999999999999 024 381242  999999999999999
 56 47 56 81114147171179167137 97 55 22  6 10 33 7011214917317916614010818 418SR 654179194818099999999999999 059 471319  599999999999999
 79 62 61 75101131158173172152119 79 41 15  6 16 43 8011815016917015513118 419SR 725175203417199999999999999 135 591359  699999999999999
105 83 73 77 93117142161168159136103 67 36 17 13 26 52 8611914515915814618 420SR 758168212716099999999999999 214 731443 1299999999999999
126106 92 87 93108127145156157145123 94 64 39 25 24 36 59 8711513614714818 421SR 834158223214999999999999999 258 871535 2399999999999999
139126113103100104114127139145144134116 93 69 49 37 35 44 61 8410712613818 422SR 921146999999999999999999999 3551001641 3499999999999999
142139131121112108108112120128133134128117100 81 63 49 44 47 60 78 9911918 423SR 0 0142103913499999999999999 52810718 6 4499999999999999
134142143138128117108103102107114122128130124112 94 75 58 48 47 56 73 9418 424SR 138143124213099999999999999 7351021937 4699999999999999
117136148150144131115100 90 87 91102116130137136126107 84 63 49 45 53 7118 425SR 247150142413899999999999999 854 872050 4499999999999999
 96122144157158147128105 85 72 69 78 95117137149149137115 88 63 46 43 5318 426SR 334159153215199999999999999 943 692146 4299999999999999
 75105134156166162144117 89 65 53 55 70 95123148161160144117 87 60 44 4418 427SR 4111661625163999999999999991023 522231 4299999999999999
 59 87119148168172159133100 68 45 37 46 69101134160171166145114 82 57 4518 428SR 4441721711172999999999999991059 372311 4599999999999999
 51 72103136163176171149116 79 47 28 28 45 75112146170177165140107 76 5618 429SR 5141761753177999999999999991133 262346 5099999999999999
 51 63 90122153173177163133 94 57 29 18 26 51 87125157175176159131 99 7218 430SR 54317818311789999999999999912 5 18999999999999999999999
 59 62 80109141166177171147112 72 38 18 16 32 63101137164176169148120 9118 5 1SR 61017819 817699999999999999 019 581237 1499999999999999
 72 66 76 99128155172174158128 90 53 26 15 21 44 7811514616617015913611018 5 2SR 636175194517199999999999999 051 6613 8 1599999999999999
 87 75 77 93117143163171163141107 71 41 22 19 33 59 9212515116316114712518 5 3SR 7 2171202116499999999999999 122 741340 1899999999999999
103 87 83 90108130151163163149122 90 59 36 25 29 47 7410413115015615013518 5 4SR 72916521 015699999999999999 153 831414 2599999999999999
117101 91 92102119137152157150133107 79 54 38 34 42 61 8511113214514714118 5 5SR 758157214514899999999999999 227 901450 3399999999999999
128114102 98101111124138146146137119 97 74 56 45 45 54 71 9211312913914018 5 6SR 831147224014099999999999999 3 7 981533 4499999999999999
135125115107104106114123132136134126111 94 76 62 55 55 64 78 9511212513418 5 7SR 914137235513699999999999999 4 31041627 5499999999999999
136133127119111107107111117122126125120110 97 83 71 64 63 68 79 9410912318 5 8SR1022126999999999999999999999 5311071740 6399999999999999
133138137131122113105101102106112118122121115104 92 79 70 66 69 78 9210918 5 9SR 120138121812299999999999999 72210119 6 6699999999999999
125137144143135122108 97 90 89 95105116125128124114100 84 71 64 66 76 9318 510SR 22214414 012899999999999999 834 892019 6499999999999999
113132146152148135117 97 81 74 75 86103120134140136124105 85 68 61 63 7718 511SR 3 615215 814099999999999999 919 732115 6099999999999999
 98122144158160150130104 79 62 56 64 82106131148154148130106 82 64 57 6418 512SR 341161155915499999999999999 955 5622 0 5799999999999999
 82109136159169165146117 84 57 41 41 56 84116145164168156133104 77 60 5718 513SR 4131701645168999999999999991030 392242 5699999999999999
 69 94124153172176163135 98 61 34 22 30 55 90128160177177160132100 73 5918 514SR 44517717291809999999999999911 6 222322 5899999999999999
 62 80109141168182178155118 76 38 14  9 26 58100141172186181159128 96 7218 515SR 5171831813187999999999999991143  9999999999999999999999
 63 71 94126157179185172141 99 55 20  1  4 28 66111152180189179155123 9418 516SR 550186185918999999999999999 0 1 631222  099999999999999
 75 72 85110141168184182162125 81 39  9 -3  6 35 7512015718118617314811918 517SR 625186194518699999999999999 041 7113 4 -399999999999999
 94 81 83 99124152173182174148110 68 31  6  0 14 44 8412515817717816414218 518SR 7 2182203518099999999999999 123 801348  099999999999999
117 98 90 95111133156171174161135 99 62 31 12 10 26 55 9112715416916915618 519SR 742175212917099999999999999 2 8 901436  999999999999999
137118103 98104118136153163162149125 94 63 38 24 24 38 64 9512514816016018 520SR 827164223016199999999999999 259 981529 2299999999999999
150135120109104108118131144151150140120 96 71 50 38 38 50 71 9712214215318 521SR 925152234015599999999999999 4 31041631 3699999999999999
155148136123111105105111121131139140135122103 82 64 53 50 58 75 9712013918 522SR1046141999999999999999999999 5291041743 5099999999999999
151154149138124110100 96 99107118128135135128113 95 78 64 60 64 78 9812018 523SR 053154123213699999999999999 7 6 9619 0 6099999999999999
140153157151139121103 89 82 84 93107122135140137125107 88 72 65 69 8210218 524SR 15615714 714099999999999999 820 822012 6599999999999999
125145158161153136113 91 74 66 69 82101123140149147134115 94 77 69 72 8718 525SR 246161151915099999999999999 914 652112 6899999999999999
109133154165165151128100 74 56 50 57 76102128149159155140118 95 78 71 7718 526SR 327167161515999999999999999 957 5022 1 7199999999999999
 95119145164171165145115 83 56 40 38 52 77108138159167160142117 93 78 7418 527SR 4 317117 2167999999999999991035 372244 7499999999999999
 85106133157172174159132 98 64 39 27 33 54 85120150169172161138112 90 7818 528SR 4361751743173999999999999991111 272322 7799999999999999
 80 96120147168177171148115 78 46 25 21 34 62 97133161175172156131106 8718 529SR 5 61771821176999999999999991144 202357 8199999999999999
 81 89109134159175176162133 96 59 31 18 22 42 7511214616817616814712210018 530SR 5361781857176999999999999991216 17999999999999999999999
 86 86100122147168177170148115 77 44 22 17 29 56 9112615517217215913711318 531SR 6 6177193217499999999999999 030 851248 1799999999999999
 95 88 94111135157172173159132 97 62 34 21 23 41 7110613816117016514812718 6 1SR 63617420 817099999999999999 1 2 881321 2099999999999999
106 94 93103122144162170164145115 82 52 31 25 34 56 8711914516116415513818 6 2SR 7 6170204416599999999999999 136 921354 2599999999999999
119103 96 99112130149161163152130101 72 48 34 34 48 7110012714815815714618 6 3SR 739163212315999999999999999 211 951430 3399999999999999
130114102 99105118134148155152139118 92 68 50 42 46 61 8410913214815415118 6 4SR 81615522 715499999999999999 252 9915 9 4299999999999999
140126112104102108119132142146142129110 88 69 56 52 58 73 9311513414615018 6 5SR 9 014623 015099999999999999 3421021554 5299999999999999
146137124112105103107115126134137133123107 90 75 65 62 68 81 9911813414518 6 6SR10 0137999999999999999999999 4481031648 6299999999999999
149146136124112102 98100107116125130130123111 97 83 73 70 75 8610212013618 6 7SR 0 0149112513199999999999999 610 981755 7099999999999999
147151148138123108 95 89 89 96107119128132129120106 92 80 75 78 8910512418 6 8SR 1 215113 413299999999999999 727 8819 9 7599999999999999
141153157151138119 99 82 73 74 84100117132141140131116 99 85 78 80 9110918 6 9SR 155157142714199999999999999 826 732018 7799999999999999
130149161163154135109 84 64 55 58 73 96121141153153143125104 87 79 81 9418 610SR 241164153215599999999999999 914 552117 7899999999999999
115139159171169153127 95 65 43 36 45 67 97128154167166153130106 87 79 8418 611SR 323172162616999999999999999 957 3622 9 7999999999999999
100125151171179172149115 77 44 23 20 35 65102139167180176159133106 87 8018 612SR 4 31791717181999999999999991040 192257 8099999999999999
 88109136163182185171141100 58 24  6  9 31 67110150178189182160132105 8718 613SR 44318618 6189999999999999991124  52343 8399999999999999
 84 96119148174189187166130 85 42 10 -4  4 32 7311915918519218215812910318 614SR 52419018541929999999999999912 8 -4999999999999999999999
 89 89104130158181192184158118 72 31  2 -6  7 39 8212716418719117715212518 615SR 6 6192194219199999999999999 028 871254 -699999999999999
102 91 95112138164183189177148108 64 26  3 -1 16 49 9113416718518517014618 616SR 650189203018799999999999999 114 911341 -299999999999999
120102 94100118142165180182167138100 61 29 11 11 30 6210113816617917616118 617SR 737183211918099999999999999 2 2 941429  899999999999999
139117102 97104120141160172171157130 97 63 37 24 27 46 7510914116317216818 618SR 82817322 917299999999999999 254 971519 2399999999999999
153134115102 98104117135150160159147125 98 71 50 41 45 62 8811614216016618 619SR 92616123 216699999999999999 353 981612 4199999999999999
161147130113100 95 99110124138147148140124103 82 66 58 62 76 9812214315718 620SR1038149235816299999999999999 5 3 951710 5899999999999999
162157144127110 96 90 91 99111125136140137127111 94 81 74 76 8810612614418 621SR12 7140999999999999999999999 622 891814 7499999999999999
156160155142124105 90 80 79 86 99114129138139133121106 93 86 87 9611113018 622SR 055160134314099999999999999 738 791924 8599999999999999
147158161155140119 98 79 68 66 74 89109127140146142130115102 93 9310111618 623SR 15016115 314699999999999999 841 662033 9299999999999999
134151162164155136112 87 66 55 54 65 85109131148154150137121105 96 9610518 624SR 23916416 515499999999999999 931 532132 9599999999999999
121141158167166152129101 73 52 42 46 62 87115141157162155140121105 96 9818 625SR 3231681654162999999999999991014 422221 9599999999999999
110128149165172165146118 86 57 38 33 42 65 95126152167168157138117101 9518 626SR 4 21721735169999999999999991052 3323 2 9599999999999999
100116137158172174161136104 70 43 28 29 45 74108140163174169153132111 9718 627SR 4381751812174999999999999991127 262339 9499999999999999
 95105125148167177172153123 87 54 31 22 30 54 8712315317217616614612210318 628SR 51317718461769999999999999912 0 22999999999999999999999
 94 98113135158174178167141107 71 41 23 23 39 6810313816417617315713511218 629SR 546178191817799999999999999 014 941233 2199999999999999
 97 94103122146166177174157127 91 57 32 22 29 52 8411915017017516614612318 630SR 619178195017599999999999999 046 9313 5 2299999999999999
104 94 96110131154171176166143111 76 47 29 27 41 6810113415917217015613518 7 1SR 653176202317399999999999999 119 931338 2699999999999999
114 98 93101117139158170169155129 97 66 43 33 38 57 8511714516416916214618 7 2SR 727172205616999999999999999 154 931411 3399999999999999
125106 95 95105123143158165160142116 87 61 45 41 51 7310112915216416515418 7 3SR 8 5165213216699999999999999 232 941446 4199999999999999
136117102 95 97108125142154157149131107 82 62 52 53 66 8811413815516315918 7 4SR 847157221116399999999999999 315 941523 5199999999999999
147130112 99 94 97108123137147148140124104 83 68 62 66 8010012314315616018 7 5SR 939149225516099999999999999 4 8 9416 7 6299999999999999
155142125109 96 91 93103116130139141135123106 90 78 74 79 9110912914615718 7 6SR1047141234715999999999999999 511 9017 0 7499999999999999
159153140122105 91 84 85 93107121132138136128115101 90 85 88 9911513314818 7 7SR1216138999999999999999999999 622 8318 7 8599999999999999
158160153139119 99 82 72 72 80 95113130140143138127113101 94 9510311813518 7 8SR 044161135114399999999999999 732 711925 9399999999999999
151162164156139115 90 69 56 55 66 85109131147155151140124109 99 9810512018 7 9SR 143165151115599999999999999 835 542040 9799999999999999
139157169170160138108 78 52 38 38 52 78108137158168165151132114101 9810618 710SR 238171161516899999999999999 930 362146 9899999999999999
123145165177177163135100 64 35 20 23 42 74111146171181176159136114 99 9718 711SR 33017917 9181999999999999991021 192242 9699999999999999
107128152174187184164130 89 49 19  5 12 38 76118156182191182161134110 9618 712SR 4201871759191999999999999991110  52332 9499999999999999
 96109134161184194188163124 79 36  7 -3  8 39 8212816619019518315812910518 713SR 5 91941846196999999999999991158 -3999999999999999999999
 92 95113140168190198187158116 69 28  1 -4 13 48 9313817519419417715012118 714SR 557198193019799999999999999 019 911244 -599999999999999
 98 89 96117145173193197183151108 62 25  3  3 25 6210614918019318816813918 715SR 645198201219499999999999999 1 4 891330  199999999999999
112 92 87 97120148174190191174141100 60 28 13 19 42 7912015718118817815618 716SR 733193205318899999999999999 150 871415 1399999999999999
128104 88 87 99121146169182180162132 96 62 38 30 39 64 9713316217918016718 717SR 823183213418199999999999999 237 861459 3099999999999999
144119 98 86 87 99118141159169166150125 96 70 53 50 62 8511414216417417018 718SR 916170221417499999999999999 328 851543 5099999999999999
156135112 94 85 86 96113132147155153140121100 82 71 72 8310312614816316818 719SR1017155225716899999999999999 425 841629 7099999999999999
162148128108 92 83 83 91104120134142142135123108 96 89 9010011513314916018 720SR1135143234716299999999999999 532 821722 8899999999999999
162156143125106 90 80 78 83 9410812313313813612911911010410411012213614918 721SR1314138999999999999999999999 648 78183010399999999999999
157159154141123104 86 74 70 73 84 9911613114014213813012011311111412313618 722SR 046159145114299999999999999 8 3 70195311199999999999999
148157159154140121 99 80 65 60 64 77 9511613514715114713812611611211412318 723SR 150159155915199999999999999 9 5 60211011199999999999999
136150160162155140117 92 69 54 50 57 74 9812314415816115414112611310811218 724SR 248162164716199999999999999 954 5022 710899999999999999
123139155165166156136109 81 57 43 42 54 7710613515716816715513812010710418 725SR 3381671725169999999999999991035 41225010499999999999999
111126145162172170155129 97 67 44 34 38 57 8711914916917516815113011110018 726SR 4201721758175999999999999991111 332326 9999999999999999
101113133155171177170148117 83 52 33 29 41 6710113516317717716314111810118 727SR 4581771828179999999999999991145 282358 9499999999999999
 94101119143165179180165138102 67 40 27 30 51 8211915217418117315312810518 728SR 5331811857181999999999999991217 26999999999999999999999
 92 92106128154174183177156123 86 53 32 27 39 6610113716518017916413911418 729SR 6 8184192618299999999999999 029 901247 2699999999999999
 94 87 94113139163180183170143107 72 44 30 34 54 8512115317518117215112418 730SR 642184195418199999999999999 1 1 871318 2999999999999999
101 87 86 99122147169180177158128 93 61 41 36 47 7210513916517917716113718 731SR 716181202218099999999999999 133 851348 3599999999999999
111 91 83 88105129153170176167144114 82 57 45 47 65 9212415317217716814818 8 1SR 753176205217799999999999999 2 8 831420 4499999999999999
123100 85 82 91110133154167168155132104 78 60 55 63 8411113916117317215818 8 2SR 833169212417499999999999999 246 811453 5599999999999999
137113 93 82 82 93111133150160158145124101 81 70 69 8110112614916417016418 8 3SR 920160215917099999999999999 330 811531 6899999999999999
149128106 89 80 81 92109127143151149139122104 90 83 85 9711513515316416618 8 4SR1020151224216699999999999999 423 791616 8399999999999999
158142122102 86 77 77 86101118133143144139127115104 9810010912313915316118 8 5SR1143145233916399999999999999 529 761717 9899999999999999
162155141121100 82 71 68 75 8910712413814514513912911811111011512513815118 8 6SR1328146999999999999999999999 646 68184411099999999999999
160163157143122 99 77 62 56 60 75 9511813815215615314313112011411512313618 8 7SR 05016315 315699999999999999 8 3 56202111499999999999999
151163168164149125 97 69 49 40 44 61 8711714416317116715513812211211111918 8 8SR 2 5168161017199999999999999 911 40213811099999999999999
134153169177173156127 92 59 34 23 30 51 8412115417618417816013811710510318 8 9SR 31217717 21849999999999999910 8 23223510299999999999999
115135159179188183161126 86 47 20 10 21 49 88130166189194182159131108 9518 810SR 4101891747194999999999999991059 102323 9499999999999999
 96113139167189199190163123 77 36 10  4 20 54 98143179198197179150119 9518 811SR 5 21991828200999999999999991146  3999999999999999999999
 85 92113144175198205192160116 68 29  6  6 28 6711415818920219417013710518 812SR 55220519 620299999999999999 0 7 851230  399999999999999
 83 78 90116150181202205187152107 62 27 12 18 46 8713217119519918415512118 813SR 639206194220099999999999999 048 771312 1199999999999999
 91 74 75 91120154183199197177141 99 60 33 26 39 6910914918019419016913818 814SR 725201201619599999999999999 130 721352 2599999999999999
106 81 70 75 95123154179190184163130 94 63 46 46 64 9412916118318817715318 815SR 811190204918899999999999999 211 701430 4499999999999999
123 95 76 70 78 98124150169176169149121 94 73 64 70 8911614516818017816218 816SR 859176212118199999999999999 255 7015 7 6499999999999999
138112 89 75 72 81 99121142156160154138118100 87 85 9311013215316717216618 817SR 952160215517299999999999999 343 721544 8499999999999999
150128106 88 77 76 84 9811513114314714313312111010310411112514015416216318 818SR11 0147223516499999999999999 439 75162810299999999999999
156142124105 90 80 78 82 9310712013113813913512912211811712213114115015518 819SR1242139233315699999999999999 550 78173311799999999999999
156150139124107 92 81 76 78 85 9711212513614214313913312712412512913614418 820SR1438143999999999999999999999 715 76192212499999999999999
150153150141126109 92 78 70 70 77 9110812614115115314914013112312112313018 821SR 059153154915399999999999999 834 6921 112199999999999999
140150155154145129109 88 71 61 61 70 8811113415216216215414112711611311718 822SR 221155163116399999999999999 932 60215911399999999999999
127141154162160149129104 79 60 51 54 69 9312114616417116715313411710610518 823SR 32116217 5172999999999999991016 50223810499999999999999
113129148163170166149123 94 66 48 42 52 74104135161176177165145122104 9618 824SR 4 81701734178999999999999991052 422310 9699999999999999
100115137159174178168144113 80 53 38 39 57 86120153175183176157131107 9118 825SR 44717818 1183999999999999991125 372340 8899999999999999
 89100122149171184182164134 98 64 41 34 44 69104140169185185168142113 9118 826SR 5221851827187999999999999991155 34999999999999999999999
 81 86106133162182189180155119 82 52 35 37 56 88125159182189178154124 9618 827SR 556190185318999999999999999 0 9 811225 3499999999999999
 78 76 89115146173189189172141103 68 44 37 48 7511014717518918616613610518 828SR 630191191819099999999999999 038 751254 3799999999999999
 80 70 76 96126157181190183159125 89 60 45 47 66 9713316418518917514911718 829SR 7 5190194418999999999999999 1 9 701323 4399999999999999
 88 70 67 80105136164182185172145112 81 59 53 63 8711915117618718116113218 830SR 741186201018799999999999999 141 661353 5399999999999999
101 77 65 68 86113142166178176159133104 80 67 68 8310913816418018216914518 831SR 821179203818399999999999999 217 641424 6599999999999999
116 89 70 64 72 91117143162170165148126103 86 80 8710312715016817717215618 9 1SR 9 6170211017799999999999999 257 6415 0 8099999999999999
132106 83 69 66 75 93116138153159155142125109 99 9710511913815516716916218 9 2SR10 4159214817099999999999999 345 661542 9799999999999999
147125102 83 70 68 75 9010912814215014914213212211511311812814115316116218 9 3SR1126151224216299999999999999 447 67164311399999999999999
156143125105 86 72 66 69 81 9711613214415014914413612912512512913714715418 9 4SR1323151999999999999999999999 610 66182912499999999999999
158156147131111 90 72 61 59 67 8310412614515716215814913812812312312913918 9 5SR 01115815 216299999999999999 741 59202812299999999999999
151160163157142119 92 68 51 45 53 71 9812715216917617115714012311311111918 9 6SR 15116316 217699999999999999 857 45214011199999999999999
134152168175170152124 91 61 39 32 41 65 98134164183188178157133111 98 9918 9 7SR 3 8175164618899999999999999 956 322229 9799999999999999
112134159180189183160126 86 51 27 22 36 67107147179196194177148118 94 8318 9 8SR 4 71891725197999999999999991046 212311 8399999999999999
 88108138169193201191163122 78 41 20 20 41 78123164193203193167133 99 7618 9 9SR 45920118 0203999999999999991130 172350 7099999999999999
 70 82110145179203208192159115 70 36 21 28 56 97142180202203184151113 8018 910SR 5462081833205999999999999991211 21999999999999999999999
 62 63 82115153187207207186149105 65 38 31 46 78120161191203194167130 9318 911SR 63020919 420399999999999999 028 601249 3099999999999999
 65 54 62 87123160189204198174137 97 65 47 49 7010414217619619717914711018 912SR 714204193419999999999999999 1 5 541324 4599999999999999
 77 56 53 67 94129162186194184159126 94 71 63 72 9612816018319218416012818 913SR 75619420 119299999999999999 142 521358 6399999999999999
 94 68 55 57 75102133160177179167145119 96 83 83 9611914616918218216714218 914SR 840180202918499999999999999 220 541430 8199999999999999
112 85 66 59 66 83108133153164164153136118104 9810311613615517017416815118 915SR 928165205717499999999999999 3 1 5915 4 9899999999999999
128104 83 70 67 74 9010912814315115114413312211511311913014315616316315518 916SR1028152212916499999999999999 347 67154311399999999999999
140121102 87 77 75 80 9210612113314114414113613112612512813514214915315218 917SR12 1144221815399999999999999 447 75164612599999999999999
145135121106 93 84 80 82 8910011312613614314614414013513113013113513914318 918SR14 8146235914599999999999999 612 8019 113099999999999999
145143136126113 99 87 80 78 82 9210712313814915415314713913012412212413118 919SR1520155999999999999999999999 748 78205512299999999999999
138144147143133119101 85 74 70 75 8710612714616016416014913512111211011618 920SR 15514716 116499999999999999 859 70214511099999999999999
127140151156152139120 98 78 65 61 70 88112138159171172161143124107 9910118 921SR 3 6156163217399999999999999 947 612219 9899999999999999
112130148162166159141116 89 67 55 56 70 96126154173180173155130107 91 8718 922SR 3541661659180999999999999991025 532248 8799999999999999
 96115139161175175162137106 76 55 48 56 79110144170185183167141112 88 7618 923SR 4331771725186999999999999991058 482316 7699999999999999
 80 98124153176186180158127 92 63 47 47 65 95131163185191179153121 90 7018 924SR 5 81861749191999999999999991128 452344 6599999999999999
 66 79105138168188192178149113 78 54 45 55 81116152181194189166133 98 7018 925SR 5431931813194999999999999991157 45999999999999999999999
 57 62 84117153181196192170136 99 68 51 52 71102139172192195178148110 7618 926SR 617196183819699999999999999 013 561227 4999999999999999
 54 50 64 94130165189197185158123 89 64 56 66 91125159185195187162126 8918 927SR 65319719 419599999999999999 043 491257 5699999999999999
 59 45 50 72105142173191191174145112 84 69 69 8611414617419019017314210618 928SR 731194193019299999999999999 116 451328 6799999999999999
 72 50 44 55 81115149174186181162135107 87 80 8710613316018018717815612418 929SR 812186195818799999999999999 151 4314 1 8099999999999999
 91 63 48 48 63 89120149169176169152130110 97 9610612414616617717716414018 930SR 859176202917999999999999999 231 461437 9599999999999999
112 84 62 52 54 69 931201441601651591471311181111121211351511631691651521810 1SR 95816521 616999999999999999 318 51152211099999999999999
131107 85 67 59 61 73 911131331481551541481391301251251291381471551581551810 2SR112315622 415899999999999999 420 58163312499999999999999
146130112 93 76 66 64 70 841031221391511561551501421351301291311371431491810 3SR1321156235515199999999999999 544 63184712899999999999999
151148138123104 85 70 62 63 74 921131351531641661611501371261191181231331810 4SR1448166999999999999999999999 721 61203711799999999999999
145154157151136115 90 69 55 53 63 841111391621751771681511311131021011111810 5SR 152157153917899999999999999 841 53213410099999999999999
128147164171166149122 91 64 47 45 58 84117150175187185168143116 94 83 861810 6SR 3 8171161918899999999999999 940 442216 8299999999999999
103128155177186179157124 88 57 40 41 60 92130165189196185160127 95 72 651810 7SR 4 51861653196999999999999991027 382254 6599999999999999
 76101134167190198186158120 81 51 38 45 71108148181199198177143105 72 531810 8SR 45419817252019999999999999911 9 382330 5199999999999999
 53 72105144178200203186153113 75 50 44 58 89129167194203191161122 82 531810 9SR 5392041755203999999999999991147 43999999999999999999999
 41 49 76114154187204201179143104 72 55 57 78112150182200198176140 99 62181010SR 621205182420199999999999999 0 5 411223 5399999999999999
 40 36 53 85124162190201192166132 98 74 66 76101135168191197185156117 79181011SR 7 2201185119799999999999999 040 351256 6699999999999999
 49 35 40 62 96134167188191178152122 96 82 82 97124153178190187166134 98181012SR 742192191719199999999999999 114 341328 8099999999999999
 65 44 38 50 75108141167180178163141117100 93100117141164179182171147116181013SR 823181194318399999999999999 149 3814 0 9399999999999999
 84 60 47 48 63 87116143161169164151133117107107116132150166173169154130181014SR 9 7169201017399999999999999 225 45143310699999999999999
103 79 62 55 60 75 97120140153157153143131121116118127139151160161154139181015SR 959157204016199999999999999 3 4 55151311699999999999999
119 99 81 69 66 71 84101119134144149147142134128125126131138145149148142181016SR1112149212114999999999999999 353 66161612599999999999999
130116101 88 79 76 79 87100114127138145147145141135130127128130134136137181017SR13 0147225013799999999999999 5 2 76182612799999999999999
135129120109 97 87 81 81 86 95109123137147152152147138129122118118122127181018SR1426153999999999999999999999 637 80202711799999999999999
133136135128117104 91 81 77 80 91106125142155161159149135121109104105113181019SR 114136151316199999999999999 8 5 77211710399999999999999
124136144145138124107 89 76 71 75 89109132153166169161145125105 93 89 96181020SR 239145154716999999999999999 9 4 712150 8999999999999999
110129145156156146127104 83 68 65 74 93119146166176173157133107 86 75 77181021SR 332157161517799999999999999 947 652220 7499999999999999
 92115139159169165149124 96 73 61 63 78105135162180183170145114 85 65 60181022SR 4141691641184999999999999991023 602248 6099999999999999
 71 95126155175180170147116 86 65 58 67 90122154179189183159126 90 61 47181023SR 45118117 7190999999999999991056 582317 4699999999999999
 51 72105141171188187169140106 77 60 61 78108142173191192174141102 65 41181024SR 5281901733194999999999999991128 582347 3599999999999999
 35 49 79118156184195187163130 96 71 62 71 95128162187196186158118 77 44181025SR 6 519517591969999999999999912 1 62999999999999999999999
 27 30 54 90132169192197182154120 90 72 71 87115148177194193173138 96 56181026SR 644197182719599999999999999 020 261234 6999999999999999
 29 21 33 63103143176193191173144113 90 79 85105134163184192182155117 77181027SR 725195185719299999999999999 054 2113 9 7999999999999999
 43 24 23 41 74113150176188182162136111 95 91101122147170184183167137101181028SR 8 9188192818599999999999999 132 211346 9199999999999999
 66 39 27 31 52 83118150171178171154133115105105116134154169176170152124181029SR 85917820 317699999999999999 214 26142710399999999999999
 93 64 43 35 42 61 88118144161167162149135122116117125138152161163156140181030SR10 0167204616499999999999999 3 3 35152111599999999999999
118 93 70 53 47 52 67 89114136152159158150140131124123126134142148151147181031SR1120159215415199999999999999 4 4 47164612399999999999999
136120100 81 66 58 58 69 861071281451561591551471371271211191211271351411811 1SR1257159235414399999999999999 524 57185411999999999999999
143139129113 95 77 65 61 67 811011241441591651621521381221101041041121241811 2SR1412165999999999999999999999 656 61202310399999999999999
137146149142127107 85 68 60 63 77100126150167173168153132110 92 84 87 991811 3SR 14814915 317399999999999999 814 602116 8499999999999999
118139155162156139115 89 68 58 61 78105134161177180169146118 90 71 64 721811 4SR 3 3162154218199999999999999 915 572157 6499999999999999
 92119147167175167146117 88 66 57 64 85116148174187183163132 98 68 50 481811 5SR 4 017516171879999999999999910 4 572235 4799999999999999
 64 92126158179185173147115 85 64 60 72 99132164186191178150112 75 46 331811 6SR 4491851648192999999999999991046 592310 3399999999999999
 40 63 98137169188189172143110 81 66 68 86116150178192189166131 90 53 291811 7SR 5331911719193999999999999991124 642345 2499999999999999
 24 39 70109149178192187166135103 80 72 80104135166187192179148108 68 361811 8SR 6141931747193999999999999991159 72999999999999999999999
 20 24 46 82122159183190180155125 99 82 82 96122152176189184162127 87 501811 9SR 653190181518999999999999999 018 191233 8099999999999999
 26 19 31 59 96135165183183168143117 97 88 94113138163180183170143106 69181110SR 731185184218499999999999999 051 1913 5 8899999999999999
 40 24 26 44 75110143167177172155133112 99 97107127149168177172153123 89181111SR 8 9177191017799999999999999 124 231338 9699999999999999
 58 37 30 38 60 89121148164168160144126111104106119136153165167157135107181112SR 849169193916899999999999999 158 30141310399999999999999
 79 55 42 41 53 74101127147158159150137123113110114125139151157154141121181113SR 933160201115799999999999999 234 40145411099999999999999
 98 76 59 51 54 66 85107128143151151144134124117115118126135142144140129181114SR1027152205314499999999999999 316 51155111599999999999999
113 95 79 67 62 65 76 91109126139146147143135127120116117120126130132130181115SR113914722 013299999999999999 4 7 62172411699999999999999
123112 99 86 77 72 73 81 93108124136145148145138129119112109109113119124181116SR13 1148999999999999999999999 517 72191810899999999999999
126123117107 95 85 78 77 82 92107123138149153150140127113101 95 95101111181117SR 0 112614 415399999999999999 643 762028 9499999999999999
121128130126116103 90 80 76 80 92109128145156159153138118 99 85 78 82 93181118SR 151130144815999999999999999 759 762110 7899999999999999
109125137142137125107 90 78 73 79 94115137156166165151129103 80 65 62 71181119SR 3 0142152216799999999999999 856 732144 6199999999999999
 90114136151155147130108 87 73 71 81101126151169174165143113 82 57 45 48181120SR 350155155317499999999999999 942 702217 4499999999999999
 66 94124150166166153130104 82 70 72 87113141166180178160128 91 57 34 28181121SR 4331681623181999999999999991022 692250 2799999999999999
 40 67103139166179174155127 98 77 69 77 99128158179186175147108 67 33 15181122SR 51417916541879999999999999911 0 692324 1399999999999999
 17 39 74116153179187177152122 93 76 73 87113144172188187166130 86 44 14181123SR 5551871726190999999999999991138 72999999999999999999999
  3 14 43 84128165187189174146116 91 78 82100129159182190180152111 66 27181124SR 638191175919099999999999999 0 1  31217 7799999999999999
  3  0 17 52 96139172188186167139111 91 84 93114142168184186169136 94 52181125SR 722189183518799999999999999 040 -21256 8499999999999999
 18  1  4 26 63105145173184178159133110 95 93104125150170180176155122 82181126SR 8 8184191318199999999999999 122 -11339 9299999999999999
 45 18  6 13 38 73112146169176169151130111101101112131150165171163142111181127SR 859176195617199999999999999 2 7  61427 9999999999999999
 77 46 25 18 27 49 81115143162167161146129114106107115129144155158150132181128SR 955167204715899999999999999 257 18152510599999999999999
107 79 54 37 32 40 60 86115139155160155144130117108107112121132141144140181129SR11 0160215914499999999999999 353 32164410699999999999999
128109 87 67 52 47 52 68 89113135150156154144131117106100101107117126134181130SR1212157234213599999999999999 5 0 47182310099999999999999
135129116 99 81 67 59 61 73 91113134150157156146130113 98 88 85 901011151812 1SR1319158999999999999999999999 618 591949 8599999999999999
128135135127112 95 78 68 67 77 94115137154161159146126104 83 70 67 74 891812 2SR 131137141516299999999999999 735 672050 6799999999999999
109128141145139124104 86 73 71 80 98121144161167160142117 89 65 51 50 611812 3SR 25314515 016799999999999999 842 712137 4999999999999999
 82109133150156149131109 89 76 74 85106131154169171158134102 70 45 33 371812 4SR 355156153917299999999999999 937 732217 3399999999999999
 55 83115143161165155134110 88 77 78 93116142164175171151120 84 50 27 201812 5SR 4461651614176999999999999991024 762254 2099999999999999
 31 56 90125154170170155132106 86 78 84103129155173178166138102 63 32 141812 6SR 52917216471789999999999999911 4 782329 1299999999999999
 14 32 64102138164175170151125100 84 81 93115142165178174155121 82 44 181812 7SR 6 91761719178999999999999991142 81999999999999999999999
  7 16 41 78117150171176164142116 95 84 87104128153172177166139102 62 291812 8SR 646176175017799999999999999 0 3  71216 8499999999999999
 10  8 25 55 93131159173171155131107 91 86 96115140161173170152121 83 471812 9SR 721174182017499999999999999 035  71249 8699999999999999
 21 10 16 39 72109142163170162143120100 90 91105125148164169159135102 67181210SR 756170185116999999999999999 1 8  91323 8999999999999999
 37 19 16 29 55 89122148163163151131111 96 91 97113132150161159144119 87181211SR 831165192316299999999999999 140 151357 9199999999999999
 57 34 23 27 45 72103131150158154140122106 96 95103118135148153146130105181212SR 9 8158195815399999999999999 214 231436 9499999999999999
 77 53 37 33 41 60 86113135149152145132117104 97 97106118131140141133117181213SR 948152203814299999999999999 250 331523 9699999999999999
 95 73 55 45 45 55 74 96119136146146139127114103 97 98104114123129129122181214SR1035147213113099999999999999 330 441625 9799999999999999
109 92 75 62 55 57 67 84103121136143143137126113102 95 93 97104112118120181215SR1131144225012099999999999999 417 551747 9399999999999999
117107 95 82 71 66 67 76 90106123136143143137125111 98 87 83 85 92101111181216SR1232144999999999999999999999 518 661911 8399999999999999
116117112103 92 81 75 74 81 93109125139146146138124106 88 74 68 70 80 93181217SR 038118133014799999999999999 634 742015 6899999999999999
108119124123114102 89 80 78 83 95112130145152151139119 95 73 56 50 55 70181218SR 214125142015399999999999999 750 7721 3 5099999999999999
 90111128137135125110 94 82 78 84 98118138154160154136109 79 52 35 32 42181219SR 32213715 316099999999999999 855 782145 3199999999999999
 64 92120141151148135115 95 81 78 86103126149164167155129 95 59 30 14 16181220SR 416151154316899999999999999 949 772226 1399999999999999
 34 64100133156164158140116 94 79 78 89111137161174171152119 78 38  9 -3181221SR 5 41651622175999999999999991037 7723 7 -399999999999999
  5 31 69110146169174163141114 90 78 80 96121149171180171145105 60 19 -7181222SR 54917517 2180999999999999991122 772349-1599999999999999
-14  1 34 77121157178179163137109 87 78 84104132159179182167135 90 44  5181223SR 63418117431839999999999999912 6 78999999999999999999999
-17-18  4 42 88132165181178159131103 84 79 90112140166181179159123 78 33181224SR 719182182618299999999999999 032-201250 7999999999999999
 -2-18-13 13 53 98140169179172151123 98 83 82 95118145167177171148111 68181225SR 8 4179191017899999999999999 116-191335 8199999999999999
 28 -1-11 -1 26 66108145168173163141116 95 83 85 99120144162168160137102181226SR 850174195816899999999999999 2 1-111423 8299999999999999
 64 30  8  3 15 43 79116146163165153132110 92 83 86 98117137151155147126181227SR 936166205115699999999999999 248  21517 8399999999999999
 97 66 39 23 21 34 59 91122145157156144126106 90 82 84 94109125137141135181228SR1025159215414199999999999999 337 201620 8299999999999999
119 96 72 52 41 41 53 74100125143152150138121103 88 79 78 85 96110122128181229SR1117152231712899999999999999 430 391737 7799999999999999
126116101 83 68 59 59 68 85106126141148146135119100 84 72 68 72 82 95109181230SR1214148999999999999999999999 530 5819 1 6899999999999999
118122119109 96 83 74 73 79 93110128141148145134117 96 76 61 55 57 67 82181231SR 1 2122131514899999999999999 642 732016 5499999999999999
