 23 22 19 14  8  2 -3 -7 -8 -7 -2  4  9 14 16 17 16 14 13 12 12 14 17 2118 1 1T6 0 6 231447 1799999999999999 8 1 -81919 1299999999999999
 24 25 24 20 14  6  0 -6 -9-11 -8 -3  4 10 14 17 17 16 14 13 12 13 14 1818 1 2T6 055 251539 1799999999999999 853-112011 1299999999999999
 22 26 27 25 20 13  5 -2 -7-11-12 -9 -3  4 10 15 17 17 15 13 12 12 12 1418 1 3T6 147 271626 1799999999999999 945-1221 5 1299999999999999
 19 23 26 27 24 19 12  4 -3 -8-11-12 -8 -2  5 11 14 16 16 14 12 11 11 1118 1 4T6 241 271712 16999999999999991036-1222 5 1199999999999999
 14 18 22 25 25 23 17 10  3 -3 -8-10-10 -6  0  6 11 14 15 14 12 11 10 1018 1 5T6 335 251757 15999999999999991125-1123 7 1099999999999999
 10 13 17 20 23 23 20 15  9  3 -2 -6 -8 -7 -4  2  7 11 14 14 13 11 10  918 1 6T6 431 231843 14999999999999991214 -8999999999999999999999
  8  9 11 14 17 19 19 17 12  7  3 -1 -4 -5 -4 -1  4  8 11 13 13 12 11  918 1 7T6 527 191930 1399999999999999 012  813 0 -599999999999999
  8  7  7  9 11 14 15 15 13 10  6  3  0 -1 -2 -1  2  6  9 12 13 13 11 1018 1 8T6 628 152016 1399999999999999 120  71346 -299999999999999
  8  6  5  5  6  8 10 11 11 10  8  6  4  3  1  2  3  5  8 11 12 13 13 1118 1 9T6 739 1121 0 1399999999999999 238  51429  199999999999999
  9  7  5  3  3  3  4  6  7  8  8  7  6  5  5  4  5  6  7 10 12 13 13 1218 110T6 914  82140 1399999999999999 4 4  315 9  499999999999999
 11  8  6  3  1  0  1  2  4  5  7  7  7  7  7  7  7  7  8 10 11 13 14 1418 111T61149  72216 1499999999999999 521  01541  699999999999999
 12 10  7  4  1 -1 -2 -1  0  2  4  6  7  8  8  8  8  8  9 10 11 13 15 1518 112T62250 15999999999999999999999 618 -2999999999999999999999
 14 12  9  6  2 -1 -3 -3 -3 -1  2  5  7  8  9  9  9  9  9 10 11 13 15 1618 113T62325 16999999999999999999999 7 0 -3999999999999999999999
 16 14 11  8  4  0 -3 -5 -5 -3  0  3  6  8  9 10  9  9  9 10 11 12 14 1618 114T69999999999999999999999999999 735 -5999999999999999999999
 17 16 14 10  6  1 -2 -5 -6 -6 -3  1  4  7  9 10 10  9  9  9 10 11 13 1618 115T6 0 1 171515 1099999999999999 8 8 -61811  999999999999999
 17 17 16 13  9  4 -1 -5 -7 -7 -6 -2  2  6  9 10 10  9  9  8  9 10 12 1418 116T6 039 181535 1099999999999999 840 -71853  899999999999999
 17 18 18 15 12  6  1 -4 -7 -8 -8 -5 -1  4  7  9 10 10  8  8  8  8 10 1218 117T6 117 181559 1099999999999999 914 -81934  799999999999999
 15 17 18 17 14  9  4 -2 -6 -9 -9 -8 -4  1  5  8 10 10  8  7  7  7  8 1018 118T6 155 181627 1099999999999999 948 -92014  799999999999999
 13 16 18 18 16 12  7  1 -4 -8 -9 -9 -6 -2  3  6  9  9  9  7  6  6  6  718 119T6 232 181655  9999999999999991023-102056  699999999999999
 10 13 16 17 16 14  9  4 -2 -6 -8-10 -8 -5  0  4  7  9  9  7  6  5  5  518 120T6 3 9 171726  9999999999999991058-102145  599999999999999
  7 10 13 15 15 14 11  6  1 -3 -7 -9 -9 -6 -2  2  6  8  9  8  6  5  4  418 121T6 348 151757  9999999999999991133 -92249  499999999999999
  5  6  9 12 13 13 11  8  4 -1 -4 -6 -7 -7 -4  0  4  7  8  8  7  5  4  318 122T6 430 131829  99999999999999912 7 -7999999999999999999999
  3  4  5  8 10 11 11  9  6  2 -1 -4 -5 -5 -4 -1  3  6  8  9  8  6  5  318 123T6 520 1119 2  999999999999999 0 0  31241 -599999999999999
  2  2  2  4  6  8  9  8  7  4  2 -1 -2 -3 -3 -1  2  5  8  9  9  8  6  418 124T6 623  91937  999999999999999 1 9  21315 -399999999999999
  2  1  0  0  1  3  5  6  7  6  4  2  1  0  0  1  2  5  7  9 11 10  9  618 125T6 747  72017 1199999999999999 222  01352  099999999999999
  3  1 -1 -2 -3 -2  0  2  4  6  6  5  4  3  3  3  3  5  7  9 11 12 11  918 126T6 934  621 3 1299999999999999 340 -31438  399999999999999
  6  3  0 -3 -5 -6 -5 -3  0  3  5  6  7  6  6  5  5  6  7  9 11 13 14 1318 127T61144  72155 1499999999999999 456 -61543  599999999999999
 10  7  2 -2 -5 -8 -9 -8 -5 -1  3  6  8  8  8  8  7  7  7  8 11 13 16 1618 128T61318  82251 1699999999999999 6 3 -91658  799999999999999
 15 12  7  2 -3 -8-11-12-11 -7 -2  3  7  9 10  9  8  8  7  8  9 12 15 1818 129T614 9 102349 1899999999999999 7 2-1218 5  799999999999999
 18 17 13  8  1 -5-10-13-14-12 -8 -2  3  8 10 11 10  8  7  7  7  9 12 1618 130T61449 11999999999999999999999 756-1419 4  799999999999999
 19 20 18 14  8  1 -6-11-15-16-13 -8 -1  5  9 11 11  9  7  6  6  6  8 1318 131T6 047 201526 1199999999999999 848-1620 2  699999999999999
 17 20 21 19 14  7 -1 -7-12-16-16-13 -7  0  6  9 11 10  8  6  4  4  5  818 2 1T6 144 2116 3 1199999999999999 936-1621 0  499999999999999
 12 17 20 21 18 13  6 -2 -8-13-15-15-11 -4  2  7 10 10  8  6  4  3  2  318 2 2T6 239 211640 10999999999999991023-162158  299999999999999
  7 12 16 19 19 16 11  4 -3 -8-12-14-12 -8 -2  4  8 10  9  7  4  2  1  018 2 3T6 334 191716 109999999999999911 6-142255  099999999999999
  2  5 10 14 16 16 13  8  2 -3 -7-10-11 -9 -4  1  6  9  9  8  6  3  1  018 2 4T6 427 171753  9999999999999991147-112352 -199999999999999
 -1  1  4  8 11 13 12 10  5  1 -3 -6 -7 -7 -5 -1  4  7  9  9  7  5  2  018 2 5T6 520 131830  9999999999999991226 -8999999999999999999999
 -1 -2 -1  2  5  7  9  8  6  3  0 -2 -3 -4 -3 -1  2  6  8  9  8  6  4  218 2 6T6 616  919 6  999999999999999 051 -21259 -499999999999999
  0 -2 -3 -2  0  2  4  5  5  3  2  1  0 -1 -1  1  3  5  7  8  9  8  6  318 2 7T6 721  51943  999999999999999 156 -31323 -199999999999999
  1 -1 -3 -4 -3 -2 -1  1  2  2  2  2  2  2  2  2  3  5  6  8  9  8  7  518 2 8T6 859  22021  999999999999999 312 -413 0  299999999999999
  3  1 -2 -4 -5 -5 -4 -3 -1  0  1  2  2  3  3  4  4  5  6  7  8  9  8  718 2 9T621 5  9999999999999999999999 438 -5999999999999999999999
  5  3  0 -3 -5 -6 -6 -6 -4 -2  0  1  3  4  4  4  5  5  6  7  8  9  9  918 210T62155  9999999999999999999999 546 -6999999999999999999999
  7  5  2 -1 -4 -6 -8 -8 -7 -4 -2  1  2  4  4  5  5  5  6  6  7  9 10 1018 211T62248 10999999999999999999999 634 -8999999999999999999999
  9  7  4  1 -3 -6 -8 -9 -9 -7 -4 -1  2  4  5  5  5  5  5  5  6  8  9 1118 212T62338 11999999999999999999999 712 -9999999999999999999999
 11 10  7  4 -1 -5 -8-10-10 -9 -6 -3  1  3  5  5  5  4  4  4  5  6  8 1018 213T61457  5999999999999999999999 747-101810  499999999999999
 12 12 10  7  2 -2 -7-10-12-11 -9 -5 -1  2  5  5  5  4  3  3  3  4  6  918 214T6 024 1215 9  599999999999999 821-121858  399999999999999
 11 13 12  9  5  0 -5 -9-12-13-11 -8 -3  1  4  5  5  4  3  2  1  2  4  718 215T6 1 7 131527  599999999999999 854-131943  199999999999999
 10 12 13 11  8  3 -2 -7-11-13-13-10 -6 -1  3  5  5  4  3  1  0  0  1  418 216T6 148 131549  599999999999999 928-132029  099999999999999
  7 11 13 12 10  6  1 -5 -9-12-13-12 -8 -3  1  4  6  5  3  1 -1 -1 -1  118 217T6 227 131612  69999999999999910 1-132116 -199999999999999
  4  8 11 12 11  8  4 -2 -6-10-12-12-10 -5  0  3  5  6  4  1 -1 -2 -3 -218 218T6 3 7 121637  6999999999999991034-1222 6 -399999999999999
  0  4  8 10 11 10  6  1 -4 -7-10-11-10 -7 -2  2  5  6  5  3  0 -2 -3 -418 219T6 350 1117 4  69999999999999911 6-112258 -499999999999999
 -3  0  3  7  9  9  7  4 -1 -4 -7 -9 -9 -7 -3  1  5  6  6  5  2 -1 -3 -518 220T6 437  91732  7999999999999991138 -92353 -599999999999999
 -5 -4 -1  2  5  7  7  5  2 -1 -4 -5 -6 -6 -3  0  4  6  7  6  4  1 -2 -418 221T6 531  718 3  79999999999999912 9 -6999999999999999999999
 -6 -6 -5 -3  1  3  5  5  4  1 -1 -2 -3 -3 -2  0  3  6  8  8  6  3  0 -318 222T6 637  51838  899999999999999 051 -61239 -399999999999999
 -5 -7 -8 -7 -4 -2  1  3  3  3  2  1  0  0  0  1  3  5  7  9  8  7  4  018 223T6 8 1  31922  999999999999999 156 -813 7  099999999999999
 -3 -6 -8 -9 -8 -7 -4 -2  1  2  3  3  3  2  2  3  4  5  7  9 10  9  7  418 224T62018 10999999999999999999999 312 -9999999999999999999999
  1 -3 -6 -9-10-11 -9 -7 -3  0  2  3  4  4  4  4  4  5  6  8  9 11 11  918 225T62125 11999999999999999999999 436-11999999999999999999999
  6  2 -3 -7-10-12-13-12 -9 -5 -1  3  5  5  6  5  5  4  5  6  8 10 12 1218 226T61339  62236 1299999999999999 550-1317 2  499999999999999
 11  7  3 -2 -7-11-14-15-13 -9 -5  0  4  6  6  6  5  4  3  4  5  8 11 1318 227T614 1  62343 1499999999999999 653-151815  399999999999999
 14 12  9  3 -2 -8-12-15-16-14 -9 -3  2  5  7  7  5  4  2  2  2  4  8 1218 228T61426  7999999999999999999999 746-161914  299999999999999
 15 15 14  9  4 -3 -9-13-16-16-13 -8 -2  3  6  7  6  4  2  0 -1  0  3  718 3 1T6 046 151454  799999999999999 835-1620 8 -199999999999999
 12 15 16 14  9  3 -4 -9-13-16-15-11 -5  1  5  7  7  5  2 -1 -2 -3 -2  218 3 2T6 144 161524  899999999999999 919-1621 0 -399999999999999
  7 12 15 15 13  8  2 -4 -9-13-14-13 -8 -2  3  7  8  6  3  0 -3 -4 -5 -318 3 3T6 240 161556  89999999999999910 1-142151 -599999999999999
  1  6 11 14 14 11  6  0 -5 -9-11-12 -9 -4  1  6  8  8  5  1 -2 -4 -6 -618 3 4T6 333 141627  8999999999999991039-122240 -799999999999999
 -4  0  5  9 11 11  8  4 -1 -5 -7 -9 -8 -5  0  4  7  8  7  4  0 -3 -6 -718 3 5T6 424 121658  8999999999999991114 -92329 -799999999999999
 -7 -5 -1  4  7  8  8  5  2 -1 -4 -5 -6 -4 -1  3  6  8  8  6  2 -1 -4 -618 3 6T6 515  91728  8999999999999991145 -6999999999999999999999
 -8 -7 -5 -1  2  4  5  5  3  1 -1 -2 -3 -2  0  3  5  7  8  7  4  1 -2 -518 3 7T6 6 9  51755  899999999999999 019 -812 7 -399999999999999
 -7 -8 -7 -5 -3  0  2  2  2  1  0  0  0  0  1  3  5  6  7  7  5  3  0 -218 3 8T6 712  31821  799999999999999 111 -81158  099999999999999
 -5 -7 -8 -7 -6 -4 -2  0  0  1  1  1  1  2  2  3  5  6  7  7  6  5  2  018 3 9T61851  7999999999999999999999 211 -8999999999999999999999
 -3 -5 -7 -8 -8 -7 -5 -3 -2 -1  0  1  2  3  3  4  5  5  6  6  6  6  4  218 310T61935  6999999999999999999999 324 -8999999999999999999999
  0 -3 -5 -7 -8 -8 -8 -6 -4 -2  0  1  2  3  3  4  4  5  5  5  6  6  6  418 311T62047  6999999999999999999999 444 -8999999999999999999999
  2  0 -3 -6 -8 -9 -9 -8 -7 -4 -2  1  2  3  3  4  3  4  4  4  5  6  6  618 312T622 8  6999999999999999999999 545 -9999999999999999999999
  5  3  0 -3 -6 -9-10-10 -9 -6 -3  0  2  3  4  3  3  2  2  3  4  5  6  718 313T614 6  42315  799999999999999 632-101741  299999999999999
  7  5  3 -1 -4 -8-10-11-11 -8 -5 -2  1  3  4  3  2  1  1  1  2  3  5  718 314T614 9  4999999999999999999999 711-111831  199999999999999
  8  8  6  2 -2 -6 -9-11-12-10 -7 -3  0  3  4  4  3  1  0 -1 -1  1  3  618 315T6 0 9  81420  499999999999999 748-121913 -199999999999999
  8  9  8  6  2 -3 -7-10-12-12 -9 -5 -1  3  4  4  3  1 -1 -2 -3 -2  0  418 316T6 056  91436  599999999999999 822-121954 -399999999999999
  7  9 10  8  5  0 -5 -8-11-12-11 -7 -2  2  4  5  4  2 -1 -3 -4 -4 -3  018 317T6 140 101455  599999999999999 856-122036 -599999999999999
  5  8 10 10  8  3 -1 -6 -9-11-11 -8 -4  1  5  6  6  3  0 -3 -5 -6 -6 -418 318T6 224 101517  699999999999999 929-112119 -699999999999999
  1  5  9 10  9  7  2 -3 -6 -9-10 -9 -5  0  4  7  7  5  2 -2 -5 -7 -8 -718 319T6 3 9 101541  79999999999999910 2-1022 4 -899999999999999
 -4  1  6  9 10  8  5  1 -3 -6 -7 -7 -5 -1  4  7  8  7  4  0 -4 -7 -9-1018 320T6 357 1016 7  8999999999999991036 -82251-1099999999999999
 -8 -4  1  5  8  9  7  4  0 -2 -4 -5 -4 -1  3  7  9  9  7  3 -2 -6 -8-1018 321T6 450  91636  99999999999999911 9 -52342-1199999999999999
-10 -9 -4  0  4  6  7  6  3  1 -1 -2 -2  0  2  6  8 10  9  6  2 -2 -6 -918 322T6 549  717 9 10999999999999991142 -2999999999999999999999
-11-11 -9 -5 -1  2  4  5  5  3  2  1  1  1  3  5  8  9 10  9  6  2 -3 -618 323T6 658  51749 1099999999999999 037-111214  199999999999999
 -9-11-11-10 -7 -3  0  3  4  4  4  4  4  3  4  5  7  9 10 10  9  6  2 -218 324T6 836  41840 1099999999999999 139-111250  399999999999999
 -6 -9-11-11-10 -8 -5 -2  1  3  4  5  5  5  5  5  6  7  8 10 10  9  6  318 325T61947 10999999999999999999999 252-11999999999999999999999
 -1 -5 -8-11-12-11 -9 -6 -3  1  3  5  6  6  6  5  5  5  6  8  9 10 10  818 326T61256  621 9 1099999999999999 416-1216 5  599999999999999
  4  1 -4 -7-10-12-12-10 -7 -3  1  4  6  7  6  5  4  4  4  5  7  9 11 1118 327T613 6  72231 1199999999999999 533-121733  499999999999999
  9  6  2 -3 -7-10-12-12-10 -6 -1  3  6  7  7  5  4  2  2  2  3  6  9 1118 328T61322  72344 1299999999999999 635-131832  199999999999999
 12 10  7  3 -2 -7-10-12-12 -9 -4  1  5  7  7  6  4  2  0 -1 -1  1  5  918 329T61344  8999999999999999999999 726-121921 -199999999999999
 12 13 11  8  3 -2 -7-10-11-11 -7 -1  4  7  8  8  5  2 -1 -3 -4 -3  0  518 330T6 048 1314 9  899999999999999 811-1220 8 -499999999999999
 10 13 13 12  8  3 -2 -6 -9-10 -8 -3  2  6  9  9  7  3 -1 -4 -6 -6 -5 -118 331T6 147 131436  999999999999999 852-102054 -699999999999999
  5 10 13 13 11  7  2 -2 -5 -7 -7 -4  1  5  9 10  9  6  1 -3 -6 -8 -8 -518 4 1T6 241 1315 4 1099999999999999 930 -82138 -899999999999999
 -1  5  9 12 12 10  5  1 -2 -4 -5 -4  0  4  8 11 11  8  4 -1 -5 -7 -9 -918 4 2T6 333 121532 119999999999999910 4 -52221 -999999999999999
 -5  0  5  8 10 10  8  4  1 -1 -2 -2  0  4  8 10 11 10  7  2 -2 -6 -8 -918 4 3T6 423 111559 11999999999999991033 -223 3 -999999999999999
 -8 -5  0  4  7  9  8  6  4  2  1  1  1  4  7 10 11 11  9  5  0 -4 -7 -918 4 4T6 512  91623 11999999999999991054  12345 -999999999999999
 -9 -7 -4  0  3  6  7  6  5  4  3  3  3  5  7  9 10 11 10  7  3 -1 -4 -718 4 5T6 6 5  71644 11999999999999991054  3999999999999999999999
 -8 -8 -6 -4  0  2  4  5  5  4  4  4  5  5  7  8 10 10 10  8  5  2 -2 -418 4 6T6 710  517 3 1099999999999999 029 -8 952  499999999999999
 -7 -8 -7 -6 -3 -1  1  3  4  4  4  5  5  6  7  8  9  9  9  8  7  4  1 -218 4 7T61724  9999999999999999999999 116 -8999999999999999999999
 -4 -6 -7 -7 -5 -4 -1  1  2  4  4  5  6  6  7  7  8  8  8  8  7  6  3  118 4 8T61758  8999999999999999999999 213 -7999999999999999999999
 -1 -4 -6 -7 -6 -5 -4 -2  1  2  4  5  6  6  6  6  7  7  7  7  7  7  5  418 4 9T61928  7999999999999999999999 323 -7999999999999999999999
  1 -1 -4 -5 -6 -7 -6 -4 -1  1  3  5  6  6  6  6  5  5  5  6  6  7  7  618 410T613 5  62120  799999999999999 435 -717 6  599999999999999
  4  2 -1 -3 -6 -7 -7 -6 -3  0  2  5  6  6  6  5  4  4  3  4  5  6  7  718 411T613 1  62244  799999999999999 534 -71755  399999999999999
  7  5  2 -1 -4 -6 -7 -7 -5 -2  1  4  6  7  7  5  4  2  2  1  2  4  7  818 412T613 6  72347  899999999999999 620 -71832  199999999999999
  8  8  5  2 -1 -4 -6 -7 -6 -3  0  4  7  8  7  6  4  2  0 -1  0  2  5  818 413T61318  8999999999999999999999 7 0 -719 7 -199999999999999
  9 10  8  6  2 -1 -4 -6 -6 -4 -1  3  7  9  9  7  4  1 -1 -3 -3 -2  2  618 414T6 041 101334  999999999999999 738 -61945 -399999999999999
  9 11 11  9  6  2 -1 -4 -5 -5 -2  3  7 10 10  9  6  2 -1 -4 -5 -5 -2  218 415T6 131 111354 1099999999999999 814 -52024 -599999999999999
  7 10 12 12  9  6  2 -1 -3 -3 -2  2  7 10 12 12  9  5  0 -4 -6 -7 -6 -318 416T6 221 121417 1299999999999999 849 -321 7 -799999999999999
  3  8 11 13 12 10  6  2  0 -1 -1  2  6 10 13 14 12  8  3 -2 -6 -8 -9 -718 417T6 312 131445 1499999999999999 925 -12152 -999999999999999
 -3  3  8 12 13 12  9  6  4  2  1  2  5 10 14 15 15 12  7  1 -4 -8-10-1018 418T6 4 6 131516 159999999999999910 1  12240-1199999999999999
 -8 -3  3  8 11 12 12  9  7  5  4  4  6  9 13 16 16 15 11  6  0 -5 -9-1118 419T6 5 3 121551 16999999999999991038  42331-1199999999999999
-11 -8 -3  3  7 10 11 11  9  8  7  7  7  9 12 15 16 16 14 10  5 -1 -5 -818 420T6 6 5 111631 17999999999999991117  7999999999999999999999
-11-10 -8 -3  2  6  9 10 10  9  9  9  9  9 11 13 15 16 16 14 10  5  0 -418 421T6 720 101718 1699999999999999 026-1112 3  999999999999999
 -8-10 -9 -7 -3  1  5  8  9 10 10 10 10 10 10 11 13 14 15 15 13  9  5  118 422T61818 15999999999999999999999 127-10999999999999999999999
 -3 -6 -8 -8 -7 -4  0  4  7  9 10 11 11 11 10 10 10 11 13 14 14 13 10  618 423T61142 111935 1499999999999999 236 -91446 1099999999999999
  2 -1 -5 -7 -7 -6 -4  0  4  7 10 11 11 11 10  9  8  8  9 11 13 13 13 1118 424T61158 1121 4 1399999999999999 353 -71628  899999999999999
  8  4  0 -3 -5 -6 -6 -3  1  5  9 11 12 11 10  9  7  6  6  7  9 12 13 1318 425T61213 122231 1399999999999999 5 6 -61738  699999999999999
 12  9  5  2 -2 -4 -5 -4 -1  3  7 10 12 12 11  9  6  4  3  3  5  8 11 1318 426T61231 122347 1499999999999999 6 6 -51831  399999999999999
 14 12 10  6  3  0 -2 -3 -2  1  6 10 13 13 12 10  7  4  1  0  1  3  7 1118 427T61253 13999999999999999999999 655 -31917  099999999999999
 14 14 13 10  7  4  1 -1 -1  1  5 10 13 15 14 12  8  4  1 -1 -2 -1  3  718 428T6 052 141318 1599999999999999 738 -120 0 -299999999999999
 12 14 15 14 11  7  4  2  1  2  5  9 13 16 16 14 11  6  2 -1 -3 -4 -2  318 429T6 151 151344 1699999999999999 815  12042 -499999999999999
  8 12 15 15 13 11  8  6  4  4  5  8 13 16 17 17 14  9  4  0 -3 -5 -5 -118 430T6 244 151410 1799999999999999 847  42121 -599999999999999
  3  9 12 15 15 13 10  8  7  6  7  9 12 16 18 18 16 12  7  2 -2 -5 -6 -418 5 1T6 334 151436 1899999999999999 914  62159 -699999999999999
  0  5  9 13 14 14 12 10  9  8  8  9 12 15 18 19 18 15 10  5  0 -3 -5 -518 5 2T6 421 1415 1 1999999999999999 930  82237 -599999999999999
 -3  1  6 10 13 14 13 12 11 10 10 11 12 15 17 19 18 17 13  8  3 -1 -4 -518 5 3T6 5 9 141525 1999999999999999 927 102315 -599999999999999
 -4 -2  2  6 10 12 13 12 11 11 11 12 13 14 16 18 18 17 15 11  6  2 -1 -318 5 4T6 6 0 131548 1899999999999999 915 112354 -499999999999999
 -4 -3  0  3  7 10 11 12 12 11 12 12 13 14 15 17 17 17 16 13  9  5  2 -118 5 5T61611 179999999999999999999999999999999999999999999999999
 -3 -3 -2  1  4  7  9 11 11 12 12 12 13 13 14 15 16 16 16 14 11  8  4  218 5 6T61638 16999999999999999999999 036 -3999999999999999999999
 -1 -2 -2  0  2  4  7  9 11 11 12 12 13 13 13 14 15 15 15 14 12 10  7  418 5 7T61716 15999999999999999999999 125 -2999999999999999999999
  2  0 -1 -1  0  2  5  7  9 11 12 13 13 13 12 12 13 13 13 13 13 11 10  718 5 8T61836 13999999999999999999999 221 -1999999999999999999999
  5  3  1  0  0  1  3  6  8 10 12 13 13 13 12 11 11 11 11 12 12 12 11 1018 5 9T61147 132027 1299999999999999 323  01640 1199999999999999
  8  6  3  2  1  1  2  4  7 10 12 13 14 13 12 11  9  9  9 10 11 12 12 1218 510T61147 1422 5 1299999999999999 424  11730  999999999999999
 11  9  6  4  2  1  2  3  6  9 12 14 15 14 12 10  8  7  6  7  8 11 12 1318 511T61155 152320 1499999999999999 516  118 8  699999999999999
 13 12 10  7  5  3  3  3  6  9 12 15 16 16 14 11  8  6  4  4  5  8 11 1418 512T612 9 16999999999999999999999 6 2  31845  499999999999999
 15 15 13 11  8  6  5  4  6  9 12 16 18 18 16 13  9  5  3  1  2  4  8 1218 513T6 024 151230 1899999999999999 643  41923  199999999999999
 15 17 17 15 12 10  8  6  7  9 12 16 19 20 19 16 11  7  3  0 -1  0  3  818 514T6 123 171255 2099999999999999 723  620 5 -199999999999999
 13 17 19 18 16 13 11  9  9  9 12 16 20 23 22 20 15 10  4  0 -3 -4 -2  318 515T6 220 191325 2399999999999999 8 2  92050 -499999999999999
  9 15 18 20 19 17 14 12 11 11 12 16 20 24 25 24 20 14  8  2 -2 -5 -5 -218 516T6 316 2014 0 2599999999999999 841 112138 -599999999999999
  3 10 15 19 20 20 18 15 14 13 14 15 19 23 26 26 24 20 13  6  1 -3 -6 -618 517T6 412 201440 2699999999999999 922 132229 -699999999999999
 -2  4 10 15 19 20 20 18 16 16 15 16 18 22 25 27 27 24 19 12  6  0 -4 -618 518T6 510 201523 279999999999999910 5 152322 -699999999999999
 -5 -2  4 10 15 18 20 19 18 17 17 17 17 20 23 26 27 26 23 18 12  6  1 -318 519T6 613 201612 27999999999999991055 17999999999999999999999
 -5 -4 -1  4 10 14 17 19 19 18 18 18 18 18 20 22 25 26 25 22 17 12  7  218 520T6 727 1917 8 2699999999999999 017 -512 0 1899999999999999
 -1 -3 -2  1  5 10 14 17 18 19 19 19 18 18 18 19 21 23 24 23 21 17 13  818 521T6 911 191814 2499999999999999 116 -31317 1899999999999999
  4  1 -1  0  2  6 10 14 17 19 19 19 18 17 17 16 17 18 20 21 21 20 17 1318 522T61019 191932 2299999999999999 219 -11448 1699999999999999
 10  6  4  2  2  4  7 11 15 18 19 20 19 18 16 15 14 14 16 17 19 20 19 1718 523T61049 2021 1 2099999999999999 326  21616 1499999999999999
 14 11  8  6  5  5  6  9 13 17 19 20 20 19 17 14 12 11 11 13 15 18 19 1918 524T61114 202231 1999999999999999 430  41726 1199999999999999
 18 16 13 10  8  7  7  9 12 16 19 21 21 20 18 15 12 10  8  9 11 14 17 1918 525T61138 222352 1999999999999999 527  71820  899999999999999
 19 18 17 14 12 11 10 10 12 16 19 22 23 22 20 16 13 10  7  6  7 10 13 1718 526T612 3 23999999999999999999999 613 1019 7  699999999999999
 19 20 19 18 16 14 13 12 13 16 19 23 24 24 22 19 15 11  7  5  4  6 10 1418 527T6 1 1 201228 2599999999999999 652 121948  499999999999999
 18 20 21 20 18 17 15 15 15 16 19 23 25 26 25 22 18 13  8  5  4  4  6 1018 528T6 159 211255 2699999999999999 721 152026  399999999999999
 15 19 21 21 20 19 18 17 17 17 20 23 26 27 27 25 21 16 11  7  4  3  4  718 529T6 250 211322 2799999999999999 740 1721 3  399999999999999
 12 17 20 22 22 21 19 18 18 19 20 22 25 28 28 27 24 19 14  9  5  3  3  518 530T6 335 221350 2899999999999999 747 182138  399999999999999
  9 14 18 21 22 22 21 20 19 20 20 22 25 27 29 28 26 22 17 12  7  4  3  318 531T6 418 221419 2999999999999999 758 192213  399999999999999
  6 11 15 19 21 22 21 20 20 20 21 22 24 26 28 29 28 25 20 15 10  6  4  318 6 1T6 5 1 221448 2999999999999999 816 202249  399999999999999
  5  8 12 16 19 21 22 21 20 20 21 22 23 25 27 28 28 26 23 18 13  9  6  418 6 2T6 546 221518 2899999999999999 835 202328  499999999999999
  4  6 10 14 17 20 21 21 21 20 21 21 22 24 26 27 27 26 24 20 16 12  8  618 6 3T61550 279999999999999999999999999999999999999999999999999
  5  6  8 11 15 18 20 21 21 21 21 21 21 22 24 25 26 26 24 22 19 15 11  818 6 4T61625 26999999999999999999999 0 8  5999999999999999999999
  7  6  7  9 12 15 18 20 21 21 21 21 21 21 22 23 24 24 24 23 20 17 14 1118 6 5T61710 24999999999999999999999 051  6999999999999999999999
  9  8  7  9 11 14 16 19 20 21 21 21 21 21 20 21 21 22 22 22 21 19 17 1418 6 6T610 0 211817 2299999999999999 136  71354 2099999999999999
 12 10  9  9 10 13 15 18 20 22 22 22 21 20 19 19 19 19 20 21 21 20 19 1718 6 7T610 7 221949 2199999999999999 225  91536 1999999999999999
 15 13 11 11 11 12 14 17 20 22 23 23 22 21 19 18 17 17 17 18 20 21 21 2018 6 8T61022 232128 2199999999999999 317 111643 1799999999999999
 18 16 14 13 13 13 14 17 20 23 24 25 24 22 19 17 15 14 14 15 17 20 21 2218 6 9T61041 252256 2299999999999999 4 9 131731 1499999999999999
 21 20 18 16 15 15 15 17 20 23 26 27 26 24 21 18 15 12 11 12 14 17 20 2318 610T611 5 27999999999999999999999 459 151815 1199999999999999
 24 23 22 20 18 17 17 18 20 24 27 29 29 27 24 20 15 12  9  8  9 13 17 2118 611T6 013 241134 2999999999999999 546 1719 0  899999999999999
 24 26 25 24 22 20 20 20 21 24 27 31 32 31 28 24 18 13  9  6  6  8 12 1818 612T6 120 2612 9 3299999999999999 629 191947  699999999999999
 23 26 27 27 26 24 22 22 22 24 27 31 34 35 33 29 23 17 11  7  4  4  7 1218 613T6 221 281248 3599999999999999 712 222036  499999999999999
 18 24 27 29 28 27 25 24 24 24 26 30 34 37 37 34 29 23 16  9  5  2  3  618 614T6 318 291332 3799999999999999 754 242128  299999999999999
 12 19 24 28 30 29 27 26 25 25 26 28 32 36 38 38 35 29 22 15  9  4  2  218 615T6 412 301420 3999999999999999 838 252220  299999999999999
  6 13 19 25 28 29 29 27 26 26 26 27 29 33 37 39 38 35 29 21 14  9  4  218 616T6 5 6 301512 3999999999999999 932 262313  299999999999999
  3  8 14 20 25 28 29 28 27 26 26 26 27 30 33 36 38 37 33 28 21 15 10  618 617T6 6 1 2916 8 38999999999999991040 26999999999999999999999
  4  5  9 15 20 25 28 28 28 27 26 26 25 26 29 32 35 36 35 32 27 21 16 1118 618T6 658 2817 8 3699999999999999 0 7  41153 2599999999999999
  8  7  8 12 16 21 25 28 28 28 27 26 25 24 25 27 29 32 33 32 30 26 21 1718 619T6 757 281814 3399999999999999 1 1  713 8 2499999999999999
 14 11 10 11 14 18 22 26 28 28 28 27 26 24 23 23 24 26 28 30 30 28 25 2218 620T6 852 281929 3099999999999999 156 101428 2399999999999999
 19 16 14 13 15 17 21 24 27 29 29 28 27 25 23 21 21 21 23 25 27 27 27 2518 621T6 938 292056 2799999999999999 252 131552 2199999999999999
 23 21 19 17 17 18 20 23 27 29 30 30 28 26 24 21 19 18 19 20 23 25 26 2618 622T61015 302234 2699999999999999 348 1717 6 1899999999999999
 25 24 23 21 20 20 21 23 26 29 31 31 30 28 25 22 19 17 16 17 19 21 24 2618 623T61047 32999999999999999999999 439 2018 6 1699999999999999
 26 26 25 24 23 23 23 24 26 29 32 33 33 31 28 24 20 17 15 14 15 18 21 2418 624T6 011 261116 3399999999999999 522 231853 1499999999999999
 26 27 27 27 26 25 25 26 27 29 32 34 34 33 30 27 22 18 15 13 13 15 19 2218 625T6 127 271145 3599999999999999 551 251934 1399999999999999
 25 27 28 28 28 27 27 27 28 30 32 35 36 35 33 30 25 20 17 14 12 13 16 2018 626T6 221 281215 3699999999999999 6 5 272010 1299999999999999
 24 27 29 29 29 28 28 28 28 30 32 35 37 37 36 33 28 23 19 15 13 12 14 1718 627T6 3 0 291247 3799999999999999 620 282044 1299999999999999
 22 26 28 30 30 29 28 28 29 30 31 34 36 38 38 35 32 27 21 17 13 12 12 1518 628T6 334 301321 3899999999999999 647 282118 1299999999999999
 19 24 27 30 30 30 29 28 29 29 31 33 36 38 38 37 34 30 24 19 15 13 12 1318 629T6 4 7 301355 3899999999999999 718 282153 1299999999999999
 17 21 25 28 30 30 30 29 28 29 30 32 34 37 38 38 36 33 28 22 18 14 12 1218 630T6 441 301430 3899999999999999 751 282229 1299999999999999
 15 18 23 26 29 30 30 29 28 28 29 30 32 35 37 38 37 35 31 25 21 16 14 1318 7 1T6 516 3015 5 3899999999999999 826 2823 6 1399999999999999
 13 16 20 24 27 29 30 29 28 28 28 29 30 32 35 36 36 35 32 28 23 19 16 1418 7 2T6 554 301542 3799999999999999 9 3 282343 1399999999999999
 14 15 18 22 25 28 29 29 29 28 28 28 29 30 32 34 35 35 33 30 26 22 19 1618 7 3T6 634 301621 3599999999999999 955 28999999999999999999999
 15 15 17 20 24 27 29 30 29 29 28 28 28 28 29 31 32 33 33 31 28 25 21 1918 7 4T6 714 3017 7 3399999999999999 021 151145 2899999999999999
 17 16 17 19 23 26 28 30 30 30 29 28 27 27 27 28 29 31 31 31 29 27 24 2218 7 5T6 752 3018 8 3199999999999999 059 161318 2799999999999999
 20 19 19 20 22 25 28 30 31 31 30 29 28 27 26 26 26 28 29 30 30 29 27 2518 7 6T6 827 311930 3099999999999999 139 181439 2699999999999999
 23 22 21 21 22 25 27 30 32 32 32 30 29 27 25 24 23 24 26 27 29 29 29 2818 7 7T6 9 0 3221 7 2999999999999999 221 211551 2399999999999999
 26 25 24 24 24 25 27 30 33 34 34 33 31 28 25 23 21 21 22 24 26 28 30 3018 7 8T6 934 342248 3099999999999999 3 9 241653 2199999999999999
 30 29 27 27 26 27 28 30 33 36 37 36 34 31 27 23 20 19 18 19 22 26 29 3118 7 9T61010 37999999999999999999999 4 2 261748 1899999999999999
 32 32 31 30 29 29 29 31 33 36 39 39 38 35 31 26 21 18 16 15 17 21 26 3018 710T6 016 321052 3999999999999999 456 291841 1599999999999999
 33 34 34 33 32 31 31 31 33 36 39 42 42 40 36 31 25 19 15 13 13 16 20 2618 711T6 126 341137 4299999999999999 547 301933 1399999999999999
 31 34 35 35 34 33 32 32 33 35 39 42 45 44 42 37 30 24 18 13 11 11 15 2018 712T6 223 361227 4599999999999999 634 322026 1199999999999999
 27 32 35 37 36 35 33 32 33 34 36 40 44 47 46 43 37 30 23 17 12 10 10 1518 713T6 313 371319 4799999999999999 722 322119 1099999999999999
 21 28 33 36 37 36 34 33 32 33 34 37 42 46 48 47 43 37 30 22 16 12 10 1118 714T6 359 371413 4899999999999999 815 322211 1099999999999999
 16 22 29 33 36 37 35 34 32 32 32 33 37 42 46 47 47 43 36 29 22 17 13 1118 715T6 444 371510 4799999999999999 921 3223 1 1199999999999999
 13 18 24 30 34 36 36 35 33 32 31 31 33 36 41 44 46 45 41 35 28 23 18 1418 716T6 529 3616 8 46999999999999991033 312351 1399999999999999
 13 15 20 26 31 34 36 36 34 32 31 30 30 31 35 39 42 43 42 39 34 28 24 2018 717T6 613 3617 7 43999999999999991141 30999999999999999999999
 17 17 19 23 28 32 35 36 35 34 32 30 29 28 30 33 36 38 39 39 36 32 29 2518 718T6 659 361811 4099999999999999 039 161250 2899999999999999
 22 20 21 23 26 30 34 36 36 35 33 32 30 28 27 28 30 32 35 36 36 34 32 2918 719T6 745 361923 3699999999999999 126 2014 2 2799999999999999
 27 25 24 25 27 29 33 35 37 37 35 34 31 29 27 26 26 27 29 31 33 33 33 3218 720T6 830 372053 3399999999999999 213 241522 2599999999999999
 30 29 28 28 28 30 32 35 37 38 37 36 34 31 28 26 24 24 25 27 29 31 32 3218 721T6 914 3823 7 3299999999999999 3 0 281641 2499999999999999
 32 32 31 31 31 31 32 34 37 38 39 38 36 33 30 27 24 23 22 23 25 28 30 3218 722T6 955 39999999999999999999999 345 311746 2299999999999999
 33 33 33 33 33 33 33 35 36 38 40 40 38 36 33 29 26 23 21 21 23 25 28 3118 723T6 121 331033 4099999999999999 423 331836 2199999999999999
 33 34 34 34 34 34 34 35 36 38 40 41 41 39 36 32 28 24 22 20 21 23 26 2918 724T61110 419999999999999999999991917 20999999999999999999999
 32 34 35 35 35 34 35 35 36 38 40 42 42 41 38 35 30 26 23 20 20 21 24 2818 725T6 240 351148 4299999999999999 517 341952 2099999999999999
 31 34 35 36 35 35 34 35 36 37 39 42 43 43 41 38 33 28 24 21 19 19 22 2518 726T6 255 361226 4399999999999999 553 342026 1999999999999999
 29 33 35 36 36 35 34 34 35 36 38 41 43 44 43 41 37 32 26 22 20 19 20 2318 727T6 315 3613 5 4499999999999999 632 342059 1999999999999999
 27 31 34 36 36 35 34 33 34 35 36 39 42 44 44 43 40 35 29 24 21 19 19 2118 728T6 339 361343 4499999999999999 711 332133 1899999999999999
 25 29 33 35 36 36 34 33 33 33 35 37 40 43 44 44 42 38 32 27 23 20 19 1918 729T6 4 6 361421 4499999999999999 751 3322 8 1999999999999999
 22 27 31 34 36 36 35 33 32 32 33 34 37 40 43 43 42 40 35 30 25 22 20 1918 730T6 434 361458 4399999999999999 833 322242 1999999999999999
 21 25 29 33 35 36 35 34 32 32 32 33 34 37 40 42 42 41 37 33 28 24 21 2018 731T6 5 4 361536 4299999999999999 922 322316 2099999999999999
 21 23 27 31 34 36 36 34 33 32 31 31 32 34 37 39 41 40 38 35 31 27 24 2218 8 1T6 534 361618 41999999999999991028 312350 2299999999999999
 22 23 26 30 33 35 36 35 34 32 31 31 31 31 33 36 38 39 38 36 33 29 27 2518 8 2T6 6 5 3617 6 39999999999999991141 30999999999999999999999
 24 24 26 29 32 35 36 37 35 34 32 31 30 30 30 32 34 36 37 36 35 32 30 2818 8 3T6 638 3718 8 3799999999999999 024 241249 3099999999999999
 27 26 27 29 32 34 37 37 37 35 33 31 30 29 28 29 30 32 34 35 35 34 32 3118 8 4T6 712 371927 3599999999999999 058 261358 2899999999999999
 30 29 29 30 32 34 37 38 39 38 36 33 31 29 27 26 27 28 30 32 34 35 34 3418 8 5T6 751 3921 8 3599999999999999 136 2915 9 2699999999999999
 33 32 32 32 33 34 37 39 40 40 39 36 33 30 28 25 24 24 26 28 31 34 35 3618 8 6T6 836 402310 3699999999999999 223 321622 2499999999999999
 35 35 35 34 34 35 37 39 41 42 42 40 37 34 30 26 23 22 22 24 27 30 34 3618 8 7T6 927 42999999999999999999999 324 341728 2299999999999999
 37 37 37 36 36 36 37 38 41 43 45 44 42 39 34 29 25 21 19 19 22 26 30 3518 8 8T6 042 371023 4599999999999999 430 361828 1999999999999999
 37 39 39 38 37 36 36 37 39 42 45 47 47 44 40 34 28 23 19 17 17 20 25 3118 8 9T6 134 391120 4799999999999999 530 361924 1799999999999999
 36 39 40 39 38 37 36 36 37 40 44 47 49 49 46 41 34 27 22 18 16 16 20 2618 810T6 215 401218 4999999999999999 624 362017 1599999999999999
 32 37 40 40 39 37 36 35 35 37 40 45 49 51 50 47 41 34 27 21 17 15 16 2118 811T6 253 401315 5199999999999999 718 3521 8 1599999999999999
 27 34 38 40 40 38 36 34 34 34 36 40 45 49 51 51 47 41 33 26 21 17 16 1818 812T6 330 411412 5199999999999999 817 342156 1699999999999999
 23 30 35 39 40 40 37 34 33 32 32 34 39 45 49 51 50 46 39 32 26 21 18 1818 813T6 4 7 4115 9 5199999999999999 921 322242 1799999999999999
 21 26 32 37 40 40 39 36 33 31 30 31 33 38 43 47 48 47 44 38 32 27 23 2118 814T6 445 4016 7 48999999999999991024 302327 2099999999999999
 21 24 29 34 38 40 40 38 35 32 30 29 29 32 36 41 44 45 44 41 36 32 28 2518 815T6 523 4017 5 45999999999999991125 29999999999999999999999
 24 25 28 33 37 39 40 39 37 34 32 30 28 28 31 34 38 40 42 41 38 35 32 3018 816T6 6 1 4018 6 4299999999999999 0 9 241226 2899999999999999
 28 28 29 32 35 38 40 40 39 36 34 31 29 28 28 29 32 35 37 38 38 36 35 3318 817T6 641 401917 3899999999999999 050 281331 2799999999999999
 32 31 31 33 35 37 39 40 40 39 36 34 31 29 27 27 28 30 32 34 35 36 35 3518 818T6 722 4121 1 3699999999999999 129 311444 2799999999999999
 35 34 34 34 35 37 39 40 41 40 39 36 34 31 29 27 26 26 28 30 32 34 35 3618 819T6 8 6 41999999999999999999999 2 6 3416 6 2699999999999999
 36 36 36 36 36 37 38 39 40 41 40 39 36 34 31 28 26 25 25 27 29 31 34 3518 820T6 856 419999999999999999999991717 25999999999999999999999
 36 37 37 37 37 37 38 39 40 41 41 41 39 36 33 30 27 25 24 25 26 29 32 3418 821T6 949 419999999999999999999991811 24999999999999999999999
 36 37 37 37 37 37 37 38 39 41 42 42 41 39 36 32 29 26 24 23 24 27 30 3318 822T61041 429999999999999999999991852 23999999999999999999999
 35 37 38 37 37 37 37 37 38 40 42 43 43 41 39 35 31 27 24 23 23 25 28 3118 823T6 215 381129 4399999999999999 524 371928 2399999999999999
 35 37 38 37 37 36 36 36 37 38 41 43 44 43 41 38 34 29 25 23 22 23 26 2918 824T6 223 381214 4499999999999999 6 3 3620 2 2299999999999999
 33 36 37 38 37 35 34 34 35 36 39 42 44 44 43 41 37 32 27 24 22 22 23 2718 825T6 237 381255 4499999999999999 642 342035 2199999999999999
 31 35 37 38 37 35 34 33 33 34 36 39 43 44 45 43 39 35 30 25 22 21 22 2518 826T6 257 381335 4599999999999999 722 3321 8 2199999999999999
 29 33 36 38 37 36 34 32 32 32 34 37 40 43 45 44 42 37 32 28 24 22 22 2318 827T6 319 381414 4599999999999999 8 4 322140 2199999999999999
 27 32 35 37 38 37 34 32 31 31 31 33 37 41 43 44 43 40 35 30 26 24 22 2318 828T6 343 381453 4499999999999999 849 312212 2299999999999999
 26 30 34 37 38 37 35 33 31 30 30 31 33 37 41 43 43 41 37 33 29 26 24 2418 829T6 4 8 381534 4399999999999999 939 292245 2499999999999999
 25 29 33 36 38 38 37 34 31 29 29 29 30 33 37 40 41 41 39 35 32 29 27 2618 830T6 434 381620 41999999999999991033 282317 2699999999999999
 26 28 32 36 38 39 38 36 33 30 28 28 28 29 33 36 39 40 39 37 34 31 29 2818 831T6 5 1 391713 40999999999999991128 272349 2899999999999999
 28 29 32 35 38 39 39 38 35 32 29 28 27 27 29 32 35 37 38 38 36 34 32 3118 9 1T6 531 391817 38999999999999991226 27999999999999999999999
 31 31 32 35 37 39 40 39 37 34 31 29 27 26 26 27 30 33 35 36 36 35 34 3418 9 2T6 6 7 401938 3699999999999999 023 311328 2599999999999999
 33 33 34 35 37 39 40 41 40 37 34 31 28 26 25 24 26 28 30 33 35 36 36 3618 9 3T6 651 412139 3699999999999999 1 1 331439 2499999999999999
 36 35 35 36 37 38 40 41 42 40 38 35 32 28 25 23 23 23 26 28 32 34 36 3718 9 4T6 748 42999999999999999999999 156 351558 2399999999999999
 37 37 37 37 37 37 39 41 42 43 42 39 36 32 28 25 22 21 21 24 27 31 34 3718 9 5T6 025 37 856 4399999999999999 318 371713 2199999999999999
 38 38 38 37 37 37 37 39 41 43 44 44 41 37 33 28 24 21 19 20 22 27 31 3518 9 6T6 055 3810 7 4499999999999999 438 371817 1999999999999999
 38 39 39 38 37 36 36 36 38 42 45 46 46 43 39 33 28 23 19 18 18 22 27 3218 9 7T6 121 391114 4699999999999999 541 361912 1899999999999999
 36 39 39 38 36 35 34 34 35 38 42 46 48 47 44 39 33 27 22 19 17 19 23 2918 9 8T6 148 391217 4899999999999999 635 3420 3 1799999999999999
 34 38 39 39 37 34 32 31 32 33 37 42 47 49 48 45 39 33 27 22 19 18 20 2518 9 9T6 217 401316 4999999999999999 728 312050 1899999999999999
 31 36 39 40 38 35 32 30 29 29 32 36 42 47 49 48 44 39 32 26 22 19 19 2218 910T6 248 401413 4999999999999999 822 292134 1999999999999999
 28 34 38 40 40 37 33 30 28 27 27 30 36 42 46 48 47 43 37 31 27 23 21 2218 911T6 321 401510 4899999999999999 917 272216 2199999999999999
 26 32 37 40 41 39 36 31 28 26 25 26 29 35 40 44 45 44 41 36 31 28 25 2418 912T6 354 4116 5 45999999999999991012 252256 2499999999999999
 26 30 35 39 41 40 38 34 30 27 25 24 25 29 34 38 41 42 41 38 35 32 29 2818 913T6 428 4117 1 429999999999999911 5 242333 2899999999999999
 28 30 34 37 40 41 40 37 33 29 26 24 23 25 28 32 36 38 39 38 36 34 33 3118 914T6 5 1 4118 0 39999999999999991159 23999999999999999999999
 31 31 33 36 39 40 40 38 35 32 29 26 24 24 25 27 30 33 35 36 36 35 34 3418 915T6 534 401910 3699999999999999 0 7 311255 2499999999999999
 33 33 34 36 38 39 40 39 37 35 32 29 26 25 24 25 26 29 31 33 34 35 35 3518 916T6 6 8 40999999999999999999999 036 331357 2499999999999999
 35 35 35 36 37 38 39 39 38 36 34 32 29 27 25 24 24 25 27 30 32 33 34 3518 917T6 647 399999999999999999999991512 24999999999999999999999
 36 36 36 36 36 37 37 38 38 37 36 34 32 29 26 25 24 24 25 26 29 31 33 3418 918T6 741 389999999999999999999991630 23999999999999999999999
 35 36 36 36 36 36 36 37 37 38 37 36 34 32 29 26 24 23 23 24 26 29 32 3418 919T6 857 389999999999999999999991731 23999999999999999999999
 35 36 36 35 35 35 35 35 36 37 38 38 36 34 31 28 25 23 22 22 24 27 30 3318 920T6 127 361012 3899999999999999 514 351816 2299999999999999
 34 35 35 35 34 33 33 33 35 36 38 38 38 37 34 30 27 24 22 21 22 25 28 3118 921T6 126 351112 3999999999999999 548 331854 2199999999999999
 34 35 35 34 33 32 31 31 32 34 37 38 39 39 36 33 29 25 22 21 21 23 26 3018 922T6 134 3512 2 3999999999999999 620 311928 2199999999999999
 33 35 35 34 33 31 30 29 30 32 34 37 39 40 39 36 32 27 24 21 20 21 24 2818 923T6 148 351246 4099999999999999 654 2920 1 2099999999999999
 32 35 36 35 33 31 29 27 27 29 32 35 38 40 40 38 35 30 26 23 21 21 23 2718 924T6 2 5 361327 4099999999999999 730 272033 2199999999999999
 31 34 36 36 34 31 28 26 25 26 28 32 36 39 40 40 37 33 29 25 22 21 22 2518 925T6 224 3614 9 4099999999999999 810 2521 5 2199999999999999
 30 34 36 36 35 32 29 26 24 24 25 28 32 37 39 40 39 36 31 27 25 23 23 2518 926T6 245 371451 4099999999999999 851 242137 2299999999999999
 29 33 36 37 36 34 30 26 24 22 22 24 28 33 37 39 39 38 34 30 27 25 24 2518 927T6 3 9 371537 3999999999999999 936 222210 2499999999999999
 28 32 36 38 38 36 32 28 24 22 21 21 24 28 33 36 38 38 36 33 30 28 27 2618 928T6 334 381627 38999999999999991023 212243 2699999999999999
 28 31 35 37 38 38 35 31 26 23 21 20 20 23 28 32 35 37 36 35 32 30 29 2918 929T6 4 2 381724 37999999999999991113 202317 2999999999999999
 29 31 34 37 39 39 37 34 29 25 22 20 19 20 23 27 31 33 35 35 34 32 31 3118 930T6 435 391830 359999999999999912 7 192352 3199999999999999
 31 31 33 36 38 39 38 36 33 29 25 22 20 19 19 22 25 29 31 33 34 33 33 331810 1T6 514 391957 349999999999999913 8 19999999999999999999999
 33 33 33 35 36 38 39 38 36 33 29 25 22 20 18 19 21 23 27 30 32 33 34 341810 2T6 6 6 39999999999999999999999 040 331418 1899999999999999
 34 34 34 34 35 36 37 38 38 36 33 30 26 23 20 18 18 19 22 25 29 31 33 341810 3T6 716 389999999999999999999991538 18999999999999999999999
 34 34 34 33 33 34 35 37 38 38 37 34 31 27 23 20 18 17 18 21 24 28 32 341810 4T6 015 34 839 3899999999999999 336 331656 1799999999999999
 35 35 34 33 32 32 32 34 36 38 39 38 36 32 28 23 20 17 16 17 20 25 29 331810 5T6 027 3510 2 3999999999999999 456 3218 1 1699999999999999
 34 35 34 32 31 29 29 30 32 35 39 40 40 37 33 28 24 20 17 16 18 21 26 311810 6T6 044 351115 4099999999999999 553 291854 1699999999999999
 34 35 34 32 30 28 26 26 27 31 35 39 41 41 38 34 28 24 20 17 17 19 24 291810 7T6 1 7 351220 4199999999999999 643 261942 1799999999999999
 33 35 35 34 30 27 25 23 23 25 30 35 39 41 41 38 33 28 24 20 18 18 22 271810 8T6 133 361319 4299999999999999 732 232025 1899999999999999
 32 35 36 35 32 28 24 22 20 21 24 29 35 39 41 41 37 33 28 24 21 20 21 251810 9T6 2 1 361416 4199999999999999 820 2021 6 2099999999999999
 30 35 37 37 35 30 26 22 19 18 19 23 29 34 38 40 39 36 32 28 25 23 23 25181010T6 231 371511 4099999999999999 9 8 182143 2299999999999999
 29 33 37 38 37 33 28 23 20 17 17 18 23 28 34 37 38 37 34 31 28 26 25 26181011T6 3 2 3816 4 3899999999999999 955 172218 2599999999999999
 28 32 36 38 38 36 31 26 22 19 17 16 18 23 28 32 35 36 35 33 30 29 28 28181012T6 332 381657 36999999999999991042 162249 2899999999999999
 29 31 34 37 38 37 34 29 25 21 18 16 16 19 23 27 31 33 34 33 31 30 30 30181013T6 4 1 381753 34999999999999991128 162310 3099999999999999
 30 31 33 35 37 37 35 32 28 24 21 18 17 17 20 23 26 29 31 32 31 31 31 31181014T6 428 3719 0 32999999999999991216 172158 3199999999999999
 31 31 33 34 35 36 35 33 30 26 23 21 19 18 18 20 23 25 28 29 30 30 31 31181015T6 453 3699999999999999999999913 7 18999999999999999999999
 31 32 32 33 34 34 34 33 31 29 26 23 21 19 18 19 20 22 24 26 28 29 30 31181016T6 521 3499999999999999999999914 7 18999999999999999999999
 31 31 31 32 32 32 32 32 32 30 28 26 23 21 19 18 19 20 21 24 26 28 29 30181017T6 6 9 329999999999999999999991519 18999999999999999999999
 31 31 31 30 30 30 31 31 31 31 29 28 26 23 21 19 18 18 19 21 24 26 28 29181018T6 747 319999999999999999999991629 18999999999999999999999
 30 30 30 29 28 28 28 29 30 30 30 29 28 26 23 21 19 18 18 19 22 24 27 29181019T6 028 30 929 3099999999999999 514 281723 1899999999999999
 30 30 29 28 27 26 26 26 28 29 30 31 30 28 25 23 20 18 17 18 20 23 26 28181020T6 030 301046 3199999999999999 544 2618 6 1799999999999999
 30 30 29 27 26 24 23 24 25 27 29 31 31 30 28 25 22 19 18 17 18 21 25 28181021T6 038 301144 3199999999999999 615 231844 1799999999999999
 30 30 29 27 25 23 21 21 22 24 27 30 32 32 30 28 24 21 19 18 18 20 24 27181022T6 050 301233 3299999999999999 648 211918 1799999999999999
 30 31 30 28 25 22 20 19 19 21 24 28 31 33 32 30 27 24 21 19 18 19 23 27181023T6 1 7 311319 3399999999999999 723 191952 1899999999999999
 30 32 32 30 26 22 19 17 16 17 20 25 29 32 33 33 30 27 23 21 19 20 22 26181024T6 126 3214 5 3399999999999999 8 0 162025 1999999999999999
 30 32 33 32 28 24 20 16 14 14 16 20 26 30 33 34 32 29 26 23 22 21 22 25181025T6 149 331452 3499999999999999 841 142059 2199999999999999
 29 33 34 34 31 27 21 17 14 12 13 15 21 26 30 33 33 32 29 26 24 23 23 25181026T6 215 341542 3399999999999999 924 122133 2399999999999999
 28 32 35 35 34 30 25 19 15 12 11 12 15 21 26 30 32 32 31 28 26 25 25 25181027T6 245 351635 33999999999999991011 1122 8 2599999999999999
 27 31 34 36 35 33 28 23 17 14 11 10 11 15 20 25 29 31 31 30 28 27 26 26181028T6 319 361733 319999999999999911 1 102245 2699999999999999
 27 29 33 35 36 35 32 27 21 17 13 10 10 11 15 20 24 28 29 30 29 28 28 28181029T6 358 361841 30999999999999991155 102329 2899999999999999
 28 28 31 33 35 35 34 31 26 21 17 13 11 10 11 14 19 23 26 28 29 28 28 28181030T6 445 352013 29999999999999991254 10999999999999999999999
 28 28 29 30 32 33 34 33 30 26 21 17 14 11 10 11 14 17 21 24 27 28 28 29181031T6 545 3423 7 2999999999999999 037 2814 1 1099999999999999
 28 28 28 28 29 30 32 32 32 29 26 22 18 15 12 11 11 13 17 20 24 26 28 281811 1T6 7 2 322320 2899999999999999 2 5 281516 1199999999999999
 28 28 27 26 26 27 28 30 31 31 29 27 23 20 16 13 12 12 14 17 21 24 27 281811 2T6 831 312336 2899999999999999 341 261631 1299999999999999
 28 27 26 25 23 23 24 25 28 30 31 30 28 24 21 17 14 13 13 14 18 22 26 281811 3T6 959 312356 2999999999999999 456 231735 1299999999999999
 29 28 26 24 22 20 20 21 23 27 29 31 31 28 25 22 18 15 14 14 16 20 24 281811 4T61117 31999999999999999999999 553 191827 1499999999999999
 29 29 27 24 21 18 17 16 18 21 26 29 31 31 29 26 22 19 16 15 16 19 23 271811 5T6 020 291225 3199999999999999 643 161913 1599999999999999
 30 30 29 26 22 18 15 13 13 16 20 25 29 31 31 29 26 22 20 18 17 18 22 261811 6T6 046 301326 3299999999999999 729 131954 1799999999999999
 30 31 31 28 24 19 15 12 11 11 15 20 25 29 31 31 29 26 23 21 19 19 21 251811 7T6 114 321422 3199999999999999 813 112030 1999999999999999
 29 32 32 31 27 22 17 13 10  9 10 15 20 26 29 31 30 28 25 23 22 21 22 241811 8T6 144 331514 3199999999999999 857  921 2 2199999999999999
 28 32 33 32 30 25 19 14 11  8  8 11 15 21 26 29 30 29 27 25 24 23 23 241811 9T6 213 3316 4 3099999999999999 939  82128 2399999999999999
 27 30 33 33 31 28 23 17 13 10  8  8 11 16 21 25 28 29 28 26 25 24 24 25181110T6 243 331652 29999999999999991020  82139 2499999999999999
 26 29 31 33 32 30 25 20 15 12  9  8  9 13 17 21 25 27 27 26 25 25 25 25181111T6 311 331743 279999999999999911 0  82125 2599999999999999
 26 28 30 31 31 30 27 23 18 14 11  9  9 10 14 17 21 24 25 25 25 24 25 25181112T6 339 311840 25999999999999991142  92114 2499999999999999
 25 27 28 29 30 30 28 25 21 17 13 11 10 10 11 14 17 20 22 24 24 24 24 24181113T6 4 6 309999999999999999999991225  9999999999999999999999
 25 25 26 27 28 28 27 25 22 19 16 13 11 10 11 12 15 17 20 22 23 23 23 24181114T6 436 289999999999999999999991313 10999999999999999999999
 24 24 24 25 26 26 26 25 23 21 18 16 13 12 11 11 13 15 17 19 21 22 23 23181115T6 517 2699999999999999999999914 7 11999999999999999999999
 23 23 23 23 23 23 24 24 23 22 20 18 16 13 12 11 12 13 15 17 20 21 22 23181116T6 636 242317 239999999999999915 9 11999999999999999999999
 23 22 21 21 21 21 21 21 22 22 21 20 18 16 14 12 12 12 13 16 18 20 22 23181117T6 823 222321 2399999999999999 427 2016 9 1299999999999999
 23 22 21 19 18 18 18 19 20 21 22 21 20 18 16 14 13 12 13 14 17 20 22 23181118T610 1 222332 2399999999999999 516 1817 1 1299999999999999
 23 22 21 18 17 15 15 16 17 19 21 22 22 20 19 16 14 13 13 14 16 19 22 24181119T61116 222347 2499999999999999 553 151745 1399999999999999
 24 23 21 18 16 14 12 12 14 17 20 22 23 23 21 19 17 15 14 14 16 19 22 25181120T61217 23999999999999999999999 629 121825 1499999999999999
 26 25 23 19 16 13 10  9 10 13 17 20 23 24 24 22 20 17 16 15 16 18 22 25181121T6 0 7 261312 2499999999999999 7 5  919 3 1599999999999999
 27 27 25 22 17 13  9  7  7  8 12 17 21 24 25 25 22 20 18 17 17 18 21 25181122T6 032 2714 4 2599999999999999 745  71940 1699999999999999
 28 29 28 25 20 15 10  6  4  4  7 12 18 22 25 26 25 23 20 19 18 18 20 24181123T6 1 1 291455 2699999999999999 828  42016 1899999999999999
 28 30 30 28 24 18 12  7  4  2  3  7 12 18 23 26 26 25 23 21 20 19 20 23181124T6 135 311547 2699999999999999 913  22053 1999999999999999
 26 30 32 31 28 23 16 10  5  2  0  2  6 13 18 23 25 26 24 22 21 20 20 22181125T6 213 321641 269999999999999910 2  02131 2099999999999999
 24 28 31 32 31 27 21 15  8  4  1  0  2  6 12 18 22 24 25 23 22 21 21 21181126T6 256 321737 25999999999999991053  02216 2199999999999999
 23 25 29 31 32 30 26 20 14  8  4  1  0  2  7 12 17 21 23 23 22 22 21 21181127T6 344 321839 23999999999999991147  02317 2199999999999999
 21 23 25 28 30 30 28 24 19 13  8  4  2  1  3  7 12 16 20 22 22 22 21 21181128T6 438 301950 22999999999999991244  1999999999999999999999
 21 21 22 24 26 28 28 26 23 18 13  9  6  3  3  4  8 12 16 19 21 21 21 21181129T6 541 2821 6 2199999999999999 033 201344  299999999999999
 20 19 19 20 21 23 25 25 24 22 18 14 10  7  5  5  6  9 12 16 19 21 21 21181130T6 655 252159 2199999999999999 156 191448  499999999999999
 20 19 17 17 17 18 20 22 23 23 21 18 15 12  9  7  7  8 10 14 17 20 21 221812 1T6 822 232234 2299999999999999 325 161554  799999999999999
 21 19 17 15 14 13 14 16 19 21 21 20 19 16 14 11  9  9 10 12 16 19 21 221812 2T6 954 2123 4 2299999999999999 444 131656  999999999999999
 22 20 17 15 12 10 10 11 14 17 19 21 20 19 17 15 13 11 11 12 15 18 21 231812 3T61123 212333 2399999999999999 547 101750 1199999999999999
 23 22 19 15 12  9  7  7  8 12 16 19 21 21 20 18 16 14 13 13 15 18 21 241812 4T61239 21999999999999999999999 639  71835 1399999999999999
 25 24 21 17 13  9  6  4  4  7 11 16 19 21 21 20 18 17 16 15 15 17 20 241812 5T6 0 3 251343 2199999999999999 725  41913 1599999999999999
 26 26 24 20 15 11  7  4  2  3  7 11 16 19 21 21 20 19 17 17 16 17 20 231812 6T6 033 261436 2299999999999999 8 7  21943 1699999999999999
 26 27 26 23 19 13  8  4  2  1  3  7 12 17 20 21 21 20 19 18 17 18 19 221812 7T6 1 5 271523 2299999999999999 847  120 2 1799999999999999
 25 27 27 25 22 16 11  6  2  1  1  4  8 13 18 20 21 21 19 18 18 18 19 211812 8T6 137 2716 5 2199999999999999 925  02010 1899999999999999
 23 26 27 27 24 19 14  8  4  1  0  1  5 10 14 18 20 20 20 18 18 18 18 201812 9T6 2 9 271646 219999999999999910 2  02023 1899999999999999
 22 24 26 27 25 22 17 11  6  3  1  0  2  6 11 15 18 19 19 18 18 17 18 19181210T6 242 271727 19999999999999991039  02044 1799999999999999
 20 22 24 25 25 23 19 14  9  5  2  1  1  4  7 12 15 17 18 18 17 17 17 17181211T6 314 261810 18999999999999991116  02110 1799999999999999
 18 20 22 23 24 23 20 16 12  7  4  2  1  2  5  8 12 15 16 17 17 16 16 16181212T6 347 241858 17999999999999991153  12144 1699999999999999
 17 18 19 21 22 21 20 17 14 10  6  4  2  2  3  6  9 12 14 16 16 16 16 15181213T6 422 221953 16999999999999991233  223 5 1599999999999999
 16 16 17 18 19 19 19 17 15 12  8  6  4  3  3  5  7 10 13 14 15 16 15 15181214T6 5 2 192046 16999999999999991314  3999999999999999999999
 15 14 14 15 16 16 17 16 15 13 10  8  6  4  4  4  6  8 11 13 15 16 16 15181215T6 557 172124 1699999999999999 120 141357  499999999999999
 14 13 13 12 13 13 14 14 14 13 12 10  8  6  5  5  6  8 10 12 14 16 16 16181216T6 720 142150 1699999999999999 3 5 121445  599999999999999
 15 13 12 11 10 10 11 12 13 13 13 12 10  9  8  7  7  8  9 12 14 16 17 17181217T6 9 3 132215 1799999999999999 425 101538  799999999999999
 16 14 11  9  8  7  7  8 10 12 13 13 13 11 10  9  8  8  9 11 14 17 18 18181218T61043 132241 1999999999999999 518  71631  899999999999999
 17 15 12  9  7  5  4  5  7  9 12 14 14 14 13 12 11 10 10 11 14 17 19 20181219T612 6 142311 2099999999999999 6 3  41721 1099999999999999
 20 18 14 10  6  3  1  1  2  5  9 13 15 16 16 14 13 12 11 12 13 16 19 22181220T61313 162346 2299999999999999 646  118 8 1199999999999999
 22 21 18 13  8  4  0 -2 -2  0  5 10 14 16 17 17 16 14 13 13 13 16 19 22181221T61410 17999999999999999999999 731 -21851 1399999999999999
 24 24 22 17 12  6  1 -3 -5 -4 -1  4 10 15 18 18 18 16 15 14 14 15 17 21181222T6 026 2515 1 1899999999999999 817 -51933 1499999999999999
 25 26 25 22 17 10  3 -2 -6 -7 -6 -2  5 11 15 18 19 18 16 15 14 14 16 19181223T6 110 261551 1999999999999999 9 6 -72015 1499999999999999
 23 26 28 26 22 16  9  2 -4 -7 -9 -7 -2  5 11 16 18 18 17 15 14 14 14 16181224T6 157 281639 1999999999999999 956 -921 3 1499999999999999
 20 24 27 28 26 21 15  7  0 -5 -8 -9 -7 -1  5 11 15 17 17 16 15 14 13 14181225T6 248 281727 18999999999999991047 -922 3 1399999999999999
 16 20 24 26 27 25 20 13  6  0 -5 -8 -8 -5  0  6 11 15 17 16 15 14 13 13181226T6 342 271817 17999999999999991138 -82313 1299999999999999
 13 15 18 22 24 25 23 18 12  6  0 -4 -6 -6 -3  2  7 11 15 16 15 14 13 12181227T6 439 2519 7 16999999999999991229 -7999999999999999999999
 11 11 13 16 19 21 21 20 16 11  6  2 -2 -4 -3 -1  4  8 12 14 15 15 13 12181228T6 541 221958 1599999999999999 024 111321 -499999999999999
 11  9  9 11 13 15 17 18 17 14 10  6  3  1 -1  0  2  6 10 13 15 15 14 13181229T6 650 182047 1599999999999999 139  91414 -199999999999999
 11  9  8  7  7  9 11 13 14 14 12 10  8  5  4  3  3  5  8 11 14 16 16 14181230T6 812 142131 1699999999999999 3 1  715 9  399999999999999
 12 10  8  5  4  4  6  8 10 12 12 11 10  9  7  6  6  6  8 10 13 16 17 16181231T6 951 122211 1799999999999999 426  416 4  699999999999999
