-18 -5 24 62100133155161153135110 86 71 72 88112136154161151125 87 44  318 1 1X5 6551611756161999999999999991226 70999999999999999999999
-24-29-10 25 68109144164168157135108 83 70 75 94119143160163148117 75 3018 1 2X5 744169184216499999999999999 042-301314 6999999999999999
-10-33-32 -7 32 76118151169169154130102 78 69 78100125148162162143108 6618 1 3X5 829171192816499999999999999 127-361359 6999999999999999
 21-15-33-26  3 43 87126155168164147122 94 74 69 81104128149160155134 9918 1 4X5 914168201516099999999999999 213-341445 6899999999999999
 58 18-13-24-12 19 57 97132155162155137112 87 71 70 8410512714415214512318 1 5X5 95816221 315299999999999999 257-241532 6899999999999999
 91 54 20 -4 -8  8 37 72106135152154144126103 81 69 71 8410312113514013218 1 6X51041155215314099999999999999 342 -91621 6899999999999999
112 84 55 28 12 13 30 56 86114135146145134116 95 77 67 70 82 9711212312618 1 7X51123147224912699999999999999 426 101715 6799999999999999
119103 82 60 41 31 35 51 73 97118134140136124108 89 73 65 67 75 8710010918 1 8X512 6140235811399999999999999 512 311818 6599999999999999
113109 98 84 69 56 51 56 69 86104120131133129117101 84 69 61 61 66 76 8718 1 9X51251134999999999999999999999 6 1 511933 6099999999999999
 97103104 99 90 81 72 69 72 82 94108120128129124112 96 79 64 54 51 56 6518 110X5 135104134212999999999999999 7 1 692050 5199999999999999
 77 90 99105105100 93 86 82 83 88 98109119126127121108 91 72 55 44 40 4518 111X5 329105143812799999999999999 823 812154 4099999999999999
 57 72 88102111114111104 95 89 87 90 99110120127127120105 85 63 44 32 2918 112X5 457114153312899999999999999 951 872243 2999999999999999
 37 53 73 93111121124120110 99 89 86 90100112124130129118100 76 51 30 1918 113X5 5521241622131999999999999991058 862324 1899999999999999
 20 33 55 80104122132132124111 96 86 83 89102117130135131115 91 63 36 1618 114X5 63213317 5135999999999999991147 83999999999999999999999
  8 16 35 63 92117134141136123106 89 80 80 91108125137140130109 80 48 2018 115X5 7 4141174414099999999999999 0 0  81225 7999999999999999
  3  3 18 44 76106130144145135117 97 81 75 81 97117134144141125 98 65 3218 116X5 734146182014499999999999999 033  11259 7599999999999999
  6 -4  3 26 58 91121141149143127106 86 73 73 85106126142147139116 84 4918 117X5 8 3149185414799999999999999 1 5 -41330 7199999999999999
 17 -3 -5 11 40 74108134148148137117 94 75 68 75 93115135147147131103 6918 118X5 831150192814999999999999999 137 -714 0 6899999999999999
 34  6 -6  1 24 57 92122143150143126104 81 67 66 80101123140147141120 8918 119X5 9 015020 314799999999999999 2 8 -61432 6599999999999999
 54 22  1 -2 13 42 75107133147147134114 91 71 62 68 8610712714114313110618 120X5 929149203914499999999999999 241 -315 6 6299999999999999
 75 43 17  3  9 30 60 92120140146140123102 80 64 60 71 9011112813713411918 121X5 959146211813799999999999999 314  31543 6099999999999999
 94 65 38 18 13 24 48 78106128141142131112 91 71 59 60 73 9111012412912418 122X5103114322 212999999999999999 349 121625 5899999999999999
108 85 60 39 26 27 42 66 92115132139135121102 81 64 55 58 71 8810411612018 123X511 6139225612099999999999999 427 251714 5599999999999999
115101 82 63 47 40 44 59 80102120132134127113 94 74 58 51 54 65 80 9510718 124X51145135999999999999999999999 5 9 401812 5199999999999999
112109 99 86 72 61 56 61 73 90107121129129122107 88 69 53 44 45 54 69 8418 125X5 0 8112123213099999999999999 6 2 561924 4399999999999999
 98106108105 96 86 77 73 74 82 94108120127127119105 86 65 46 34 32 40 5518 126X5 150108133312899999999999999 718 722042 3199999999999999
 73 91105114115111103 93 85 82 85 95107118127128122106 84 60 36 20 15 2318 127X5 344115144412999999999999999 859 822153 1599999999999999
 41 64 89110124129127117104 91 83 84 92105120131134127109 83 53 24  4 -218 128X5 5 81291552134999999999999991028 822253 -399999999999999
  7 30 60 91119137144140127109 91 79 79 89106124138143134112 81 45 11-1318 129X5 6 61441653143999999999999991132 782345-1899999999999999
-18 -3 26 62 99130150155148130107 84 71 73 88110132148152140113 76 35 -318 130X5 6531551747152999999999999991222 70999999999999999999999
-26-27 -7 29 70110142160161149126 98 74 63 70 90116140157158142110 69 2518 131X5 735163183716099999999999999 033-3013 6 6399999999999999
-13-33-28 -1 39 83123152165161143116 85 62 56 69 94122147161160139104 6118 2 1X5 814165192416399999999999999 118-341348 5699999999999999
 17-18-31-19 14 55 97134158164154131101 72 53 53 71 99126149161155131 9518 2 2X5 850164201016199999999999999 2 1-311429 5099999999999999
 53 13-14-19  0 34 73112142159157142116 86 60 47 53 7510112714715414411918 2 3X5 925160205615499999999999999 242-2115 9 4799999999999999
 85 48 15 -3  0 23 56 92124146154146127101 73 52 45 56 7710112413914213018 2 4X5 959154214214399999999999999 321 -51551 4599999999999999
107 78 48 24 15 25 48 78107131145145133112 87 63 48 47 59 78 9811612712718 2 5X51030147223012999999999999999 358 151635 4599999999999999
116 97 75 53 38 37 50 71 95117133139134119 99 77 58 48 49 60 75 9210611418 2 6X511 1139232711599999999999999 435 361723 4799999999999999
114105 92 76 63 56 59 71 89106121130131123108 90 71 56 49 50 58 71 84 9518 2 7X51133132999999999999999999999 512 561820 4899999999999999
102104100 92 84 76 74 78 87 99111120124122114101 85 69 56 49 48 54 63 7518 2 8X5 045104121112499999999999999 554 741935 4899999999999999
 86 95100101 99 94 90 89 90 95102110116118116110 98 84 69 55 46 43 47 5518 2 9X5 24710113 811899999999999999 7 3 892059 4399999999999999
 67 81 93102108108106102 97 95 96100105111115115110 99 84 67 52 40 35 3818 210X5 442109143111699999999999999 916 9522 8 3599999999999999
 48 63 81 98111118119115107 99 93 91 95102110116118113101 83 63 44 30 2518 211X5 5411191548118999999999999991051 9123 0 2599999999999999
 30 45 65 87108122129127119107 94 86 85 91102114122125118102 79 55 33 1918 212X5 6171291645125999999999999991140 842341 1599999999999999
 16 26 47 73 99121134137130116 99 84 77 79 91107122131131120 99 71 42 1918 213X5 6461371731133999999999999991215 76999999999999999999999
  8 11 29 56 86114134143140126107 87 72 69 78 96116132140136118 91 58 2818 214X5 713143181014199999999999999 017  71244 6999999999999999
  6  1 13 38 70103129145147136116 93 72 62 66 83105127143146135111 78 4318 215X5 738148184614799999999999999 049  01312 6199999999999999
 14 -2  1 22 54 89120142151144126102 76 58 55 68 91117138150148129 99 6418 216X5 8 3151192115199999999999999 120 -31341 5499999999999999
 29  4 -4 10 38 73107135150150136112 84 60 48 54 74101127146152143119 8618 217X5 828152195715299999999999999 151 -41411 4799999999999999
 50 18  0  3 26 58 93124146153143123 95 67 47 42 56 8210913314814913410718 218X5 855153203415199999999999999 222 -11443 4299999999999999
 73 40 14  6 18 46 79111137150148132107 78 52 38 42 61 8811513514614112318 219X5 922151211414699999999999999 255  61518 3799999999999999
 95 64 36 19 19 38 67 98124143148138117 91 63 42 34 44 66 9211513313913118 220X5 951148215713999999999999999 329 171556 3499999999999999
112 87 62 41 31 38 59 86111132143141126103 77 53 36 34 46 67 9111112612918 221X51021143224912999999999999999 4 5 311639 3399999999999999
121105 86 66 52 49 59 78100119133137130114 92 68 47 34 34 46 64 8510311618 222X51054137235612099999999999999 445 491731 3399999999999999
119115104 91 78 69 68 77 91107120129129121106 86 65 46 35 33 42 57 75 9218 223X51135130999999999999999999999 533 671838 3299999999999999
105113113109101 93 86 85 89 98108117122123116104 86 67 48 34 29 33 45 6218 224X5 137114123412399999999999999 647 8520 3 2999999999999999
 80 98111118119115109101 95 93 96103111117121118108 92 71 50 31 21 20 3118 225X5 34411914 612199999999999999 851 932130 1999999999999999
 49 72 95114127132129121109 97 89 89 95106117125126118100 76 49 25  9  618 226X5 5 71321538126999999999999991034 882240  699999999999999
 18 41 70 99124140145140126108 90 79 78 88104121134138129108 79 46 15 -418 227X5 5581451649138999999999999991131 772335 -799999999999999
 -5 11 40 75109136152154143124 99 76 65 69 85108130146150138112 77 39  518 228X5 6381551745150999999999999991215 64999999999999999999999
-14-11 12 47 86123149161156139113 83 59 52 63 87115140157158142111 72 3018 3 1X5 713161183416099999999999999 022-151253 5299999999999999
 -3-17 -7 23 62102137159163151127 96 64 44 44 63 92123149164161139105 6418 3 2X5 745164192016599999999999999 1 4-171330 4199999999999999
 23 -6-11  7 42 81119149163159140110 76 46 33 41 67 98129154164156131 9618 3 3X5 81616420 416499999999999999 143-1214 6 3399999999999999
 56 20  0  4 29 64102134156160148123 91 57 34 29 45 7310413315315814512018 3 4X5 845161204715899999999999999 220 -11443 2899999999999999
 86 51 24 14 26 54 87119144156151132104 72 43 28 31 51 7910813214714713218 3 5X5 913156212914999999999999999 256 141519 2799999999999999
108 79 52 34 34 52 78107131147149137114 86 58 36 29 38 59 8410812713713318 3 6X5 939150221313799999999999999 329 321556 2999999999999999
119 99 76 58 50 57 75 98119136142137121 98 72 50 35 34 46 65 8610511912518 3 7X510 414323 212599999999999999 4 2 501635 3399999999999999
121109 94 79 69 68 78 93110125134133124107 86 65 48 40 41 52 68 8410011018 3 8X51029135999999999999999999999 435 671719 3999999999999999
114112105 96 87 83 85 93104115123126122112 97 80 64 51 46 47 55 67 80 9218 3 9X5 0 6114105712699999999999999 511 831815 4599999999999999
102107109106102 98 96 97101107113117117113105 94 80 67 56 50 49 54 62 7418 310X5 148109113811799999999999999 6 7 951939 4999999999999999
 86 97106111113111108104102101103106109110109105 96 85 72 60 51 47 48 5618 311X5 354113131211099999999999999 8481012115 4799999999999999
 68 83 98110119122120114107100 95 94 98103108111110103 91 75 60 47 40 4118 312X5 5 41221513111999999999999991041 942225 3999999999999999
 50 66 85104120129130125115102 91 85 85 92103113119119110 94 75 55 38 3018 313X5 5421311627120999999999999991125 842314 3099999999999999
 34 48 69 93115132139136124108 91 78 74 80 93109123130128115 94 69 44 2718 314X5 6121391717130999999999999991154 742352 2199999999999999
 22 31 52 79107130143145135117 95 75 64 66 79 99120135141134115 88 58 3118 315X5 6371451758141999999999999991221 63999999999999999999999
 16 18 35 63 95123143151144127102 76 57 52 63 85111133148149135110 77 4518 316X5 7 1151183515099999999999999 025 151247 5299999999999999
 20 11 22 48 81113140154153137112 82 55 41 46 67 95124146157152131100 6518 317X5 725155191115799999999999999 056 111315 4099999999999999
 32 13 13 34 66100131152158147123 92 60 36 31 46 75107136156161149123 8918 318X5 750158194816199999999999999 128 101345 3099999999999999
 54 25 14 25 53 87119146159155135105 71 40 23 27 51 8411714416015914211318 319X5 816159202816299999999999999 2 0 141417 2299999999999999
 79 47 26 24 43 74106135154158144118 85 51 25 16 30 59 9212314715815213218 320X5 84315821 915899999999999999 234 221452 1699999999999999
104 74 47 35 42 65 94122144154149129100 67 36 17 17 36 65 9712514515114318 321X5 912155215515199999999999999 3 9 351530 1499999999999999
123 99 74 55 51 62 85109131145148137114 84 54 29 17 22 42 69 9712113714118 322X5 943149224814199999999999999 347 501613 1699999999999999
133118 99 81 69 69 81100118133140138123101 75 49 29 21 28 46 69 9311312718 323X51015141235813199999999999999 430 6817 3 2199999999999999
131127117105 93 86 87 95108120128132127114 95 73 52 35 28 32 45 64 8410318 324X51055132999999999999999999999 522 8518 8 2899999999999999
117124125122114106100 98101108114120122119110 96 78 60 44 34 33 41 55 7418 325X5 141126115912299999999999999 649 981936 3299999999999999
 93110123129130126118109102 99100105111116118114104 89 70 51 37 30 33 4618 326X5 337130135411899999999999999 912 992111 3099999999999999
 65 87109127137140135124109 96 88 88 94104116124125117101 79 55 35 23 2418 327X5 4481401538125999999999999991034 872225 2299999999999999
 38 61 89115136148148139122101 82 72 74 86103121135138130111 84 55 29 1518 328X5 5331491649138999999999999991120 722320 1499999999999999
 18 37 65 97127148156152136112 85 63 56 64 83108131148151140116 84 50 2218 329X5 6 81561744151999999999999991158 56999999999999999999999
 11 19 44 77111140158160148125 94 64 44 43 60 87117143159159143115 80 4418 330X5 638161183116199999999999999 0 5 101233 4199999999999999
 18 12 28 59 94128153164158137107 73 43 29 37 62 94127153166161141110 7318 331X5 7 7164191516799999999999999 045 1213 8 2999999999999999
 39 19 22 46 79113143161163148120 86 51 26 21 38 6910313515916715713310118 4 1X5 735165195716799999999999999 122 181341 2099999999999999
 66 38 28 40 67100130154163155132100 64 33 16 22 46 7911214116016214812318 4 2X5 8 2163203716399999999999999 157 281415 1699999999999999
 93 63 44 44 62 90118143157157140112 79 46 22 16 30 57 8911914315515213718 4 3X5 828159211815699999999999999 230 411448 1699999999999999
113 87 65 55 63 83108132148154144122 93 62 35 20 23 41 68 9712314114714118 4 4X5 853154215914799999999999999 3 3 551521 1999999999999999
126106 85 72 70 82101121138147144129105 77 51 32 25 34 53 7710212313513818 4 5X5 917147224413899999999999999 335 691555 2599999999999999
131118102 88 82 85 97113127137139131114 91 68 47 35 35 45 63 8310311912818 4 6X5 942139233812999999999999999 4 9 821633 3499999999999999
129124114103 95 93 98107117126131128118103 84 65 51 43 45 54 68 8510111418 4 7X51011131999999999999999999999 449 931719 4399999999999999
121123121115108103102104109115120121118109 97 83 69 58 53 53 59 70 83 9718 4 8X5 056123104912199999999999999 5501021823 5299999999999999
109117122123120115110106105105108110112111106 98 88 76 66 59 57 59 67 7918 4 9X5 23912312 711299999999999999 81310520 0 5799999999999999
 93107118126128126120112104 99 96 98102107110110105 96 84 72 61 55 55 6218 410X5 35912814301109999999999999910 6 962131 5499999999999999
 75 92110124133135131121108 96 87 85 89 98108116119115105 90 73 58 49 4918 411X5 44813616 0119999999999999991050 852232 4899999999999999
 59 76 97118134142141131115 97 81 72 74 84100115127131125111 91 69 51 4118 412X5 5211431656131999999999999991121 722316 4199999999999999
 44 60 83108131146149142124102 79 62 58 67 86108128141143133113 87 61 4118 413X5 5491501740144999999999999991148 582353 3599999999999999
 35 45 68 96123145155152136111 82 57 43 47 66 93120143154152136110 80 5118 414X5 6151561820155999999999999991216 43999999999999999999999
 34 35 53 82112140157160147122 90 58 34 29 43 72104134157165156134104 7118 415X5 641161185916599999999999999 028 321246 2899999999999999
 44 33 42 68 99130154164158136103 67 34 16 21 46 81116147167169155129 9718 416X5 7 8165193917199999999999999 1 2 331318 1599999999999999
 64 42 39 57 86118145163165149119 82 44 15  6 20 53 9112715617116915112318 417X5 737166202217299999999999999 138 371352  599999999999999
 91 62 47 52 75105133155165158134100 61 26  3  4 26 61 9913315917016314418 418X5 8 716521 717099999999999999 214 461430  099999999999999
117 89 66 58 70 93119142158160146118 83 46 16  1  9 34 6910413515616315518 419X5 839161215716399999999999999 254 581510  199999999999999
138115 91 75 74 87107128145154150132104 71 39 15  7 18 43 7410413114915418 420X5 914154225415499999999999999 336 731555  799999999999999
147133116 98 88 89100116130141145138120 94 66 40 22 18 28 49 7510112413918 421X5 952145999999999999999999999 425 871647 1799999999999999
145142133120107100100107116126133134127112 92 70 49 34 29 36 52 73 9511618 422X5 0 6145104013499999999999999 529 991752 2999999999999999
131139140135126116107104105110116122124121112 97 79 61 47 40 42 52 69 8918 423X5 139141115812499999999999999 7101041917 3999999999999999
110127138143140132120108100 96 98104112119121118108 92 75 58 46 43 50 6518 424X5 3 8143135712199999999999999 9 6 962048 4399999999999999
 86108128142148145134119102 88 82 84 93106119127128120105 85 65 48 42 4818 425X5 4 91481537129999999999999991013 8222 1 4299999999999999
 65 88113135149153147131110 88 71 65 71 86106125138141132115 92 67 48 4118 426X5 4521531646141999999999999991058 652257 4199999999999999
 49 69 96122145157156143122 94 68 51 50 63 85111134149152141120 93 65 4618 427X5 5271581740152999999999999991135 492342 4299999999999999
 42 55 80109136155162154134106 74 47 34 40 62 90120146160159144120 90 6218 428X5 5571621826161999999999999991210 34999999999999999999999
 46 49 68 95124149163162146119 85 52 28 23 38 67100132156166161143116 8518 429X5 62616419 916699999999999999 022 451243 2299999999999999
 60 51 60 84112139159165155131 99 63 32 16 21 44 7711114216316815813710918 430X5 654165195016899999999999999 059 511316 1599999999999999
 81 62 60 76102128151163161143113 78 44 18 12 26 55 8912215016516515112818 5 1X5 721164202916799999999999999 134 591348 1199999999999999
102 79 68 74 94118141157161150126 93 59 29 13 16 37 6810113215416315814218 5 2X5 74816121 716399999999999999 2 8 681420 1299999999999999
120 97 80 77 89109130148157153136108 76 45 23 16 27 51 8111213715315714918 5 3X5 815157214615799999999999999 241 771452 1699999999999999
133113 95 86 89102120137149151141120 92 63 38 24 25 41 65 9211913914914918 5 4X5 842152222815199999999999999 316 851526 2399999999999999
140125109 97 93 99111126138144141128106 81 57 39 32 38 54 7610012213714418 5 5X5 912145231614499999999999999 353 9316 2 3299999999999999
142134121109101100106116126134136130116 97 76 57 45 42 50 65 8410412113318 5 6X5 946136999999999999999999999 4371001644 4299999999999999
138137130121112106105109115122126126120108 93 77 62 54 53 59 72 8810411918 5 7X5 015139102912799999999999999 5391051737 5299999999999999
130135135130123114108105106109114117118114106 95 82 71 63 61 65 74 8810318 5 8X5 129136113811899999999999999 7171051850 6199999999999999
118129136137133125115106100 98100105110114114110102 91 79 70 65 66 74 8718 5 9X5 242137133511599999999999999 858 982019 6599999999999999
103119132140141135124110 97 88 85 89 97107116120119112100 86 73 65 65 7318 510X5 338142151812199999999999999 956 852134 6499999999999999
 88107125140147145135119100 83 72 71 80 94110124132131122107 89 72 62 6218 511X5 4191471625132999999999999991035 702230 6099999999999999
 73 92114135149153146130107 82 63 54 59 75 97119137145143130111 88 68 5818 512X5 45315317171469999999999999911 9 542315 5799999999999999
 61 78102126147159157143118 89 60 40 37 50 75105132151159153136111 85 6418 513X5 52416018 2159999999999999991142 362357 5699999999999999
 56 65 88115140159165156133101 66 35 19 24 48 81116146165170159137109 8118 514X5 5551651847170999999999999991216 19999999999999999999999
 61 59 75101129154168167149118 80 42 13  4 19 51 8912715717517516113610618 515X5 627170193117799999999999999 037 581253  499999999999999
 78 63 67 88116143163172163138101 60 22 -2 -2 20 57 9813616517917615913318 516X5 7 1172201818099999999999999 117 621331 -599999999999999
103 79 70 80102129152168170154124 84 43  9 -8 -1 27 6510614216817817215518 517X5 73717121 717899999999999999 159 701413 -999999999999999
130103 84 80 93115138157167163143110 72 34  5 -5  7 36 7311014316517316618 518X5 816168215917399999999999999 243 791457 -699999999999999
150128105 91 90103122141155161153131100 65 32 10  4 18 46 7911214115916518 519X5 857161225816599999999999999 331 891545  499999999999999
160146127109 98 99109124138148151142122 95 66 39 21 18 31 55 8311113615218 520X5 945151999999999999999999999 426 971639 1799999999999999
158154143128113103102109119130138140133117 96 72 50 36 33 43 62 8511013218 521X5 0 3158104414099999999999999 5341021741 3399999999999999
147153151142129114104100103110119127131128118102 83 65 51 47 53 67 8710918 522X5 11515312 613199999999999999 7 21001854 4799999999999999
129144151150142128112 99 92 91 97107117125127123112 96 79 65 58 60 72 9018 523X5 223152135012799999999999999 832 912014 5899999999999999
111130145152151141124106 89 78 77 84 97111124132131122108 91 75 65 66 7618 524X5 318153152613299999999999999 938 772127 6499999999999999
 94115135149155150137117 94 74 62 63 73 91111129139141133118 99 80 70 7018 525X5 4 31551638141999999999999991028 612227 6899999999999999
 82101123143155157148129104 77 56 46 51 68 91116137149150140123102 83 7218 526X5 44015817351519999999999999911 9 462316 7299999999999999
 75 90111133151160157141117 87 58 38 34 45 68 97125147158157144125101 8218 527X5 5141611823159999999999999991146 332359 7599999999999999
 75 82101123144159163152130101 68 40 24 27 47 75107136157165159144122 9818 528X5 54616319 5165999999999999991220 23999999999999999999999
 82 80 92113135154164161143116 82 49 24 17 28 54 8712014716416815813911618 529X5 616165194316899999999999999 038 791253 1799999999999999
 94 83 87103125146161164154130 98 64 33 16 17 36 6610013215616816615313218 530X5 646165202016999999999999999 115 831326 1499999999999999
109 92 87 96115136154163160143114 81 48 23 14 24 49 8111414216116716114518 531X5 717164205716799999999999999 150 871358 1499999999999999
124104 92 93106125144157161151129 99 66 37 20 20 36 63 9512514916216315318 6 1X5 747161213316499999999999999 225 911431 1899999999999999
136117101 95101115133148157154140115 85 56 33 24 30 50 7810713415216015718 6 2X5 820157221116099999999999999 3 0 9515 5 2499999999999999
145128112101 99107121136147151145127103 75 51 35 32 43 65 9011613815215518 6 3X5 854151225215699999999999999 338 981541 3299999999999999
150138123109102103111123135143143134116 94 71 52 42 44 57 7710012314015018 6 4X5 932144233715199999999999999 4221011621 4199999999999999
151145133120108103104112121131136134125109 90 72 57 51 55 68 8610712614018 6 5X51017136999999999999999999999 51510217 6 5199999999999999
148148141130118107102102108116123128127119107 92 77 66 61 65 77 9311112818 6 6X5 029148111812899999999999999 62210118 1 6199999999999999
140147146140128115104 97 96100107116121123119110 98 85 75 70 73 82 9711418 6 7X5 126147124512399999999999999 740 9519 9 7099999999999999
130142148147139126110 96 87 84 89 98110119125124118107 95 83 77 77 8510018 6 8X5 221148142612599999999999999 849 842027 7699999999999999
117134146152149137120101 83 71 69 77 91107122132134129118104 90 80 79 8718 6 9X5 310152154813599999999999999 942 692138 7899999999999999
103122140152156150133111 86 64 52 53 66 87110130144148142128111 93 81 8018 610X5 3531561652148999999999999991026 512237 7999999999999999
 90109130149160161149126 97 67 43 32 38 59 87116142157161153136115 94 8118 611X5 43316217471619999999999999911 8 322328 7999999999999999
 81 95117140159168163145115 80 46 21 14 28 56 91126154170172161141116 9318 612X5 5121681837173999999999999991150 14999999999999999999999
 81 85103127151168173163137102 62 25  3  2 23 58 9813616518017916514211518 613X5 552173192618199999999999999 015 801232 -199999999999999
 92 83 91112137160175175159128 88 45 10 -9 -3 25 6410614417218518116414018 614X5 634177201518599999999999999 1 1 831316-1099999999999999
113 92 87 99121146166177174152118 76 34  1-12  0 31 7211315017518517916118 615X5 71717821 418599999999999999 147 8614 1-1299999999999999
136111 93 92106128150168176168144109 68 29  1 -6  9 41 8011915317418117318 616X5 8 3176215518199999999999999 234 901448 -799999999999999
156132109 95 96111131150165170160136102 65 31  9  6 23 53 8812315317117518 617X5 851170224717599999999999999 324 941537  499999999999999
166149128107 96 99112129145158160150128 99 67 39 22 23 39 66 9712715216618 618X5 944161234016899999999999999 418 961628 2099999999999999
168159144124105 96 98108122136147150141124100 74 52 39 41 56 7810413015018 619X51045150999999999999999999999 519 951723 3899999999999999
161161153138119102 93 93101112125136139135123105 85 67 58 59 71 8911113218 620X5 034162115813999999999999999 629 921822 5799999999999999
149157157148133115 98 87 85 90101114125132132125113 97 83 74 75 83 9911718 621X5 127158133013399999999999999 745 851929 7399999999999999
135148155154144128108 90 78 74 78 89104118129134131122110 97 88 86 9310618 622X5 21915615 713499999999999999 856 742042 8699999999999999
122138150155152140122100 80 66 61 67 81 98117131139139132120107 96 93 9918 623X5 3 7155162914099999999999999 954 612152 9399999999999999
111127142153156150135113 89 66 52 50 59 77 99121138148148140127112100 9718 624X5 3511561732149999999999999991042 492251 9799999999999999
103116133148157157147128102 75 52 39 41 55 7810512914815715514512911310118 625X5 4321581820157999999999999991123 382340 9899999999999999
 99107123140154161157142118 88 59 38 30 37 58 8611514115816415914512710918 626X5 51016119 01649999999999999912 0 30999999999999999999999
 99100113130148160164154133105 73 44 26 25 40 66 9812815316616815814112118 627X5 547164193616999999999999999 023 981235 2399999999999999
104 98104120139156165163148122 90 57 32 20 27 49 7911214116217116715313318 628X5 62216620 917199999999999999 1 0 9813 9 2099999999999999
113100 98110128147162167160139108 75 44 24 20 34 61 9412615216817116214418 629X5 656167204217199999999999999 135 971342 1999999999999999
124106 97102117136154165165152126 94 62 35 22 27 47 7710913916017016715418 630X5 730167211417099999999999999 2 9 971415 2299999999999999
134115100 97107124143158165159141113 81 52 32 26 38 62 9312314816416816018 7 1X5 8 5165214716899999999999999 243 971448 2699999999999999
144125107 98100112130146158160150129101 72 47 34 36 52 7810713415516516318 7 2X5 842161222116599999999999999 319 971523 3399999999999999
152135117102 97102116132146154152139118 92 67 48 41 48 68 9311914215816318 7 3X5 921155225716399999999999999 358 971559 4199999999999999
157144127110 98 96103117131142148143130110 87 67 54 52 63 8210612914715818 7 4X510 5148233616099999999999999 443 961638 5199999999999999
159151137121105 95 94102114126136140135123106 88 72 63 65 76 9511513515018 7 5X51058140999999999999999999999 534 931722 6399999999999999
157155146132115 99 90 89 96107119129134131122109 94 82 75 78 8810412213918 7 6X5 01815712 813499999999999999 635 891816 7599999999999999
151156152142126108 92 82 80 86 98111123131132126117105 94 88 88 9611012618 7 7X5 1 6156133913299999999999999 742 801925 8799999999999999
141152156151139121101 82 70 67 73 87104120132138136129118106 98 9510111418 7 8X5 159156151513899999999999999 848 662047 9599999999999999
129144154158152137116 91 69 54 50 59 77 99121139148149142130116104 9910318 7 9X5 253158163515099999999999999 947 5022 3 9999999999999999
116132148160162154135109 79 53 35 32 45 69 98126149161163155140122106 9918 710X5 3471631738164999999999999991040 3223 7 9999999999999999
104118137155167168157133101 66 35 17 17 35 6610113416017417516414512310518 711X5 4381691832176999999999999991130 14999999999999999999999
 97104122143163175174158129 91 52 19  2  6 31 6710714417118418216814612018 712X5 528176192018599999999999999 0 1 971218  199999999999999
101 95106127150171182178158124 82 40  7 -8  3 33 7311615318019018416714118 713X5 61718320 719099999999999999 051 9513 5 -899999999999999
114 96 94108132157177186179155117 74 32  1 -9  7 41 8312516118419018116118 714X5 7 7186205219199999999999999 137 921351 -999999999999999
134107 91 93111136160179186176149111 68 29  2 -1 19 55 9513416618518617418 715X5 756186213518899999999999999 223 901437 -399999999999999
152124100 88 94113137160176180168141105 66 32 12 15 37 7110814316918217918 716X5 846181221818299999999999999 3 9 881523 1099999999999999
164141115 93 86 94112134155169171158133102 69 41 28 35 58 8812014916917618 717X5 938172225917699999999999999 358 8616 8 2899999999999999
170154131107 89 84 93109128146158159147127102 76 56 49 58 7910413015316618 718X51034160234116999999999999999 449 841654 4999999999999999
168160143122101 86 82 90103119135145147139124105 87 73 71 80 9711713715318 719X51139147999999999999999999999 547 821742 7099999999999999
162161151135115 96 83 79 84 95109123134137134125113100 91 90 9711012614118 720X5 02316313 213799999999999999 653 791837 9099999999999999
152157155145129110 92 79 74 77 86 9911412613313513112311410710510911813018 721X5 1 9157144513599999999999999 8 6 74194910599999999999999
142150154151140124105 87 73 66 68 77 9210812313514013913412511811411512118 722X5 2 2154162114099999999999999 916 66211611399999999999999
131142150153149138121100 80 64 57 60 71 8810812714114814814213312211611518 723X5 3 01531729149999999999999991014 57223411599999999999999
121131143152155150136116 93 71 54 48 53 69 9111513615115815614713412111318 724X5 35515518141589999999999999911 2 48233011299999999999999
113121134147156158151133109 83 59 43 40 51 72 9912614816216515914613011518 725X5 4441591850165999999999999991143 39999999999999999999999
108111123139153162162150128 99 70 46 34 37 54 8111113916017016915714012118 726X5 527164192117199999999999999 0121081219 3399999999999999
107104112128147162168163146118 87 57 35 28 39 63 9412615317017416615012918 727X5 6 6168195017499999999999999 0481031253 2899999999999999
110100102116136156169172161137106 73 44 28 29 48 7711014116417517315913918 728X5 643172201917699999999999999 120 991326 2699999999999999
117100 95105123145164174171154126 92 60 35 27 37 62 9412715517217616714918 729X5 719174204717699999999999999 150 951358 2799999999999999
126105 93 95110132153169174165143112 79 50 32 33 51 8011214216517517215818 730X5 754174211517699999999999999 222 921429 3099999999999999
136113 95 89 97116138158169169156130100 69 45 36 45 68 9812915517117416418 731X5 830171214317499999999999999 254 8915 1 3699999999999999
146123101 88 88101121142158166161144119 90 64 48 46 61 8711614216317216818 8 1X5 9 9166221317299999999999999 329 861535 4599999999999999
154134111 92 83 88104124142155160152134110 86 66 56 61 7910413015216616918 8 2X5 951160224516999999999999999 4 8 831610 5699999999999999
160144123101 86 81 88104122139150151143127107 88 74 70 78 9611814015616518 8 3X51041152232016599999999999999 452 811649 6999999999999999
163152134113 94 80 78 86100117132142144138125110 96 86 85 9411012814515718 8 4X51143145999999999999999999999 544 771736 8599999999999999
161157145127107 88 75 73 79 9310912413514013813011910910110010711913314618 8 5X5 0 116113 914099999999999999 647 72183810099999999999999
155158153141123102 83 69 64 69 81 9811613114014314013312411611211412213318 8 6X5 053158145614399999999999999 8 0 6420 911299999999999999
145154157153141122100 77 60 52 55 68 8811013114615315314713712611711512118 8 7X5 2 0157162915499999999999999 914 51214611599999999999999
131144155161158145124 97 70 48 36 39 55 8010813515516616715914613011611118 8 8X5 3131611734168999999999999991019 3623 011199999999999999
116129145160168166151126 94 61 34 21 25 46 7711114316717917816714812711018 8 9X5 4191691825180999999999999991116 20235510499999999999999
104112129150168178175157126 89 51 21  8 16 43 8012015517918918416714311818 810X5 51717919 81899999999999999912 7  7999999999999999999999
 99 96109132157177188182159124 82 41 11  1 15 48 9013116618819318316113318 811X5 610188194819499999999999999 041 951254  199999999999999
105 88 90109136164185194184158119 75 34  7  3 24 6110314417619319217615018 812X5 7 1194202619599999999999999 124 861338  199999999999999
119 91 79 87111140168188194181152113 70 32 11 15 41 7911915618219218516418 813X5 75019421 219299999999999999 2 5 791421  999999999999999
135104 80 74 88114142168186188173144107 68 37 24 35 63 9913516518418617318 814X5 838190213718799999999999999 247 7315 2 2499999999999999
149120 91 73 73 89115141164178177162135103 71 49 44 60 8711814817018017618 815X5 927180221018199999999999999 329 701542 4399999999999999
159135107 82 70 74 91114137156166164150128102 79 66 68 8510813315517017318 816X51019167224317399999999999999 414 691621 6599999999999999
163145122 97 78 71 77 92111130145153151140125107 92 86 9110612514315816518 817X51117153231616599999999999999 5 2 7117 1 8699999999999999
163152134113 93 78 73 78 9010512113414114213612611510710511012113414615518 818X51232142235415899999999999999 558 73174710599999999999999
158153143127109 92 79 74 77 86 9811212513413813713212612111912212813614418 819X51420138999999999999999999999 7 7 74185411999999999999999
150151147138124108 92 80 73 74 80 9210612013214014314113713212812612913418 820X5 04615116 914399999999999999 828 73205112699999999999999
140145147145137125108 92 78 69 67 73 8610312113614715215014513612912412418 821X5 2 4147171615299999999999999 942 67223012399999999999999
129136144148148140126108 89 72 61 60 68 8510612714515716115614713412311718 822X5 3251491756161999999999999991039 59232311699999999999999
118125136147154153144127104 81 62 52 53 66 8811413815716716615714312611318 823X5 4271551827168999999999999991123 51999999999999999999999
108113126141155162159146123 97 71 51 43 51 71 9812715216917316715213211418 824X5 515162185417399999999999999 0 010812 1 4399999999999999
102102113132151165170162143115 85 58 41 39 55 8211314316617717516114111818 825X5 555170192017899999999999999 0301001234 3899999999999999
 99 93100119141161174175161136104 71 46 35 43 66 9813115817618017015012518 826X5 632176194518099999999999999 059 9313 5 3599999999999999
101 87 88104128152171180174154124 90 59 38 36 54 8311714817118217716013518 827X5 7 8180201018299999999999999 126 851336 3599999999999999
108 86 79 89111138162178181169143111 77 50 38 46 7110313616318018116814518 828X5 743182203518299999999999999 155 7914 6 3899999999999999
117 91 74 76 93120146168179177159131 99 68 48 46 62 9112315217318117415518 829X5 81918021 118199999999999999 226 731437 4499999999999999
128100 77 68 77100127151170176168147120 90 66 54 60 8311214016417717716318 830X5 858176212917999999999999999 259 6815 9 5499999999999999
139112 85 68 66 81105131153167169158137112 88 71 67 7910312915216917516818 831X5 940170215817599999999999999 335 651544 6699999999999999
149124 98 75 63 67 84108131150161160149131111 93 82 84 9811914015816816818 9 1X51028162222916999999999999999 416 631622 8199999999999999
156136113 89 70 63 69 85106126143152152144131116104 9810211413014615816318 9 2X5112915323 616399999999999999 5 3 6317 7 9899999999999999
159147128106 85 69 63 68 81 9911813414414714413612711811411612413514515318 9 3X51256147235815699999999999999 6 3 63181011499999999999999
156152142125106 86 70 62 63 73 8910712513914714914614013312612412713314018 9 4X51455149999999999999999999999 721 61195812499999999999999
147152151143129110 89 70 58 54 61 76 9711913815215915915314313212412212518 9 5X5 121152162816099999999999999 849 54215312299999999999999
134144152155151137117 92 68 50 42 48 65 9011814316217117116114612911611118 9 6X5 25815517251729999999999999910 5 4223 011199999999999999
116129144158166162148123 93 63 39 29 36 59 9012415417418317816314211910218 9 7X5 41416618 71839999999999999911 5 292346 9799999999999999
 98108127149168178174156126 90 55 28 19 32 61 9813516718618917915712910218 9 8X5 5151791843190999999999999991155 19999999999999999999999
 85 86104130157180190183160125 85 47 21 17 37 7111215017919319017214411118 9 9X5 6 8190191719499999999999999 027 831239 1599999999999999
 83 70 79104136166188196186158120 78 41 20 24 51 8912916418819518315812618 910X5 656196195019599999999999999 1 5 701320 1999999999999999
 91 66 61 78108142172193197182152114 73 41 29 41 7211014617619118917014118 911X5 743197202119399999999999999 143 601359 2999999999999999
106 73 55 58 81113146174191190172143107 72 48 46 65 9613016018218817715318 912X5 828193205118899999999999999 220 531437 4499999999999999
122 88 61 51 62 87118147171183179160134103 77 63 68 9011814616818117816118 913X5 914183212018199999999999999 259 511513 6299999999999999
135105 76 56 54 68 93120145164171165149127104 86 82 9211213515617017316418 914X510 2171214717499999999999999 338 531549 8199999999999999
145120 93 70 58 61 76 9712014015415815314112511010010111212814515816516218 915X51055158221516599999999999999 419 571625 9999999999999999
150131109 87 71 64 69 82 9911713314414814513712811911511712613614715415618 916X512 2148224515699999999999999 5 4 6417 711599999999999999
150138122104 87 76 71 75 84 9811212613614114213913412912612713113714314618 917X51342142232814799999999999999 6 2 71181312699999999999999
146141132120105 92 82 76 77 83 9410612013214014514514213713313013013213518 918X51533145999999999999999999999 723 76204313099999999999999
138139138132122110 97 85 78 75 79 8810211813314515215314914113312612212318 919X5 1 1139164015399999999999999 856 75222312299999999999999
127133138140137129115100 85 74 69 72 8410112114015316015915113912611611118 920X5 25814017201609999999999999910 6 6923 711199999999999999
114122133143148145135118 99 80 66 61 68 8410613015116416716114813011410318 921X5 4121481750167999999999999991056 61233910099999999999999
101109124140152158153138117 92 70 56 55 68 90117143163173170157137115 9718 922X5 5 31581817173999999999999991135 54999999999999999999999
 89 95110131151164167157137110 82 59 48 54 75103133159174177166146121 9618 923X5 544167184117899999999999999 0 6 8912 9 4899999999999999
 81 80 94118143163175172156130 99 69 49 46 61 8912115017218117515612910018 924X5 62017619 418199999999999999 032 781240 4599999999999999
 76 67 77100129155175182173150119 86 58 45 52 7610814016718218116613910818 925X5 656182192818499999999999999 059 671310 4599999999999999
 78 60 61 80110141167183183167140108 76 53 49 66 9512815717818417415011918 926X5 732185195318599999999999999 127 571341 4899999999999999
 85 59 49 60 88120151174185179159130 98 70 55 62 8511614617018318016113118 927X5 8 9185201918499999999999999 158 491413 5599999999999999
 98 66 46 46 66 97129157177182171149121 92 71 66 7910513415917618016814418 928X5 849182204718099999999999999 231 431446 6599999999999999
112 80 53 41 49 73104134159174175162140116 93 80 82 9912314716517417115418 929X5 932176211617599999999999999 3 7 401523 7999999999999999
127 97 68 47 42 54 79108135156167165153136117101 9410011613515216416715918 930X51023168214816899999999999999 347 4116 3 9499999999999999
140115 88 63 48 47 60 821071301481571571491371231131091151271401511581571810 1X51126158222615999999999999999 434 46165310999999999999999
148130109 86 66 54 53 63 811011221381491521491421331251221241301381451491810 2X51258152232214999999999999999 534 5218 812299999999999999
148141128110 91 73 61 57 62 75 921121301441521541511441351281251251291351810 3X51454154999999999999999999999 655 57202112499999999999999
140143141132119101 82 66 57 57 66 831041261441571631601521391261171141171810 4X5 1 6143161116399999999999999 830 56215911499999999999999
125136144148143131112 89 68 53 48 57 76101128151166172167153135116102 981810 5X5 25914817 017299999999999999 950 482251 9899999999999999
105119136152160157143120 92 65 46 40 51 75106136162177178168148122 98 821810 6X5 4171601737179999999999999991049 402331 8099999999999999
 82 96118142163173169152124 91 60 39 37 53 83117150174185180161134102 761810 7X5 5151741810185999999999999991138 35999999999999999999999
 64 71 93122152175185178156124 87 54 36 40 63 97133164184187174148114 801810 8X5 6 5185184018899999999999999 0 8 631220 3599999999999999
 55 50 66 96130162184191179154119 82 52 40 52 81116150176189182161128 911810 9X5 652191191018999999999999999 043 491259 4099999999999999
 58 39 43 68102138169189190175147113 78 55 52 71102135164183186171142107181010X5 736192193918799999999999999 119 381336 5099999999999999
 70 41 32 46 75111145173187184166139107 78 64 70 93123151173183176154122181011X5 81918820 618399999999999999 154 321412 6399999999999999
 87 54 34 34 54 85119149172181174155130104 84 79 91114139161174175161135181012X5 9 3181203317799999999999999 229 311447 7899999999999999
103 71 45 35 43 65 95124150167171162145125105 93 95110130149163169162144181013X5 947171205916999999999999999 3 4 351521 9299999999999999
118 89 63 45 42 55 77102127147159160152138123110105110123138152159158148181014X51035161212516099999999999999 341 42155810599999999999999
128105 81 62 52 54 66 85107127142150151145135125117116121130140148150146181015X51133151215515099999999999999 420 51164111699999999999999
134118 98 80 67 61 65 75 90107124136143145142136130125123126130135139139181016X51252145223414099999999999999 5 7 61175012399999999999999
135126113 99 85 75 71 73 80 91105119131140144144140135129125123124126129181017X51429145235713099999999999999 612 71201412399999999999999
130128123115104 93 83 77 76 80 89102116130141148149145137129121115113116181018X51542149999999999999999999999 747 76215311399999999999999
120125128127122112100 89 79 74 76 85 99117134147154154147135122110102101181019X5 221128162815599999999999999 915 74223710199999999999999
107116126134136131120105 89 76 69 71 83102123142156161157144127108 94 87181020X5 34913617 2161999999999999991016 6923 7 8799999999999999
 91103119134144147139124105 85 69 63 69 86109134154165165154135111 89 76181021X5 44514717301679999999999999911 0 632335 7399999999999999
 74 86105127146157156145124100 76 61 59 72 96123148166172164144118 90 67181022X5 5281581755172999999999999991137 58999999999999999999999
 59 67 87114140160168163145120 91 67 56 61 82110139163175172155128 96 65181023X5 6 6168182017699999999999999 0 1 591210 5599999999999999
 47 47 66 95126154172176164141112 82 60 56 71 98128156174179166140106 71181024X5 643176184517999999999999999 029 441243 5599999999999999
 42 31 43 71106140167181178161134103 75 59 64 86116145169180175153120 83181025X5 721182191318199999999999999 059 311316 5999999999999999
 47 25 24 46 80117151175184176155126 96 73 66 78104133159176179165136 99181026X5 8 1184194118099999999999999 132 211351 6599999999999999
 61 30 15 25 53 90127158177181170147120 94 77 78 95121146166176171150118181027X5 843182201217699999999999999 2 7 151428 7599999999999999
 81 46 21 15 31 62 98132159174174162141118 97 87 93111133153166169158134181028X5 930176204517099999999999999 245 1415 9 8799999999999999
102 68 39 21 22 40 70102132155167166155138119104 99106122138152160159145181029X51024168212216199999999999999 328 191555 9999999999999999
122 93 64 40 28 32 49 75102128148158158150138125114110115126137146150147181030X5113015922 615099999999999999 417 27165311099999999999999
134115 91 68 49 39 42 55 76 99121139150153150142131122116117122129135139181031X51257153231413999999999999999 517 38182111699999999999999
137129115 97 78 61 50 50 58 74 941141331461531531471361251161111121161231811 1X51429154999999999999999999999 635 49202211199999999999999
129132130122108 91 73 60 54 58 70 89111131148157158151137121107 98 961021811 2X5 1 8132153615899999999999999 8 6 542141 9699999999999999
112124134137133121103 83 65 55 56 68 88112135154163162151132110 91 79 791811 3X5 259137162216499999999999999 926 542230 7899999999999999
 89106125141149146133113 89 67 54 54 69 92119144162169162145120 92 70 591811 4X5 4161491659169999999999999991027 522310 5999999999999999
 64 81106131151161157142118 90 66 53 57 75102131156171171157133102 70 471811 5X5 5151611732173999999999999991117 522347 4299999999999999
 42 55 80111140162171165146119 89 64 55 64 88117145167175168146115 79 471811 6X5 6 417118 2175999999999999991159 55999999999999999999999
 29 32 53 85119151171177167145115 85 64 61 77104133158174174158130 94 571811 7X5 649177183117699999999999999 022 271238 6099999999999999
 28 18 30 58 94130160177177163139110 82 68 73 93121147167175167143110 721811 8X5 73217919 017599999999999999 057 181315 6799999999999999
 37 16 16 36 69105139165177173156131104 83 76 87110135157170170153125 891811 9X5 813177192817299999999999999 131 131351 7699999999999999
 53 25 13 22 48 82116147167172164146123101 87 88102124145161167159137106181110X5 853173195616799999999999999 2 4 131426 8599999999999999
 72 41 21 19 34 62 94125150164165155137117100 94 99115134150159158144120181111X5 934166202516099999999999999 238 1715 2 9499999999999999
 90 60 36 25 30 49 76104130149158156145130114103101109123137148152146129181112X51016158205415299999999999999 312 25154010199999999999999
105 79 55 39 35 44 63 87111132146151148138126114107108115125136142141133181113X511 4151212714399999999999999 348 34162510799999999999999
116 96 74 57 46 47 57 74 94114131141145142135125116111111116122129132130181114X512 114522 913299999999999999 429 45172711099999999999999
122108 92 76 63 57 58 67 81 97114128137141140134126117112110111115119122181115X51313141231612299999999999999 520 5619 511099999999999999
121115106 95 82 72 67 67 73 84 98113126136141141135126116108102101104108181116X51424142999999999999999999999 628 66204810199999999999999
113116115110101 91 81 74 71 75 84 97113128139145143136124110 98 90 88 92181117X5 116116152014599999999999999 757 712147 8899999999999999
100109117120118111 99 87 77 72 74 83 99116133145149145133116 98 82 74 74181118X5 3 812016 214999999999999999 915 722225 7399999999999999
 83 97112124130129120106 90 76 69 72 85103124142153154144126102 79 62 56181119X5 4171311636155999999999999991013 692257 5699999999999999
 63 79100121136143139126108 88 72 66 73 90113135152160154137112 82 56 40181120X5 5 814317 6160999999999999991059 662328 3999999999999999
 41 56 81109134150155147130107 84 68 65 78100125148162164150124 92 58 32181121X5 5511551735165999999999999991139 64999999999999999999999
 21 31 56 89121148163164151129103 78 65 69 87114140160169162140107 69 33181122X5 63216518 616999999999999999 0 0 211217 6499999999999999
 10  9 28 62 99134161173169151126 98 75 67 77101128152169171155125 86 46181123X5 714173183817299999999999999 034  61256 6799999999999999
 12 -4  3 32 71110145169177168148121 94 75 73 89114140161172166144109 67181124X5 757177191217299999999999999 111 -51335 7199999999999999
 27 -2-10  6 40 80119152172176164143117 92 79 83101125148164169157130 93181125X5 842176194916999999999999999 150-101417 7899999999999999
 53 16 -6 -7 14 49 88125154170170158138114 94 86 93111132150162161146117181126X5 931172202916399999999999999 232-1015 2 8699999999999999
 82 45 14 -2  2 25 58 93126151164163151134114 98 93100116133146154150134181127X51024165211315499999999999999 318 -31553 9399999999999999
107 76 45 20  9 15 36 65 96125146156155146132115102 98103114127137142138181128X5112515722 714299999999999999 4 8  91654 9899999999999999
124103 77 52 32 23 29 47 71 97121140150150143131116104 98100107116125130181129X51233151231913199999999999999 5 5 231813 9899999999999999
129119104 84 64 47 39 42 55 75 97119136146148142130115101 92 90 94102112181130X51344148999999999999999999999 612 391947 9099999999999999
120123119110 95 78 62 53 53 62 78 98118135146148142128111 93 80 75 78 881812 1X5 1 0123144514899999999999999 731 5121 6 7599999999999999
100113122124119107 92 75 63 60 66 81100121138148149140123102 80 64 58 631812 2X5 248125153515099999999999999 851 6022 3 5899999999999999
 76 94112126133130119103 85 70 65 71 86106127144152149136114 88 62 45 411812 3X5 412133161615399999999999999 958 652248 4099999999999999
 50 69 93116135143141129110 89 73 68 76 93115136151155147128101 70 42 271812 4X5 5161431652156999999999999991054 682327 2599999999999999
 27 43 68 98125145152148134112 90 74 71 82102125145157156141116 83 50 231812 5X5 6 71531726158999999999999991141 70999999999999999999999
 13 21 44 74107136154159151133110 87 74 76 92114136153160152131 99 64 301812 6X5 651159175916099999999999999 0 4 121222 7399999999999999
  8  5 22 51 85119146161161149129104 84 76 84102125146158158143116 81 451812 7X5 731163183116099999999999999 039  413 0 7699999999999999
 15  0  6 30 63 99131154164159143121 98 82 80 93114135152159152130 99 631812 8X5 8 816419 215999999999999999 113  01337 7999999999999999
 29  6  0 15 43 78112141158162152134112 93 83 87103123142154155141115 821812 9X5 844162193315699999999999999 146  01412 8299999999999999
 47 19  4  7 28 59 92123147158156143124104 89 86 94111130145152146127 99181210X5 92015820 515299999999999999 219  31447 8599999999999999
 67 37 16  9 20 44 74105131148153147133115 99 89 90101117132143144134113181211X5 956153203814599999999999999 253  91524 8899999999999999
 86 57 33 19 20 35 59 87114135146147139125109 96 90 94105118130137134121181212X51034148211413799999999999999 327 1816 5 9099999999999999
101 76 52 35 27 33 50 73 98120136143141132118105 94 91 95105116124127123181213X51115143215612799999999999999 4 4 271654 9199999999999999
110 92 72 53 41 39 47 63 83104122134139135127114102 93 90 93100109115117181214X512 3139225011799999999999999 444 381756 9099999999999999
113103 88 73 59 51 51 59 73 90108123133136132124111 99 89 85 87 92 99105181215X51257136999999999999999999999 532 501915 8599999999999999
109107101 91 79 68 62 61 68 80 95110124132135131121108 94 82 75 75 80 89181216X5 010109135413599999999999999 633 612032 7599999999999999
 98104107105 98 88 79 71 69 73 83 97112126134136131119102 84 69 61 61 68181217X5 2 2107144713799999999999999 752 692129 6099999999999999
 81 94106113114109 99 88 78 73 76 85100116130139139130113 91 69 51 42 45181218X5 338114153214099999999999999 912 732214 4299999999999999
 58 77 96114124126121109 94 81 74 76 87104122137145142127104 76 49 29 23181219X5 4451271614145999999999999991017 732255 2399999999999999
 32 52 78104126138140131116 97 81 73 77 92111131146151142121 91 58 27  7181220X5 5381401653151999999999999991110 722334  499999999999999
  6 23 51 84115139152151138119 96 78 71 79 98121142155155140112 75 37  5181221X5 6251531732157999999999999991157 71999999999999999999999
-11 -6 19 55 93128152162158141118 93 75 72 85107131151162157135100 59 18181222X5 7 9162181316299999999999999 015-121241 7199999999999999
-13-24-10 22 62103139162168159140114 88 73 74 91116140158165154127 88 44181223X5 754168185516599999999999999 056-241325 7199999999999999
  3-24-28 -8 29 71113146166169157135108 84 73 79 99123146161163148117 76181224X5 839170193816499999999999999 139-2914 9 7399999999999999
 33 -5-26-24  1 39 81120150166165151128103 81 74 83104127147159157139107181225X5 926167202416099999999999999 224-281456 7499999999999999
 68 28 -4-20-12 14 51 89124150161158143121 97 80 76 86105125142151147128181226X51013162211415199999999999999 310-201545 7599999999999999
 99 64 30  4 -6  5 30 63 97127147155149135114 93 78 76 86101118133140135181227X511 215522 914099999999999999 358 -61640 7599999999999999
119 94 65 38 18 13 24 46 74103127143147141127108 89 76 74 81 93107120126181228X51153147231412799999999999999 449 121743 7399999999999999
124112 93 72 50 36 33 43 61 84107127139141135121103 85 72 68 72 82 94106181229X51245141999999999999999999999 543 321858 6899999999999999
114115109 97 82 66 55 52 59 73 91110126135137130117 99 80 65 58 60 68 80181230X5 040116134013799999999999999 646 522019 5899999999999999
 93105111111105 94 81 71 67 71 82 96112126134135127113 93 72 55 45 46 54181231X5 228112143513699999999999999 8 1 672129 4499999999999999
