 29 28 26 21 15  8  2 -2 -4 -4 -1  5 12 17 20 22 22 20 18 17 17 19 21 2518 1 1XO 024 291522 2299999999999999 821 -51930 1799999999999999
 29 31 30 27 21 14  6  0 -5 -7 -6 -2  5 12 18 21 23 22 21 19 18 18 19 2218 1 2XO 113 311614 2399999999999999 913 -72021 1899999999999999
 27 31 32 31 27 21 13  5 -2 -6 -8 -7 -2  6 13 18 22 23 22 20 18 17 17 1918 1 3XO 2 5 3217 0 239999999999999910 5 -82112 1799999999999999
 22 27 31 32 31 27 20 12  3 -3 -7 -8 -6  0  7 14 18 21 22 20 18 16 16 1618 1 4XO 257 321744 22999999999999991056 -822 8 1699999999999999
 18 22 26 30 31 29 25 18 10  3 -3 -6 -7 -4  1  8 14 18 20 20 18 16 15 1418 1 5XO 350 311826 20999999999999991146 -72316 1499999999999999
 14 16 20 25 27 28 26 22 16  9  2 -2 -5 -5 -2  4 10 14 18 19 18 16 14 1318 1 6XO 444 2819 8 19999999999999991233 -5999999999999999999999
 12 12 14 18 21 24 24 22 18 13  8  3  0 -2 -1  2  7 11 15 17 18 17 15 1318 1 7XO 541 241950 1899999999999999 027 121318 -299999999999999
 12 10 10 12 15 17 19 19 18 15 11  7  4  2  1  2  5  9 13 15 17 17 16 1418 1 8XO 644 192030 1799999999999999 137 1014 0  199999999999999
 12 10  9  8  9 11 13 14 15 14 12 10  8  6  5  5  6  9 11 14 16 17 17 1518 1 9XO 8 0 152110 1799999999999999 251  81437  599999999999999
 13 11  9  7  6  6  7  9 10 11 12 11 10  9  8  8  8  9 11 14 16 17 18 1718 110XO 940 122147 1899999999999999 414  615 7  899999999999999
 15 12 10  7  5  4  3  4  6  8 10 10 11 11 10 10 10 11 12 14 16 17 18 1818 111XO1214 112224 1899999999999999 537  31526 1099999999999999
 17 15 12  8  5  3  1  1  2  5  7  9 11 12 12 12 12 12 13 14 16 17 19 1918 112XO23 0 19999999999999999999999 637  1999999999999999999999
 19 17 14 11  7  3  1  0  0  2  4  8 10 12 13 13 14 13 14 14 16 17 19 2018 113XO2338 21999999999999999999999 721 -1999999999999999999999
 21 19 17 13  9  5  1 -1 -2 -1  2  5  9 12 14 14 15 14 14 14 15 17 19 2118 114XO9999999999999999999999999999 757 -2999999999999999999999
 22 21 19 16 12  7  3 -1 -3 -3 -1  3  7 11 14 15 15 15 14 14 14 16 18 2018 115XO 017 221552 1599999999999999 829 -31852 1499999999999999
 22 23 22 19 15 10  5  0 -3 -4 -3  0  5  9 13 15 16 15 14 14 13 14 16 1818 116XO 057 231611 1699999999999999 9 2 -41936 1399999999999999
 21 23 23 21 18 13  7  2 -2 -4 -5 -3  2  7 11 14 16 16 15 13 12 13 14 1618 117XO 137 231635 1699999999999999 936 -52016 1299999999999999
 19 22 23 23 20 16 11  5 -1 -4 -6 -5 -2  3  8 12 15 15 15 13 12 11 12 1318 118XO 215 2317 1 15999999999999991010 -62055 1199999999999999
 16 19 22 23 21 18 13  7  1 -3 -5 -6 -4  0  5 10 13 14 14 13 11 10 10 1118 119XO 252 231729 15999999999999991045 -62134 1099999999999999
 13 16 19 21 21 19 15 10  4 -1 -4 -6 -6 -3  2  7 11 13 14 13 11  9  9  918 120XO 329 221759 14999999999999991120 -62218  999999999999999
 10 12 15 18 20 19 16 12  7  1 -3 -5 -6 -4 -1  4  9 12 13 13 11  9  8  718 121XO 4 6 201828 13999999999999991153 -62314  799999999999999
  7  8 11 14 17 17 16 13  9  4  0 -3 -4 -4 -2  2  7 10 12 13 12 10  8  618 122XO 447 171856 13999999999999991224 -4999999999999999999999
  6  6  7 10 12 14 14 13 10  7  3  0 -2 -2 -1  1  5  9 11 13 12 11  8  618 123XO 535 151924 1399999999999999 024  61253 -299999999999999
  5  4  4  5  8 10 11 12 11  8  5  3  1  0  0  2  5  8 11 13 13 12 10  718 124XO 639 121953 1399999999999999 132  41319  099999999999999
  5  3  2  2  3  5  7  9 10  9  8  6  4  3  3  4  5  8 11 13 14 14 13 1018 125XO 811 102028 1499999999999999 240  21344  399999999999999
  7  4  2  0 -1  0  2  4  7  8  9  8  7  7  6  6  7  9 11 13 15 16 16 1418 126XO10 2  92112 1699999999999999 353 -11415  699999999999999
 10  7  3  0 -2 -3 -3 -1  2  5  8  9 10 10  9  9  9 10 11 13 15 17 18 1718 127XO1216 1022 5 1899999999999999 510 -31511  999999999999999
 15 11  7  2 -2 -5 -6 -6 -4  0  4  8 10 12 12 12 11 11 12 13 14 17 19 2018 128XO1357 1223 5 2099999999999999 619 -61654 1199999999999999
 19 17 12  7  1 -4 -7 -9 -9 -6 -1  4  9 12 13 14 13 12 12 12 13 15 18 2118 129XO1448 14999999999999999999999 719 -91819 1299999999999999
 22 21 18 13  7  0 -6-10-12-11 -7 -1  5 10 13 15 15 13 12 11 11 13 15 1918 130XO 0 6 221526 1599999999999999 814-121921 1199999999999999
 23 24 23 19 14  7 -1 -7-12-13-12 -7 -1  6 11 14 15 14 12 11 10 10 11 1518 131XO 1 5 2416 2 1599999999999999 9 6-132016 1099999999999999
 19 24 25 24 20 13  6 -2 -9-13-14-12 -6  1  8 12 15 15 13 10  8  7  8 1018 2 1XO 2 1 251636 1599999999999999 956-142111  799999999999999
 14 19 23 25 23 19 12  4 -4 -9-13-13-10 -4  3  9 13 14 14 11  8  6  5  618 2 2XO 255 251710 14999999999999991043-132211  599999999999999
  8 13 18 22 23 21 17 10  2 -4 -9-11-11 -7 -1  6 10 13 13 12  8  5  4  318 2 3XO 349 231743 14999999999999991126-122312  399999999999999
  3  6 11 16 19 20 18 13  7  1 -4 -7 -9 -8 -3  3  8 11 13 12 10  6  4  218 2 4XO 442 201816 139999999999999912 6 -9999999999999999999999
  1  2  5  9 13 15 16 14 10  5  0 -3 -5 -5 -3  1  6 10 12 12 11  8  5  218 2 5XO 538 161847 1299999999999999 011  11241 -699999999999999
  1  0  0  3  7  9 11 11 10  7  3  1 -1 -2 -1  1  5  8 11 12 12 10  7  418 2 6XO 638 111918 1299999999999999 1 9  01310 -299999999999999
  2  0 -1 -1  1  4  6  7  7  6  5  3  2  1  2  3  5  8 10 11 12 11  9  618 2 7XO 749  71949 1299999999999999 210 -11325  199999999999999
  3  1 -1 -2 -2 -1  1  3  4  5  5  4  4  4  4  5  6  8 10 11 12 12 10  818 2 8XO 927  52022 1299999999999999 320 -21244  499999999999999
  6  3  1 -2 -3 -3 -3 -1  0  2  4  4  5  6  6  7  7  8 10 11 12 12 12 1018 2 9XO21 3 12999999999999999999999 446 -3999999999999999999999
  8  6  3  0 -2 -4 -5 -4 -3  0  2  4  5  6  7  8  8  9 10 11 12 13 13 1218 210XO2155 13999999999999999999999 6 2 -5999999999999999999999
 11  8  5  2 -1 -4 -5 -6 -5 -3  0  3  5  7  8  8  9  9  9 10 11 12 13 1418 211XO2255 14999999999999999999999 652 -6999999999999999999999
 13 11  8  5  1 -2 -5 -7 -7 -5 -2  1  4  7  8  9  9  9  9  9 10 11 13 1418 212XO2351 14999999999999999999999 732 -7999999999999999999999
 14 13 11  8  4  0 -4 -7 -8 -7 -5 -1  3  6  8  9  9  9  8  8  8  9 11 1318 213XO1535  9999999999999999999999 8 7 -81849  899999999999999
 15 15 14 11  7  2 -3 -6 -9 -9 -7 -4  1  5  8  9  9  9  7  6  6  7  9 1118 214XO 041 151544  999999999999999 842 -91934  699999999999999
 14 16 16 14 10  5  0 -5 -8-10 -9 -7 -2  3  6  9  9  9  7  5  4  5  6  818 215XO 125 1616 1  999999999999999 916-102016  499999999999999
 12 15 16 15 13  8  3 -3 -7-10-11 -9 -5  0  5  8  9  9  7  5  3  2  3  518 216XO 2 7 161621  999999999999999 949-112057  299999999999999
  8 12 15 16 14 11  6  0 -5 -9-11-10 -8 -3  3  7  9  9  8  5  2  1  1  218 217XO 246 161643  9999999999999991023-112141  199999999999999
  4  8 13 15 15 13  9  3 -3 -7-10-10 -9 -5  1  5  8  9  8  6  2  0 -1 -118 218XO 326 1517 5  9999999999999991055-102228 -199999999999999
  0  4  8 12 14 13 10  6  0 -4 -7 -9 -9 -6 -1  4  7  9  9  7  4  0 -2 -318 219XO 4 7 141727  9999999999999991125 -92319 -399999999999999
 -3 -1  3  8 11 12 11  8  4 -1 -5 -6 -7 -6 -2  3  7  9  9  8  5  1 -2 -418 220XO 454 121749  9999999999999991152 -7999999999999999999999
 -4 -4 -2  3  7  9  9  8  6  2 -1 -3 -4 -4 -2  2  6  9 10  9  7  4  0 -318 221XO 550  91813 1099999999999999 013 -41215 -499999999999999
 -5 -6 -5 -3  1  4  6  7  6  4  2  0 -1 -1  0  2  5  9 10 11 10  7  3 -118 222XO 7 3  71844 1199999999999999 1 9 -61230 -199999999999999
 -4 -6 -7 -6 -4 -1  2  4  5  5  4  3  2  2  2  4  6  8 10 11 11 10  7  318 223XO 831  51925 1299999999999999 211 -71236  299999999999999
 -1 -4 -7 -8 -8 -6 -3 -1  2  4  5  5  5  5  5  5  6  8 10 12 12 12 11  718 224XO2021 13999999999999999999999 323 -8999999999999999999999
  4 -1 -4 -7 -9 -9 -8 -6 -3  1  3  5  6  7  7  7  7  8  9 11 12 13 13 1218 225XO2133 14999999999999999999999 446 -9999999999999999999999
  9  5  0 -4 -8-10-11-11 -8 -4  0  4  6  8  8  8  8  8  8  9 10 12 14 1518 226XO1425  82251 1599999999999999 6 3-1117 9  899999999999999
 14 11  6  1 -4 -9-12-13-12 -9 -4  1  5  8  9  9  8  7  7  7  8 10 13 1518 227XO1438  9999999999999999999999 7 8-131831  799999999999999
 16 15 12  8  2 -4-10-13-15-13 -9 -4  2  6  9 10  9  7  5  4  4  6  9 1318 228XO 0 2 1615 1 1099999999999999 8 3-151930  499999999999999
 16 18 17 13  8  1 -5-11-14-15-13 -8 -2  4  8 10 10  8  5  3  2  2  4  818 3 1XO 1 5 181527 1099999999999999 854-152023  299999999999999
 13 17 18 17 14  8  1 -6-11-14-14-12 -6  1  6  9 10  9  6  2  0 -1 -1  218 3 2XO 2 2 181554 1099999999999999 939-152116 -199999999999999
  7 12 17 18 16 13  6 -1 -7-11-13-13 -9 -2  4  8 10 10  7  3 -1 -3 -4 -318 3 3XO 257 181622 10999999999999991021-1322 9 -499999999999999
  0  6 12 15 16 15 10  4 -2 -7-10-11 -9 -4  2  7 10 10  9  5  0 -3 -5 -618 3 4XO 351 161649 10999999999999991059-1123 0 -699999999999999
 -5 -1  5 10 13 13 12  8  2 -3 -6 -8 -8 -5  0  5  9 10 10  7  3 -2 -5 -718 3 5XO 446 141715 10999999999999991132 -82348 -799999999999999
 -7 -5 -1  4  8 10 10  9  5  1 -2 -4 -4 -3  0  4  8 10 10  9  5  1 -3 -618 3 6XO 541 101739 10999999999999991159 -4999999999999999999999
 -7 -7 -5 -2  2  5  7  7  6  3  1 -1 -1 -1  1  4  7  9 10  9  7  3  0 -418 3 7XO 639  718 3 1099999999999999 036 -81215 -199999999999999
 -6 -7 -7 -5 -2  1  3  4  5  4  2  2  1  2  3  5  7  9 10 10  8  6  2 -118 3 8XO 743  51826 1099999999999999 126 -71158  199999999999999
 -4 -6 -7 -7 -5 -3 -1  1  2  3  3  3  3  4  4  5  7  9  9 10  9  7  5  218 3 9XO1852 10999999999999999999999 221 -7999999999999999999999
 -1 -3 -5 -6 -6 -6 -4 -2  0  1  2  3  4  5  5  6  7  8  9  9  9  8  7  518 310XO1931  9999999999999999999999 330 -7999999999999999999999
  2 -1 -3 -5 -6 -7 -6 -5 -3 -1  1  3  4  5  6  6  7  7  8  8  9  9  8  718 311XO2041  9999999999999999999999 455 -7999999999999999999999
  5  2  0 -3 -5 -7 -7 -7 -5 -3  0  2  4  5  6  6  6  6  7  7  8  8  9  918 312XO2211  9999999999999999999999 6 4 -7999999999999999999999
  7  5  3  0 -3 -6 -8 -8 -7 -5 -2  1  3  5  6  6  6  5  5  5  6  7  8  918 313XO1445  62327  999999999999999 652 -818 6  599999999999999
  9  8  6  3 -1 -5 -7 -9 -9 -8 -5 -1  3  5  6  6  6  5  3  3  4  5  7  918 314XO1444  6999999999999999999999 733 -91854  399999999999999
 10 10  9  6  2 -2 -6 -9-10 -9 -7 -3  1  4  6  7  6  4  2  1  1  2  4  718 315XO 026 101452  799999999999999 810-101935  199999999999999
 10 11 11  9  5  1 -4 -8-10-10 -9 -5 -1  4  6  7  6  4  2  0 -1 -1  1  418 316XO 114 1115 6  799999999999999 845-112015 -199999999999999
  8 11 12 11  8  4 -1 -6 -9-10-10 -7 -2  2  6  7  7  5  2 -1 -3 -4 -3  018 317XO 159 121523  799999999999999 919-112056 -499999999999999
  4  9 12 12 11  8  3 -3 -7 -9-10 -8 -4  1  5  8  8  7  3 -1 -4 -6 -6 -418 318XO 243 121540  899999999999999 952-102139 -699999999999999
  0  5 10 12 12 10  6  1 -4 -7 -8 -8 -5  0  5  8  9  8  5  1 -4 -7 -8 -818 319XO 329 121559  9999999999999991023 -82223 -899999999999999
 -5  0  6 10 12 11  9  5  0 -4 -6 -6 -5 -1  4  8 10 10  8  4 -2 -6 -9-1018 320XO 419 121620 10999999999999991054 -623 9-1099999999999999
 -9 -5  0  6  9 10 10  8  4  0 -2 -3 -3 -1  3  8 11 11 10  7  2 -4 -8-1018 321XO 516 111645 11999999999999991121 -32359-1199999999999999
-11 -9 -5  0  5  8  9  9  6  3  1  0  0  1  3  7 10 12 11  9  5  0 -5 -818 322XO 619  91715 12999999999999991143  0999999999999999999999
-10-11-10 -6 -1  3  6  7  7  6  4  3  3  3  4  7 10 12 12 11  9  5  0 -518 323XO 729  71752 1299999999999999 052-111149  399999999999999
 -8-10-11-10 -6 -2  1  4  6  6  6  5  5  5  6  7  9 11 12 12 11  9  5  018 324XO 853  61841 1299999999999999 152-111143  599999999999999
 -4 -7-10-11-10 -7 -4 -1  2  5  6  6  7  7  7  7  8  9 11 12 12 11  9  518 325XO1952 12999999999999999999999 3 3-11999999999999999999999
  1 -3 -6 -9-11-10 -9 -6 -2  1  4  6  7  8  8  8  7  8  8 10 11 12 12 1018 326XO2121 12999999999999999999999 426-11999999999999999999999
  7  3 -1 -5 -9-11-11-10 -7 -3  2  5  7  8  8  8  7  6  6  7  8 10 12 1318 327XO1337  82250 1399999999999999 545-111745  699999999999999
 11  9  5  0 -4 -8-11-12-10 -7 -2  3  6  8  9  8  6  5  4  3  4  6 10 1218 328XO1353  9999999999999999999999 650-121848  399999999999999
 14 13 10  6  1 -4 -8-11-11 -9 -5  0  5  8  9  9  7  4  2  0  0  2  5  918 329XO 0 5 141413  999999999999999 744-111939  099999999999999
 13 14 14 11  7  1 -4 -8-10-10 -8 -2  3  7  9 10  8  5  1 -2 -3 -3 -1  418 330XO 110 151435 1099999999999999 831-112027 -399999999999999
  9 13 15 14 11  6  1 -4 -7 -9 -8 -4  1  6 10 11 10  6  2 -2 -5 -6 -5 -218 331XO 2 8 151459 1199999999999999 913 -92114 -699999999999999
  4 10 13 15 14 10  5  0 -4 -6 -7 -5  0  5 10 11 11  9  4 -1 -5 -7 -8 -618 4 1XO 3 5 151522 1299999999999999 950 -72158 -899999999999999
 -2  4 10 13 14 13  9  4  0 -3 -4 -4 -1  4  9 12 12 11  7  2 -3 -7 -9 -918 4 2XO 359 141546 12999999999999991023 -42241 -999999999999999
 -7 -2  4  9 12 12 11  8  4  1 -1 -1  0  4  8 12 13 12 10  5  0 -5 -8 -918 4 3XO 452 1216 9 13999999999999991050 -12322 -999999999999999
 -9 -6 -1  4  8 10 11  9  6  4  2  2  2  4  8 11 13 13 12  8  3 -2 -6 -818 4 4XO 544 111631 139999999999999911 8  2999999999999999999999
 -9 -8 -5  0  4  7  9  9  8  6  5  4  4  6  8 11 13 13 12 10  6  1 -3 -618 4 5XO 637  91652 1399999999999999 0 3 -911 9  499999999999999
 -8 -8 -6 -3  0  3  6  7  8  7  6  6  6  7  8 10 12 13 13 11  8  4  0 -318 4 6XO 735  81712 1399999999999999 045 -81045  699999999999999
 -5 -7 -7 -5 -3  0  3  5  6  7  7  7  7  8  9 10 11 12 12 11 10  7  3  018 4 7XO1733 12999999999999999999999 131 -7999999999999999999999
 -2 -4 -6 -5 -4 -2  0  2  4  6  6  7  8  8  9  9 10 11 11 11 10  8  6  318 4 8XO18 2 11999999999999999999999 225 -6999999999999999999999
  1 -2 -4 -5 -5 -4 -3 -1  2  4  6  7  8  8  9  9  9  9 10 10 10  9  8  618 4 9XO1924 10999999999999999999999 335 -5999999999999999999999
  4  1 -1 -3 -4 -5 -4 -3  0  2  5  6  8  8  8  8  8  7  8  8  8  9  9  818 410XO1341  82126  999999999999999 452 -517 9  799999999999999
  6  4  2 -1 -3 -5 -5 -4 -3  0  3  6  7  8  8  8  7  6  5  6  6  7  9  918 411XO1333  82259  999999999999999 554 -51810  599999999999999
  9  7  5  2 -1 -3 -5 -5 -4 -2  2  5  7  8  9  8  6  4  3  3  4  5  7  918 412XO1335  9999999999999999999999 642 -51849  399999999999999
 10 10  8  5  2 -1 -4 -5 -5 -3  0  4  7  9  9  8  6  4  2  1  1  2  5  818 413XO 0 7 101344  999999999999999 722 -51926  099999999999999
 11 12 11  9  5  2 -2 -4 -5 -4 -1  3  7 10 10 10  7  4  1 -1 -2 -2  1  518 414XO 1 2 121357 1099999999999999 8 0 -520 4 -299999999999999
  9 12 13 12  9  6  1 -2 -3 -4 -2  2  7 10 12 11  9  6  1 -2 -4 -5 -3  118 415XO 153 131414 1299999999999999 836 -42044 -599999999999999
  6 11 14 14 13 10  5  2 -1 -2 -1  1  6 11 13 14 12  8  3 -2 -5 -7 -7 -418 416XO 245 141434 1499999999999999 911 -22126 -799999999999999
  1  7 12 15 15 13 10  6  2  1  0  2  6 11 14 16 15 12  7  1 -5 -8 -9 -818 417XO 339 151459 1699999999999999 945  02210 -999999999999999
 -4  2  8 13 15 15 13 10  6  4  3  3  6 10 15 17 17 15 11  5 -2 -7 -9-1018 418XO 436 151528 17999999999999991017  32257-1099999999999999
 -9 -4  3  9 13 15 15 13 10  7  6  6  7 10 14 17 19 18 15 10  3 -3 -7-1018 419XO 535 1516 1 19999999999999991048  62348-1199999999999999
-11 -8 -3  3  8 12 14 14 12 10  9  8  9 10 13 16 19 19 17 14  9  2 -3 -718 420XO 636 141639 19999999999999991114  8999999999999999999999
-10-10 -8 -3  2  7 11 13 13 12 11 10 10 11 12 15 17 19 18 17 13  8  2 -218 421XO 742 131725 1999999999999999 042-101132 1099999999999999
 -6 -8 -9 -7 -3  2  6  9 11 12 12 12 12 12 12 13 15 16 17 17 16 13  8  318 422XO 9 8 121826 1899999999999999 141 -91246 1299999999999999
 -1 -4 -7 -7 -6 -3  1  5  8 11 12 12 12 12 12 12 12 13 15 16 16 15 13  918 423XO1154 121948 1699999999999999 250 -81448 1299999999999999
  5  1 -3 -5 -6 -5 -3  0  4  8 11 12 13 12 12 11 10 10 11 12 14 15 15 1318 424XO1214 132122 1599999999999999 4 6 -61636 1099999999999999
 10  7  3 -1 -4 -5 -5 -3  1  5  9 11 13 13 12 10  9  8  7  8 10 12 14 1518 425XO1235 132254 1599999999999999 519 -51753  799999999999999
 14 11  8  4  1 -2 -4 -3 -1  3  7 11 13 13 13 11  8  6  4  4  5  8 11 1418 426XO1255 13999999999999999999999 621 -41849  499999999999999
 15 15 13  9  5  2 -1 -2 -1  1  6 10 13 14 14 12  9  6  3  1  1  3  7 1118 427XO 012 151316 1499999999999999 712 -21937  199999999999999
 14 16 15 13 10  6  3  1  0  1  5  9 13 15 16 14 11  7  3  0 -2 -1  2  618 428XO 119 161338 1699999999999999 756  02021 -299999999999999
 11 15 16 16 14 10  7  4  3  3  5  9 13 16 17 16 14  9  4  0 -3 -4 -3  118 429XO 220 1714 0 1799999999999999 834  221 3 -499999999999999
  7 12 16 17 16 14 11  8  6  5  6  8 13 17 19 19 17 12  7  2 -2 -4 -5 -318 430XO 315 171424 1999999999999999 9 6  52142 -599999999999999
  2  8 13 16 17 16 14 11  9  8  8  9 13 17 20 20 19 16 11  5  0 -3 -5 -518 5 1XO 4 7 171449 2099999999999999 932  82220 -599999999999999
 -1  4 10 14 16 17 16 14 11 10 10 11 13 16 20 21 21 18 14  9  3 -1 -4 -518 5 2XO 455 171514 2199999999999999 950 102257 -599999999999999
 -3  1  6 11 14 16 17 15 13 12 12 12 13 16 19 21 21 20 17 12  6  2 -2 -418 5 3XO 542 171539 229999999999999910 0 122333 -499999999999999
 -4 -2  3  7 11 14 16 16 15 14 13 13 14 16 18 20 21 21 19 15 10  5  1 -218 5 4XO 630 1616 4 219999999999999910 8 13999999999999999999999
 -3 -2  0  4  8 12 14 15 15 14 14 14 15 16 17 19 20 20 19 17 13  8  4  118 5 5XO 722 151629 2199999999999999 012 -31011 1499999999999999
 -1 -2 -1  2  5  9 11 13 14 14 14 15 15 15 16 18 19 19 19 17 15 11  7  418 5 6XO1656 19999999999999999999999 054 -2999999999999999999999
  2  0  0  1  3  6  9 11 13 14 14 15 15 15 15 16 17 17 17 17 15 13 10  718 5 7XO1732 17999999999999999999999 142  0999999999999999999999
  4  2  1  1  2  4  6  9 11 13 14 15 15 15 15 15 15 15 15 16 15 14 12 1018 5 8XO1845 16999999999999999999999 238  1999999999999999999999
  7  5  3  2  2  3  4  7  9 12 14 14 15 15 14 13 13 13 13 14 14 14 13 1218 5 9XO1211 152042 1499999999999999 340  21645 1399999999999999
 10  8  6  4  3  2  3  5  8 11 13 15 15 15 14 13 11 11 10 11 12 13 14 1418 510XO12 9 152224 1499999999999999 441  21744 1099999999999999
 13 11  9  7  5  4  3  5  7 10 13 15 16 16 15 13 10  9  8  8  9 11 13 1518 511XO1217 162343 1599999999999999 534  31825  899999999999999
 15 14 12 10  8  6  5  5  6  9 13 16 17 17 16 14 11  8  6  5  6  8 11 1418 512XO1230 18999999999999999999999 619  519 4  599999999999999
 16 17 16 14 11  9  7  6  7  9 13 16 19 20 18 16 12  8  5  3  2  4  7 1218 513XO 049 171249 2099999999999999 7 1  61943  299999999999999
 16 18 19 18 16 13 10  9  8 10 13 17 20 22 22 19 15 10  5  1  0  0  2  818 514XO 149 191313 2299999999999999 740  82025 -199999999999999
 13 18 20 21 20 17 14 12 11 11 13 17 21 24 25 23 19 14  8  2 -1 -3 -2  218 515XO 249 211342 2599999999999999 818 112110 -399999999999999
  8 15 20 22 23 21 18 16 14 13 14 17 21 25 27 27 24 19 12  5  0 -3 -4 -318 516XO 348 231416 2799999999999999 855 132157 -499999999999999
  2  9 16 20 23 24 22 19 17 16 16 17 20 24 28 29 28 24 18 11  4 -1 -4 -518 517XO 446 241454 2999999999999999 932 162247 -599999999999999
 -3  3 10 16 21 23 24 22 20 18 18 18 19 23 27 30 30 28 24 17 10  3 -2 -418 518XO 543 241537 309999999999999910 8 182340 -599999999999999
 -5 -2  4 10 16 20 23 23 22 20 19 19 19 21 24 28 30 29 27 23 17 10  4 -118 519XO 640 231625 30999999999999991049 19999999999999999999999
 -3 -3 -1  5 10 16 19 22 22 21 20 20 20 20 22 24 27 28 28 26 22 16 10  518 520XO 743 221721 2899999999999999 035 -41159 2099999999999999
  1 -1 -2  1  5 10 15 19 21 21 21 20 20 20 20 21 23 25 26 26 24 21 16 1118 521XO 854 211828 2699999999999999 133 -21328 1999999999999999
  7  3  1  1  3  6 11 15 18 20 21 21 20 19 18 18 19 20 22 23 24 23 20 1618 522XO10 9 211949 2499999999999999 235  11458 1899999999999999
 12  9  6  4  3  5  8 12 16 19 21 21 21 20 18 17 16 16 17 19 20 21 21 2018 523XO1058 212122 2299999999999999 340  31627 1599999999999999
 17 14 11  8  6  6  7 10 14 17 20 22 22 20 18 16 14 13 12 14 16 18 20 2118 524XO1131 222257 2199999999999999 442  61741 1299999999999999
 20 18 15 13 10  9  9 10 13 16 20 22 23 22 20 17 14 11 10  9 11 14 17 2018 525XO1157 23999999999999999999999 539  81839  999999999999999
 21 21 19 17 14 12 11 11 13 16 20 23 24 24 22 19 15 12  9  7  7  9 13 1718 526XO 022 211221 2499999999999999 626 111927  799999999999999
 20 21 21 20 18 16 15 14 15 17 20 23 26 26 25 22 18 13  9  6  5  6  9 1318 527XO 133 221245 2699999999999999 7 5 142010  599999999999999
 18 21 23 23 21 19 18 17 17 18 20 24 27 28 28 25 21 16 11  7  5  4  6 1018 528XO 233 231310 2899999999999999 735 172048  499999999999999
 15 19 22 24 24 22 20 19 19 19 21 24 27 30 30 28 25 20 14  9  6  4  4  718 529XO 325 241338 3099999999999999 759 192124  499999999999999
 12 17 21 24 25 25 23 21 21 21 22 24 27 30 31 30 28 23 18 12  8  5  4  518 530XO 411 2514 7 3199999999999999 820 212159  499999999999999
  9 14 19 23 25 26 25 23 22 22 22 24 27 30 32 32 30 27 22 16 10  7  5  418 531XO 453 261437 3299999999999999 842 222234  499999999999999
  7 11 16 21 24 26 26 25 23 23 23 24 26 29 31 32 32 29 25 20 14  9  6  518 6 1XO 533 2615 7 3299999999999999 9 7 232310  599999999999999
  6  9 13 18 22 24 26 25 24 23 23 24 25 27 30 31 32 30 27 23 17 12  9  618 6 2XO 615 261539 3299999999999999 933 232348  699999999999999
  6  7 11 15 19 22 24 25 24 24 23 24 24 26 28 30 31 30 28 25 20 16 11  918 6 3XO 7 0 251611 3199999999999999 958 23999999999999999999999
  7  7  9 12 16 19 22 24 24 24 23 23 24 24 26 27 28 29 28 26 22 18 14 1118 6 4XO 751 241646 2999999999999999 029  71026 2399999999999999
  9  8  8 11 14 17 20 22 23 24 23 23 23 23 24 25 26 27 27 26 24 21 17 1418 6 5XO1729 27999999999999999999999 112  8999999999999999999999
 11 10  9 10 12 15 18 21 23 23 24 23 23 23 22 22 23 24 24 24 24 22 19 1718 6 6XO 942 241833 2599999999999999 157  91423 2299999999999999
 14 12 11 11 12 14 16 19 22 23 24 24 23 22 21 21 20 21 22 22 23 23 21 1918 6 7XO1016 2420 8 2399999999999999 243 111550 2099999999999999
 17 15 14 13 13 14 16 18 21 23 25 25 24 23 21 20 18 18 18 20 21 22 22 2218 6 8XO1038 252150 2299999999999999 331 121657 1899999999999999
 20 19 17 15 15 15 16 18 21 24 26 27 26 24 22 19 17 16 15 16 18 20 22 2318 6 9XO1059 272322 2399999999999999 419 141749 1599999999999999
 23 22 21 19 17 17 17 19 21 25 27 29 29 27 24 20 17 14 13 12 14 17 21 2418 610XO1123 29999999999999999999999 5 7 171834 1299999999999999
 25 25 25 23 21 20 20 20 22 25 28 31 32 30 27 23 19 14 11 10 10 13 17 2218 611XO 040 261152 3299999999999999 554 201919  999999999999999
 25 27 28 27 25 24 22 22 23 25 29 32 35 34 32 28 22 17 12  8  7  8 12 1718 612XO 150 281226 3599999999999999 640 2220 6  799999999999999
 23 27 30 30 29 27 26 25 25 26 29 33 36 38 37 33 28 21 15  9  6  5  7 1118 613XO 253 3013 6 3899999999999999 724 252056  599999999999999
 18 24 29 31 32 31 29 27 26 27 28 32 36 39 40 38 34 28 21 13  8  4  4  618 614XO 352 321350 4099999999999999 8 7 262147  399999999999999
 12 19 25 30 32 33 32 30 28 28 28 30 34 38 41 42 39 35 28 20 12  7  4  318 615XO 446 331437 4299999999999999 850 282240  399999999999999
  6 12 20 26 30 33 33 31 29 28 28 29 31 35 39 42 42 39 34 27 19 12  7  418 616XO 539 331528 4299999999999999 936 282333  499999999999999
  4  7 14 20 26 30 32 32 31 29 28 28 29 31 35 39 41 41 38 33 26 19 13  818 617XO 630 321623 41999999999999991037 28999999999999999999999
  6  6  9 15 21 26 30 31 31 30 29 28 28 28 30 34 37 38 38 36 31 25 19 1418 618XO 722 311723 3999999999999999 027  512 3 2899999999999999
 10  8  9 12 17 22 26 29 31 30 29 28 27 26 26 28 31 34 35 35 33 30 25 2018 619XO 813 311830 3599999999999999 121  81324 2699999999999999
 16 13 11 12 15 19 23 27 30 30 30 29 27 26 25 24 25 28 30 31 32 31 28 2518 620XO 9 4 301949 3299999999999999 214 111443 2499999999999999
 21 18 16 15 15 18 22 25 28 30 31 30 28 26 24 23 22 22 24 26 28 29 29 2718 621XO 950 312120 2999999999999999 3 6 1516 4 2299999999999999
 25 23 21 19 18 19 21 24 28 30 32 32 30 28 25 23 20 19 19 21 23 26 27 2818 622XO1028 3223 2 2899999999999999 357 181721 1999999999999999
 27 26 25 23 22 22 23 25 27 30 32 33 33 30 28 24 21 18 17 17 19 22 25 2718 623XO11 1 33999999999999999999999 444 221823 1799999999999999
 28 28 28 26 25 25 25 26 28 31 33 35 35 33 30 27 23 19 16 15 16 18 21 2518 624XO 039 281131 3599999999999999 525 251913 1599999999999999
 28 29 30 29 28 27 27 28 29 31 34 36 37 36 34 30 26 21 17 15 14 15 18 2318 625XO 156 3012 0 3799999999999999 557 271955 1499999999999999
 26 29 31 31 31 30 29 29 30 32 34 37 38 39 37 33 29 24 19 16 14 14 16 2018 626XO 252 311231 3999999999999999 626 292031 1499999999999999
 25 28 31 32 32 32 31 30 31 32 34 37 39 40 39 37 33 28 22 18 15 14 15 1818 627XO 334 3213 5 4099999999999999 657 3021 6 1499999999999999
 22 27 31 33 34 33 32 31 31 32 34 36 39 41 41 40 36 31 26 20 16 14 14 1618 628XO 4 8 341339 4199999999999999 731 312140 1499999999999999
 20 25 29 32 34 34 33 32 32 32 33 35 38 40 42 41 39 35 30 24 19 15 14 1418 629XO 441 341415 4299999999999999 8 6 322215 1499999999999999
 17 22 27 31 33 34 34 33 32 32 32 34 36 39 41 42 41 38 33 27 22 17 15 1418 630XO 515 341451 4299999999999999 841 312251 1499999999999999
 16 19 24 28 32 34 34 33 32 31 31 32 34 37 39 41 41 39 35 30 25 20 17 1518 7 1XO 549 341527 4199999999999999 916 312328 1599999999999999
 15 17 21 26 29 32 33 33 32 31 31 31 32 34 36 39 40 39 37 33 28 23 19 1618 7 2XO 626 3316 3 4099999999999999 955 31999999999999999999999
 15 16 19 23 27 30 32 33 32 31 31 30 31 32 33 36 37 38 36 34 30 25 21 1918 7 3XO 7 4 331641 3899999999999999 0 6 151044 3099999999999999
 17 17 18 21 25 28 31 32 32 32 31 30 30 30 31 32 34 35 35 34 31 28 24 2118 7 4XO 742 321725 3599999999999999 044 161219 3099999999999999
 19 18 18 20 23 27 30 32 33 32 31 30 29 29 28 29 31 32 33 33 32 30 27 2418 7 5XO 817 331825 3399999999999999 120 181347 2899999999999999
 22 21 20 21 23 26 29 31 33 33 32 31 30 28 27 27 27 29 30 31 31 31 29 2718 7 6XO 849 331952 3199999999999999 156 201459 2799999999999999
 25 24 23 23 24 26 29 31 33 35 34 33 31 29 27 25 25 25 26 28 30 31 31 3018 7 7XO 918 352132 3199999999999999 232 2316 6 2599999999999999
 28 27 26 25 26 27 29 32 34 36 37 36 33 30 27 25 23 22 22 24 27 29 31 3218 7 8XO 949 372314 3299999999999999 311 2517 8 2299999999999999
 32 31 30 29 28 29 30 32 35 38 39 39 37 34 30 26 23 20 19 20 22 26 30 3218 7 9XO1025 39999999999999999999999 358 2818 5 1999999999999999
 34 34 33 32 32 31 32 33 35 38 41 42 41 39 34 29 25 20 18 17 18 21 26 3018 710XO 043 3411 7 4299999999999999 454 311859 1799999999999999
 34 36 36 36 35 34 34 34 36 38 42 44 45 44 40 35 29 23 18 15 14 16 20 2618 711XO 156 361154 4599999999999999 553 331951 1499999999999999
 31 35 38 38 38 36 35 35 36 37 41 44 47 48 46 42 36 28 22 16 13 12 15 2018 712XO 255 381245 4899999999999999 648 352045 1299999999999999
 27 33 37 39 40 39 37 36 35 36 39 42 46 49 50 47 43 36 28 20 15 12 11 1418 713XO 347 401338 5099999999999999 739 352138 1199999999999999
 20 28 34 38 40 40 38 36 35 35 36 39 43 48 51 51 48 43 35 27 20 14 12 1218 714XO 434 401431 5199999999999999 829 352231 1199999999999999
 15 22 29 35 38 40 39 37 35 34 34 35 38 43 48 50 50 47 42 34 26 20 15 1218 715XO 517 401526 5199999999999999 924 342323 1299999999999999
 13 17 24 30 35 38 39 38 36 34 33 33 34 37 42 46 49 48 46 40 33 26 20 1618 716XO 6 0 391623 49999999999999991036 33999999999999999999999
 14 16 20 26 32 36 38 39 37 35 33 32 31 32 35 40 44 45 45 43 38 32 26 2218 717XO 641 391723 4699999999999999 012 141156 3199999999999999
 19 18 19 23 29 33 36 38 38 36 34 32 30 30 30 33 37 40 41 41 40 36 31 2718 718XO 722 381831 4299999999999999 059 1813 8 3099999999999999
 24 22 21 23 27 31 35 37 38 37 35 33 31 29 28 28 31 33 36 37 38 37 34 3118 719XO 8 3 381948 3899999999999999 144 211418 2899999999999999
 29 27 25 26 28 31 34 37 38 39 38 35 33 30 28 27 27 28 30 32 34 35 35 3418 720XO 844 392119 3599999999999999 226 251533 2699999999999999
 32 31 30 29 30 31 34 36 38 40 39 38 36 33 30 27 25 25 26 27 30 32 33 3418 721XO 924 402322 3499999999999999 3 5 291653 2599999999999999
 34 34 33 32 32 33 34 36 39 40 41 40 38 36 32 29 26 24 23 24 26 29 31 3318 722XO10 3 41999999999999999999999 340 3218 2 2399999999999999
 35 35 35 35 35 35 36 37 39 41 42 42 41 39 36 32 28 25 23 22 23 26 29 3218 723XO1043 429999999999999999999991854 22999999999999999999999
 34 36 37 37 36 36 37 37 39 41 43 44 44 42 39 35 31 27 24 22 22 24 27 3018 724XO1123 449999999999999999999991936 22999999999999999999999
 34 36 37 38 38 37 37 38 39 40 43 44 45 45 42 39 34 30 26 23 21 22 24 2818 725XO 3 9 3812 3 4599999999999999 546 372012 2199999999999999
 32 36 38 39 39 38 38 38 38 40 42 44 46 46 45 42 38 33 28 24 22 21 23 2618 726XO 329 391244 4799999999999999 631 372046 2199999999999999
 30 35 38 39 39 39 38 37 37 39 40 43 46 47 47 45 41 36 31 26 23 21 21 2418 727XO 350 391324 4799999999999999 712 372120 2199999999999999
 28 33 36 39 40 39 38 37 36 37 39 41 44 47 48 47 44 40 34 29 24 21 21 2218 728XO 413 4014 3 4899999999999999 752 362155 2199999999999999
 25 30 35 38 39 40 39 37 36 36 37 39 41 45 47 47 46 42 37 32 26 23 21 2118 729XO 440 401441 4899999999999999 831 362231 2199999999999999
 23 27 32 36 38 39 39 37 35 35 35 36 38 42 45 47 46 44 40 35 29 25 22 2118 730XO 5 8 391518 4799999999999999 911 3523 6 2199999999999999
 22 25 30 34 37 39 39 38 36 34 34 34 35 38 41 44 45 44 41 37 32 27 24 2218 731XO 538 391556 4599999999999999 955 342340 2299999999999999
 22 24 28 32 36 38 39 38 36 34 33 33 33 35 38 41 43 43 42 39 35 30 26 2418 8 1XO 6 8 391636 43999999999999991052 33999999999999999999999
 23 24 26 30 34 37 38 38 37 35 33 32 32 32 34 37 39 41 41 39 36 33 29 2718 8 2XO 636 391724 4199999999999999 012 2312 6 3299999999999999
 26 25 27 30 33 36 38 39 38 36 34 32 31 31 31 33 35 38 39 39 37 35 32 3018 8 3XO 7 4 391828 3999999999999999 043 251314 3099999999999999
 29 28 28 30 33 36 38 40 40 38 36 33 31 30 29 29 31 33 35 37 37 37 35 3318 8 4XO 733 401956 3799999999999999 111 281417 2999999999999999
 32 31 31 32 34 36 39 40 41 41 39 36 33 31 29 27 28 29 31 34 35 37 37 3618 8 5XO 8 6 412135 3799999999999999 138 311523 2799999999999999
 35 34 34 34 35 37 39 41 43 43 42 40 36 33 30 27 26 25 27 29 32 35 37 3818 8 6XO 848 432327 3899999999999999 210 341634 2599999999999999
 38 37 37 37 37 38 39 41 43 45 45 44 41 37 33 29 25 23 23 25 27 31 35 3818 8 7XO 939 45999999999999999999999 3 2 371742 2399999999999999
 39 40 39 39 39 39 39 41 43 46 47 48 46 42 38 33 28 24 21 21 23 26 31 3618 8 8XO 1 3 401037 4899999999999999 423 391843 2199999999999999
 39 41 41 41 40 40 40 40 42 45 48 50 50 48 44 39 32 27 22 19 19 21 26 3118 8 9XO 2 2 411138 5099999999999999 539 391940 1999999999999999
 37 40 42 43 42 40 39 39 40 42 46 49 52 52 50 45 39 32 25 20 18 18 20 2618 810XO 246 431237 5399999999999999 639 392034 1799999999999999
 32 38 41 43 43 41 39 38 38 39 42 46 51 54 54 51 46 39 31 24 20 17 17 2118 811XO 325 431334 5499999999999999 732 382127 1799999999999999
 27 34 39 42 43 42 40 37 36 36 38 41 46 51 54 54 51 46 39 31 24 20 17 1818 812XO 4 2 431429 5599999999999999 826 362217 1799999999999999
 22 29 36 40 43 43 41 38 35 34 34 36 39 45 50 53 53 50 45 37 30 24 21 1918 813XO 438 431525 5399999999999999 926 3423 4 1999999999999999
 20 25 32 38 41 43 42 39 36 33 32 32 34 38 44 49 51 51 48 43 36 30 25 2318 814XO 513 431623 51999999999999991036 322348 2299999999999999
 22 24 29 35 40 42 43 41 38 34 32 31 30 32 36 42 46 47 47 45 40 35 30 2718 815XO 548 431725 48999999999999991143 30999999999999999999999
 26 26 29 33 38 41 42 42 40 36 33 31 29 29 31 35 39 42 43 43 42 38 35 3218 816XO 623 431833 4499999999999999 029 251245 2999999999999999
 30 29 30 33 37 40 42 43 42 39 36 33 31 29 28 30 33 36 38 40 40 39 37 3518 817XO 658 431946 4099999999999999 1 6 291347 2899999999999999
 34 33 33 34 37 39 41 43 43 41 39 36 33 30 28 28 29 31 33 35 37 38 38 3718 818XO 735 432119 3899999999999999 140 331454 2899999999999999
 37 36 36 36 37 39 41 43 43 43 41 39 36 33 30 28 27 28 29 31 33 36 37 3818 819XO 815 43999999999999999999999 2 7 361613 2799999999999999
 38 38 38 38 39 40 41 42 43 44 43 42 39 36 33 30 28 27 27 28 30 33 35 3718 820XO 9 1 449999999999999999999991730 27999999999999999999999
 39 39 40 40 40 40 41 42 43 44 44 44 42 39 36 33 30 27 26 26 28 30 33 3618 821XO 954 459999999999999999999991827 26999999999999999999999
 38 40 40 40 40 40 40 41 42 44 45 45 44 42 40 36 32 29 26 25 26 28 31 3518 822XO1050 459999999999999999999991910 25999999999999999999999
 38 40 41 41 40 40 40 40 41 43 45 46 46 45 43 39 35 31 28 25 25 26 29 3318 823XO 246 411142 4699999999999999 546 401947 2599999999999999
 37 39 41 41 41 40 39 39 40 41 43 46 47 47 45 42 38 34 29 26 25 25 27 3118 824XO 255 411229 4799999999999999 630 392022 2499999999999999
 35 38 40 41 41 39 38 37 38 39 41 44 47 48 47 45 41 37 31 27 25 24 25 2818 825XO 3 9 411312 4899999999999999 710 372056 2499999999999999
 33 37 40 41 41 40 38 36 36 37 38 41 45 47 48 47 44 40 34 29 26 24 24 2618 826XO 327 411353 4899999999999999 749 362130 2499999999999999
 30 35 39 41 41 40 38 36 34 34 35 38 41 45 48 48 46 42 37 32 27 25 24 2518 827XO 349 411432 4899999999999999 829 3422 3 2499999999999999
 28 33 37 40 41 40 39 36 33 33 33 34 38 42 46 47 47 44 40 35 30 26 25 2518 828XO 412 411511 4799999999999999 911 332236 2499999999999999
 27 31 36 39 41 41 39 37 34 32 31 32 34 38 42 45 46 45 42 38 33 29 27 2618 829XO 435 411552 4699999999999999 958 3123 7 2699999999999999
 27 30 34 38 41 41 40 38 35 32 30 30 31 33 38 42 44 44 43 40 36 32 29 2818 830XO 457 411638 44999999999999991052 302336 2899999999999999
 28 29 33 37 40 42 41 40 36 33 30 29 29 30 33 37 40 42 42 41 38 35 32 3118 831XO 519 421735 42999999999999991149 29999999999999999999999
 30 31 33 37 40 42 42 41 39 35 32 29 28 28 29 32 36 39 40 40 40 37 35 3418 9 1XO 543 421848 4199999999999999 0 2 301246 2899999999999999
 33 33 34 37 40 42 43 43 41 38 34 31 29 27 27 28 31 34 37 38 39 39 38 3618 9 2XO 615 432011 3999999999999999 021 331346 2799999999999999
 36 36 36 37 40 42 43 44 43 41 38 34 31 28 26 26 27 29 32 35 37 39 39 3918 9 3XO 658 442152 3999999999999999 031 361453 2699999999999999
 38 38 38 39 40 41 43 45 45 44 42 39 35 31 28 26 25 25 27 30 33 36 38 4018 9 4XO 756 45999999999999999999999 046 3816 9 2599999999999999
 40 40 40 40 40 41 42 44 45 46 46 43 40 36 31 28 25 23 23 25 28 32 36 3918 9 5XO 9 7 469999999999999999999991725 23999999999999999999999
 41 41 41 41 40 40 41 42 44 46 48 47 45 42 37 32 27 23 21 21 24 28 32 3718 9 6XO 121 411022 4899999999999999 438 401830 2199999999999999
 40 42 42 41 40 39 39 40 41 44 47 49 49 47 43 38 32 26 22 20 20 23 28 3318 9 7XO 149 421133 5099999999999999 550 391928 2099999999999999
 38 41 42 42 40 39 37 37 38 40 44 48 51 51 49 44 38 32 26 21 19 20 23 2918 9 8XO 217 421235 5199999999999999 646 372020 1999999999999999
 35 40 42 42 41 39 36 34 34 36 39 43 48 52 52 49 45 38 31 25 21 20 21 2518 9 9XO 245 421333 5299999999999999 738 3421 9 2099999999999999
 31 37 41 43 42 40 36 33 32 32 33 37 43 48 52 52 49 44 37 30 25 22 21 2318 910XO 315 431430 5299999999999999 832 312155 2199999999999999
 28 35 40 42 43 41 38 33 30 29 29 31 36 42 48 50 50 48 42 36 30 26 24 2418 911XO 345 431527 5099999999999999 930 292237 2399999999999999
 26 32 38 42 43 43 40 35 31 28 27 27 29 35 41 46 48 48 45 40 35 31 28 2718 912XO 415 431627 48999999999999991029 272315 2699999999999999
 27 31 36 41 43 44 42 38 34 29 27 26 26 29 34 39 43 45 45 43 39 35 32 3018 913XO 444 441729 45999999999999991125 252350 3099999999999999
 30 31 35 40 43 44 43 41 37 32 29 26 25 25 29 33 37 40 42 42 40 37 35 3418 914XO 514 441832 42999999999999991218 25999999999999999999999
 33 34 36 39 42 43 44 43 40 36 32 29 26 25 26 28 32 35 38 39 39 39 37 3718 915XO 544 441941 4099999999999999 020 331312 2599999999999999
 36 36 37 39 41 43 43 43 42 39 35 32 29 27 26 26 28 31 33 36 37 38 38 3818 916XO 616 43999999999999999999999 041 361411 2699999999999999
 38 38 38 39 41 42 43 43 42 41 38 35 32 30 27 26 26 28 29 32 34 36 37 3818 917XO 655 439999999999999999999991520 26999999999999999999999
 39 39 39 40 40 41 42 42 42 42 40 38 35 33 30 28 26 26 27 29 31 34 36 3818 918XO 748 429999999999999999999991641 26999999999999999999999
 39 39 40 40 40 40 40 41 42 42 41 40 38 36 33 30 27 26 26 27 29 31 34 3718 919XO 859 429999999999999999999991747 26999999999999999999999
 38 39 40 39 39 39 39 39 40 41 42 42 40 38 35 32 29 27 25 25 26 29 32 3518 920XO 156 401016 4299999999999999 5 3 391834 2599999999999999
 38 39 39 39 38 37 37 37 38 40 41 42 42 41 38 35 31 28 25 24 25 27 30 3418 921XO 158 391122 4299999999999999 556 371913 2499999999999999
 37 38 39 39 37 36 35 35 36 37 40 42 43 43 41 38 34 30 26 24 24 25 28 3218 922XO 2 5 391215 4399999999999999 634 351948 2499999999999999
 35 38 39 39 37 35 34 33 33 35 37 40 43 44 43 40 37 32 28 25 24 24 26 3018 923XO 216 3913 0 4499999999999999 711 332021 2499999999999999
 34 37 39 39 38 35 33 31 31 31 34 37 41 44 44 43 40 35 31 27 24 24 25 2818 924XO 232 391343 4499999999999999 749 312054 2499999999999999
 33 37 39 40 38 36 33 30 28 29 30 33 38 42 44 44 42 38 34 29 26 24 25 2718 925XO 249 401425 4499999999999999 829 282126 2499999999999999
 31 36 39 40 40 37 34 30 27 26 27 29 33 39 42 44 43 41 37 32 28 26 26 2718 926XO 3 7 4015 9 4499999999999999 911 262157 2699999999999999
 30 35 39 41 41 39 36 31 27 25 25 26 29 34 39 42 43 42 40 35 31 29 28 2818 927XO 326 411557 4399999999999999 956 252227 2799999999999999
 30 34 38 41 42 41 38 33 29 25 23 23 25 29 34 39 41 42 41 38 34 32 30 3018 928XO 348 421653 42999999999999991043 232253 3099999999999999
 31 33 37 41 43 42 40 36 31 27 24 22 22 24 29 34 38 40 41 40 37 34 33 3218 929XO 413 431757 41999999999999991134 222312 3299999999999999
 32 34 37 40 43 43 42 39 35 30 26 23 22 22 24 29 33 36 38 39 38 37 35 3518 930XO 442 4319 5 39999999999999991228 212317 3599999999999999
 35 35 37 39 42 43 43 42 38 34 29 25 23 21 22 24 27 31 34 37 38 38 37 361810 1XO 520 432024 38999999999999991327 212321 3699999999999999
 36 37 37 39 41 43 43 43 41 38 34 29 26 23 21 21 23 26 29 32 35 37 37 381810 2XO 610 439999999999999999999991434 21999999999999999999999
 38 38 38 38 39 41 42 43 43 41 38 34 30 27 23 21 21 22 24 28 31 34 37 381810 3XO 724 439999999999999999999991551 21999999999999999999999
 38 38 38 38 38 38 40 41 42 43 42 39 36 32 27 24 21 20 20 23 27 31 34 371810 4XO 852 4399999999999999999999917 9 20999999999999999999999
 38 38 38 37 36 36 36 38 40 42 43 43 41 37 33 28 24 21 19 20 22 27 31 351810 5XO 053 381018 4399999999999999 5 2 361814 1999999999999999
 38 38 38 37 35 34 33 34 36 38 42 44 44 42 38 33 28 24 20 19 20 23 28 331810 6XO 112 381133 4499999999999999 6 4 3319 9 1999999999999999
 37 38 39 37 35 32 30 30 31 33 37 42 44 45 43 39 34 28 24 21 20 21 25 301810 7XO 133 391238 4599999999999999 656 301958 2099999999999999
 35 38 39 38 36 32 29 27 26 28 31 37 42 45 45 43 39 34 28 24 22 21 23 281810 8XO 157 391337 4599999999999999 747 262043 2199999999999999
 34 38 40 40 37 33 29 25 24 23 25 30 36 42 44 45 43 38 33 28 25 23 24 271810 9XO 222 401436 4599999999999999 838 232123 2399999999999999
 32 37 40 41 40 36 31 26 23 21 21 24 30 36 41 43 44 41 37 32 29 27 26 27181010XO 248 411535 4499999999999999 928 2122 0 2699999999999999
 31 36 40 42 41 39 34 29 24 21 19 20 24 30 36 40 42 42 40 36 32 30 29 29181011XO 315 421633 42999999999999991017 192233 2999999999999999
 31 35 39 42 42 41 37 32 27 22 20 19 20 24 30 35 38 40 40 38 35 33 32 31181012XO 343 421730 409999999999999911 4 192259 3199999999999999
 32 34 38 41 43 42 40 36 30 25 22 20 19 21 25 30 34 37 38 38 37 35 34 33181013XO 410 431827 38999999999999991150 192311 3399999999999999
 34 35 37 40 42 42 41 38 34 29 25 22 20 20 22 25 29 32 35 36 36 35 35 35181014XO 437 421929 36999999999999991237 202241 3599999999999999
 35 36 37 39 41 41 41 39 36 32 28 25 22 21 21 23 26 28 31 33 35 35 35 35181015XO 5 4 419999999999999999999991327 21999999999999999999999
 36 36 37 38 39 40 40 39 37 34 31 28 25 23 22 22 23 25 28 30 32 34 35 35181016XO 534 409999999999999999999991425 22999999999999999999999
 36 36 36 37 37 38 38 38 37 36 33 31 28 26 24 22 22 23 25 27 30 32 33 35181017XO 622 389999999999999999999991535 22999999999999999999999
 35 36 35 35 35 36 36 36 36 36 35 33 31 28 26 24 22 22 23 24 27 30 32 34181018XO 754 369999999999999999999991647 22999999999999999999999
 35 35 35 34 34 33 34 34 35 35 35 34 33 31 28 25 23 22 22 23 25 28 30 33181019XO 1 3 35 930 3599999999999999 5 9 331742 2299999999999999
 34 35 34 33 32 31 31 31 32 34 35 35 35 33 31 28 25 22 21 21 23 26 29 32181020XO 1 3 351053 3599999999999999 556 311825 2199999999999999
 34 34 34 33 31 29 28 28 29 31 33 35 36 35 33 30 27 24 22 21 22 24 27 31181021XO 1 8 341155 3699999999999999 631 2819 2 2199999999999999
 34 35 34 33 31 28 26 25 26 28 31 34 36 36 35 33 30 26 23 22 22 23 26 30181022XO 118 351247 3699999999999999 7 7 251936 2199999999999999
 33 35 35 34 31 28 25 23 23 24 27 31 35 37 37 36 33 29 26 23 22 23 25 29181023XO 132 351336 3799999999999999 743 2320 9 2299999999999999
 33 36 37 35 33 29 25 22 20 20 23 27 32 36 38 37 36 32 29 26 24 24 25 28181024XO 148 371424 3899999999999999 822 202041 2499999999999999
 33 37 38 37 35 31 26 21 19 18 19 22 28 33 37 38 38 36 32 28 26 25 26 28181025XO 2 8 381516 3899999999999999 9 3 182112 2599999999999999
 32 37 39 39 37 34 29 23 19 16 16 18 22 28 34 37 38 38 35 32 29 28 27 28181026XO 232 401611 3899999999999999 946 162140 2799999999999999
 31 36 40 41 40 37 32 26 20 17 15 15 17 23 29 34 37 38 37 35 32 30 29 30181027XO 3 0 4117 9 38999999999999991033 1422 4 2999999999999999
 31 35 39 41 41 40 36 30 24 19 15 14 14 17 23 29 33 35 37 36 34 32 31 31181028XO 333 4218 9 37999999999999991122 132223 3199999999999999
 32 34 37 40 42 41 39 35 29 23 18 15 13 14 17 22 27 31 34 35 35 33 32 32181029XO 410 421913 35999999999999991216 132239 3299999999999999
 33 33 35 38 40 41 40 38 33 28 22 18 15 14 14 17 22 26 30 32 34 34 33 33181030XO 455 412028 34999999999999991315 142259 3399999999999999
 33 33 34 36 38 39 40 39 37 33 28 23 19 16 14 15 17 21 24 28 31 33 33 33181031XO 554 409999999999999999999991421 14999999999999999999999
 33 33 33 33 34 36 37 38 38 36 32 28 24 20 17 15 15 17 20 24 27 30 32 331811 1XO 713 382337 33999999999999991533 15999999999999999999999
 33 33 32 31 31 32 33 35 36 36 35 33 29 25 21 18 16 15 17 20 24 28 31 321811 2XO 845 36999999999999999999999 346 311644 1599999999999999
 33 32 31 30 29 28 28 30 32 34 36 35 33 30 26 22 19 17 16 17 21 25 29 321811 3XO 0 0 331016 3699999999999999 5 8 281747 1699999999999999
 33 33 31 29 27 25 24 25 27 30 33 35 35 34 31 27 23 20 18 17 19 23 27 311811 4XO 022 331136 3599999999999999 6 9 241840 1799999999999999
 33 34 32 30 27 23 21 20 21 24 28 33 35 36 34 31 27 24 21 19 19 22 26 301811 5XO 045 341246 3699999999999999 7 2 201926 1999999999999999
 34 35 34 32 28 24 20 18 17 19 23 28 32 35 36 35 32 28 24 22 21 22 25 291811 6XO 1 8 351350 3699999999999999 750 1720 7 2199999999999999
 34 36 36 34 30 26 21 17 15 15 17 22 28 33 35 36 34 31 28 25 24 24 25 291811 7XO 133 361450 3699999999999999 837 152042 2399999999999999
 33 37 38 37 34 29 23 18 15 13 13 17 22 28 33 35 36 34 31 28 26 26 26 281811 8XO 2 0 381545 3699999999999999 921 132112 2699999999999999
 32 36 39 39 36 32 27 21 16 13 12 13 17 23 29 33 35 35 33 31 29 28 28 291811 9XO 228 391637 359999999999999910 3 122133 2899999999999999
 31 35 38 39 38 35 30 24 19 15 12 12 14 19 24 29 32 34 34 32 30 29 29 29181110XO 257 391727 34999999999999991043 122146 2999999999999999
 31 34 37 39 39 37 33 28 22 17 14 12 13 15 20 25 29 32 33 33 31 30 30 30181111XO 326 391816 33999999999999991124 122155 3099999999999999
 31 33 35 38 38 37 35 31 26 21 17 14 13 14 17 21 25 28 30 31 31 30 30 30181112XO 356 3819 9 319999999999999912 5 1322 2 3099999999999999
 31 32 34 36 37 37 35 32 28 24 19 16 14 14 15 18 21 25 27 29 30 30 30 30181113XO 425 379999999999999999999991248 14999999999999999999999
 30 31 32 33 34 35 34 33 30 26 22 19 17 15 15 16 18 21 24 26 28 29 29 29181114XO 456 359999999999999999999991336 15999999999999999999999
 30 30 30 31 32 32 32 32 30 27 24 21 19 17 16 16 17 19 21 24 26 27 28 29181115XO 535 329999999999999999999991430 15999999999999999999999
 29 29 28 28 29 29 30 30 29 28 26 23 21 19 17 16 16 17 19 21 24 26 27 28181116XO 645 302350 28999999999999991529 16999999999999999999999
 28 28 27 27 26 26 26 27 27 27 27 25 23 21 19 17 16 16 17 19 22 25 27 28181117XO 829 282351 2899999999999999 429 261626 1699999999999999
 28 28 27 25 24 23 23 24 25 26 26 26 25 23 21 19 17 17 17 18 21 24 26 28181118XO10 9 272359 2899999999999999 532 231716 1799999999999999
 28 28 26 24 22 21 20 20 22 24 25 27 27 26 24 22 19 18 17 18 20 23 26 28181119XO1130 27999999999999999999999 613 201759 1799999999999999
 29 29 27 25 22 19 17 17 18 20 23 26 27 28 26 25 22 20 19 19 20 22 26 29181120XO 013 291236 2899999999999999 651 171838 1999999999999999
 31 31 29 26 22 19 16 14 14 16 20 24 27 29 29 28 25 23 21 20 20 22 25 29181121XO 030 311334 2999999999999999 729 141914 2099999999999999
 32 33 32 29 24 20 15 12 11 12 15 20 25 28 30 30 29 26 24 22 22 23 25 29181122XO 053 331431 3099999999999999 8 9 111949 2299999999999999
 33 35 34 32 28 22 17 12  9  8 10 15 21 26 30 31 31 29 27 25 24 24 25 28181123XO 121 351526 3199999999999999 851  82023 2399999999999999
 32 36 37 35 32 27 20 14  9  7  6  9 15 21 27 30 32 32 30 27 25 25 25 27181124XO 154 371621 3299999999999999 936  62055 2599999999999999
 31 35 38 38 36 31 25 18 11  7  5  5  9 15 22 27 30 32 31 29 27 26 26 27181125XO 231 381716 32999999999999991024  52127 2699999999999999
 29 33 37 39 38 35 30 23 16 10  6  4  5  9 15 22 26 29 31 30 28 27 27 27181126XO 312 391811 31999999999999991115  422 0 2799999999999999
 28 30 34 37 38 37 34 29 22 15  9  6  4  5  9 15 21 25 28 29 29 28 27 27181127XO 359 3819 8 299999999999999912 9  42244 2799999999999999
 27 28 30 34 36 37 36 32 27 21 15 10  6  5  6 10 15 20 24 27 28 28 27 26181128XO 451 372010 289999999999999913 5  5999999999999999999999
 26 26 27 29 32 34 34 33 30 26 20 15 11  8  6  8 11 15 20 23 26 27 27 26181129XO 554 342117 2799999999999999 028 2614 4  699999999999999
 25 25 24 25 26 28 30 31 30 28 24 20 16 12 10  8  9 12 16 20 23 25 26 26181130XO 7 9 312214 2699999999999999 2 7 2415 5  899999999999999
 25 24 23 22 22 23 24 26 28 28 27 24 21 17 14 12 10 11 14 17 21 24 26 261812 1XO 838 282254 2699999999999999 337 2216 7 1099999999999999
 26 24 22 20 19 18 19 20 23 25 26 26 24 21 18 16 14 13 13 16 19 23 25 271812 2XO1014 262326 2799999999999999 459 1817 5 1399999999999999
 27 25 23 20 17 15 14 15 17 20 23 25 25 24 22 20 17 16 15 16 18 22 25 281812 3XO1146 252354 2899999999999999 6 6 141758 1599999999999999
 28 27 25 21 17 14 12 11 12 15 19 22 25 25 25 23 21 19 18 18 19 21 25 281812 4XO13 6 25999999999999999999999 7 1 111842 1899999999999999
 30 29 27 24 19 15 11  9  8 10 14 18 22 25 26 26 24 22 21 20 20 22 24 281812 5XO 022 301413 2699999999999999 749  81919 2099999999999999
 31 31 30 27 22 17 12  9  7  7  9 14 19 23 26 27 26 25 23 22 21 22 24 271812 6XO 051 3115 9 2799999999999999 832  61949 2199999999999999
 31 33 32 30 26 21 15 10  7  5  6 10 15 20 24 27 27 26 25 23 23 23 24 271812 7XO 122 331557 2799999999999999 911  52013 2399999999999999
 30 33 34 32 29 24 18 13  8  5  5  6 11 16 21 25 27 27 26 24 23 23 24 261812 8XO 154 341640 2799999999999999 949  52036 2399999999999999
 29 32 34 34 32 28 22 16 10  7  5  5  8 13 18 22 25 27 27 25 24 23 24 251812 9XO 227 341720 27999999999999991025  521 1 2399999999999999
 27 30 33 34 33 30 25 19 13  9  6  5  6  9 14 19 23 25 26 25 24 23 23 24181210XO 3 1 3418 0 269999999999999911 2  52128 2399999999999999
 25 28 30 32 32 31 27 22 16 11  8  6  5  7 11 15 20 23 24 25 24 23 23 23181211XO 334 321841 25999999999999991139  52157 2399999999999999
 24 25 28 30 31 30 28 24 19 14 10  7  6  6  8 12 16 20 22 23 23 22 22 22181212XO 4 7 311925 23999999999999991217  62232 2299999999999999
 22 23 25 26 28 28 27 24 21 16 12  9  7  6  7 10 13 17 19 21 22 22 21 21181213XO 441 282013 22999999999999991256  62343 2199999999999999
 21 21 22 23 24 25 25 24 21 18 14 11  9  7  7  9 11 14 17 19 21 21 21 20181214XO 519 2521 1 21999999999999991337  7999999999999999999999
 20 20 19 20 21 22 22 22 21 19 16 13 11  9  8  8 10 12 15 18 20 21 21 20181215XO 610 222142 2199999999999999 151 191418  899999999999999
 20 19 18 17 17 18 19 19 19 18 17 15 13 11 10 10 10 12 14 16 19 20 21 21181216XO 731 192211 2199999999999999 323 1715 1 1099999999999999
 20 18 17 16 15 14 15 16 17 18 17 17 15 14 12 11 11 12 14 16 18 21 22 22181217XO 919 182236 2299999999999999 441 141545 1199999999999999
 21 19 17 15 13 12 11 12 14 16 17 18 17 16 15 14 13 13 14 16 18 21 23 24181218XO11 5 1823 1 2499999999999999 539 111633 1399999999999999
 23 21 18 15 12 10  8  8 10 13 15 18 19 19 18 17 16 15 15 16 18 21 24 25181219XO1233 192330 2699999999999999 625  81723 1599999999999999
 25 24 21 17 12  9  6  5  6  8 12 16 19 20 21 20 19 18 17 17 19 21 24 27181220XO1343 21999999999999999999999 7 9  51812 1799999999999999
 28 27 24 20 15 10  5  3  2  3  7 12 17 21 22 23 22 20 19 18 19 21 24 27181221XO 0 5 281443 2399999999999999 753  21859 1899999999999999
 30 30 29 25 19 13  7  2  0 -1  2  7 13 18 22 24 24 23 21 20 20 20 22 26181222XO 045 301536 2499999999999999 839 -11943 1999999999999999
 30 32 32 30 25 18 11  4  0 -3 -3  1  7 14 19 23 25 24 23 21 20 20 21 24181223XO 128 331626 2599999999999999 927 -32026 2099999999999999
 28 32 34 33 30 24 17  9  2 -2 -5 -4  0  7 14 20 23 24 24 22 20 19 20 21181224XO 216 341713 25999999999999991017 -52110 1999999999999999
 24 28 32 34 33 29 23 15  7  1 -3 -5 -4  1  8 14 19 23 24 23 21 19 19 19181225XO 3 5 3418 0 249999999999999911 8 -522 1 1999999999999999
 20 24 28 32 33 32 28 21 14  6  1 -3 -5 -3  2  9 15 19 22 22 21 19 18 17181226XO 357 331846 22999999999999991159 -52313 1799999999999999
 18 19 22 26 29 30 29 25 19 12  6  1 -2 -3 -1  4 10 15 19 21 21 19 18 16181227XO 453 301932 21999999999999991250 -3999999999999999999999
 16 16 17 20 23 26 27 26 22 17 11  6  3  0  0  2  6 11 15 18 20 20 18 16181228XO 554 272018 2099999999999999 038 161340  099999999999999
 15 14 13 14 17 19 22 22 22 19 15 11  8  5  3  3  5  9 13 16 19 20 19 17181229XO 7 6 2221 3 2099999999999999 156 131429  399999999999999
 15 13 12 11 11 13 15 17 18 18 17 15 12  9  7  6  7  9 12 15 18 19 20 19181230XO 833 182145 2099999999999999 315 111518  699999999999999
 17 14 12  9  8  8  9 11 13 15 16 15 14 13 11 10  9 10 12 14 17 19 21 21181231XO1017 162225 2199999999999999 440  816 5  999999999999999
