 29 29 26 21 15  9  3 -1 -3 -2  1  7 13 18 21 23 22 21 19 19 19 20 22 2618 1 1XQ 021 291519 2399999999999999 816 -31927 1899999999999999
 30 31 30 27 21 14  7  1 -4 -5 -4  0  7 14 19 22 24 23 21 20 19 19 21 2318 1 2XQ 1 9 311612 2499999999999999 9 7 -52019 1999999999999999
 27 31 32 31 27 21 13  5 -1 -5 -7 -5  0  7 14 19 22 23 22 21 19 18 19 2018 1 3XQ 2 1 321658 2399999999999999 958 -72110 1899999999999999
 24 28 31 33 31 27 20 12  4 -2 -6 -7 -4  1  8 15 19 22 22 21 19 17 17 1718 1 4XQ 254 331742 22999999999999991050 -722 5 1799999999999999
 19 23 27 30 31 29 25 18 10  3 -2 -5 -5 -3  3 10 15 19 21 21 19 17 16 1518 1 5XQ 347 311825 21999999999999991139 -623 8 1599999999999999
 16 18 21 25 28 28 26 22 16  9  3 -1 -3 -3  0  5 11 16 19 20 19 17 16 1418 1 6XQ 440 2919 7 20999999999999991227 -3999999999999999999999
 14 14 16 19 22 24 24 23 19 14  9  4  1 -1  0  3  8 12 16 18 19 18 16 1418 1 7XQ 537 251949 1999999999999999 019 141313 -199999999999999
 13 12 12 13 16 18 20 20 19 16 12  8  5  3  3  4  7 10 14 17 18 18 17 1518 1 8XQ 638 202031 1899999999999999 131 121355  399999999999999
 13 11 10 10 11 12 14 15 16 15 13 11  9  7  6  6  7 10 13 15 17 18 18 1618 1 9XQ 754 162110 1899999999999999 249 101432  699999999999999
 14 12 10  8  8  8  9 10 12 13 13 12 11 10  9  9  9 11 13 15 17 18 19 1818 110XQ 936 132148 1999999999999999 415  715 1  999999999999999
 16 14 11  8  6  5  5  6  8  9 11 12 12 12 12 11 11 12 13 15 17 18 19 1918 111XQ12 9 122223 1999999999999999 538  51511 1199999999999999
 18 16 13 10  7  4  3  3  4  6  8 10 12 13 13 13 13 13 14 15 17 18 20 2018 112XQ2258 20999999999999999999999 636  3999999999999999999999
 20 18 15 11  8  5  2  1  1  3  6  9 11 13 14 14 14 14 15 15 17 18 20 2118 113XQ2335 21999999999999999999999 718  1999999999999999999999
 21 20 17 14 10  6  2  0 -1  1  3  7 10 13 14 15 15 15 15 15 16 18 20 2118 114XQ9999999999999999999999999999 752 -1999999999999999999999
 22 22 20 17 12  8  3  0 -2 -1  1  4  8 12 14 16 16 16 15 15 16 17 19 2118 115XQ 013 221551 1699999999999999 824 -21844 1599999999999999
 23 23 22 19 15 10  5  1 -2 -3 -2  1  6 10 13 16 16 16 15 15 15 15 17 1918 116XQ 052 231610 1699999999999999 856 -31929 1499999999999999
 22 23 23 21 18 13  7  2 -2 -4 -4 -1  3  7 12 15 16 16 15 14 13 14 15 1718 117XQ 131 241633 1699999999999999 929 -420 9 1399999999999999
 20 22 23 23 20 16 10  5  0 -4 -5 -4  0  4  9 13 15 16 15 14 13 12 13 1518 118XQ 2 9 231659 169999999999999910 3 -52047 1299999999999999
 17 20 22 23 21 18 13  7  2 -2 -5 -5 -3  1  6 11 13 15 15 14 12 11 11 1218 119XQ 246 231727 15999999999999991037 -52126 1199999999999999
 14 17 20 22 21 19 15 10  4 -1 -4 -5 -4 -1  3  8 12 14 14 14 12 10 10 1018 120XQ 322 221755 14999999999999991110 -522 9 1099999999999999
 11 13 16 19 20 19 16 12  7  2 -2 -4 -4 -3  1  6 10 12 14 13 12 10  9  818 121XQ 4 0 201824 14999999999999991142 -423 2  899999999999999
  9 10 12 15 17 18 16 13  9  4  0 -2 -3 -3  0  4  8 11 13 14 13 11  9  818 122XQ 440 181852 14999999999999991212 -3999999999999999999999
  7  7  9 11 14 15 15 14 11  7  3  1 -1 -1  0  3  7 10 13 14 14 12 10  818 123XQ 527 151921 1499999999999999 011  71241 -199999999999999
  6  6  6  7  9 11 12 12 11  9  6  4  2  1  2  3  6 10 12 14 15 14 12  918 124XQ 630 131952 1599999999999999 125  613 7  199999999999999
  7  5  4  4  5  7  8 10 10 10  9  7  5  5  4  5  7 10 12 14 16 16 14 1218 125XQ 8 2 102027 1699999999999999 240  41333  499999999999999
  9  6  3  2  1  2  4  6  8  9 10  9  9  8  8  8  9 10 12 15 17 18 17 1518 126XQ10 4 102110 1899999999999999 357  114 4  899999999999999
 12  8  5  2 -1 -2 -1  1  3  6  9 10 11 11 11 10 11 11 13 15 17 19 19 1918 127XQ22 2 19999999999999999999999 513 -2999999999999999999999
 16 13  8  4  0 -3 -5 -4 -2  2  6  9 11 13 13 13 13 13 13 14 16 19 21 2218 128XQ23 0 22999999999999999999999 619 -5999999999999999999999
 21 18 13  8  2 -2 -6 -8 -7 -4  0  6 10 13 15 15 14 14 13 14 15 17 20 2218 129XQ1448 15999999999999999999999 716 -818 5 1399999999999999
 24 22 19 14  8  1 -4 -8-10 -9 -5  0  6 11 14 16 16 15 13 13 13 14 17 2118 130XQ 0 1 241525 1699999999999999 8 9-101913 1399999999999999
 24 25 24 20 14  7  0 -6-10-12-10 -6  1  7 12 15 16 15 14 12 11 12 13 1718 131XQ 1 0 2516 0 1699999999999999 9 0-122010 1199999999999999
 21 25 26 24 20 14  6 -2 -8-11-12-10 -5  2  9 13 15 16 14 12 10  9 10 1218 2 1XQ 156 261634 1699999999999999 949-1321 6  999999999999999
 16 21 24 25 24 19 12  4 -3 -8-11-12 -8 -2  5 10 14 15 14 12  9  8  7  818 2 2XQ 251 2517 9 15999999999999991036-1222 4  799999999999999
 10 15 20 23 23 21 17 10  3 -3 -8-10-10 -6  1  7 11 14 14 13 10  7  5  518 2 3XQ 344 241742 14999999999999991119-1023 4  599999999999999
  6  8 13 17 20 20 18 14  8  2 -3 -6 -8 -6 -2  4  9 12 14 13 11  8  5  418 2 4XQ 437 201816 14999999999999991159 -8999999999999999999999
  3  4  7 11 14 16 16 14 10  5  1 -2 -4 -4 -2  2  7 11 13 13 12  9  7  418 2 5XQ 531 161848 1399999999999999 0 4  31234 -499999999999999
  3  2  3  5  8 11 12 12 10  7  4  2  0 -1  0  3  6  9 12 13 13 11  8  618 2 6XQ 629 121920 1399999999999999 1 5  213 1 -199999999999999
  3  2  1  1  3  5  7  8  8  7  6  4  3  2  3  4  6  9 11 13 13 12 10  818 2 7XQ 739  81951 1399999999999999 210  11311  299999999999999
  5  3  1  0  0  1  2  4  5  5  5  5  5  5  5  6  7  9 11 12 13 13 12 1018 2 8XQ 927  62025 1399999999999999 328  01228  599999999999999
  7  5  2  0 -1 -2 -1  0  2  3  4  5  6  6  7  8  9 10 11 12 13 14 13 1218 2 9XQ21 4 14999999999999999999999 457 -2999999999999999999999
 10  7  4  1 -1 -3 -3 -3 -1  1  3  5  6  7  8  9  9 10 11 12 13 14 14 1418 210XQ2154 14999999999999999999999 6 5 -3999999999999999999999
 12 10  6  3  0 -3 -4 -5 -4 -2  1  4  6  8  9  9 10 10 11 11 12 13 14 1518 211XQ2250 15999999999999999999999 651 -5999999999999999999999
 14 12  9  6  2 -2 -4 -6 -6 -4 -1  2  5  7  9 10 10 10 10 10 11 12 14 1518 212XQ2345 15999999999999999999999 729 -6999999999999999999999
 15 14 12  8  4  0 -4 -6 -7 -6 -4  0  4  7  9 10 10  9  9  9  9 11 12 1418 213XQ1536 10999999999999999999999 8 3 -71840  999999999999999
 16 16 14 11  7  2 -2 -6 -8 -8 -6 -3  1  5  8 10 10  9  8  7  7  8 10 1218 214XQ 034 161544 1099999999999999 836 -81928  799999999999999
 15 16 16 14 10  5  0 -5 -8 -9 -9 -6 -1  3  7  9 10  9  8  6  6  6  7 1018 215XQ 119 1616 0 1099999999999999 9 9 -92010  699999999999999
 13 15 16 15 13  8  3 -3 -7 -9-10 -8 -4  1  5  8 10  9  8  6  4  4  4  618 216XQ 2 0 161619 1099999999999999 942-102051  499999999999999
 10 13 15 16 14 11  6  0 -5 -8-10 -9 -6 -1  4  7  9  9  8  6  3  2  2  318 217XQ 240 161640  9999999999999991014-102133  299999999999999
  6 10 13 15 15 12  8  3 -2 -7 -9 -9 -8 -4  2  6  9  9  9  6  3  1  0  118 218XQ 320 1517 1  9999999999999991044 -92219  099999999999999
  2  5  9 13 14 13 10  6  1 -4 -7 -8 -7 -5  0  5  8 10  9  8  4  1 -1 -118 219XQ 4 1 141723 10999999999999991113 -823 9 -199999999999999
 -1  1  5  9 11 12 11  8  4 -1 -4 -6 -6 -4 -1  4  8 10 10  9  6  3  0 -218 220XQ 447 121746 10999999999999991139 -6999999999999999999999
 -3 -2  0  4  7  9 10  9  6  3 -1 -2 -3 -2  0  3  7 10 11 10  8  5  2 -118 221XQ 542 101812 1199999999999999 0 5 -312 1 -399999999999999
 -3 -4 -3 -1  2  5  7  8  7  5  3  1  0  0  1  4  7 10 12 12 11  8  5  118 222XQ 654  81844 1299999999999999 1 4 -41218  099999999999999
 -2 -4 -5 -4 -2  0  3  5  6  6  5  4  3  3  4  5  7 10 12 13 13 11  8  518 223XQ 829  61924 1399999999999999 211 -51228  399999999999999
  1 -2 -5 -6 -6 -5 -2  1  3  5  6  6  6  6  6  7  8 10 11 13 14 14 12  918 224XQ2017 14999999999999999999999 327 -6999999999999999999999
  5  1 -3 -6 -7 -8 -7 -5 -1  2  4  6  7  8  8  8  9 10 11 12 14 15 15 1318 225XQ2127 15999999999999999999999 450 -8999999999999999999999
 10  6  2 -3 -7 -9-10 -9 -7 -3  1  5  7  9  9  9  9  9 10 11 12 14 16 1618 226XQ2243 16999999999999999999999 6 3-10999999999999999999999
 15 12  7  2 -3 -8-11-12-11 -8 -3  2  6  9 10 10 10  9  8  8  9 11 14 1718 227XQ1437 102355 1899999999999999 7 4-121821  899999999999999
 18 16 13  8  2 -4 -9-12-14-12 -8 -2  3  7 10 11 10  8  7  6  6  8 10 1418 228XQ1458 11999999999999999999999 758-141922  699999999999999
 17 19 17 14  8  2 -5-10-13-14-12 -7 -1  5  9 10 10  8  6  4  3  3  5  918 3 1XQ 059 191523 1199999999999999 846-142017  399999999999999
 14 18 19 17 14  8  1 -6-11-13-13-10 -4  2  7 10 11  9  6  3  1  0  1  418 3 2XQ 157 191551 1199999999999999 932-142110  099999999999999
  8 14 17 18 17 12  6 -1 -6-10-12-11 -7 -1  5  9 11 10  8  4  1 -1 -2 -118 3 3XQ 252 181619 11999999999999991013-1222 2 -299999999999999
  2  7 12 16 16 14 10  4 -2 -6 -9-10 -8 -3  3  7 10 11  9  6  2 -2 -4 -418 3 4XQ 346 161648 11999999999999991051-102253 -499999999999999
 -3  1  6 11 13 14 12  8  2 -2 -5 -7 -7 -4  1  6  9 11 10  8  4  0 -3 -518 3 5XQ 439 141715 11999999999999991123 -72343 -599999999999999
 -5 -3  0  5  8 10 10  8  5  1 -2 -3 -4 -2  1  5  9 11 11  9  6  2 -1 -418 3 6XQ 532 101740 11999999999999991148 -4999999999999999999999
 -5 -6 -4  0  3  6  7  7  6  3  1  0 -1  0  2  5  8 10 11 10  8  5  1 -218 3 7XQ 630  718 4 1199999999999999 033 -61159 -199999999999999
 -4 -6 -5 -4 -1  1  3  4  5  4  3  2  2  2  4  6  8 10 11 11  9  7  4  018 3 8XQ 739  51827 1199999999999999 126 -61138  299999999999999
 -2 -4 -5 -5 -4 -2  0  1  3  3  3  3  4  4  5  6  8  9 10 11 10  9  6  318 3 9XQ1852 11999999999999999999999 226 -5999999999999999999999
  0 -2 -4 -5 -5 -5 -3 -2  0  2  3  4  4  5  6  7  8  9 10 10 10 10  8  618 310XQ1930 10999999999999999999999 340 -6999999999999999999999
  3  0 -2 -4 -6 -6 -6 -4 -2  0  2  3  5  6  7  7  8  8  9  9 10 10  9  818 311XQ2035 10999999999999999999999 5 1 -6999999999999999999999
  6  3  0 -3 -5 -7 -7 -7 -5 -2  0  3  5  6  7  7  7  7  8  8  9  9 10  918 312XQ22 3 10999999999999999999999 6 2 -7999999999999999999999
  8  6  3  0 -3 -6 -8 -8 -7 -5 -2  1  4  6  7  7  7  6  6  6  7  8  9 1018 313XQ1447  72319 1099999999999999 648 -818 3  699999999999999
 10  8  6  3 -1 -5 -7 -9 -9 -7 -4  0  3  5  7  7  6  5  4  4  5  6  8  918 314XQ1442  7999999999999999999999 727 -91854  499999999999999
 10 10  8  6  2 -3 -6 -9-10 -9 -6 -2  2  5  6  7  6  5  3  2  2  3  5  818 315XQ 019 111450  799999999999999 8 3-101934  299999999999999
 10 11 11  8  5  0 -4 -8-10-10 -8 -4  0  4  6  7  6  5  2  0  0  0  2  518 316XQ 1 9 1115 3  799999999999999 837-102013  099999999999999
  8 11 12 11  8  4 -1 -6 -9-10 -9 -6 -2  3  6  7  7  5  2  0 -2 -3 -2  118 317XQ 155 121519  899999999999999 910-102052 -399999999999999
  5  9 11 12 10  7  2 -3 -7 -9 -9 -7 -3  2  6  8  8  7  3  0 -3 -5 -5 -318 318XQ 239 121537  899999999999999 941 -92133 -599999999999999
  1  6 10 12 11  9  6  1 -4 -6 -8 -7 -4  1  5  8  9  8  5  1 -3 -6 -7 -618 319XQ 325 121556  9999999999999991012 -82216 -799999999999999
 -4  1  6 10 11 11  8  4  0 -3 -5 -5 -4  0  5  9 10 10  8  4 -1 -5 -7 -818 320XQ 414 111619 10999999999999991040 -523 2 -899999999999999
 -7 -4  1  6  9 10 10  7  4  0 -2 -2 -2  0  4  8 11 11 10  7  2 -3 -6 -918 321XQ 5 9 101644 129999999999999911 6 -22352 -999999999999999
 -9 -8 -4  1  5  8  9  8  6  4  2  1  1  2  5  8 11 12 12 10  6  1 -4 -718 322XQ 613  91714 13999999999999991126  1999999999999999999999
 -9-10 -8 -5  0  4  6  7  7  6  5  4  4  4  6  8 11 13 13 12  9  5  1 -418 323XQ 728  81749 1399999999999999 047-101137  499999999999999
 -7 -9-10 -8 -5 -2  2  4  6  7  7  6  6  6  7  8 10 12 13 13 12  9  5  118 324XQ 9 6  71835 1399999999999999 150-101134  699999999999999
 -3 -6 -9-10 -9 -7 -3  0  3  5  7  7  8  8  8  9  9 11 12 13 13 12 10  618 325XQ1942 13999999999999999999999 3 4-10999999999999999999999
  2 -2 -5 -8-10-10 -8 -5 -1  2  5  7  8  9  9  9  9  9 10 11 12 13 13 1118 326XQ2112 13999999999999999999999 426-10999999999999999999999
  8  4 -1 -5 -8-10-10 -9 -6 -1  3  6  8  9  9  9  8  7  7  8  9 11 13 1318 327XQ1333  92242 1399999999999999 541-101740  799999999999999
 12  9  5  0 -4 -8-10-11 -9 -5 -1  4  7  9  9  9  7  6  5  4  5  8 11 1318 328XQ1347  92358 1499999999999999 643-111842  499999999999999
 14 13 10  6  1 -4 -8-10-11 -8 -4  1  6  9 10  9  7  5  3  1  1  3  6 1018 329XQ14 7 10999999999999999999999 736-111933  199999999999999
 13 15 14 11  6  1 -4 -8-10 -9 -6 -1  4  8 10 10  8  5  2 -1 -2 -2  1  518 330XQ 1 4 151430 1099999999999999 822-102020 -299999999999999
 10 14 15 14 11  6  0 -4 -7 -8 -7 -3  2  7 10 11 10  7  3 -1 -4 -5 -4 -118 331XQ 2 3 151455 1199999999999999 9 3 -821 7 -599999999999999
  5 10 13 14 13 10  5  0 -4 -6 -6 -4  1  6 10 12 11  9  5  0 -4 -6 -7 -518 4 1XQ 259 141520 1299999999999999 940 -62152 -799999999999999
 -1  5 10 13 13 12  9  4  0 -2 -3 -3  0  5  9 12 13 11  7  3 -2 -6 -8 -818 4 2XQ 353 131545 13999999999999991012 -42236 -899999999999999
 -5 -1  5  9 11 12 10  7  4  1  0  0  1  5  9 12 13 13 10  6  0 -4 -7 -818 4 3XQ 446 1216 9 13999999999999991037 -12318 -899999999999999
 -8 -5  0  4  8 10 10  9  6  4  3  2  3  5  8 12 13 13 12  8  4 -1 -5 -718 4 4XQ 538 101631 14999999999999991051  22359 -899999999999999
 -8 -7 -4  0  4  7  8  8  7  6  5  5  5  6  9 11 13 14 13 10  6  2 -2 -518 4 5XQ 634  91651 14999999999999991047  4999999999999999999999
 -7 -7 -6 -3  0  3  6  7  7  7  6  6  7  8  9 11 13 13 13 11  9  5  1 -218 4 6XQ 741  71710 1399999999999999 042 -71029  699999999999999
 -5 -6 -6 -5 -2  0  3  5  6  7  7  7  8  8  9 11 12 13 13 12 10  7  4  118 4 7XQ1730 13999999999999999999999 130 -6999999999999999999999
 -2 -4 -5 -5 -4 -2  0  2  4  6  7  7  8  9  9 10 11 12 12 11 10  9  6  318 4 8XQ1756 12999999999999999999999 227 -5999999999999999999999
  1 -2 -4 -5 -5 -4 -3  0  2  4  6  7  8  9  9  9 10 10 10 10 10  9  8  618 4 9XQ1858 10999999999999999999999 336 -5999999999999999999999
  4  1 -1 -3 -5 -5 -4 -3  0  2  5  7  8  9  9  9  8  8  8  8  9  9  9  818 410XQ1343  92111  999999999999999 449 -51724  899999999999999
  6  4  1 -1 -3 -5 -5 -4 -2  1  4  6  8  9  9  8  7  6  6  6  7  8  9  918 411XQ1329  92251  999999999999999 547 -51817  699999999999999
  8  7  4  2 -1 -4 -5 -5 -4 -1  2  5  8  9  9  8  6  5  4  3  4  5  7  918 412XQ1331  9999999999999999999999 634 -51853  399999999999999
 10  9  7  5  1 -2 -4 -5 -5 -3  1  4  8  9 10  8  6  4  2  1  1  2  5  818 413XQ 0 2 101341 1099999999999999 714 -51927  199999999999999
 10 11 10  8  5  1 -2 -4 -4 -3  0  4  7 10 11 10  7  4  1 -1 -2 -1  1  518 414XQ 059 111354 1199999999999999 750 -420 2 -299999999999999
  9 11 12 11  8  5  1 -2 -3 -3 -1  3  7 11 12 11  9  5  1 -2 -4 -4 -2  118 415XQ 151 121411 1299999999999999 825 -32040 -499999999999999
  6 10 13 13 12  9  5  2 -1 -1  0  2  7 11 13 14 12  8  3 -2 -5 -6 -6 -318 416XQ 243 131432 1499999999999999 859 -12120 -799999999999999
  2  7 12 14 14 12  9  5  3  1  1  3  7 11 15 16 14 11  6  1 -4 -7 -8 -718 417XQ 336 141457 1699999999999999 931  122 3 -899999999999999
 -3  2  8 12 14 15 13  9  6  4  4  4  7 11 15 17 17 15 10  5 -1 -6 -9 -918 418XQ 432 151525 179999999999999910 3  42250 -999999999999999
 -8 -3  3  9 12 14 14 13 10  8  7  7  8 11 14 18 19 17 14  9  3 -3 -7 -918 419XQ 532 151558 19999999999999991032  72340-1099999999999999
-10 -7 -3  3  8 12 14 14 13 11 10  9 10 11 14 17 19 19 17 14  8  2 -3 -718 420XQ 637 141634 19999999999999991057  9999999999999999999999
 -9 -9 -7 -2  3  7 11 13 13 13 12 11 12 12 13 15 18 19 19 17 13  8  3 -218 421XQ 751 131718 1999999999999999 036 -91116 1199999999999999
 -6 -8 -8 -6 -2  2  6 10 12 13 13 13 13 13 13 14 16 17 18 18 16 13  8  418 422XQ1814 18999999999999999999999 138 -8999999999999999999999
 -1 -4 -6 -7 -5 -2  1  5  9 11 13 13 13 13 13 13 13 14 15 16 16 15 13  918 423XQ1935 17999999999999999999999 247 -7999999999999999999999
  5  1 -2 -5 -6 -5 -2  1  5  9 12 13 14 13 13 12 11 11 12 13 15 15 15 1318 424XQ12 8 142113 1599999999999999 4 2 -61637 1199999999999999
 10  7  3 -1 -3 -4 -4 -2  2  6 10 12 14 14 13 11 10  8  8  9 11 13 15 1518 425XQ1228 142246 1599999999999999 513 -41749  899999999999999
 14 11  8  4  1 -2 -3 -3  0  4  8 12 14 14 13 11  9  7  5  5  6  9 12 1418 426XQ1248 14999999999999999999999 613 -31843  599999999999999
 15 15 12  9  5  2 -1 -2 -1  2  7 11 14 15 14 12  9  6  3  2  2  4  7 1118 427XQ 0 6 151310 1599999999999999 7 3 -21931  299999999999999
 14 16 15 13 10  6  3  1  1  2  6 10 14 16 16 14 11  7  3  0 -1  0  2  718 428XQ 113 161333 1699999999999999 746  12015 -199999999999999
 12 15 16 16 13 10  7  4  3  3  5  9 14 17 18 17 14  9  4  0 -2 -3 -2  218 429XQ 214 161357 1899999999999999 823  32057 -399999999999999
  7 12 15 16 16 13 10  8  6  5  6  9 13 17 19 19 16 12  7  2 -2 -4 -4 -218 430XQ 310 161422 1999999999999999 855  52137 -499999999999999
  3  8 13 16 17 16 13 11  9  8  8 10 13 17 20 20 19 15 10  5  0 -3 -4 -418 5 1XQ 4 2 171447 2099999999999999 919  82214 -599999999999999
 -1  4  9 13 16 16 15 13 11 10 10 11 13 17 20 21 20 18 14  8  3 -1 -4 -418 5 2XQ 452 161512 2199999999999999 935 102251 -499999999999999
 -3  1  6 10 14 16 16 15 13 12 12 13 14 17 19 21 21 20 16 12  6  2 -2 -318 5 3XQ 541 161535 2199999999999999 944 122328 -499999999999999
 -3 -1  3  7 11 14 15 15 15 14 13 14 15 17 19 21 21 21 18 14 10  5  1 -218 5 4XQ 634 151559 2199999999999999 950 13999999999999999999999
 -3 -2  1  4  8 11 14 15 15 14 14 15 15 16 18 20 21 20 19 16 12  8  4  118 5 5XQ1622 21999999999999999999999 0 6 -3999999999999999999999
 -1 -2  0  2  5  8 11 13 14 15 15 15 15 16 17 18 19 19 19 17 14 11  7  418 5 6XQ1646 20999999999999999999999 048 -2999999999999999999999
  1  0  0  1  3  6  9 11 13 14 15 15 15 16 16 17 17 18 18 17 15 13 10  718 5 7XQ1717 18999999999999999999999 137  0999999999999999999999
  4  2  1  1  2  4  6  9 11 13 14 15 15 15 15 15 15 16 16 16 15 14 12  918 5 8XQ1814 16999999999999999999999 233  1999999999999999999999
  7  5  3  2  2  3  4  7 10 12 14 15 15 15 15 14 13 13 13 14 14 14 13 1218 5 9XQ12 7 152024 1499999999999999 334  117 0 1399999999999999
 10  8  5  4  3  2  4  6  8 11 14 15 16 15 14 13 12 11 11 11 12 13 14 1418 510XQ12 7 162216 1499999999999999 433  21751 1199999999999999
 12 11  8  6  4  3  4  5  7 10 13 16 17 16 15 13 11  9  8  8  9 11 13 1418 511XQ1215 172341 1599999999999999 525  31828  899999999999999
 15 14 12 10  7  6  5  5  7 10 13 16 18 18 16 14 11  8  6  5  6  8 11 1418 512XQ1229 18999999999999999999999 6 9  519 3  599999999999999
 16 16 15 13 11  9  7  7  8 10 13 17 19 20 19 16 12  8  5  3  3  4  8 1218 513XQ 048 161247 2099999999999999 650  71941  399999999999999
 16 18 18 17 15 12 10  9  9 10 13 17 21 22 22 19 15 10  5  2  0  0  3  818 514XQ 149 181310 2299999999999999 729  92021  099999999999999
 13 17 20 20 19 17 14 12 11 12 14 17 22 24 25 23 19 13  7  2 -1 -2 -1  318 515XQ 248 201339 2599999999999999 8 7 1121 4 -299999999999999
  9 15 19 22 22 21 18 16 14 14 15 18 21 25 27 26 23 18 12  5  0 -3 -4 -218 516XQ 346 221413 2799999999999999 845 142150 -499999999999999
  3 10 16 20 23 23 22 19 17 17 17 18 21 25 28 29 27 23 18 11  4 -1 -4 -418 517XQ 444 231450 2999999999999999 921 162240 -499999999999999
 -2  4 10 16 21 23 23 22 20 19 19 19 21 24 27 29 30 27 23 17 10  3 -1 -418 518XQ 543 241532 3099999999999999 958 192333 -499999999999999
 -4 -1  5 11 16 20 23 23 22 21 20 20 21 22 25 28 30 29 27 22 16  9  4  018 519XQ 645 231618 30999999999999991038 20999999999999999999999
 -3 -3  0  5 11 16 20 22 23 22 21 21 21 21 23 25 27 28 28 26 21 16 10  518 520XQ 752 231712 2899999999999999 029 -31141 2199999999999999
  1 -1 -1  2  6 11 16 19 21 22 22 21 21 21 21 22 23 25 26 26 24 21 16 1118 521XQ 9 5 221818 2699999999999999 129 -11323 2099999999999999
  7  4  2  2  4  7 12 16 19 21 22 22 21 20 19 19 19 21 22 24 24 23 20 1718 522XQ1011 221941 2499999999999999 231  11459 1999999999999999
 13  9  6  4  4  6  9 13 17 20 21 22 21 20 19 17 16 16 18 19 21 22 22 2018 523XQ1054 222116 2299999999999999 336  41626 1699999999999999
 17 14 11  8  7  7  8 11 15 18 21 22 22 21 19 17 15 13 13 14 17 19 20 2118 524XQ1125 222252 2199999999999999 437  61737 1399999999999999
 20 18 16 13 11  9  9 11 14 17 21 23 23 22 20 17 14 12 10 10 12 15 18 2018 525XQ1151 23999999999999999999999 532  91833 1099999999999999
 21 21 19 17 15 13 12 12 14 17 21 23 25 24 22 19 15 12  9  8  8 10 14 1718 526XQ 016 211216 2599999999999999 618 121921  899999999999999
 20 21 21 20 18 16 15 14 15 17 21 24 26 26 25 22 18 13  9  7  6  7 10 1418 527XQ 127 221241 2799999999999999 657 1420 4  699999999999999
 18 21 22 22 21 19 18 17 17 18 21 24 27 28 28 25 21 16 11  7  5  5  7 1018 528XQ 228 2313 7 2899999999999999 727 172042  599999999999999
 15 19 22 23 23 22 20 19 19 20 21 24 27 29 30 28 24 19 14  9  6  4  5  818 529XQ 320 241334 3099999999999999 751 192118  499999999999999
 12 17 21 23 24 24 23 21 21 21 22 24 27 30 31 30 27 23 17 12  8  5  4  618 530XQ 4 8 2414 3 3199999999999999 811 212153  499999999999999
  9 14 19 22 25 25 24 23 22 22 23 24 27 30 31 31 30 26 21 15 10  7  5  518 531XQ 452 251432 3299999999999999 832 222227  499999999999999
  7 11 16 20 23 25 25 24 23 23 23 24 26 29 31 32 31 28 24 19 13  9  6  518 6 1XQ 535 2515 1 3299999999999999 856 2323 3  599999999999999
  6  9 13 18 21 24 25 25 24 23 24 24 26 28 30 31 31 30 26 22 17 12  8  618 6 2XQ 620 251531 3199999999999999 919 232340  699999999999999
  6  7 11 15 19 22 24 25 24 24 24 24 25 26 28 30 30 30 28 24 20 15 11  818 6 3XQ 7 9 2516 2 3099999999999999 944 24999999999999999999999
  7  7  9 12 16 19 22 24 24 24 24 24 24 25 26 28 29 29 28 25 22 18 14 1118 6 4XQ1635 29999999999999999999999 020  7999999999999999999999
  9  8  9 11 14 17 20 22 23 24 24 24 24 24 24 25 26 27 27 25 23 20 17 1418 6 5XQ1716 27999999999999999999999 1 3  8999999999999999999999
 11 10  9 10 12 15 18 21 23 24 24 24 23 23 23 23 23 24 25 24 23 22 19 1618 6 6XQ 953 241816 2599999999999999 148  91416 2399999999999999
 14 12 11 11 12 14 17 20 22 24 24 24 24 23 22 21 21 21 22 22 23 22 21 1918 6 7XQ1019 241955 2399999999999999 235 111553 2199999999999999
 17 15 13 13 13 14 16 19 22 24 25 25 25 23 21 20 19 18 19 20 21 22 22 2218 6 8XQ1039 252145 2299999999999999 322 1317 0 1899999999999999
 20 18 17 15 15 15 16 19 22 24 26 27 26 25 22 20 17 16 16 16 18 20 22 2318 6 9XQ1059 272321 2399999999999999 410 151749 1699999999999999
 23 22 20 19 18 17 18 19 22 25 28 29 29 27 24 21 17 15 13 13 15 17 21 2318 610XQ1121 29999999999999999999999 457 171833 1399999999999999
 25 25 24 23 21 20 20 21 23 26 29 31 32 30 27 23 19 15 12 10 11 13 17 2218 611XQ 042 251149 3299999999999999 544 201916 1099999999999999
 25 27 28 27 25 24 23 23 24 26 29 33 34 34 32 28 22 17 12  9  8  9 12 1818 612XQ 150 281223 3599999999999999 631 2320 2  899999999999999
 23 27 29 30 29 27 26 25 25 27 29 33 36 37 36 33 28 21 15 10  6  6  8 1218 613XQ 252 3013 2 3799999999999999 717 252050  699999999999999
 18 24 29 31 32 31 29 28 27 27 29 32 36 39 40 38 33 27 20 13  8  5  4  718 614XQ 350 321345 4099999999999999 8 2 272140  499999999999999
 13 19 26 30 32 33 32 30 29 28 29 31 34 38 41 41 38 34 27 19 12  7  4  418 615XQ 445 331433 4199999999999999 846 282233  499999999999999
  7 13 20 26 30 33 33 32 30 29 29 30 32 35 39 41 41 38 33 26 19 12  7  518 616XQ 539 331524 4199999999999999 934 292327  599999999999999
  5  9 14 21 26 30 32 32 31 30 29 29 30 32 35 39 40 40 37 32 26 19 13  918 617XQ 632 331618 41999999999999991033 29999999999999999999999
  6  7 10 16 22 27 30 32 31 30 29 28 28 29 31 34 37 38 38 35 31 25 19 1418 618XQ 724 321717 3899999999999999 021  61154 2899999999999999
 11  9 10 13 18 23 27 30 31 31 30 28 28 27 27 29 31 34 35 35 33 30 25 2018 619XQ 815 311825 3599999999999999 116  91318 2799999999999999
 16 13 12 13 16 20 24 28 30 31 30 29 28 26 25 25 26 28 30 32 32 31 28 2518 620XQ 9 4 311945 3299999999999999 210 121439 2599999999999999
 22 19 16 15 16 19 22 26 29 31 31 30 29 27 25 23 22 23 25 27 29 30 29 2818 621XQ 948 312117 3099999999999999 3 3 1516 0 2299999999999999
 26 23 21 19 19 20 22 25 28 31 32 32 31 28 26 23 21 20 20 22 24 26 28 2818 622XQ1025 322258 2899999999999999 354 191716 2099999999999999
 28 27 25 23 22 22 23 25 28 31 33 34 33 31 28 24 21 19 18 18 20 22 25 2718 623XQ1057 34999999999999999999999 441 221818 1899999999999999
 28 28 28 27 26 25 25 26 28 31 34 35 35 33 30 27 23 19 17 16 17 19 22 2518 624XQ 034 291127 3599999999999999 522 2519 8 1699999999999999
 28 29 30 29 28 28 27 28 29 31 34 36 37 36 33 30 25 21 18 15 15 16 19 2318 625XQ 149 301157 3799999999999999 554 271949 1599999999999999
 27 29 31 31 30 30 29 29 30 32 34 37 38 38 36 33 29 24 19 16 14 15 17 2118 626XQ 246 311228 3899999999999999 621 292025 1499999999999999
 25 28 31 32 32 31 31 30 31 32 34 37 39 40 39 36 32 27 22 18 15 14 15 1818 627XQ 330 3213 1 4099999999999999 651 302059 1499999999999999
 23 27 30 32 33 33 32 31 31 32 34 36 39 40 40 39 35 30 25 20 16 14 14 1618 628XQ 4 6 331335 4199999999999999 725 312133 1499999999999999
 20 25 29 32 33 34 33 32 32 32 33 35 37 40 41 40 38 34 28 23 18 15 14 1518 629XQ 440 341410 4199999999999999 759 3222 7 1499999999999999
 18 22 27 30 33 34 33 32 32 32 32 34 36 38 40 41 39 36 32 26 21 17 15 1418 630XQ 514 341445 4199999999999999 834 312243 1499999999999999
 16 19 24 28 31 33 33 33 32 31 31 32 34 36 39 40 40 38 34 29 24 19 16 1518 7 1XQ 549 331520 4099999999999999 9 9 312319 1599999999999999
 15 17 21 26 29 32 33 33 32 31 31 31 32 34 36 38 39 38 36 32 27 22 18 1618 7 2XQ 625 331556 3999999999999999 947 312356 1599999999999999
 15 16 19 23 27 30 32 32 32 31 30 30 31 32 33 36 37 37 36 33 29 25 21 1818 7 3XQ 7 3 321634 37999999999999991034 30999999999999999999999
 17 17 18 21 25 28 31 32 32 31 30 30 30 30 31 32 34 35 35 33 31 27 24 2118 7 4XQ 740 321718 3599999999999999 033 171156 3099999999999999
 19 18 19 21 24 27 30 32 32 32 31 30 29 29 29 29 31 32 33 33 31 29 27 2418 7 5XQ 815 321817 3399999999999999 110 181336 2999999999999999
 22 21 20 21 23 26 29 31 33 33 32 31 30 28 27 27 28 29 30 31 31 31 29 2718 7 6XQ 846 331944 3199999999999999 145 201454 2799999999999999
 25 24 23 23 24 26 29 32 34 35 34 33 31 29 27 25 25 25 27 28 30 31 31 3018 7 7XQ 916 352130 3199999999999999 222 2316 5 2599999999999999
 28 27 26 26 26 27 30 32 35 36 37 36 33 31 28 25 23 22 23 25 27 29 31 3218 7 8XQ 947 372316 3299999999999999 3 2 2617 7 2299999999999999
 32 31 30 29 29 29 31 33 35 38 39 39 37 34 30 26 23 21 20 21 23 26 30 3218 7 9XQ1022 39999999999999999999999 350 2918 3 2099999999999999
 34 34 33 32 32 32 32 33 36 39 41 42 41 38 34 29 24 21 18 17 18 22 26 3018 710XQ 046 3411 3 4299999999999999 446 311855 1799999999999999
 34 36 36 36 35 34 34 34 36 38 41 44 45 43 40 34 29 23 18 15 15 17 21 2618 711XQ 156 361149 4599999999999999 547 341947 1599999999999999
 32 35 38 38 38 36 35 35 36 38 41 44 47 47 45 41 35 28 21 16 13 13 16 2118 712XQ 254 381240 4799999999999999 644 352039 1399999999999999
 27 33 37 39 39 38 37 36 36 37 39 42 46 49 49 46 41 35 27 20 15 12 12 1518 713XQ 344 391333 4999999999999999 738 362132 1299999999999999
 21 28 34 38 40 40 38 36 35 35 36 39 43 47 50 50 47 42 34 27 20 15 12 1218 714XQ 431 401428 5099999999999999 830 352224 1299999999999999
 16 22 29 35 38 40 39 37 35 34 34 36 38 43 47 49 49 46 41 34 26 20 15 1318 715XQ 514 401523 5099999999999999 926 342316 1399999999999999
 14 18 24 30 35 38 39 38 36 34 33 33 34 37 42 46 48 47 45 40 33 26 20 1718 716XQ 557 391621 48999999999999991033 33999999999999999999999
 15 16 21 26 32 36 38 38 37 35 33 32 31 33 36 40 43 45 45 42 38 32 26 2218 717XQ 638 381721 4599999999999999 0 6 151147 3199999999999999
 19 18 20 24 29 33 36 38 38 36 34 32 30 30 31 33 37 40 41 41 39 36 31 2718 718XQ 720 381828 4199999999999999 054 1813 0 3099999999999999
 24 22 22 24 28 32 35 37 38 37 35 33 31 29 28 29 31 34 36 37 38 37 34 3218 719XQ 8 1 381944 3899999999999999 140 221412 2899999999999999
 29 27 26 26 28 31 34 37 38 38 37 35 33 30 28 27 27 28 30 33 34 35 35 3418 720XQ 841 392117 3599999999999999 223 261529 2799999999999999
 32 31 30 29 30 31 34 36 38 39 39 38 35 33 30 27 26 25 26 28 30 32 34 3418 721XQ 921 392319 3499999999999999 3 3 291649 2599999999999999
 34 34 33 33 32 33 34 36 38 40 41 40 38 35 32 29 26 24 24 24 26 29 32 3418 722XQ10 0 41999999999999999999999 338 321757 2499999999999999
 35 35 35 35 35 35 35 37 39 40 42 42 41 38 35 31 28 25 23 23 24 26 29 3218 723XQ1039 429999999999999999999991849 23999999999999999999999
 34 36 36 36 36 36 36 37 39 40 42 43 43 41 38 34 30 27 24 22 22 24 27 3018 724XQ1119 439999999999999999999991930 22999999999999999999999
 34 36 37 38 37 37 37 37 38 40 42 44 44 43 41 38 33 29 25 23 21 22 25 2818 725XQ 3 3 381159 4499999999999999 543 3720 6 2199999999999999
 32 35 37 38 38 38 37 37 38 39 41 43 45 45 44 41 37 32 27 24 21 21 23 2618 726XQ 323 381240 4599999999999999 630 372040 2199999999999999
 30 34 37 39 39 38 37 37 37 38 40 42 44 46 45 43 40 35 30 25 22 21 21 2418 727XQ 344 391320 4699999999999999 712 372114 2199999999999999
 28 32 36 38 39 38 37 36 36 37 38 40 43 45 46 45 42 38 33 28 23 21 20 2218 728XQ 4 8 391359 4699999999999999 751 362148 2099999999999999
 25 30 34 37 38 39 38 36 35 35 36 38 40 43 46 46 44 41 36 30 26 22 20 2118 729XQ 434 391437 4699999999999999 829 352222 2099999999999999
 23 27 32 35 38 38 38 36 35 34 34 35 38 41 44 45 45 42 38 33 28 24 22 2118 730XQ 5 2 381515 4599999999999999 9 8 342256 2199999999999999
 22 25 29 33 36 38 38 36 35 33 33 33 35 37 41 43 44 43 40 36 31 27 23 2218 731XQ 530 381553 4499999999999999 952 332329 2299999999999999
 22 24 28 32 35 37 38 37 35 33 32 32 33 34 37 40 42 42 40 38 34 29 26 2418 8 1XQ 558 381634 42999999999999991044 32999999999999999999999
 23 24 27 30 34 36 38 38 36 34 32 31 31 32 34 36 39 40 40 38 36 32 29 2718 8 2XQ 626 381721 4099999999999999 0 0 231150 3199999999999999
 25 25 27 30 33 36 38 38 38 36 33 32 31 30 31 32 35 37 38 38 37 34 32 3018 8 3XQ 654 381824 3899999999999999 030 2513 1 3099999999999999
 28 28 28 30 33 36 38 39 39 38 35 33 31 30 29 29 31 33 35 36 37 36 34 3318 8 4XQ 724 391950 3799999999999999 058 2814 9 2999999999999999
 31 31 31 32 34 36 39 40 41 40 38 35 33 30 28 27 28 29 31 33 35 36 36 3618 8 5XQ 759 412137 3699999999999999 126 311519 2799999999999999
 35 34 34 34 35 37 39 41 42 42 41 39 36 32 29 27 26 26 27 29 32 35 36 3718 8 6XQ 841 432337 3799999999999999 2 0 341632 2599999999999999
 37 37 37 37 37 38 39 41 43 44 44 43 40 36 32 28 25 23 23 25 28 31 35 3718 8 7XQ 932 45999999999999999999999 252 371739 2399999999999999
 39 39 39 39 39 39 39 41 43 45 47 47 45 41 37 32 27 23 21 21 23 26 31 3518 8 8XQ 1 7 391030 4799999999999999 414 391839 2199999999999999
 39 41 41 41 40 39 39 40 42 44 47 49 49 47 43 37 31 26 22 19 19 21 26 3118 8 9XQ 2 2 411132 4999999999999999 535 391935 1999999999999999
 36 40 42 42 41 40 39 39 40 42 45 48 51 51 48 44 38 31 25 20 18 18 21 2618 810XQ 243 421232 5199999999999999 638 392028 1799999999999999
 32 38 41 42 42 41 39 38 38 39 41 45 50 52 52 50 45 38 30 24 19 17 17 2118 811XQ 321 431331 5399999999999999 734 382120 1799999999999999
 27 34 39 42 43 42 39 37 36 36 37 40 45 50 53 53 50 44 37 30 23 19 17 1818 812XQ 357 431428 5399999999999999 828 362210 1799999999999999
 23 29 35 40 42 42 40 37 35 34 34 35 39 44 49 52 52 49 43 36 29 24 20 1918 813XQ 432 421525 5299999999999999 927 332258 1999999999999999
 21 26 32 37 41 42 41 38 35 33 32 32 33 38 43 47 50 49 47 41 35 29 25 2218 814XQ 5 8 421623 50999999999999991030 312342 2299999999999999
 22 24 29 35 39 41 42 40 37 34 31 30 30 32 36 41 45 46 46 44 39 34 30 2718 815XQ 543 421723 47999999999999991134 30999999999999999999999
 25 26 28 33 37 40 42 41 39 36 33 30 29 29 31 34 38 41 43 43 41 38 34 3218 816XQ 618 421828 4399999999999999 023 251237 2999999999999999
 30 29 30 33 36 39 41 42 41 38 35 32 30 28 28 30 32 35 38 39 40 38 37 3518 817XQ 654 421943 4099999999999999 1 1 291341 2899999999999999
 34 33 33 34 36 39 41 42 42 40 38 35 32 30 28 28 29 30 33 35 37 37 37 3718 818XQ 730 422121 3799999999999999 133 331451 2899999999999999
 36 36 36 36 37 39 40 42 42 42 40 38 35 32 30 28 27 27 29 31 33 35 36 3718 819XQ 8 9 42999999999999999999999 155 361611 2799999999999999
 37 38 38 38 38 39 40 41 42 43 42 41 38 35 32 30 28 26 27 28 30 32 35 3718 820XQ 855 439999999999999999999991726 26999999999999999999999
 38 39 39 39 39 39 40 41 42 43 43 43 41 38 35 32 29 27 26 26 27 30 33 3618 821XQ 948 439999999999999999999991821 26999999999999999999999
 38 39 39 40 39 39 40 40 41 43 44 44 43 41 38 35 31 28 26 25 26 28 31 3418 822XQ1045 4499999999999999999999919 4 25999999999999999999999
 37 39 40 40 39 39 39 39 40 41 43 44 45 43 41 37 34 30 26 25 24 26 29 3218 823XQ 240 401139 4599999999999999 552 391941 2499999999999999
 36 38 40 40 39 39 38 38 38 40 42 44 45 45 43 40 36 32 28 25 24 24 26 3018 824XQ 248 401227 4599999999999999 636 382016 2499999999999999
 34 37 39 40 39 38 37 36 36 38 40 42 45 46 45 43 39 35 30 26 24 23 24 2818 825XQ 3 3 401311 4699999999999999 714 362050 2399999999999999
 32 36 38 40 39 38 36 35 35 35 37 40 43 45 46 45 42 38 33 28 25 23 23 2518 826XQ 321 401352 4699999999999999 751 352123 2399999999999999
 29 34 37 39 39 38 36 34 33 33 34 36 40 43 45 46 44 40 35 30 26 24 23 2418 827XQ 343 391432 4699999999999999 830 332156 2399999999999999
 27 32 36 38 39 39 37 34 32 31 32 33 36 40 44 45 44 42 38 33 29 25 24 2418 828XQ 4 4 391512 4599999999999999 910 312227 2499999999999999
 26 30 35 38 39 39 38 35 32 30 30 31 33 36 40 43 44 43 40 36 31 28 26 2518 829XQ 426 391553 4499999999999999 954 302256 2599999999999999
 26 29 33 37 39 40 39 36 33 30 29 29 30 32 36 40 42 42 41 38 34 31 28 2718 830XQ 448 401638 43999999999999991042 292324 2799999999999999
 27 29 33 36 39 40 40 38 35 32 29 28 28 29 32 36 39 41 41 39 37 34 31 3018 831XQ 511 401732 41999999999999991136 282348 3099999999999999
 30 30 33 36 39 41 41 40 37 34 31 28 27 27 29 32 35 38 39 39 38 36 34 3318 9 1XQ 537 411841 39999999999999991234 27999999999999999999999
 32 33 34 36 39 41 42 42 40 37 33 30 28 27 26 28 30 33 36 37 38 38 37 3618 9 2XQ 6 9 4220 8 3899999999999999 0 8 321337 2699999999999999
 35 35 36 37 39 41 43 43 42 40 37 33 30 27 26 25 27 29 31 34 36 38 38 3818 9 3XQ 650 43999999999999999999999 025 351447 2599999999999999
 38 37 38 38 39 41 42 44 44 43 41 37 34 30 27 25 24 25 27 30 33 36 38 3918 9 4XQ 745 4499999999999999999999916 6 24999999999999999999999
 39 39 39 39 40 40 42 43 44 45 44 42 39 35 30 27 24 23 23 25 28 32 36 3818 9 5XQ 857 459999999999999999999991721 23999999999999999999999
 40 40 40 40 40 40 40 41 43 45 46 46 44 40 35 31 26 23 21 21 23 27 32 3618 9 6XQ 119 401015 4699999999999999 434 401826 2199999999999999
 39 41 41 40 39 39 38 39 41 43 46 48 48 45 41 36 31 25 22 20 20 23 27 3318 9 7XQ 145 411127 4899999999999999 550 381923 1999999999999999
 37 40 41 41 39 38 36 36 37 39 43 47 49 49 47 42 37 30 25 21 19 20 23 2918 9 8XQ 212 411232 4999999999999999 646 362015 1999999999999999
 34 39 41 41 40 37 35 34 33 35 38 42 47 50 50 47 43 36 30 24 20 19 20 2518 9 9XQ 240 411332 5099999999999999 738 3321 3 1999999999999999
 31 36 40 41 41 38 35 32 31 31 32 36 42 47 50 50 47 42 36 29 24 21 20 2318 910XQ 310 411430 5099999999999999 831 302148 2099999999999999
 28 34 38 41 41 40 36 32 29 28 28 30 35 41 46 49 48 46 41 35 29 25 23 2318 911XQ 340 421527 4999999999999999 926 282230 2399999999999999
 26 31 37 40 42 41 38 34 30 27 26 26 29 34 40 44 46 46 44 39 34 30 27 2618 912XQ 411 421625 47999999999999991021 2623 9 2699999999999999
 27 30 35 39 42 42 40 37 32 28 26 25 25 28 33 38 42 44 43 41 37 34 31 2918 913XQ 442 421724 44999999999999991116 252343 2999999999999999
 29 31 34 38 41 42 42 39 35 31 28 25 24 25 28 32 36 39 41 40 39 36 34 3318 914XQ 512 421826 41999999999999991210 24999999999999999999999
 32 33 35 38 40 42 42 41 38 34 31 28 25 25 25 28 31 34 37 38 38 37 36 3518 915XQ 541 421938 3899999999999999 011 3213 6 2599999999999999
 35 35 36 38 40 41 42 42 40 37 34 31 28 26 25 26 27 30 32 34 36 37 37 3718 916XQ 611 42999999999999999999999 024 3514 6 2599999999999999
 37 37 37 38 39 41 41 41 41 39 36 34 31 28 26 26 26 27 29 31 33 35 36 3718 917XQ 645 429999999999999999999991518 26999999999999999999999
 37 38 38 38 39 40 40 41 41 40 39 36 34 31 29 27 26 25 26 28 30 33 35 3618 918XQ 735 419999999999999999999991637 25999999999999999999999
 37 38 38 38 38 39 39 40 40 40 40 38 36 34 31 28 26 25 25 26 28 30 33 3518 919XQ 849 409999999999999999999991741 25999999999999999999999
 37 38 38 38 38 37 37 38 39 40 40 40 39 36 34 31 28 25 24 24 26 28 31 3418 920XQ 157 381011 4099999999999999 515 371829 2499999999999999
 36 37 38 37 37 36 36 36 37 38 39 40 40 39 36 33 30 26 24 23 24 26 29 3218 921XQ 152 381120 4099999999999999 6 4 3619 9 2399999999999999
 35 37 37 37 36 35 34 34 34 36 38 40 41 41 39 36 32 28 25 23 23 24 27 3118 922XQ 159 371215 4199999999999999 640 331945 2399999999999999
 34 36 37 37 35 34 32 31 31 33 35 38 40 41 41 38 35 31 27 24 22 23 25 2918 923XQ 211 3713 2 4199999999999999 714 312018 2299999999999999
 33 36 37 37 36 33 31 29 29 30 32 35 39 41 42 40 38 33 29 25 23 23 24 2718 924XQ 227 371346 4299999999999999 749 292050 2399999999999999
 31 35 37 37 36 34 31 28 27 27 29 32 36 40 42 42 40 36 32 28 25 23 24 2618 925XQ 245 371428 4299999999999999 826 272121 2399999999999999
 30 34 37 38 37 35 31 28 26 25 25 28 32 37 40 42 41 39 35 31 27 25 25 2618 926XQ 3 3 381512 4299999999999999 9 5 252151 2599999999999999
 29 33 37 39 38 37 33 29 26 24 23 24 28 33 37 40 41 40 38 34 30 28 26 2718 927XQ 323 391558 4199999999999999 947 232219 2699999999999999
 29 33 37 39 40 38 36 31 27 24 22 22 24 28 33 37 40 40 39 37 33 30 29 2918 928XQ 345 401650 40999999999999991032 222245 2999999999999999
 30 32 36 39 41 40 38 34 30 25 22 21 21 24 28 33 37 39 39 38 36 33 32 3118 929XQ 411 411750 39999999999999991120 2123 6 3199999999999999
 31 33 36 39 41 41 40 37 33 28 24 22 21 21 24 28 32 35 37 38 37 36 34 3418 930XQ 440 411859 38999999999999991215 212321 3499999999999999
 34 34 36 38 41 42 41 40 36 32 28 24 22 21 21 23 27 31 34 36 37 37 36 351810 1XQ 516 422025 37999999999999991316 212331 3599999999999999
 35 36 36 38 40 41 42 41 39 36 32 28 25 22 21 21 23 25 29 32 34 36 37 371810 2XQ 6 3 429999999999999999999991427 21999999999999999999999
 37 37 37 37 38 40 41 41 41 40 37 33 29 25 23 21 20 21 24 27 31 34 36 371810 3XQ 712 419999999999999999999991547 20999999999999999999999
 37 37 37 37 37 37 39 40 41 41 40 38 34 30 26 23 20 19 20 23 26 30 34 361810 4XQ 842 4199999999999999999999917 5 19999999999999999999999
 37 37 37 36 35 35 35 37 39 41 42 41 39 36 31 27 23 20 19 19 22 26 31 341810 5XQ 045 371013 4299999999999999 459 351810 1999999999999999
 36 37 37 35 34 33 32 33 35 38 40 42 42 40 37 32 27 23 20 18 19 23 27 321810 6XQ 1 5 371130 4399999999999999 6 0 3219 5 1899999999999999
 35 37 37 36 33 31 29 29 30 32 36 40 43 43 41 37 32 27 23 20 19 20 24 301810 7XQ 128 371237 4399999999999999 652 291954 1999999999999999
 34 37 38 37 34 30 27 26 25 27 31 36 40 43 44 42 38 32 27 23 21 20 23 271810 8XQ 152 381338 4499999999999999 741 252038 2099999999999999
 32 36 38 38 36 32 27 24 23 23 25 29 35 40 43 43 41 37 32 27 24 22 23 261810 9XQ 219 381435 4399999999999999 830 222119 2299999999999999
 31 36 39 39 38 34 29 25 22 20 20 23 29 35 40 42 42 40 36 31 28 25 25 26181010XQ 247 391532 4299999999999999 920 202156 2599999999999999
 30 34 38 40 39 37 32 27 23 20 19 19 23 29 34 39 41 40 38 35 31 29 27 28181011XQ 315 401628 419999999999999910 8 192228 2799999999999999
 30 33 37 40 41 39 35 30 25 21 19 18 20 23 29 34 37 39 39 37 34 31 30 30181012XQ 344 411723 39999999999999991055 182253 3099999999999999
 31 33 37 39 41 40 38 34 29 24 21 19 19 20 24 29 33 35 37 36 35 33 32 32181013XQ 411 411821 37999999999999991141 1823 3 3299999999999999
 32 34 36 38 40 40 39 36 32 27 24 21 19 20 21 25 28 31 34 35 35 34 33 33181014XQ 437 401926 35999999999999991228 192248 3399999999999999
 34 34 36 37 39 40 39 37 34 30 27 24 21 20 21 22 25 28 30 32 33 34 34 34181015XQ 5 3 409999999999999999999991319 20999999999999999999999
 34 35 35 36 38 38 38 37 36 33 30 26 24 22 21 21 23 25 27 29 31 32 33 34181016XQ 530 389999999999999999999991418 21999999999999999999999
 34 35 35 35 36 36 37 37 36 34 32 29 27 24 22 22 22 22 24 26 29 31 32 33181017XQ 610 379999999999999999999991530 21999999999999999999999
 34 34 34 34 34 34 35 35 35 34 33 31 29 27 24 23 21 21 22 24 26 29 31 32181018XQ 737 359999999999999999999991642 21999999999999999999999
 33 33 33 33 32 32 32 33 33 34 34 33 31 29 27 24 22 21 21 22 24 26 29 31181019XQ 058 33 926 3499999999999999 511 321739 2199999999999999
 33 33 33 32 31 30 30 30 31 32 33 34 33 31 29 26 24 21 20 21 22 25 28 30181020XQ 056 331054 3499999999999999 556 291824 2099999999999999
 32 33 32 31 29 28 27 27 28 30 32 33 34 33 32 29 26 23 21 20 21 23 26 29181021XQ 1 2 331159 3499999999999999 630 2719 2 2099999999999999
 32 33 33 31 29 26 25 24 25 26 29 32 34 35 34 32 28 25 22 21 21 22 25 29181022XQ 114 331252 3599999999999999 7 4 241936 2199999999999999
 32 33 33 32 29 26 23 22 21 23 26 30 33 35 35 34 31 28 25 22 21 22 24 28181023XQ 128 341340 3699999999999999 739 2120 8 2199999999999999
 32 34 34 33 30 27 23 20 19 19 22 26 31 34 36 36 34 31 28 25 23 23 24 27181024XQ 146 351427 3699999999999999 815 192040 2399999999999999
 31 35 36 35 33 29 24 20 17 17 18 21 27 32 35 37 36 34 31 28 25 24 25 27181025XQ 2 6 361516 3799999999999999 854 172110 2499999999999999
 31 35 37 37 35 31 26 21 17 15 15 17 22 28 33 36 37 36 34 31 28 27 26 28181026XQ 231 3716 7 3799999999999999 936 152139 2699999999999999
 30 34 38 39 38 35 30 24 19 16 14 14 17 22 28 33 36 37 36 33 31 29 28 29181027XQ 259 3917 2 37999999999999991021 1422 7 2899999999999999
 30 34 37 39 39 38 34 28 23 18 14 13 14 17 23 28 32 35 36 35 33 31 30 30181028XQ 331 4018 2 36999999999999991110 132231 3099999999999999
 31 33 36 39 40 39 37 33 27 22 17 14 13 14 18 22 27 31 33 34 34 33 32 32181029XQ 4 8 4019 9 349999999999999912 4 132253 3299999999999999
 32 33 35 37 39 40 39 36 32 26 21 17 15 14 15 18 22 26 29 32 33 33 33 32181030XQ 451 402029 339999999999999913 5 142322 3299999999999999
 32 33 33 35 37 38 38 37 35 31 27 22 18 16 14 15 17 21 25 28 31 32 33 32181031XQ 547 389999999999999999999991414 14999999999999999999999
 32 32 32 33 34 35 36 37 36 34 31 27 23 20 17 15 15 17 20 24 27 30 32 321811 1XQ 7 5 372321 32999999999999991529 15999999999999999999999
 32 32 31 31 30 31 32 34 35 35 34 32 28 25 21 18 16 16 17 20 24 27 30 321811 2XQ 840 352350 3299999999999999 340 301642 1699999999999999
 32 31 30 29 28 27 28 29 32 34 35 34 32 29 26 22 19 17 16 18 21 25 28 311811 3XQ1014 35999999999999999999999 5 0 271745 1699999999999999
 32 32 30 28 26 24 24 24 27 30 33 35 35 33 30 27 23 20 18 17 19 23 27 301811 4XQ 014 321136 3599999999999999 6 1 241839 1799999999999999
 32 33 31 28 25 23 21 20 21 24 28 32 35 35 34 31 27 23 20 19 19 21 25 291811 5XQ 038 331246 3599999999999999 653 201925 1999999999999999
 33 34 33 30 26 22 19 17 17 19 23 28 32 35 35 34 31 27 24 22 21 22 24 291811 6XQ 1 4 341348 3599999999999999 741 1720 6 2199999999999999
 32 35 35 33 29 24 20 16 14 15 17 22 28 32 35 35 34 31 27 25 23 23 24 281811 7XQ 131 351446 3599999999999999 827 142041 2399999999999999
 32 35 36 35 32 27 22 17 14 13 13 17 22 28 32 34 35 33 30 28 26 25 25 271811 8XQ 159 361540 3599999999999999 911 132112 2599999999999999
 31 35 37 37 35 31 25 20 15 13 12 13 17 23 28 32 34 34 32 30 28 27 27 281811 9XQ 228 371631 3499999999999999 954 122136 2799999999999999
 30 34 37 38 37 34 29 23 18 14 12 12 14 19 24 29 32 33 33 31 29 28 28 29181110XQ 258 381721 33999999999999991034 122150 2899999999999999
 30 33 36 37 37 35 32 27 21 17 14 12 13 16 20 25 28 31 32 31 30 29 29 29181111XQ 326 381811 32999999999999991114 122159 2999999999999999
 30 32 34 36 37 36 33 29 24 20 16 14 13 14 17 21 25 28 30 30 30 29 29 29181112XQ 355 3719 6 30999999999999991155 1322 7 2999999999999999
 30 31 33 34 35 35 34 31 27 22 19 16 14 14 15 18 21 24 27 28 29 29 29 29181113XQ 422 369999999999999999999991238 14999999999999999999999
 29 30 31 32 33 34 33 31 28 25 21 18 16 15 15 16 18 21 24 26 27 28 28 28181114XQ 452 349999999999999999999991326 15999999999999999999999
 29 29 29 30 31 31 31 31 29 26 23 21 18 16 15 15 17 19 21 23 25 27 27 28181115XQ 529 319999999999999999999991422 15999999999999999999999
 28 28 28 28 28 29 29 29 28 27 25 23 20 18 17 16 16 17 19 21 23 25 27 27181116XQ 632 292338 27999999999999991523 16999999999999999999999
 27 27 26 26 25 25 26 26 27 27 26 24 23 20 19 17 16 16 17 19 22 24 26 27181117XQ 823 272343 2799999999999999 421 251623 1699999999999999
 27 27 25 24 23 23 23 23 24 25 26 26 25 23 21 19 17 17 17 18 20 23 25 27181118XQ1011 262355 2799999999999999 527 221715 1799999999999999
 27 27 25 23 22 20 19 20 21 23 25 26 26 25 23 21 19 18 17 18 20 22 25 27181119XQ1135 26999999999999999999999 6 9 191759 1799999999999999
 28 28 26 24 21 18 17 17 18 20 23 25 27 27 26 24 22 20 19 19 20 22 25 28181120XQ 0 9 281241 2799999999999999 646 161839 1999999999999999
 30 30 28 25 21 18 15 14 14 16 19 23 26 28 28 27 25 23 21 20 20 22 25 28181121XQ 027 301338 2899999999999999 723 141916 2099999999999999
 31 32 30 27 23 19 15 12 11 12 15 20 25 28 30 30 28 26 24 22 22 22 25 28181122XQ 050 321431 3099999999999999 8 1 111951 2299999999999999
 32 33 33 31 26 21 16 12  9  9 11 15 21 26 29 31 31 29 27 24 23 23 25 28181123XQ 118 341523 3199999999999999 842  92026 2399999999999999
 32 35 35 34 30 25 19 13  9  7  7 10 15 22 27 30 32 31 29 27 25 25 25 27181124XQ 151 351616 3299999999999999 926  721 0 2599999999999999
 31 34 37 36 34 30 24 17 11  7  5  6 10 16 22 27 30 32 31 29 27 26 26 27181125XQ 228 371710 32999999999999991014  52133 2699999999999999
 29 33 36 37 37 34 29 22 15 10  6  5  6 10 16 22 27 30 31 30 28 27 26 27181126XQ 310 3818 6 319999999999999911 4  522 9 2699999999999999
 28 30 34 36 37 36 33 27 21 14  9  6  5  7 11 16 22 26 28 29 29 28 27 27181127XQ 355 3719 5 29999999999999991159  52252 2699999999999999
 27 28 30 33 35 36 34 31 26 20 14 10  7  6  8 11 16 21 25 27 28 28 27 26181128XQ 447 3620 8 28999999999999991257  6999999999999999999999
 26 26 27 29 31 33 34 32 30 25 20 15 11  9  8  9 12 16 20 24 26 27 27 26181129XQ 548 342112 2799999999999999 013 261358  899999999999999
 25 25 24 25 26 28 30 31 30 28 25 20 16 13 11 10 10 13 17 20 24 26 26 26181130XQ 7 5 3122 6 2699999999999999 158 2415 2 1099999999999999
 25 24 23 22 22 23 25 27 28 28 27 24 21 18 15 13 12 12 15 18 21 24 26 261812 1XQ 836 282247 2699999999999999 329 2216 6 1299999999999999
 25 24 22 20 19 18 19 21 23 25 26 26 24 22 19 17 15 14 14 17 20 23 26 271812 2XQ1014 262319 2799999999999999 450 1817 6 1499999999999999
 27 25 23 20 17 15 15 16 18 21 24 25 26 25 23 20 18 17 16 17 19 22 25 271812 3XQ1145 262349 2899999999999999 556 151759 1699999999999999
 28 27 24 21 17 14 12 11 13 16 19 23 25 26 25 24 22 20 18 18 19 22 25 281812 4XQ13 3 26999999999999999999999 652 111844 1899999999999999
 29 29 27 23 19 15 11  9  9 11 15 19 23 25 26 26 24 22 21 20 20 22 25 281812 5XQ 018 2914 8 2699999999999999 740  91922 2099999999999999
 30 31 30 26 22 17 12  9  7  7 10 15 20 24 26 27 26 25 23 22 22 22 24 271812 6XQ 049 3115 3 2799999999999999 823  71953 2299999999999999
 30 32 32 29 25 20 15 10  7  6  7 11 16 21 24 27 27 26 25 23 23 23 24 271812 7XQ 120 321551 2799999999999999 9 3  62018 2399999999999999
 30 32 33 32 28 24 18 12  8  6  5  7 12 17 22 25 27 27 26 24 23 23 24 261812 8XQ 153 331635 2799999999999999 941  52040 2399999999999999
 28 31 33 33 31 27 21 15 10  7  5  6  9 13 19 23 26 27 26 25 24 23 24 251812 9XQ 225 331715 27999999999999991017  521 2 2399999999999999
 27 30 32 33 32 29 24 19 13  9  6  5  7 10 15 20 23 25 26 25 24 23 23 24181210XQ 258 331756 26999999999999991053  52126 2399999999999999
 25 28 30 32 32 30 26 21 16 11  8  6  6  8 12 16 20 23 24 24 24 23 23 23181211XQ 330 321838 24999999999999991129  62153 2399999999999999
 24 25 27 29 30 29 27 23 18 14 10  7  6  7  9 13 17 20 22 23 23 22 22 22181212XQ 4 2 301923 239999999999999912 6  62226 2299999999999999
 22 23 25 26 28 28 27 24 20 16 12  9  7  7  8 11 14 17 20 21 22 22 21 21181213XQ 435 282011 22999999999999991245  72319 2199999999999999
 21 21 22 23 25 25 25 23 21 18 14 11  9  8  8  9 12 15 17 19 21 21 21 20181214XQ 511 252059 21999999999999991326  8999999999999999999999
 20 20 20 20 21 22 22 22 21 19 16 13 11 10  9  9 11 13 16 18 20 21 21 20181215XQ 6 0 222139 2199999999999999 127 2014 8  999999999999999
 20 19 18 18 18 18 19 20 19 19 17 15 13 12 11 10 11 12 15 17 19 21 21 21181216XQ 722 2022 8 2199999999999999 315 181452 1099999999999999
 20 19 17 16 15 15 16 16 17 18 18 17 16 14 13 12 12 13 14 17 19 21 22 22181217XQ 917 182233 2299999999999999 439 151539 1299999999999999
 21 19 17 15 13 12 12 13 14 16 17 18 18 17 16 15 14 14 15 17 19 21 23 24181218XQ1110 182259 2499999999999999 537 121628 1499999999999999
 23 21 18 15 12 10  9  9 11 13 16 18 19 19 19 17 16 16 16 17 19 22 24 26181219XQ1239 192327 2699999999999999 623  91719 1699999999999999
 26 24 21 17 13  9  7  6  7  9 13 17 19 21 21 20 19 18 18 18 19 22 25 27181220XQ1346 21999999999999999999999 7 5  61810 1899999999999999
 28 27 24 20 15 10  6  4  3  5  8 13 18 21 23 23 22 21 20 19 20 21 24 27181221XQ 0 2 281442 2399999999999999 748  31858 1999999999999999
 30 30 28 24 19 13  7  3  1  0  3  8 14 19 23 24 24 23 22 21 20 21 23 26181222XQ 041 301534 2599999999999999 833  01943 2099999999999999
 30 32 32 29 24 18 11  5  0 -2 -1  2  8 15 20 23 25 25 23 22 21 21 22 24181223XQ 125 321622 2599999999999999 920 -22027 2199999999999999
 28 32 33 33 29 24 17  9  3 -1 -3 -2  2  9 15 20 24 25 24 23 21 20 21 22181224XQ 212 331710 259999999999999910 9 -32112 2099999999999999
 25 29 32 34 32 29 23 15  8  2 -2 -4 -2  3  9 16 20 23 24 23 21 20 20 20181225XQ 3 1 341757 249999999999999911 0 -422 2 2099999999999999
 21 25 29 32 33 31 27 21 14  7  1 -2 -3 -1  4 10 16 20 22 23 22 20 19 18181226XQ 353 331843 23999999999999991152 -323 6 1899999999999999
 19 20 23 27 30 30 29 25 19 13  7  2 -1 -1  1  6 11 16 20 21 21 20 18 17181227XQ 449 311930 22999999999999991243 -1999999999999999999999
 17 17 18 21 24 27 27 26 23 18 12  7  4  2  2  4  8 13 17 19 21 20 19 17181228XQ 550 272016 2199999999999999 027 171335  199999999999999
 16 15 15 15 18 20 23 23 23 20 16 12  9  6  5  5  7 10 14 17 20 20 20 18181229XQ 7 2 2321 1 2099999999999999 148 141426  499999999999999
 16 14 13 12 12 14 16 18 19 19 18 16 13 11  9  8  8 10 13 16 19 20 21 20181230XQ 830 202143 2199999999999999 310 121516  899999999999999
 18 15 13 11  9  9 10 12 14 16 17 17 16 14 13 11 11 11 13 15 18 20 22 21181231XQ1015 172222 2299999999999999 436  916 5 1199999999999999
