 -4 19 54 95136166176167147122 98 82 82 95117140162174168142104 61 20-1118 1 1Z9 5581761712175999999999999991131 80999999999999999999999
-24-13 17 58106150178184171147119 94 80 83100124148170178166135 92 47  618 1 2Z9 645185175717899999999999999 0 2-241219 7999999999999999
-23-30-13 22 68117161185185167141112 88 78 86105130154174178161125 82 3718 1 3Z9 730188184317999999999999999 046-3013 4 7899999999999999
 -2-25-26 -4 34 80128167185179158132104 84 79 89110133156172171150114 7318 1 4Z9 814185192917499999999999999 131-291348 7899999999999999
 32 -1-18-13 12 50 94137168178168147121 97 82 81 9311213315216415913710418 1 5Z9 856178201616499999999999999 215-191435 7999999999999999
 67 33  7 -3  7 33 68106142164167155135112 93 81 83 9411012714215014312318 1 6Z9 93916821 415099999999999999 259 -31524 8099999999999999
 95 66 40 22 19 31 55 85116143157155142124106 90 82 83 9210411712913412818 1 7Z91022158215813499999999999999 342 181621 8199999999999999
112 91 70 52 41 42 55 75 99123141149144132117101 88 80 80 85 9410411411818 1 8Z911 714923 611999999999999999 425 401732 7999999999999999
115105 92 78 67 62 64 75 91109126137141136126112 98 85 76 73 75 82 9110018 1 9Z91155141999999999999999999999 510 6119 3 7399999999999999
107109105 98 90 83 80 82 90101114126134136132122108 93 79 68 63 63 69 7918 110Z9 046109124913699999999999999 6 7 802025 6299999999999999
 91102109110107102 97 93 93 98106116126133135130119104 87 71 57 50 51 5918 111Z9 247110135013599999999999999 727 922124 5099999999999999
 72 89104115120118113106100 98101108117127134136130117 98 78 59 44 37 4118 112Z9 410120144713699999999999999 856 9822 9 3799999999999999
 53 71 93113127131127119109101 97100108119130138138130112 90 66 44 29 2618 113Z9 5 013115361399999999999999910 2 972247 2599999999999999
 34 52 77103126139140133120106 96 93 99110123136143141127104 77 50 28 1618 114Z9 5371411618144999999999999991050 932322 1599999999999999
 18 33 58 88118141150146132115 99 89 90100115131144149141121 93 62 34 1318 115Z9 6 91501657149999999999999991128 882355  799999999999999
  7 16 39 70104135153156145126105 89 83 89104122140151152137111 78 45 1818 116Z9 63915717321539999999999999912 1 83999999999999999999999
  2  4 21 51 86122149161155137115 94 80 79 92111132149157151129 96 61 2918 117Z9 7 816118 615799999999999999 026  11232 7899999999999999
  6 -2  8 33 67105138159162148126102 82 74 80 98120140155158144115 80 4518 118Z9 737163184115999999999999999 056 -213 4 7499999999999999
 16  0  1 19 50 86122151163156137112 89 74 72 85105127147157153132100 6518 119Z9 8 7163191615899999999999999 126 -21337 7199999999999999
 33  9  1 11 36 69104137158160146123100 80 70 74 90111132148154143118 8518 120Z9 837161195315499999999999999 157  11412 6999999999999999
 53 26 10 11 27 55 88120146158152134111 89 73 69 77 9511413214514513010418 121Z9 9 9158203314799999999999999 229  81451 6899999999999999
 74 47 27 18 26 47 74104131149152141122101 82 70 69 79 9611312813713411818 122Z9 942153211813899999999999999 3 2 181535 6899999999999999
 94 69 48 35 33 45 66 91116136147144130112 93 77 68 68 78 9210712012712318 123Z91018148221212799999999999999 338 321627 6799999999999999
109 90 71 56 48 51 63 82103123137142136122104 87 73 64 64 71 84 9710911718 124Z91059142232411799999999999999 418 481731 6399999999999999
116107 93 80 70 65 68 79 95111125135137130117100 83 68 58 55 60 71 85 9818 125Z91147137999999999999999999999 5 8 651849 5599999999999999
109114111103 94 87 82 83 90101113124132134129115 98 79 61 48 42 45 56 7218 126Z9 1 4114124813599999999999999 622 8220 8 4299999999999999
 90107118121118111103 95 92 95103113123132136131118 98 75 52 34 24 27 4018 127Z9 25512114 013699999999999999 8 3 922117 2499999999999999
 60 85110128137135126114102 94 94100111124136142138122 97 69 40 17  5  918 128Z9 41713715 914399999999999999 934 932215  599999999999999
 27 54 86119143153149137119102 90 88 97111128144152147127 96 61 26 -1-1218 129Z9 5111531610153999999999999991038 8723 6-1399999999999999
 -5 19 53 94132159167158140117 95 81 81 94114135154164155129 91 51 12-1618 130Z9 55616717 4164999999999999991128 792353-2599999999999999
-25-12 19 60106148172175160136108 83 71 76 94118143165172159126 84 40  018 131Z9 6361771753173999999999999991212 71999999999999999999999
-26-29 -9 28 73121161180175153125 94 71 63 74 97123150172175156119 75 3118 2 1Z9 714181184017799999999999999 037-311253 6399999999999999
 -7-27-22  4 43 90137171180167141110 80 61 59 75100128155173171146108 6618 2 2Z9 751180192517599999999999999 118-281333 5799999999999999
 25 -6-18 -5 25 64109149173172152125 95 69 55 60 78103129154166158132 9718 2 3Z9 82717520 916799999999999999 158-181414 5599999999999999
 59 26  4  2 19 50 86125155167158136109 82 61 54 63 8110312714615314211718 2 4Z9 9 2167205215399999999999999 236  01456 5499999999999999
 87 57 33 21 27 47 74106135154156142119 95 73 59 56 66 8210112013413612418 2 5Z9 935157213813799999999999999 311 211541 5699999999999999
104 82 61 47 44 53 72 95119139147142126106 86 69 60 59 67 79 9510911911918 2 6Z910 7147223212099999999999999 345 431632 5899999999999999
111 97 83 71 64 66 77 92110126136137129115 98 82 69 61 60 65 74 86 9710518 2 7Z91038138234910799999999999999 417 641738 6099999999999999
107103 97 90 84 82 86 94105116125130128120108 94 81 69 61 58 60 66 75 8618 2 8Z91113130999999999999999999999 451 8219 7 5899999999999999
 95101103103100 98 97 99103109116121123121116106 94 81 68 58 52 51 56 6618 2 9Z9 21610312 312399999999999999 551 972036 5199999999999999
 79 92103110113112109106104104107112117120120116108 95 79 64 51 43 41 4818 210Z9 410113133412099999999999999 8211042141 4199999999999999
 61 77 95111122125121115108102100102108115120123120110 94 75 56 40 31 3118 211Z9 45512515 512399999999999999 9591002228 3099999999999999
 42 60 83106124134134126114103 94 92 97107117126130125111 90 67 44 27 1918 212Z9 52613516 3130999999999999991046 9223 6 1999999999999999
 25 42 66 94121139144138123107 92 84 86 96110124135138129109 82 54 30 1418 213Z9 5541441647138999999999999991119 832339 1099999999999999
 11 24 48 79111137151149134114 94 79 75 83 99118135146144128101 69 39 1518 214Z9 6201521724147999999999999991149 75999999999999999999999
  4 10 31 61 96130152157146124100 79 67 70 85107129147155146121 88 54 2318 215Z9 64615818 015599999999999999 0 9  41218 6699999999999999
  3  1 16 44 80117147161156136109 83 64 59 70 92117141157159141109 73 3818 216Z9 711162183416199999999999999 038 -11247 5899999999999999
 11 -1  6 30 63101137160163147121 92 66 52 56 74100127150163156130 95 5918 217Z9 737164191016399999999999999 1 7 -21318 5199999999999999
 26  5  3 20 50 85122152164156132103 75 53 46 58 81108135156162147116 8118 218Z9 8 4164194816299999999999999 136  21352 4699999999999999
 48 21  9 17 40 72106138159160142115 86 61 45 46 62 8711313815515413410318 219Z9 833162202715799999999999999 2 7  91428 4399999999999999
 71 43 25 22 37 63 93123147158149127 99 73 52 42 48 66 9011513614814212118 220Z9 9 3158211114899999999999999 240 2115 8 4299999999999999
 94 68 47 37 41 59 84110133148149135111 86 63 47 42 50 68 8911112913612918 221Z9 93415122 113699999999999999 314 371553 4299999999999999
112 91 72 59 56 63 80101121136143138122100 78 59 46 43 50 65 8410311712418 222Z910 714323 712499999999999999 351 551648 4399999999999999
120109 95 83 76 76 83 96111124133135128113 94 75 59 47 42 47 58 74 9010518 223Z91045135999999999999999999999 435 7518 0 4299999999999999
115116112106 99 94 93 97105114121127128122111 95 78 61 47 38 39 46 60 7718 224Z9 045117114212899999999999999 546 931930 3799999999999999
 95110120122120115109104103105109115121125123116101 83 63 44 30 26 32 4618 225Z9 3 0122131912599999999999999 7571032057 2699999999999999
 67 91113130137136128118107 99 97102110119128132126111 88 62 38 19 11 1718 226Z9 419137145813299999999999999 945 9722 3 1199999999999999
 35 62 93123144152147134117100 88 86 94107122137145139119 91 59 28  5 -318 227Z9 5 415216 8145999999999999991040 852255 -399999999999999
  7 32 65103138160163152132108 85 73 75 88108130150160150124 90 52 16 -818 228Z9 54116417 2160999999999999991121 722340-1399999999999999
-11  6 36 76119155172167148121 91 67 58 67 87113140164171156124 84 43  618 3 1Z9 6151731749172999999999999991159 58999999999999999999999
-14-10 14 50 93137169177162136104 72 50 48 64 90120151174175153117 76 3418 3 2Z9 648178183317899999999999999 020-151236 4699999999999999
  1-11  2 31 70114154176173149118 84 53 38 44 66 95127159177171144106 6618 3 3Z9 720178191517799999999999999 058-111313 3799999999999999
 29  5  3 22 54 93134165174160131 98 65 40 33 46 71101133160171158129 9518 3 4Z9 751174195617199999999999999 134  11350 3399999999999999
 60 31 17 25 48 80115148166163141111 79 51 35 36 52 7710613515515714111518 3 5Z9 821168203715999999999999999 2 8 171427 3399999999999999
 86 59 40 37 51 75103131153159146121 93 66 45 36 42 59 8210813114314012518 3 6Z9 848159211914499999999999999 239 3615 4 3699999999999999
104 82 64 56 61 76 98120139149145128104 80 58 44 42 50 65 8510612212912518 3 7Z9 91314922 512999999999999999 3 8 561545 4199999999999999
113 98 84 75 74 82 97113128138139129112 92 73 58 49 49 56 68 84 9911111618 3 8Z9 93514023 711699999999999999 336 731632 4899999999999999
113107 99 92 89 91 99109120128131127116102 87 72 61 55 54 59 67 79 9110118 3 9Z9 957131999999999999999999999 4 5 891737 5399999999999999
107109108106103102104108113118121121117109 99 87 76 66 59 56 57 62 72 8318 310Z9 111109102812299999999999999 4541021914 5699999999999999
 94104111115116114111109109109111113113111108101 92 81 69 60 53 51 55 6518 311Z9 338116114211399999999999999 8 81092053 5199999999999999
 78 93108119126125121114107102100102106110113113108 98 84 69 55 45 42 4718 312Z9 426126143511399999999999999 9581002155 4299999999999999
 61 79 99118132136132122110 98 91 90 96104113120122116102 83 64 46 35 3318 313Z9 4571361549122999999999999991035 902238 3399999999999999
 43 62 86111132144143131115 98 84 79 83 95109122132133122102 78 54 34 2418 314Z9 52414516351349999999999999911 3 792312 2499999999999999
 29 45 70 99128147152143124102 81 69 69 81 99119136146141123 96 67 40 2218 315Z9 5481521712146999999999999991129 672343 1799999999999999
 18 31 55 85118146159154135110 83 62 55 64 84108133152157144118 86 53 2718 316Z9 6111591747158999999999999991156 55999999999999999999999
 14 19 40 70105139161163147120 90 62 45 47 65 91120148166163141108 73 4018 317Z9 635165182316799999999999999 012 131224 4399999999999999
 17 13 29 57 91127157169159132100 68 42 33 44 70101134162173161132 97 6118 318Z9 7 016919 017399999999999999 041 121255 3399999999999999
 31 16 23 46 78113147168167146113 79 47 27 28 47 77111145169172153121 8618 319Z9 727171193817499999999999999 112 161329 2599999999999999
 53 30 25 40 68100133159169156127 93 59 32 21 29 53 8512015116916514211118 320Z9 756169201917099999999999999 144 2514 5 2099999999999999
 79 53 39 43 62 90119146162160139108 75 46 25 21 34 60 9112315016115313018 321Z9 82516421 416199999999999999 218 381444 2099999999999999
104 79 61 55 64 84109132150156146122 92 63 39 25 26 41 65 9312114114814018 322Z9 855156215614899999999999999 253 551528 2399999999999999
122103 86 76 75 86103121136145144130108 82 59 40 30 32 45 66 9011212913518 323Z9 92514623 213599999999999999 332 741620 3099999999999999
131120108 98 93 94102113124133136131119100 80 61 46 38 38 47 62 8110111618 324Z9 959136999999999999999999999 420 921730 3699999999999999
126127124118113108107110115120124125122114101 86 70 55 44 39 43 54 70 8918 325Z9 044127105412599999999999999 54710719 1 3999999999999999
107122130133130125118112108108110114118120118110 97 80 62 46 37 36 44 6118 326Z9 25613313 812099999999999999 8351082036 3599999999999999
 82105126140144141131119106 98 95 99106116125129124110 89 66 45 30 26 3618 327Z9 4 014415 012999999999999999 952 952145 2699999999999999
 56 81110136152154145130111 92 81 80 89103120137145139120 94 66 39 21 1918 328Z9 43915516 6145999999999999991032 792236 1899999999999999
 33 58 89123151164160143120 94 72 62 68 84105130152160150125 94 61 31 1518 329Z9 51216516561609999999999999911 6 622319 1499999999999999
 18 38 67103140166171157132103 72 51 47 61 84112143167171154125 90 54 2518 330Z9 5431721741172999999999999991141 462358 1499999999999999
 14 25 51 84123158176170146115 81 50 34 39 60 89123156177174151119 82 4718 331Z9 6141761823179999999999999991215 33999999999999999999999
 24 23 41 70105142171176159129 93 58 32 24 38 64 97134166179169143109 7418 4 1Z9 64417719 317999999999999999 034 201250 2499999999999999
 45 31 39 62 92126158174167142107 72 40 21 23 43 73107143169174158131 9918 4 2Z9 712175194317599999999999999 1 7 311324 2099999999999999
 69 49 46 60 85114143165168151121 86 54 29 20 30 53 8311714716516214411918 4 3Z9 739170202216699999999999999 139 441358 2099999999999999
 92 70 59 65 83106131153162154131100 69 43 27 26 40 64 9312214615514813118 4 4Z9 8 416221 215599999999999999 2 9 591432 2499999999999999
110 90 76 75 85102122141152151136111 84 59 40 31 36 51 74 9912313914213518 4 5Z9 826154214614399999999999999 238 7415 8 3199999999999999
121106 93 87 90101116131142144136119 97 75 56 43 40 47 61 8010111912913118 4 6Z9 846145224113199999999999999 3 8 871548 4099999999999999
126117107100 99104112122131135132122106 89 72 59 51 50 56 68 83 9911212118 4 7Z9 9 9135999999999999999999999 344 991637 5099999999999999
123122118113109109111116120124124120112100 88 76 66 60 58 61 69 80 9410618 4 8Z9 0 6123 93712599999999999999 4431091748 5899999999999999
115121124124121117114112112113114114112108102 94 84 74 66 62 62 66 76 8918 4 9Z9 223125104111499999999999999 7441121932 6199999999999999
103115125131132127120112106102102105108110111109102 92 79 68 61 58 61 7218 410Z9 333132134911199999999999999 9341022059 5899999999999999
 87105121134140138128116104 94 89 92 99108116121120111 97 81 66 55 51 5718 411Z9 41114115231219999999999999910 8 892154 5199999999999999
 72 91113133146148139123105 88 78 77 85 99114127135131117 98 77 59 47 4618 412Z9 4391481612135999999999999991034 762233 4599999999999999
 57 77101127148156150133111 87 69 62 68 84105126144149140119 95 69 49 3918 413Z9 5 415616521499999999999999911 0 6223 7 3999999999999999
 45 63 88117145162161145120 91 65 48 49 65 89116143161161144117 88 59 4018 414Z9 5281641730163999999999999991128 462339 3699999999999999
 37 51 75105137162170158132100 67 41 31 42 66 97131161175167143111 79 5118 415Z9 55317118 8175999999999999991158 31999999999999999999999
 36 42 64 92125156174171147113 77 43 21 21 41 72109147176183167137104 7118 416Z9 621176184718399999999999999 012 361231 1899999999999999
 47 41 55 81112144170178162130 92 54 23  9 18 45 81121160183183161130 9718 417Z9 650178192818699999999999999 047 4013 6  999999999999999
 68 51 53 73101130158175171146110 71 36 11  5 21 52 9013116518217615212318 418Z9 720177201218399999999999999 122 491344  499999999999999
 94 71 62 71 92118144164171158128 92 56 26  8  9 29 60 9713416317416514418 419Z9 75217121 017499999999999999 2 0 621426  699999999999999
119 97 81 79 90109130149161159141112 79 49 25 14 19 38 6710013215416115418 420Z9 824162215616199999999999999 240 781512 1399999999999999
138120104 95 96106121135147151145126101 74 50 32 24 30 46 71 9812414314918 421Z9 85815123 514999999999999999 325 9416 7 2499999999999999
146136124114109109115124132137138132117 98 78 59 44 37 39 52 71 9311513218 422Z9 939139999999999999999999999 4271081714 3699999999999999
141142138132124118115115118122125126124116103 88 71 57 47 46 53 68 8710718 423Z9 040143105712699999999999999 6181141839 4699999999999999
126139145144138129120111107106109114119123122114100 84 68 55 49 52 65 8318 424Z9 221145131812399999999999999 83910620 8 4999999999999999
105126143151150142128113100 91 91 96106118129133127113 94 74 57 48 51 6418 425Z9 321152145513399999999999999 935 902117 4899999999999999
 84108133152159153139120 99 81 73 76 88104124141147140123100 77 56 47 5118 426Z9 4 01591557147999999999999991012 732210 4699999999999999
 68 91118146163164151130105 79 60 56 66 84108135155160149128102 75 54 4718 427Z9 4341661647161999999999999991045 562253 4799999999999999
 57 77103133160171164142115 84 56 41 44 61 86117148168169152128 99 71 5318 428Z9 5 51711731171999999999999991119 402331 5099999999999999
 52 67 91120150171174156128 95 61 36 28 39 63 94130162177171151123 93 6718 429Z9 5361751812178999999999999991153 28999999999999999999999
 56 63 82108137164177168142108 73 41 22 23 41 70106143171180168144116 8718 430Z9 6 5177185218099999999999999 0 7 561227 1999999999999999
 67 64 77100126153172173154123 87 53 26 16 25 49 8211915417517615913510818 5 1Z9 634175193117899999999999999 041 6313 0 1699999999999999
 84 72 77 94117142163172162136103 68 38 19 18 34 62 9613116017316714912518 5 2Z9 7 017220 917399999999999999 113 721333 1699999999999999
102 85 82 92110132152165163145117 84 54 31 21 27 47 7510813916016515613818 5 3Z9 725166204916599999999999999 144 8114 7 2199999999999999
117100 91 93106123141155159149128100 71 47 32 29 40 60 8811714115515514518 5 4Z9 749159213115799999999999999 216 901441 2899999999999999
130114102 99105117131144150147134112 88 65 47 38 40 53 73 9712113914714618 5 5Z9 814151222014899999999999999 251 991519 3899999999999999
138126115108107113122132139141134120102 83 65 53 48 52 64 8110112013414018 5 6Z9 843141232314199999999999999 33510716 3 4899999999999999
140134126118113113116122127131130123112 98 84 71 62 58 62 72 8610211813018 5 7Z9 920131999999999999999999999 4391121658 5899999999999999
136138135130123117114113115118120120117110100 89 79 70 67 68 75 8710111618 5 8Z9 049138103112199999999999999 6341131811 6699999999999999
128137141139133124115108105105107112115116114108 98 87 77 71 71 76 8610118 5 9Z9 214141124811699999999999999 8331041938 7099999999999999
117131142146143133120107 97 91 92 99108117123124118107 93 81 72 69 75 8718 510Z9 3 5146143912499999999999999 921 912051 6999999999999999
104122139151152144129110 93 80 76 82 94109125135137129114 96 80 69 67 7518 511Z9 340153154013899999999999999 953 762143 6699999999999999
 91111133151160155140118 94 72 60 62 74 94117138152151138118 96 77 65 6618 512Z9 4101601627153999999999999991024 592226 6399999999999999
 79 99123147164167153129100 71 49 41 50 72 99130156168162143119 93 72 6218 513Z9 4391681710169999999999999991056 4123 5 6299999999999999
 69 87112138163175168145112 78 46 26 26 44 74109146173182170146117 89 6818 514Z9 5 91751752182999999999999991130 242344 6399999999999999
 64 77100127155176180163130 93 55 23  9 17 44 80121161187189172144114 8518 515Z9 54218118361919999999999999912 7  9999999999999999999999
 69 71 89114142168184178151113 72 34  6  0 16 48 8813317219319016914011018 516Z9 615184192119599999999999999 023 671247 -199999999999999
 85 75 82103129155176183169136 96 56 20 -1 -1 20 55 9714217719218516313618 517Z9 65118420 819299999999999999 1 4 751329 -499999999999999
109 90 85 96117140162177176155121 83 46 15  0  6 29 6410514517518517615618 518Z9 728179205918599999999999999 147 851415  099999999999999
133112 98 97109127145162170163141110 76 44 20 10 17 40 7210914416717416718 519Z9 8 7170215517499999999999999 233 9615 4 1099999999999999
151133117107108117130144154158150130104 76 50 31 24 31 51 7911013815816418 520Z9 851158225916499999999999999 3271061559 2499999999999999
159148134122114113119127136143145139124104 82 61 46 40 45 61 8410913315018 521Z9 949145999999999999999999999 43711317 2 4099999999999999
157155147137125116112113117123130134132123109 92 75 61 54 57 69 8710813018 522Z9 013157111613499999999999999 6161121813 5499999999999999
146155155148137124112104102104110118127131128119105 89 75 66 66 75 9111018 523Z9 12915613 913199999999999999 8 11021931 6599999999999999
130147157156148134118102 90 86 89 98111125136137130116100 85 74 72 80 9618 524Z9 228158144013899999999999999 9 2 862040 7299999999999999
115135153161158145127106 86 73 70 77 91110130145148140125108 90 78 77 8618 525Z9 313161154514899999999999999 945 702137 7699999999999999
103123144161165157138115 90 67 55 57 69 89114139156158147131111 92 81 8218 526Z9 3501661637159999999999999991022 542224 8099999999999999
 94112133155168167151127 99 70 48 41 48 67 93124152167165151132110 91 8318 527Z9 4251701722168999999999999991058 4123 5 8399999999999999
 88104124146165173164141111 80 51 33 32 46 71103137164175168151129106 9018 528Z9 45817318 4175999999999999991133 302342 8699999999999999
 86 97115136158173172155126 93 60 34 23 29 51 8111715117417816714612310118 529Z9 52917518431799999999999999912 7 23999999999999999999999
 90 93107127149167175166141109 75 44 23 20 34 60 9513216317917616113811518 530Z9 559175192118099999999999999 018 891241 1999999999999999
 98 93101118139159172171154125 91 59 32 20 24 44 7411014517017817015212918 531Z9 628173195817899999999999999 052 921315 1999999999999999
109 97 98111129149164170161139108 76 47 28 23 34 58 8912415417117316114218 6 1Z9 657170203617499999999999999 125 961348 2399999999999999
122106100106120138154164163149124 94 65 42 30 32 47 7310313415716816515118 6 2Z9 726165211516899999999999999 2 01001423 2999999999999999
134117106105113127142154158152135110 84 60 44 37 44 61 8611413915716215618 6 3Z9 758158215716299999999999999 2381041459 3799999999999999
144129116109110118130141148149140123101 79 61 50 48 57 75 9712114115415618 6 4Z9 835150224415699999999999999 3221081539 4799999999999999
150139127117111112119127135140139130115 97 80 66 59 60 69 8510512514115118 6 5Z9 921140233915299999999999999 4191111624 5899999999999999
152147137127117111111115121127131130124113 99 85 74 69 70 79 9311012714118 6 6Z91027131999999999999999999999 5351111718 6899999999999999
149151146137126115107104106111118124126124116105 93 83 78 78 86 9811312918 6 7Z9 04115112 212699999999999999 7 51041824 7799999999999999
143151152147136122108 97 92 94100110121128130125115103 92 84 83 9010211718 6 8Z9 140153134513099999999999999 815 921939 8399999999999999
134148156156147131113 95 81 76 80 91107123136141137126112 98 88 86 9210618 6 9Z9 22915715 314199999999999999 9 4 762047 8699999999999999
123140155163159144123 99 77 62 58 67 85107130149156150136119102 90 87 9518 610Z9 31016316 215699999999999999 945 582144 8699999999999999
111130150165170160138110 81 55 40 41 57 82112143165171162145123103 89 8818 611Z9 3491701653171999999999999991025 392234 8799999999999999
100119140162176175157128 93 60 32 20 28 51 84121157181184171150125102 8818 612Z9 42817817411859999999999999911 6 202321 8799999999999999
 91106128152173184177151115 76 39 13  6 20 50 8913317119319317615012310018 613Z9 5 81851828195999999999999991149  5999999999999999999999
 89 96115138163183189174142102 60 23 -1 -2 18 53 9714418220019517514812018 614Z9 549189191620099999999999999 0 6 891233 -499999999999999
 99 93103124148171188188167131 89 48 13 -6 -2 23 6110615218720019117014318 615Z9 63219020 420099999999999999 052 921319 -799999999999999
118100 98110131154174187182158121 81 42 12 -2  7 33 7111515718619418316218 616Z9 716187205219499999999999999 138 9714 7 -299999999999999
138116103104116135155172180172147113 77 43 18 10 21 47 8312215818118517418 617Z9 8 3180214318699999999999999 2271011456 1099999999999999
155134116106108119134150163169160138109 79 51 32 27 39 62 9412715717417518 618Z9 855169223517799999999999999 3211051547 2799999999999999
165149132116108108117128141152156149132109 85 64 49 47 57 7810313115416718 619Z9 955156233116899999999999999 4241071640 4699999999999999
167158145129115106105109118128139144141130113 95 79 68 66 75 9111213415218 620Z91110144999999999999999999999 5421041739 6599999999999999
162162154141126111101 96 98105116127135137132121107 94 85 83 8910211913718 621Z9 029163124413799999999999999 710 961844 8299999999999999
151160159151137120104 91 84 85 93105119132139137130119107 98 9510011012518 622Z9 126161142013999999999999999 822 841954 9599999999999999
140153160159148132112 93 78 71 73 83 9811713414514613912911710710210611718 623Z9 218161153614699999999999999 916 7021 010299999999999999
130145157163158144124101 80 63 57 63 77 9712114215415514713512111010611118 624Z9 3 416316331569999999999999910 0 57215610699999999999999
122136151163165156137113 88 64 49 47 57 7610213015316416215213712110910718 625Z9 3451661720165999999999999991040 46224310799999999999999
114128143158168167152128100 72 49 37 40 57 8211314316517316715213411710718 626Z9 42416918 0173999999999999991117 36232410699999999999999
108119134151166172165144116 85 56 36 30 40 62 9312715717617716614712711118 627Z9 5 01721836179999999999999991152 30999999999999999999999
104110125143160172173159133101 69 42 27 28 45 7310714217018217716013911918 628Z9 535174191118299999999999999 0 11041227 2599999999999999
105104115132151167175170149119 86 55 33 24 33 56 8812415617818217115112918 629Z9 6 8176194518399999999999999 03610313 0 2499999999999999
111102106121140159172174162137105 72 45 29 28 43 7010413916718017716214018 630Z9 641175201818199999999999999 1101021333 2699999999999999
120105102111128147163172169151123 91 62 40 31 37 58 8712015017217816915118 7 1Z9 715173205217899999999999999 14410214 6 3199999999999999
131113103105117134151164168159138110 81 57 41 39 51 7410313315817217215918 7 2Z9 752168212717499999999999999 2211021439 3899999999999999
142123109103108121136150160160148126100 76 57 48 51 67 9011614216216916418 7 3Z9 83216122 416999999999999999 3 21031515 4799999999999999
151134118107104110121134146153150137117 96 76 63 58 66 8210412714816216518 7 4Z9 917153224516599999999999999 3501041553 5899999999999999
157144129115105103108118129139144142130114 96 82 72 71 80 9611513415116118 7 5Z91014145233016299999999999999 4471031636 7199999999999999
161152139125111101 98102110121131137137129116103 91 84 84 9210612313915318 7 6Z91127138999999999999999999999 555 981729 8399999999999999
160158149136120105 94 89 92100112124134137133124113103 96 9510211412814318 7 7Z9 020160125813799999999999999 7 7 891837 9599999999999999
154160158148132113 96 81 75 78 8810312013514314413712611510610310811813218 7 8Z9 115161143014599999999999999 812 75195610399999999999999
146158164160147127105 83 65 58 62 76 9611914115515715113912511310711012118 7 9Z9 210164154415899999999999999 9 8 58211010799999999999999
135151164170164146121 93 67 46 39 46 66 9312315116917316414913111510711018 710Z9 3 317016441739999999999999910 0 39221310799999999999999
123140157172177168145114 80 49 27 21 34 59 9413116518418617415413211310518 711Z9 3551771736188999999999999991049 2123 710499999999999999
110125145165181185172143105 67 32 10  8 26 58 9914217819719517815412810818 712Z9 4451861823199999999999999991136  6235610199999999999999
101110129152174190192173138 96 55 19 -1  1 25 6210815419020519717614912218 713Z9 53419319 7205999999999999991223 -3999999999999999999999
102 99112134158181196194170131 88 46 11 -5  3 32 7211916519720619316914018 714Z9 623198195120699999999999999 042 981310 -599999999999999
114 98 98114137162185197190163124 82 42 12  1 15 45 8613217319820018315818 715Z9 711198203420299999999999999 127 961355  199999999999999
131107 95 99116139162183192182154117 79 44 20 16 33 6410214317719419017118 716Z9 8 0192211619599999999999999 214 941440 1599999999999999
147122102 94101117137158175181169144112 80 52 36 38 56 8411715117718517718 717Z9 850181215818599999999999999 3 2 941525 3599999999999999
159137116 99 94100114131149163167156135111 87 67 57 62 7910313015617317518 718Z9 945167224117699999999999999 355 9416 9 5799999999999999
165149130111 98 93 98108122137149152145131114 97 84 80 8610011913915716718 719Z91048153232516899999999999999 458 931656 8099999999999999
166156141124108 96 90 9210011112513614113913112111010210010511512914415618 720Z91212141999999999999999999999 614 90174910099999999999999
161159150136120105 92 85 84 9010011412713613913713012311711511712513514518 721Z9 01416214 113999999999999999 734 83185911599999999999999
154158156147133117100 85 76 74 80 9210712413714414514113412712312312913718 722Z9 111158153614599999999999999 844 74202612399999999999999
146153157155146130112 93 76 66 64 72 8710712714415415514914113112512412918 723Z9 212158163715599999999999999 939 64214012399999999999999
137147155160157145126105 83 65 55 56 68 8811213715616416315414112912112118 724Z9 3101601718165999999999999991024 54223412099999999999999
128138150160164159143120 95 71 52 45 51 69 9412315016817316615313712211518 725Z9 35916417521739999999999999911 3 45231411599999999999999
118128142156167169159137110 82 57 41 39 51 7510613816517917816514612711318 726Z9 4421691824180999999999999991139 38234910999999999999999
109117132149164174172155128 98 68 44 33 38 58 8712115417818517615713511618 727Z9 5211751854185999999999999991212 33999999999999999999999
104106120139158173179170147116 83 54 35 31 44 7010413916918618416814512218 728Z9 557179192318799999999999999 0211041244 3099999999999999
105 99108126147166180180164135102 70 44 31 36 56 8712215618018717715613218 729Z9 632182195218899999999999999 053 991314 3199999999999999
110 97 98112133155173182175153121 88 59 39 35 48 7310614016918518316614218 730Z9 7 8182202118699999999999999 125 951345 3499999999999999
119100 93100118139160175179166140108 78 54 41 45 65 9312415517718417315318 731Z9 744180205118499999999999999 159 931415 4199999999999999
130108 94 92104123143161173171154127 98 73 55 51 62 8411214016517917716218 8 1Z9 823174212218099999999999999 236 911447 5099999999999999
140119101 91 93107125143159167161142118 94 74 64 66 8010312815116917516818 8 2Z9 9 6167215517599999999999999 318 901521 6399999999999999
150130111 96 89 94106123139153158151134114 96 82 77 83 9811913915716916918 8 3Z9 956158223217099999999999999 4 5 891559 7799999999999999
158141122105 92 87 91102117132144149144132117104 95 9310011413014615916518 8 4Z911 0149231416599999999999999 5 2 871645 9399999999999999
162151134117100 88 82 85 9410812313614414313612711711110911412413614815718 8 5Z91225145999999999999999999999 610 82174810999999999999999
162159148132114 96 81 73 74 83 9711413014314814614013212512112212813814818 8 6Z9 0 7162141114899999999999999 725 72191912099999999999999
156161159149132112 91 72 61 59 68 8510612914815916115514613512612312713618 8 7Z9 115161154216199999999999999 838 59205612399999999999999
147157165164154135110 84 61 45 43 53 7410213215817317616815413912511912218 8 8Z9 229166164317699999999999999 942 4222 811999999999999999
133148162173174162138107 75 47 29 27 42 6910414117218918917615613511811118 8 9Z9 3371751729191999999999999991036 2523 111199999999999999
117132151170184185169139102 65 33 14 15 36 7011115318720119617615112510618 810Z9 4361871810202999999999999991126 12234710199999999999999
101112133156180196195174138 96 55 21  4 12 39 7812416920020819517014011218 811Z9 5291981849208999999999999991211  4999999999999999999999
 94 94111135163189205200173133 89 47 15  4 18 51 9314018320720718615712518 812Z9 618206192721099999999999999 029 911255  499999999999999
 97 84 90111138168194207197166125 83 43 17 15 35 6911115619220719717214118 813Z9 7 520720 420799999999999999 111 831336 1399999999999999
110 86 79 90113141170194202187155118 79 47 30 35 58 9213016919519918215618 814Z9 751202203920099999999999999 152 781416 2999999999999999
126 98 80 78 92114140167187189172144112 81 58 50 60 8411414717619018516618 815Z9 837191211419199999999999999 235 771455 5099999999999999
140114 91 79 81 94114137160174173157135111 89 75 74 8710813315817618017018 816Z9 926175214718199999999999999 321 781532 7399999999999999
151128106 89 80 83 95111130148158157146130115101 95 9911112714516117016818 817Z91022159222017199999999999999 413 8016 9 9599999999999999
156139120103 89 83 85 9310612113514414514013212311611411812713915015916218 818Z91137145225516299999999999999 515 83165011499999999999999
157147133117103 91 84 84 89 9911212513414014013813413012913113614214915318 819Z91344141234215499999999999999 635 83175712999999999999999
154151143131117103 91 83 79 82 9110411813114114714814514113713513614014418 820Z91539148999999999999999999999 8 1 79201013599999999999999
148150149143133118103 88 77 72 75 8510011813615015715715214513713213113418 821Z9 1 8150163115899999999999999 912 72214313199999999999999
140146151152147135118 99 82 69 63 68 8110112414616116716415414213112412418 822Z9 24415217 41679999999999999910 4 63223112399999999999999
130139149156158151136114 92 72 58 55 64 8410913616017417416515013312011418 823Z9 3471581733176999999999999991045 5423 511499999999999999
118129143156165166154132107 81 60 48 50 66 9212215217418217615913912010718 824Z9 43316718 1182999999999999991120 47233410599999999999999
106117133151166175170152125 95 68 48 42 52 7510613916918618517014812410418 825Z9 5121751827188999999999999991152 41999999999999999999999
 96103120141162178182170144113 81 54 39 42 61 9012415818419118015813210718 826Z9 547183185319199999999999999 0 3 961221 3899999999999999
 91 90104127151173187184164132 99 67 45 38 51 7710914517619218816914211418 827Z9 622188191819399999999999999 032 881250 3899999999999999
 91 81 89110136162183191180152119 85 57 42 46 67 9613016418819317815312418 828Z9 656191194419499999999999999 1 2 811318 4199999999999999
 97 79 78 93117144170188188170139106 76 54 48 61 8711815017819218516313518 829Z9 732191201119299999999999999 134 761348 4899999999999999
107 84 72 79 98124150174186180157127 97 73 60 63 8210813716518418717214618 830Z9 811187203918899999999999999 2 9 721419 5999999999999999
119 93 76 71 82103128153172179168145119 95 78 73 8210312815217218217615718 831Z9 85317921 918299999999999999 247 711452 7399999999999999
131106 85 72 73 85106128150166168157138117100 90 9110312114216017217416318 9 1Z9 941169214017599999999999999 329 711528 8999999999999999
143120 98 82 73 74 8610412414315615815013612311210711012013514916116716418 9 2Z91041159221516799999999999999 420 72161110799999999999999
152134114 96 81 73 74 83 9811613314615114814113412712412513214115015716018 9 3Z912 715123 516099999999999999 526 72171512399999999999999
157147132115 98 83 72 70 75 8810412213814915315214814213613413513914515118 9 4Z91413153999999999999999999999 648 70191113499999999999999
155155149136120101 83 68 61 63 75 9311413615416416616115214213413013213818 9 5Z9 031155154516699999999999999 816 61211013099999999999999
146154159157146128104 81 60 49 49 62 8411214116517917917015613912511912218 9 6Z9 217159163418099999999999999 928 47221111999999999999999
132145159170171158135105 75 50 35 37 54 8311715218019318817215112811010418 9 7Z9 3351721712193999999999999991024 34225410499999999999999
112128148169184185168138103 67 38 24 30 54 88129168196202189166138110 9218 9 8Z9 4341871747203999999999999991111 232333 8999999999999999
 91106129155182199197173137 97 58 29 19 33 63102145185207204182152119 9018 9 9Z9 5242011822209999999999999991154 19999999999999999999999
 75 82104132164194209201171132 90 52 26 25 45 79121164199210196168133 9918 910Z9 610210185521099999999999999 011 751234 2299999999999999
 72 65 78105137172201211196164125 84 50 33 40 6610114218120520418114911318 911Z9 654212192720899999999999999 049 641311 3399999999999999
 81 60 61 80109142177201205185153117 82 56 49 64 9112516019020219016212918 912Z9 737206195820299999999999999 128 581348 4999999999999999
 96 69 57 64 85114146176194191170142112 85 70 72 9011614517219018917114218 913Z9 821195202819299999999999999 2 7 571422 6999999999999999
112 84 65 60 71 92118146170180174156134112 95 89 9711513615817618217315218 914Z9 9 6180205418299999999999999 247 591454 8999999999999999
126100 79 67 67 78 9711914215916415814513111710911011913314916317116815618 915Z9 957164211817199999999999999 329 66152610899999999999999
136115 96 81 73 75 84 9911713414615114814113312712412713414315315916015518 916Z911 4151214116199999999999999 419 7316 112499999999999999
143127112 97 86 80 81 87 9811112513614214414314113813613714014514915114918 917Z913 8144221015199999999999999 525 8017 413699999999999999
144136125114102 92 85 83 86 9310511813014014715015014614314013913914014218 918Z91514151233214299999999999999 658 83202613899999999999999
142140136129119107 95 86 81 81 8710011513114515616015715114313513012913118 919Z916 3160999999999999999999999 829 80214712999999999999999
135139142142136124110 95 82 74 74 82 9811713815616616716014813512411811918 920Z9 227142163516899999999999999 932 73222011799999999999999
126135143150151143127108 89 74 65 68 8110212615016917617015613912210910618 921Z9 33615117 2176999999999999991017 65224810699999999999999
113125140153162160146125102 80 63 58 67 86112140166181180166146124104 9418 922Z9 4211621727182999999999999991053 582314 9499999999999999
 98112131150167173165145118 91 68 54 56 72 97128158181188177155129104 8618 923Z9 4591731751188999999999999991124 532340 8299999999999999
 83 95117141164181181165138108 79 57 50 61 84114147177192187166138108 8318 924Z9 5331831815192999999999999991153 50999999999999999999999
 71 78 99125154179191184159128 95 67 51 54 73102135168191194177149116 8618 925Z9 6 7192183919699999999999999 0 8 711221 4999999999999999
 65 62 79106137168191196179149115 84 60 53 66 92123156184197187161128 9418 926Z9 64219719 419799999999999999 037 611250 5399999999999999
 66 53 60 84115148179197193170138105 77 61 64 8411314417319319317314110718 927Z9 719198193119699999999999999 1 9 531321 6099999999999999
 75 53 49 64 91124157185195184158128 99 78 71 8210513316018219218115412118 928Z9 758195195919299999999999999 143 481353 7199999999999999
 89 62 48 51 70 99130161183187172148122100 87 8810312514816918318216413618 929Z9 842188202718499999999999999 220 471428 8599999999999999
105 78 57 49 57 7710413215917517516214212310910210712114015717017516714818 930Z9 931177205617599999999999999 3 1 4915 510299999999999999
122 96 74 59 55 63 811041291501631641551421301221191241351471571631631541810 1Z91033165212816499999999999999 351 55155111999999999999999
137116 95 78 66 61 67 811001201391521561541481411361331351401461511531521810 2Z912 3156221615399999999999999 455 6117 913399999999999999
145133118101 85 73 66 67 76 911101291451551591581531471411371361371401431810 3Z91413159999999999999999999999 621 65194913699999999999999
146145138127111 94 78 66 62 68 811011231441611691691621511391291241241291810 4Z9 016146152817099999999999999 755 62212312399999999999999
137146152150140123101 80 63 55 59 74 971241511721801771641471281131061101810 5Z9 222152161018199999999999999 910 5422 510699999999999999
121137153165166154131104 77 56 46 53 72100133164185190178158134109 92 891810 6Z9 33516716441909999999999999910 6 462241 8899999999999999
100118141165181181164136104 72 48 41 53 78111148180197193172144113 85 711810 7Z9 4291841716198999999999999991051 412316 7099999999999999
 75 94120150180196191168135 99 66 44 43 62 92128166195202187158124 90 631810 8Z9 5161971748203999999999999991132 412351 5599999999999999
 55 68 93126162193205194165130 93 61 46 54 78111148183203199173139102 671810 9Z9 6 020518192059999999999999912 9 46999999999999999999999
 46 47 67 98134172201206188158123 88 63 57 72 99132166194202186154117 80181010Z9 643207184920299999999999999 027 431245 5699999999999999
 50 37 47 72105143179201199178148116 87 71 75 94121151179196191166132 96181011Z9 724203191719799999999999999 1 3 371319 7099999999999999
 63 41 38 54 81115151181194186165138112 92 86 96116141165184188173145112181012Z9 8 6194194418999999999999999 139 371352 8599999999999999
 80 55 42 46 64 91123154175181171152131112102103116134154170179173153126181013Z9 84918120 717999999999999999 216 41142310199999999999999
 97 72 55 49 57 76100127151166167158144129118114120131146159167166155135181014Z9 936168202816899999999999999 253 49145511499999999999999
112 90 72 61 60 69 85106128145155156150141132127126131140148155157152140181015Z91034156204715799999999999999 334 59153312699999999999999
123106 90 77 71 71 78 91107124138146149147143138135134136140144146144139181016Z912 5149211114699999999999999 426 70164213499999999999999
130119107 95 85 80 79 83 92105119131141147150149145140137134133133134133181017Z914 8150221413499999999999999 538 79201613399999999999999
131127121113103 93 86 83 84 90101115129142152156155148140132125121121124181018Z91513157999999999999999999999 717 82212912199999999999999
127130131128121110 98 88 81 80 86 99115133149160163158147133120111108111181019Z9 152131155116499999999999999 841 80215710899999999999999
119128136140138129114 99 85 76 75 84100120142160170168156138120103 95 96181020Z9 314141162017099999999999999 936 752222 9499999999999999
105119135147153148133114 95 78 70 73 86107132155172176166146123100 84 80181021Z9 4 21531645176999999999999991016 692247 7999999999999999
 89106127147162165153133109 87 70 65 75 95120148171182176157130101 77 65181022Z9 44016617 8182999999999999991049 652313 6599999999999999
 70 87112139164177173154129101 77 64 66 83108137166185186168140108 76 55181023Z9 5161781732188999999999999991120 632341 5099999999999999
 51 65 91123155181188176151121 92 69 63 74 98126157183193181153118 83 52181024Z9 5511891758193999999999999991151 62999999999999999999999
 37 44 67100137172194193173144112 84 67 69 88115145174193191168133 95 59181025Z9 629196182519599999999999999 012 371223 6599999999999999
 33 27 43 74111151184199191166135105 81 72 82106134162185194180149111 73181026Z9 7 8200185419499999999999999 045 271257 7299999999999999
 41 23 26 49 83122161190197183158129102 85 84 99124149173188186164129 92181027Z9 749198192519099999999999999 121 211333 8299999999999999
 58 31 21 31 57 91129165187189173150126105 95100117138159175181171146113181028Z9 835190195618199999999999999 2 0 211411 9599999999999999
 79 51 32 27 40 66 98132161178177164145127114109116130146160169169155131181029Z9 927180202817199999999999999 244 27145410999999999999999
102 75 53 39 38 50 73100129153166167158145134125123127136146154158154142181030Z9103116821 515899999999999999 335 37155112299999999999999
123100 79 62 50 49 58 76 99122143156160156150142135131131134139142144142181031Z9115616022 814499999999999999 438 48172613099999999999999
135122106 89 74 62 58 63 76 941151351511591601561481391311251241251281331811 1Z91340160999999999999999999999 558 5820 112499999999999999
136136129118102 86 72 64 64 73 901111331511631661611501361221111071091161811 2Z9 025137144916699999999999999 727 63211010799999999999999
126137143142131115 96 78 65 63 71 89112136159172172162145125105 92 88 951811 3Z9 220144153217399999999999999 843 622148 8899999999999999
108126144156156144124102 80 64 62 73 93119146170180174157133107 83 70 711811 4Z9 33015816 718099999999999999 940 612223 6999999999999999
 85105131156171169153129103 78 63 64 79102131160182185170145115 84 59 511811 5Z9 4231721640186999999999999991027 612258 5099999999999999
 59 80109141170183177157130101 76 64 70 90117147175190183160128 93 60 391811 6Z9 5 918417121909999999999999911 8 642333 3599999999999999
 38 54 82117154182191179155126 97 74 69 82105133163186191174143106 69 391811 7Z9 5521911743192999999999999991145 69999999999999999999999
 25 33 57 90129166190192175149120 93 77 80 98122150176190184158122 84 491811 8Z9 634194181319099999999999999 0 8 251221 7699999999999999
 25 21 36 65101141175192187167141113 92 85 94114139163182185169138101 651811 9Z9 715192184118699999999999999 043 201255 8599999999999999
 36 21 25 46 77114151178187177156132109 95 96109130152170180173150118 83181110Z9 75518719 718099999999999999 117 201328 9499999999999999
 52 31 25 35 59 91125157175177165146125109103108123141158170170156131100181111Z9 836178193217199999999999999 152 2414 110399999999999999
 71 47 34 35 49 73103133157168166154138122112111119133147158162155138114181112Z9 919169195516299999999999999 227 32143611199999999999999
 89 66 49 43 48 63 86111135152159156146134123118119126136145150149140124181113Z910 8159202115199999999999999 3 4 43151911899999999999999
104 84 67 57 54 61 75 94115134146151149142134127123123127133137139136128181114Z911 8151205413999999999999999 346 54162312399999999999999
115100 86 74 66 66 71 83 99115131142147147143137130125122122124126127125181115Z91230147215912799999999999999 438 65182812299999999999999
120112103 92 83 76 75 78 87100114129140147149146139130121115111111114117181116Z91354149999999999999999999999 548 74203411199999999999999
119119116110101 91 84 80 81 88100114130143151153148138124111101 97 98104181117Z9 031120144815399999999999999 715 802117 9699999999999999
112120125125119109 97 87 81 81 88101118135150158157147131112 95 84 81 87181118Z9 231126152415999999999999999 831 802148 8199999999999999
 99114128137137129115100 87 79 80 90106125145160165157140117 94 74 65 68181119Z9 332138155316599999999999999 925 782215 6499999999999999
 81100122141151149136118 99 83 76 80 95115137158170168151126 97 70 51 47181120Z9 41815216201719999999999999910 8 762244 4799999999999999
 58 80107136158166158140118 95 78 74 85104127152172177165139107 73 44 30181121Z9 4581661649178999999999999991046 742316 2999999999999999
 34 55 84119153175177163140114 89 75 77 93116143167182178156122 84 48 21181122Z9 5381791719183999999999999991123 742350 1499999999999999
 14 28 56 93134169188184164137108 85 75 84105131158180187173141101 61 26181123Z9 61818917521879999999999999912 1 75999999999999999999999
  4  6 28 63105148182194184160132104 84 81 95119145169186184161124 82 42181124Z9 7 1194182618899999999999999 027  21240 8099999999999999
 10 -3  5 33 72116158187193179154126102 88 91108131155175184174146107 67181125Z9 74519419 118499999999999999 1 7 -41320 8799999999999999
 30  5 -2 12 42 81124162185186171147123104 96102119140159173175160131 94181126Z9 833188193917699999999999999 149 -314 4 9699999999999999
 58 28  8  6 23 53 90128160177176162143124109105112126142156164162146119181127Z9 925179202116599999999999999 236  5145310599999999999999
 88 58 33 19 20 36 63 95128154168166155140126115112116126137146151148134181128Z91023169211215199999999999999 327 17155511299999999999999
113 88 65 45 34 35 49 71 98125147159159152141129119114114119125132136136181129Z91130160222613799999999999999 424 33172111399999999999999
128113 95 76 60 50 50 60 78 99122142154156151142130118109105106110117124181130Z91246156999999999999999999999 531 49191710599999999999999
128127118105 90 75 65 62 69 82101122141153157152141126110 97 89 89 941041812 1Z9 016129135315799999999999999 648 622036 8899999999999999
116127132128118103 88 76 71 75 87105125144157159152137118 97 80 71 71 801812 2Z9 2 4132144416099999999999999 8 4 712125 7099999999999999
 95114132141140129114 98 83 76 80 93110131151163162149128104 79 59 52 571812 3Z9 321142152616499999999999999 9 9 7622 5 5299999999999999
 71 93118141153150139121102 86 80 85100119141160168161141115 86 58 39 361812 4Z9 41915316 31689999999999999910 1 802242 3599999999999999
 47 68 97128153164158144124102 86 83 92109130152168170156129 98 65 37 231812 5Z9 5 71641638172999999999999991046 822318 2299999999999999
 26 44 72106141165171162144121 99 86 87100119142162174168145113 78 45 201812 6Z9 5511721711174999999999999991126 842354 1299999999999999
 13 23 48 82120154174175161139115 95 87 93110131153170173159130 95 59 281812 7Z9 63117717431749999999999999912 3 87999999999999999999999
 10 10 28 58 96135165178172154131108 92 90101121142161172167146113 76 421812 8Z9 7 9178181417299999999999999 028  71238 8999999999999999
 17  7 15 39 73111147171176165144121102 92 96111131151165168156129 95 601812 9Z9 747177184416999999999999999 1 3  71312 9299999999999999
 31 13 11 26 54 89125155171169154133113 98 95103120139154163159140112 79181210Z9 824172191316399999999999999 136 101347 9599999999999999
 49 26 16 22 41 71104135158166159143124108 98100111126142153155145124 96181211Z9 9 1166194315599999999999999 210 161423 9899999999999999
 68 44 29 25 36 58 86115140156158149134118106101105115128139145143131110181212Z9 940159201714699999999999999 244 2515 410199999999999999
 86 63 45 36 38 51 73 98122141151150141128115106103107115124132135130118181213Z91023152205713599999999999999 319 36155610399999999999999
100 81 64 52 47 52 66 85106125140146144136125115106103105110116121123119181214Z91112146215412399999999999999 359 4717 610399999999999999
110 96 82 70 61 59 65 77 93110127138143141134124113104 98 98100105110114181215Z91210143232311499999999999999 445 591843 9799999999999999
113107 99 88 79 72 70 75 85 98113128138142141133122109 97 88 85 87 93101181216Z91312143999999999999999999999 545 7020 7 8599999999999999
108112112106 98 89 82 79 82 90102116130141145142132117100 84 73 69 73 83181217Z9 12011314 514599999999999999 7 1 792058 6999999999999999
 96109119122117109 98 89 84 85 93106121135146149143127107 85 66 54 52 61181218Z9 252122144914999999999999999 819 832138 5199999999999999
 77 97117131135130119105 92 85 86 95110127143154154141119 93 66 43 33 36181219Z9 354135152915699999999999999 923 842215 3299999999999999
 52 75103130147150142126109 92 84 87 99117136154163157136107 74 43 20 13181220Z9 44415116 7163999999999999991015 832253 1399999999999999
 23 47 79114146163163150130108 89 82 88105126148165170156128 92 54 20 -1181221Z9 52916516471709999999999999911 1 822333 -499999999999999
 -2 16 48 87129162177172154129104 85 81 92113136159174173152117 75 34  1181222Z9 6131771727176999999999999991146 81999999999999999999999
-16-10 15 53 98143175185175152125 99 83 83 98121146168179172144104 60 19181223Z9 65718518 918099999999999999 015-171229 8099999999999999
-12-23-11 20 62110154182186171146119 94 82 87105129153172179165133 92 48181224Z9 742187185217999999999999999 058-231313 8299999999999999
 10-16-21 -4 30 74120160182181163138113 92 84 92111133154170172155122 82181225Z9 827184193817399999999999999 143-221359 8499999999999999
 43  9-11-11 10 44 85128161177172154131108 91 87 96113132150162160142112181226Z9 913177202616399999999999999 229-141448 8799999999999999
 77 43 16  2  7 28 59 96132158168161144124105 92 89 97111126140149146130181227Z910 1168212014999999999999999 316  21544 8999999999999999
105 77 51 30 21 28 47 74104133153158151136119103 91 88 93103114126133132181228Z91052158222413499999999999999 4 5 211651 8899999999999999
121103 82 63 48 42 49 65 87111133147150143131116101 89 83 84 90 99110119181229Z91146151235012299999999999999 458 421818 8399999999999999
122117106 92 78 67 63 67 80 96115132143145139127112 96 82 73 71 75 84 96181230Z91245145999999999999999999999 558 631949 7199999999999999
108116117112103 93 84 79 81 90103118132142144137124107 89 72 60 56 60 71181231Z9 140118134414499999999999999 711 792057 5699999999999999
