 34 33 31 26 20 14  9  4  2  3  6 11 17 22 25 27 27 26 25 24 24 25 27 3118 1 1ZC 022 341532 2799999999999999 822  21926 2499999999999999
 34 36 35 32 26 20 12  6  2  0  1  5 11 18 23 26 28 28 27 25 24 25 26 2818 1 2ZC 111 361623 2899999999999999 914  02018 2499999999999999
 32 36 37 36 32 26 19 11  5  0 -1  0  5 12 18 23 27 28 27 26 24 24 24 2518 1 3ZC 2 2 3717 9 289999999999999910 5 -12110 2499999999999999
 29 33 36 37 36 32 25 17 10  4  0 -2  0  6 13 19 24 26 27 26 24 23 23 2318 1 4ZC 254 371753 27999999999999991056 -222 6 2399999999999999
 25 28 32 35 36 34 30 23 16  9  4  0 -1  2  7 14 19 23 26 26 24 23 21 2118 1 5ZC 347 361836 26999999999999991145 -12312 2199999999999999
 21 23 27 30 33 33 31 27 21 14  9  4  2  2  5 10 15 20 23 25 24 23 21 2018 1 6ZC 439 331918 25999999999999991232  1999999999999999999999
 19 20 21 24 27 29 29 28 24 19 14  9  6  4  5  8 13 17 21 23 24 23 21 2018 1 7ZC 533 301959 2499999999999999 023 191317  499999999999999
 18 18 17 19 21 24 25 25 24 21 17 13 11  9  8  9 12 15 19 21 23 23 22 2018 1 8ZC 634 252038 2399999999999999 135 171358  899999999999999
 19 17 16 15 16 18 19 20 21 20 18 16 14 12 11 11 13 15 18 20 22 23 23 2118 1 9ZC 751 212115 2399999999999999 252 151434 1199999999999999
 20 17 15 14 13 13 14 15 17 17 18 17 16 15 15 14 15 16 18 20 22 23 24 2318 110ZC 941 182150 2499999999999999 418 131458 1499999999999999
 21 19 16 14 12 11 10 11 12 14 16 16 17 17 17 17 17 18 19 20 22 23 24 2418 111ZC2222 24999999999999999999999 542 10999999999999999999999
 23 21 18 15 12 10  8  8  9 11 13 15 17 18 18 19 19 19 20 21 22 24 25 2518 112ZC2256 25999999999999999999999 642  8999999999999999999999
 25 23 20 17 13 10  8  6  7  8 10 13 16 18 19 20 20 20 21 21 22 24 25 2618 113ZC2333 26999999999999999999999 726  6999999999999999999999
 26 25 23 19 15 11  8  6  5  6  8 11 15 17 19 20 21 21 21 21 22 23 25 2618 114ZC9999999999999999999999999999 8 2  5999999999999999999999
 27 27 25 22 18 13  9  6  4  4  6  9 13 16 19 20 21 21 21 21 21 22 24 2618 115ZC 012 27999999999999999999999 834  4999999999999999999999
 28 28 27 24 21 16 11  7  4  3  4  6 10 14 18 20 21 21 21 20 20 21 22 2518 116ZC 053 281631 2199999999999999 9 7  31922 2099999999999999
 27 28 28 27 23 19 14  8  5  2  2  4  7 12 16 19 21 21 20 20 19 19 21 2218 117ZC 133 291650 2199999999999999 940  220 6 1999999999999999
 25 27 29 28 26 21 16 11  6  2  1  2  4  9 13 17 20 21 20 19 18 18 19 2018 118ZC 211 291714 21999999999999991014  12046 1899999999999999
 22 25 27 28 27 24 19 13  8  3  1  0  2  6 10 15 18 20 20 19 18 17 17 1818 119ZC 249 281741 20999999999999991048  02127 1799999999999999
 19 22 25 27 27 25 21 16 10  5  2  0  1  3  8 12 16 18 19 19 17 16 15 1618 120ZC 326 2718 9 19999999999999991121  02211 1599999999999999
 17 19 22 24 25 25 22 18 13  8  4  1  1  2  5 10 14 17 18 18 17 15 14 1418 121ZC 4 3 251836 18999999999999991154  123 6 1499999999999999
 14 15 18 21 23 23 22 19 15 10  6  4  2  2  4  8 12 15 17 18 17 16 14 1318 122ZC 443 2319 2 18999999999999991224  2999999999999999999999
 12 13 14 16 19 20 20 19 16 13  9  6  5  4  5  8 11 15 17 18 18 17 15 1318 123ZC 530 211928 1899999999999999 014 121251  499999999999999
 11 11 11 12 14 16 18 18 17 14 12  9  7  7  7  9 11 14 17 18 19 18 16 1418 124ZC 631 181954 1999999999999999 125 111314  799999999999999
 12 10  9  9 10 12 14 15 15 15 14 12 11 10 10 11 12 14 17 19 20 20 19 1618 125ZC 8 3 152027 2099999999999999 238  91333 1099999999999999
 13 11  8  7  6  7  9 11 13 14 14 14 13 13 13 13 14 15 17 19 21 22 21 1918 126ZC10 8 1421 9 2299999999999999 355  61351 1399999999999999
 16 13 10  7  5  4  4  6  8 11 13 15 15 16 15 15 16 16 18 19 21 23 24 2318 127ZC22 2 24999999999999999999999 514  4999999999999999999999
 21 17 13  9  5  2  1  1  3  6 10 13 16 17 18 18 18 18 18 19 21 23 25 2618 128ZC23 2 26999999999999999999999 622  1999999999999999999999
 25 22 18 13  8  3  0 -2 -2  1  5 10 14 17 19 19 19 19 18 19 20 22 24 2718 129ZC15 8 19999999999999999999999 721 -218 4 1899999999999999
 28 27 24 19 13  7  1 -3 -5 -4 -1  5 10 15 18 20 20 19 18 18 18 19 22 2518 130ZC 0 4 281539 2099999999999999 816 -51912 1899999999999999
 28 29 28 25 19 12  5 -1 -5 -6 -5 -1  5 11 16 19 20 20 18 17 16 17 18 2118 131ZC 1 3 291612 2099999999999999 9 8 -62010 1699999999999999
 25 29 30 29 25 19 11  4 -2 -6 -7 -5  0  6 13 17 19 20 19 16 15 14 15 1718 2 1ZC 159 301645 2099999999999999 957 -721 7 1499999999999999
 20 25 29 30 28 24 18 10  3 -3 -6 -7 -4  2  8 14 17 19 19 17 14 13 12 1218 2 2ZC 253 301718 19999999999999991044 -722 8 1299999999999999
 15 19 24 27 28 26 22 15  8  2 -3 -5 -5 -1  5 11 15 18 19 17 15 12 11 1018 2 3ZC 346 281752 19999999999999991127 -523 8 1099999999999999
 10 13 17 22 24 25 23 19 13  7  2 -1 -3 -2  2  8 13 16 18 18 15 13 10  918 2 4ZC 439 251824 189999999999999912 7 -3999999999999999999999
  8  9 11 15 19 21 21 19 15 11  6  3  1  1  2  6 11 15 17 17 16 14 11  918 2 5ZC 533 211855 1799999999999999 0 8  81242  099999999999999
  7  6  7 10 13 15 17 17 15 12  9  7  5  4  5  7 10 14 16 17 17 15 13 1018 2 6ZC 632 171924 1799999999999999 1 7  613 9  499999999999999
  8  6  5  6  8 10 12 13 13 12 10  9  8  7  8  9 11 13 16 17 17 17 15 1218 2 7ZC 744 131952 1799999999999999 210  51319  799999999999999
  9  7  5  4  5  6  7  8 10 10 10 10 10 10 10 11 12 14 15 17 18 17 16 1418 2 8ZC 932 102021 1899999999999999 323  41219 1099999999999999
 12  9  7  5  3  3  4  5  6  8  9 10 10 11 12 12 13 14 16 17 18 18 17 1618 2 9ZC2057 18999999999999999999999 452  3999999999999999999999
 14 11  9  6  4  2  2  2  3  5  7  9 10 12 13 13 14 15 16 17 17 18 18 1818 210ZC2147 18999999999999999999999 6 8  2999999999999999999999
 16 14 11  8  5  3  1  0  1  3  5  8 10 12 13 14 14 15 15 16 17 18 19 1918 211ZC2247 19999999999999999999999 659  0999999999999999999999
 18 16 14 10  7  4  1 -1 -1  0  3  6  9 11 13 14 14 14 14 15 16 17 18 1918 212ZC2345 19999999999999999999999 739 -1999999999999999999999
 19 18 16 13  9  5  2 -1 -2 -2  0  4  7 10 13 14 14 14 13 13 14 15 17 1818 213ZC16 2 14999999999999999999999 814 -21832 1399999999999999
 20 20 19 16 12  8  3  0 -3 -3 -2  1  5  9 12 13 14 13 13 12 12 13 14 1718 214ZC 036 2016 1 1499999999999999 848 -31925 1299999999999999
 19 20 20 18 15 10  5  1 -3 -4 -4 -2  2  7 10 13 14 13 12 11 10 11 12 1418 215ZC 122 201614 1499999999999999 921 -420 9 1099999999999999
 17 19 21 20 17 13  8  3 -2 -4 -5 -4  0  4  9 12 13 13 12 10  9  8  9 1118 216ZC 2 4 211632 1399999999999999 954 -52052  899999999999999
 14 17 20 20 19 15 11  5  0 -3 -5 -5 -3  2  7 10 12 13 12 10  8  7  7  818 217ZC 244 201653 13999999999999991027 -52135  699999999999999
 10 14 17 19 19 17 13  8  3 -2 -4 -5 -4  0  5  9 12 13 12 10  8  6  5  518 218ZC 324 191714 13999999999999991058 -52222  599999999999999
  6  9 14 17 18 17 15 11  6  1 -2 -4 -3 -1  3  8 11 12 13 11  8  5  4  318 219ZC 4 6 181734 13999999999999991128 -42312  399999999999999
  3  5  9 13 16 16 15 13  8  4  1 -1 -2 -1  2  7 10 13 13 12 10  6  4  218 220ZC 453 161754 13999999999999991155 -2999999999999999999999
  1  2  4  8 11 14 14 13 11  7  4  2  1  2  3  6 10 13 14 13 12  9  5  218 221ZC 548 141816 1499999999999999 0 6  11217  199999999999999
  1  0  1  3  6  9 11 12 11  9  7  5  4  4  5  7 10 13 15 15 14 11  8  418 222ZC 7 0 121844 1599999999999999 1 5  01228  499999999999999
  1  0 -1 -1  1  4  7  9 10 10  9  8  7  7  8  9 11 13 15 16 16 14 11  818 223ZC 832 101922 1699999999999999 2 9 -11225  799999999999999
  4  1 -1 -2 -2 -1  2  4  7  8  9  9  9  9 10 11 12 13 15 16 17 17 15 1218 224ZC2015 17999999999999999999999 324 -2999999999999999999999
  8  5  1 -2 -3 -4 -3 -1  2  5  8  9 10 11 11 12 12 13 14 15 17 18 18 1618 225ZC2127 18999999999999999999999 448 -4999999999999999999999
 13  9  5  1 -2 -5 -6 -5 -3  1  4  8 10 12 12 13 13 13 13 14 15 17 19 1918 226ZC2246 19999999999999999999999 6 6 -6999999999999999999999
 18 15 11  6  1 -3 -6 -8 -7 -4  0  5  9 11 13 13 13 12 12 12 13 15 17 1918 227ZC1455 132358 2099999999999999 710 -81819 1299999999999999
 20 19 16 12  6  0 -4 -8 -9 -8 -5  0  6 10 12 13 13 12 10  9 10 11 13 1718 228ZC1511 13999999999999999999999 8 5 -91923  999999999999999
 20 21 20 17 12  6  0 -6 -9-10 -8 -4  2  7 11 13 13 12  9  8  7  7  9 1218 3 1ZC 1 2 211534 1399999999999999 855-102019  799999999999999
 17 20 22 20 17 11  5 -1 -6 -9-10 -7 -2  4  9 12 13 12 10  7  5  4  4  718 3 2ZC 2 0 2216 0 1399999999999999 941-102114  499999999999999
 11 16 20 21 20 16 10  3 -2 -6 -8 -8 -4  1  7 11 13 13 11  7  4  2  1  218 3 3ZC 256 211628 13999999999999991022 -922 8  199999999999999
  5 10 15 18 19 18 14  8  2 -2 -5 -6 -5 -1  5 10 12 13 12  9  5  2  0 -118 3 4ZC 350 191655 139999999999999911 0 -62259 -199999999999999
  0  4  9 14 16 17 15 11  6  2 -1 -3 -3 -1  4  8 12 13 13 11  7  3  0 -218 3 5ZC 445 171721 13999999999999991133 -42348 -299999999999999
 -2 -1  3  8 11 13 14 12  9  5  2  0  0  1  4  8 11 13 13 12  9  5  1 -118 3 6ZC 540 141744 139999999999999912 0  0999999999999999999999
 -3 -3 -1  2  6  9 10 10  9  7  5  3  3  3  5  8 11 13 13 13 11  7  4  118 3 7ZC 639 1118 5 1399999999999999 036 -31213  399999999999999
 -2 -3 -3 -1  2  4  6  8  8  7  6  5  5  6  7  8 11 12 13 13 12  9  6  318 3 8ZC 747  81825 1499999999999999 126 -31146  599999999999999
  0 -2 -3 -3 -1  1  2  4  6  6  6  6  7  7  8  9 11 12 13 13 13 11  9  618 3 9ZC1847 13999999999999999999999 223 -3999999999999999999999
  3  0 -1 -3 -3 -2 -1  1  3  4  6  7  7  8  9 10 11 12 13 13 13 12 10  818 310ZC1919 13999999999999999999999 334 -3999999999999999999999
  6  3  1 -1 -3 -3 -3 -1  0  2  4  6  7  8  9 10 11 11 12 12 13 12 12 1018 311ZC2019 13999999999999999999999 459 -3999999999999999999999
  8  6  3  0 -2 -3 -4 -3 -2  0  3  5  7  8  9 10 10 10 10 11 11 12 12 1218 312ZC2153 12999999999999999999999 6 8 -4999999999999999999999
 10  8  6  3  0 -2 -4 -5 -4 -2  1  4  6  8  9  9  9  9  9  9 10 11 12 1218 313ZC1512  92318 1299999999999999 657 -51756  999999999999999
 12 11  8  5  2 -1 -4 -5 -5 -4 -2  2  5  7  9  9  9  8  7  7  7  8 10 1218 314ZC1459  9999999999999999999999 737 -61852  799999999999999
 13 12 11  8  5  1 -3 -5 -6 -6 -4  0  3  6  8  9  8  7  6  5  5  6  7 1018 315ZC 021 1315 3  999999999999999 814 -61935  599999999999999
 12 13 13 11  8  3 -1 -4 -6 -7 -6 -2  2  5  8  9  9  7  5  3  2  3  4  718 316ZC 112 131516  999999999999999 849 -72015  299999999999999
 10 13 14 13 10  7  2 -2 -6 -7 -7 -4  0  4  7  9  9  7  5  2  1  0  1  318 317ZC 158 141531  999999999999999 922 -72055  099999999999999
  7 11 14 14 13 10  5  0 -4 -6 -7 -5 -2  3  7  9 10  8  6  2 -1 -2 -2 -118 318ZC 243 141548 1099999999999999 955 -72136 -299999999999999
  3  8 12 14 14 12  8  4 -1 -4 -5 -5 -3  2  6  9 10 10  7  3 -1 -3 -4 -418 319ZC 330 1416 6 10999999999999991027 -52220 -499999999999999
 -2  3  8 12 13 13 11  7  3 -1 -2 -3 -2  1  6  9 11 11  9  6  1 -3 -5 -618 320ZC 421 141625 11999999999999991057 -323 6 -699999999999999
 -5 -2  3  8 11 12 12 10  6  3  1  0  0  2  5  9 12 12 11  8  4 -1 -5 -718 321ZC 517 121647 12999999999999991124  02356 -799999999999999
 -7 -6 -3  2  7 10 11 11  9  6  4  3  3  4  6  9 12 13 13 11  7  3 -2 -518 322ZC 621 111715 13999999999999991144  3999999999999999999999
 -7 -8 -6 -3  1  5  8  9  9  8  7  6  6  6  7  9 12 14 14 13 11  7  2 -218 323ZC 733  91749 1499999999999999 051 -81142  699999999999999
 -5 -7 -8 -7 -4  0  3  6  8  8  8  8  8  8  9 10 11 13 14 14 13 11  7  218 324ZC 9 4  81835 1599999999999999 152 -81123  899999999999999
 -1 -5 -7 -8 -7 -5 -2  1  4  7  8  8  9  9 10 10 11 12 13 14 14 13 11  718 325ZC1940 14999999999999999999999 3 4 -8999999999999999999999
  4  0 -4 -6 -8 -8 -6 -3  0  3  6  8  9 10 10 10 10 10 11 12 13 14 14 1218 326ZC21 9 14999999999999999999999 426 -8999999999999999999999
  9  5  1 -3 -6 -8 -8 -7 -4  0  3  7  9 10 10 10  9  9  9  9 11 12 14 1418 327ZC1357 102242 1499999999999999 545 -81737  999999999999999
 13 10  6  2 -2 -6 -8 -9 -7 -4  0  4  8 10 10 10  8  7  6  6  7  9 12 1418 328ZC14 1 10999999999999999999999 650 -91844  699999999999999
 15 14 11  7  3 -2 -6 -8 -9 -7 -3  2  6  9 10 10  8  6  4  3  3  4  7 1118 329ZC 0 0 151417 1099999999999999 743 -91937  399999999999999
 14 15 15 12  8  3 -2 -6 -8 -8 -5 -1  4  8 10 11  9  6  3  1  0  0  2  618 330ZC 1 7 151438 1199999999999999 830 -82027  099999999999999
 11 14 15 15 12  7  2 -2 -5 -7 -6 -2  3  7 10 11 11  8  4  0 -2 -3 -3  018 331ZC 2 7 1515 1 1199999999999999 912 -72114 -399999999999999
  5 10 14 15 14 11  7  2 -2 -4 -4 -3  1  6 10 12 12 10  6  1 -2 -5 -5 -418 4 1ZC 3 5 151525 1299999999999999 950 -52159 -599999999999999
  0  5 10 13 14 13 10  6  2  0 -2 -2  1  5 10 12 13 12  8  4 -1 -4 -6 -718 4 2ZC 4 1 141549 13999999999999991023 -22242 -799999999999999
 -5  0  5  9 12 13 12  9  5  3  1  1  2  5  9 12 14 13 11  6  1 -3 -6 -718 4 3ZC 455 131612 14999999999999991051  12324 -799999999999999
 -7 -4  0  5  9 11 11 10  8  5  4  4  4  6  9 12 14 14 12  9  4  0 -4 -618 4 4ZC 549 111632 149999999999999911 7  4999999999999999999999
 -7 -6 -3  1  5  8  9 10  9  7  6  6  6  7  9 12 14 14 13 11  7  3 -1 -418 4 5ZC 644 101652 1499999999999999 0 4 -711 0  699999999999999
 -6 -7 -5 -2  1  4  6  8  8  8  7  7  8  9 10 12 13 14 14 12  9  5  2 -218 4 6ZC 749  81710 1499999999999999 046 -71026  799999999999999
 -4 -6 -6 -4 -2  1  3  5  7  7  8  8  9  9 10 11 13 13 13 13 11  8  4  118 4 7ZC1729 13999999999999999999999 131 -6999999999999999999999
 -2 -4 -5 -5 -3 -2  1  3  5  6  7  8  9 10 10 11 12 12 12 12 11  9  7  418 4 8ZC1753 12999999999999999999999 225 -5999999999999999999999
  1 -1 -3 -4 -4 -3 -2  0  3  5  6  8  9  9 10 10 10 11 11 11 11 10  8  618 4 9ZC1845 11999999999999999999999 334 -4999999999999999999999
  4  2 -1 -2 -4 -4 -3 -2  0  3  5  7  8  9  9  9  9  9  9  9  9 10  9  818 410ZC14 0  92055 1099999999999999 450 -41717  999999999999999
  7  4  2  0 -2 -4 -4 -3 -2  1  4  6  8  9  9  9  8  7  7  7  7  8  9  918 411ZC1343  92246  999999999999999 552 -41819  799999999999999
  9  7  5  2  0 -3 -4 -4 -3 -1  2  5  8  9  9  8  7  6  5  4  5  6  8  918 412ZC1343  9999999999999999999999 640 -41856  499999999999999
 10  9  8  5  2 -1 -3 -4 -4 -2  1  4  7  9  9  9  7  5  3  2  2  3  5  818 413ZC 0 2 101351  999999999999999 722 -41931  299999999999999
 10 11 10  8  5  2 -1 -3 -4 -3  0  3  7  9 10  9  7  5  2  0 -1  0  2  518 414ZC 1 1 1114 3 1099999999999999 8 0 -420 6 -199999999999999
  9 11 12 11  9  6  2 -1 -2 -2 -1  2  7 10 11 11  9  6  2 -1 -3 -3 -2  118 415ZC 155 121418 1199999999999999 836 -32044 -399999999999999
  6 10 13 13 12  9  6  2  0 -1  0  2  6 10 12 13 11  8  3 -1 -4 -6 -6 -318 416ZC 248 131437 1399999999999999 911 -12125 -699999999999999
  2  7 11 14 14 13 10  6  3  2  1  3  6 10 13 15 14 11  6  1 -4 -7 -8 -718 417ZC 343 1415 0 1599999999999999 946  122 9 -899999999999999
 -4  2  8 12 14 15 13 10  7  5  4  4  6 10 14 16 16 14 10  5 -1 -6 -8 -918 418ZC 441 151528 16999999999999991019  42256 -999999999999999
 -8 -4  3  8 12 14 14 13 10  8  7  7  7 10 13 17 18 17 14  9  3 -3 -7 -918 419ZC 540 1416 0 18999999999999991048  72347-1099999999999999
-10 -8 -3  3  8 11 13 14 12 11 10  9  9 10 13 16 18 18 17 13  8  2 -3 -718 420ZC 642 141636 189999999999999911 9  9999999999999999999999
 -9 -9 -7 -3  2  7 10 12 13 12 11 11 11 12 13 15 17 18 18 16 13  8  2 -218 421ZC 753 131719 1899999999999999 041-1011 6 1199999999999999
 -6 -8 -8 -7 -3  1  5  9 11 12 12 12 12 12 13 14 15 17 17 17 15 12  8  318 422ZC1814 17999999999999999999999 141 -9999999999999999999999
 -1 -4 -7 -7 -6 -3  1  4  8 10 12 12 13 13 12 12 13 14 15 16 16 15 12  818 423ZC1931 16999999999999999999999 249 -7999999999999999999999
  5  1 -3 -5 -6 -5 -3  1  4  8 10 12 13 13 12 11 11 11 11 13 14 14 14 1218 424ZC1232 1321 8 1499999999999999 4 4 -61634 1199999999999999
  9  6  2 -1 -3 -5 -4 -2  1  5  8 11 12 13 12 11  9  8  8  9 10 12 14 1418 425ZC1241 132247 1499999999999999 517 -51752  899999999999999
 13 11  7  4  1 -2 -3 -3 -1  3  7 10 12 13 12 11  8  6  5  5  6  8 11 1318 426ZC1257 13999999999999999999999 618 -31849  599999999999999
 14 14 12  9  5  2 -1 -2 -1  2  5  9 12 14 13 11  9  6  3  2  2  3  6 1018 427ZC 0 9 141316 1499999999999999 7 9 -21937  199999999999999
 13 14 14 12  9  6  3  1  0  2  5  9 12 15 15 13 10  6  3  0 -1 -1  2  618 428ZC 119 151337 1599999999999999 753  02022 -199999999999999
 10 13 15 15 13 10  7  4  3  3  5  8 12 15 16 15 13  8  4  0 -2 -3 -2  118 429ZC 221 151359 1699999999999999 831  321 4 -399999999999999
  6 11 14 15 15 13 10  8  6  5  6  8 12 16 18 17 15 11  6  2 -2 -4 -5 -318 430ZC 319 151423 1899999999999999 9 4  52143 -599999999999999
  2  7 11 14 16 15 13 11  9  8  8  9 12 16 18 19 17 14 10  4  0 -4 -5 -518 5 1ZC 413 161448 1999999999999999 931  82221 -599999999999999
 -2  3  8 12 15 16 15 13 11 10 10 11 13 16 18 20 19 17 13  7  2 -2 -4 -518 5 2ZC 5 3 161512 2099999999999999 947 102258 -599999999999999
 -4  0  4  9 13 15 15 14 13 12 12 12 13 16 18 20 20 19 15 11  5  1 -3 -518 5 3ZC 552 151536 2099999999999999 952 122334 -599999999999999
 -5 -3  1  6 10 13 14 15 14 13 13 13 14 16 18 19 20 19 17 13  9  4  0 -318 5 4ZC 644 151559 2099999999999999 950 13999999999999999999999
 -4 -3 -1  3  7 10 12 14 14 14 14 14 15 15 17 18 19 19 18 15 11  7  3  018 5 5ZC1623 20999999999999999999999 012 -4999999999999999999999
 -2 -3 -2  1  4  7 10 12 13 14 14 14 15 15 16 17 18 18 18 16 13 10  6  318 5 6ZC1647 18999999999999999999999 054 -3999999999999999999999
  0 -1 -1  0  2  5  7 10 12 13 14 14 14 15 15 16 16 17 17 16 14 12  9  618 5 7ZC1717 17999999999999999999999 140 -1999999999999999999999
  3  1  0  0  1  3  5  8 10 12 13 14 14 14 14 14 14 15 15 15 14 13 11  818 5 8ZC1811 15999999999999999999999 233  0999999999999999999999
  6  4  2  1  1  2  3  6  8 11 12 14 14 14 13 13 12 12 12 13 13 13 12 1018 5 9ZC1219 142012 1399999999999999 333  117 5 1299999999999999
  9  6  4  3  2  2  3  5  7 10 12 14 14 14 13 12 11 10 10 10 11 12 12 1218 510ZC1216 142213 1299999999999999 434  21756 1099999999999999
 11  9  7  5  4  3  3  4  6  9 12 14 15 15 14 12 10  8  7  7  8 10 12 1318 511ZC1222 152344 1399999999999999 527  31832  799999999999999
 13 12 11  9  6  5  4  4  6  9 12 14 16 16 15 12 10  7  5  4  5  7 10 1218 512ZC1234 16999999999999999999999 614  419 7  499999999999999
 14 15 14 12 10  8  6  6  6  8 12 15 17 18 17 14 11  7  4  2  2  3  6 1018 513ZC 053 151250 1899999999999999 656  61944  299999999999999
 14 16 17 16 14 11  9  8  8  9 12 15 18 20 19 17 13  8  4  1 -1 -1  2  618 514ZC 155 171312 2099999999999999 737  82025 -199999999999999
 11 16 18 19 18 16 13 11 10 11 12 15 19 22 22 20 17 12  6  1 -2 -3 -2  118 515ZC 255 191340 2299999999999999 816 1021 9 -399999999999999
  7 13 17 20 20 19 17 15 13 13 13 16 19 23 24 24 21 17 10  4 -1 -4 -5 -318 516ZC 354 201414 2599999999999999 854 132156 -599999999999999
  1  8 14 18 21 21 20 18 16 15 15 16 19 22 25 26 25 21 16  9  3 -2 -5 -618 517ZC 452 211451 2699999999999999 931 152246 -699999999999999
 -4  2  8 14 18 21 22 20 19 17 17 17 19 21 25 27 27 25 21 15  8  2 -3 -518 518ZC 550 221533 279999999999999910 6 172339 -699999999999999
 -6 -3  2  9 14 18 20 21 20 19 18 18 19 20 23 26 27 27 25 20 14  8  2 -218 519ZC 650 211620 27999999999999991042 18999999999999999999999
 -4 -4 -2  3  9 14 17 20 20 20 19 19 19 19 21 23 25 26 26 24 20 14  8  318 520ZC 758 201713 2699999999999999 034 -51150 1999999999999999
  0 -3 -3  0  4  9 13 17 19 20 20 19 19 19 19 20 22 23 24 24 22 19 14  918 521ZC 918 201816 2499999999999999 132 -31326 1999999999999999
  5  2  0  0  2  5  9 13 16 19 19 19 19 18 18 17 18 19 20 22 22 20 18 1418 522ZC1029 191936 2299999999999999 234 -11459 1799999999999999
 11  7  4  2  2  4  7 10 14 17 19 20 19 18 17 16 15 15 16 17 19 19 19 1818 523ZC11 6 202115 2099999999999999 338  21629 1599999999999999
 15 12  9  7  5  5  6  9 12 16 18 20 20 19 17 15 13 12 12 13 14 16 18 1918 524ZC1133 202256 1999999999999999 441  51742 1199999999999999
 18 16 14 11  9  8  8  9 12 15 18 20 21 20 18 15 13 10  9  9 10 12 15 1718 525ZC1156 21999999999999999999999 536  81839  899999999999999
 19 18 17 15 13 11 11 11 12 15 18 21 22 22 20 17 14 10  8  6  6  8 11 1518 526ZC 023 191218 2299999999999999 623 101927  699999999999999
 18 19 19 18 17 15 14 13 14 16 19 22 24 24 23 20 16 11  8  5  4  5  7 1118 527ZC 137 191241 2499999999999999 7 1 1320 9  499999999999999
 15 18 20 20 19 18 17 16 16 17 19 22 25 26 25 23 19 14  9  6  3  3  4  818 528ZC 240 2013 6 2699999999999999 732 162048  399999999999999
 13 17 20 21 21 20 19 18 18 18 20 22 25 27 27 25 22 17 12  7  4  2  3  518 529ZC 334 221333 2799999999999999 755 182124  299999999999999
 10 14 19 21 22 22 21 20 20 20 21 22 25 28 28 28 25 21 15 10  6  3  2  318 530ZC 421 2214 1 2899999999999999 813 202159  299999999999999
  7 12 16 20 22 23 23 22 21 21 21 23 25 27 29 29 27 24 19 13  8  5  3  318 531ZC 5 5 231431 2999999999999999 832 212234  299999999999999
  5  9 14 18 21 23 23 23 22 22 22 23 24 27 29 29 29 26 22 17 12  7  4  318 6 1ZC 548 2315 1 2999999999999999 853 222310  399999999999999
  4  7 11 15 19 22 23 23 22 22 22 23 24 26 28 29 29 27 24 20 15 10  7  418 6 2ZC 632 231532 2999999999999999 915 222347  499999999999999
  4  5  8 12 16 19 22 22 22 22 22 22 23 24 26 27 28 27 25 22 18 13  9  618 6 3ZC16 3 289999999999999999999999999999999999999999999999999
  5  5  7 10 14 17 20 21 22 22 22 22 22 23 24 25 26 26 25 23 20 16 12  918 6 4ZC1637 26999999999999999999999 026  5999999999999999999999
  7  6  7  9 12 15 18 20 21 22 22 22 22 22 22 23 24 24 24 23 21 18 15 1218 6 5ZC1718 24999999999999999999999 1 8  6999999999999999999999
  9  8  7  8 10 13 16 18 20 21 22 22 21 21 21 21 21 22 22 22 21 19 17 1418 6 6ZC1011 221817 2299999999999999 151  71426 2199999999999999
 12 10  9  9 10 12 15 17 20 21 22 22 22 21 20 19 19 19 20 20 20 20 19 1718 6 7ZC1029 221952 2099999999999999 236  91558 1999999999999999
 15 13 12 11 11 12 14 17 19 21 23 23 22 21 19 18 17 16 17 17 19 19 20 1918 6 8ZC1044 232148 2099999999999999 322 1117 4 1699999999999999
 18 16 15 14 13 13 15 17 19 22 24 24 24 22 20 17 15 14 14 14 16 18 20 2118 6 9ZC11 1 242330 2199999999999999 410 131752 1499999999999999
 21 20 18 17 16 16 16 17 20 23 25 26 26 24 22 18 15 13 11 11 12 15 18 2118 610ZC1122 26999999999999999999999 459 161835 1199999999999999
 22 23 22 21 19 18 18 19 21 23 26 28 29 28 25 21 16 12 10  8  9 11 15 1918 611ZC 050 231149 2999999999999999 547 181919  899999999999999
 22 25 25 25 23 22 21 21 22 24 27 30 31 31 29 25 20 14 10  7  6  7 10 1518 612ZC 159 251222 3299999999999999 634 2120 5  699999999999999
 20 24 27 27 27 25 24 23 23 24 27 30 33 34 33 30 25 19 13  8  5  4  5 1018 613ZC 3 1 2713 2 3499999999999999 719 232054  499999999999999
 16 21 26 28 29 28 27 25 25 25 27 29 33 36 37 35 31 25 18 11  6  3  2  518 614ZC 359 291346 3799999999999999 8 3 252146  299999999999999
 10 16 22 27 29 30 29 28 26 26 27 28 31 35 38 38 36 31 25 17 10  5  2  218 615ZC 454 301433 3899999999999999 846 262239  299999999999999
  5 10 17 23 27 30 30 29 28 27 27 28 29 33 36 38 38 36 31 24 17 10  5  318 616ZC 547 301524 3999999999999999 934 272332  299999999999999
  3  6 11 18 23 27 29 30 29 27 27 27 27 29 33 36 38 37 35 30 23 17 11  618 617ZC 640 301618 38999999999999991035 27999999999999999999999
  4  4  8 13 19 23 27 29 29 28 27 26 26 27 28 31 34 35 35 33 28 23 17 1218 618ZC 733 291716 3699999999999999 026  412 1 2699999999999999
  8  7  7 10 15 20 24 27 28 28 27 26 25 25 25 26 29 31 32 32 30 27 22 1818 619ZC 826 281822 3399999999999999 120  61323 2599999999999999
 14 11 10 10 13 17 21 25 27 28 28 27 25 24 23 23 24 26 28 29 29 28 26 2218 620ZC 914 281943 2999999999999999 213 101444 2399999999999999
 19 16 14 13 14 16 20 23 26 28 28 28 26 24 23 21 20 21 22 24 26 27 26 2518 621ZC 955 282121 2799999999999999 3 6 1316 5 2099999999999999
 23 21 19 17 17 18 20 23 25 28 29 29 28 26 23 21 19 18 18 19 21 23 25 2618 622ZC1029 2923 7 2699999999999999 357 171721 1899999999999999
 25 24 23 21 21 20 21 23 26 28 30 31 30 28 25 22 19 17 15 15 17 20 22 2418 623ZC1059 31999999999999999999999 445 201822 1599999999999999
 26 26 25 25 24 23 23 24 26 29 31 32 32 30 28 24 20 17 15 14 14 16 19 2218 624ZC 046 261126 3299999999999999 524 231912 1399999999999999
 25 27 27 27 26 26 26 26 27 29 32 33 34 33 31 27 23 19 15 13 12 14 16 2018 625ZC 2 9 271155 3499999999999999 554 261953 1299999999999999
 24 26 28 29 28 28 28 28 28 30 32 34 36 35 34 30 26 21 17 14 12 12 14 1818 626ZC 310 291225 3699999999999999 617 282030 1299999999999999
 22 26 28 30 30 29 29 29 29 30 32 34 36 37 36 33 29 25 20 16 13 12 13 1518 627ZC 352 301258 3799999999999999 644 2921 5 1299999999999999
 20 24 27 30 31 31 30 30 30 31 32 34 36 38 38 36 33 28 23 18 14 12 12 1418 628ZC 425 311333 3899999999999999 717 302140 1299999999999999
 17 22 26 29 31 31 31 30 30 30 31 33 35 37 38 38 35 31 26 21 16 13 12 1218 629ZC 456 3114 9 3899999999999999 753 302215 1299999999999999
 15 19 24 27 30 31 31 30 30 30 31 32 34 36 38 38 37 34 30 24 19 15 13 1218 630ZC 529 311445 3899999999999999 829 302251 1299999999999999
 13 17 21 25 28 30 31 31 30 29 30 30 32 34 36 38 37 35 32 27 22 18 14 1318 7 1ZC 6 3 311521 3899999999999999 9 6 292327 1299999999999999
 13 15 19 23 26 29 30 30 30 29 29 29 30 32 34 36 36 36 33 30 25 20 17 1418 7 2ZC 639 311558 3699999999999999 948 29999999999999999999999
 13 14 17 20 24 27 29 30 30 29 28 28 29 30 31 33 34 35 33 31 27 23 19 1618 7 3ZC 716 301636 3599999999999999 0 4 131045 2899999999999999
 15 15 16 19 22 26 28 29 30 29 28 28 28 28 28 30 32 32 32 31 29 25 22 1918 7 4ZC 752 301721 3399999999999999 040 141221 2899999999999999
 17 16 17 18 21 24 27 29 30 30 29 28 27 27 26 27 28 30 30 30 29 27 24 2218 7 5ZC 824 301819 3099999999999999 116 161346 2699999999999999
 20 19 18 19 21 24 27 29 30 31 30 29 27 26 25 25 25 26 28 28 29 28 27 2518 7 6ZC 853 311947 2999999999999999 150 1815 0 2599999999999999
 23 22 21 21 22 24 27 29 31 32 32 30 28 26 25 23 23 23 24 26 27 28 28 2718 7 7ZC 919 322138 2899999999999999 224 2116 8 2299999999999999
 26 25 24 24 24 25 27 30 32 33 34 33 31 28 25 23 21 20 20 22 24 27 28 2918 7 8ZC 947 342328 2999999999999999 3 2 241710 2099999999999999
 29 28 28 27 27 27 29 30 33 35 36 36 34 31 27 24 21 18 17 18 20 23 27 2918 7 9ZC1021 36999999999999999999999 348 2718 5 1799999999999999
 31 31 31 30 30 30 30 31 33 36 38 39 38 35 32 27 22 18 16 15 16 19 23 2718 710ZC 057 3111 2 3999999999999999 445 301858 1599999999999999
 31 33 34 33 33 32 32 32 34 36 39 41 42 40 37 32 26 21 16 13 13 14 18 2318 711ZC 2 8 341150 4299999999999999 546 321951 1399999999999999
 29 32 35 35 35 34 33 33 34 35 38 41 44 44 42 38 32 26 19 15 12 11 13 1818 712ZC 3 5 351241 4499999999999999 642 332044 1199999999999999
 24 30 34 36 37 36 35 34 34 35 36 40 43 46 46 44 39 32 25 18 13 10 10 1318 713ZC 355 371334 4699999999999999 734 342137 1099999999999999
 18 25 31 35 37 37 36 34 33 33 34 37 40 44 47 47 44 39 32 25 18 13 10 1018 714ZC 441 371428 4799999999999999 826 332231 1099999999999999
 13 19 26 31 35 37 37 35 33 33 33 34 36 40 44 47 46 44 38 31 24 18 13 1118 715ZC 525 371523 4799999999999999 923 322322 1199999999999999
 11 15 21 27 32 35 36 36 34 32 31 31 32 35 39 43 45 45 42 37 30 24 18 1518 716ZC 6 8 361619 45999999999999991035 31999999999999999999999
 13 14 18 23 29 33 35 36 34 33 31 30 30 31 33 37 41 42 42 40 35 29 24 2018 717ZC 649 361719 4299999999999999 012 131154 3099999999999999
 17 16 17 21 26 30 33 35 35 34 32 30 29 28 29 31 34 37 39 38 37 33 29 2518 718ZC 730 351827 3999999999999999 059 1613 6 2899999999999999
 22 20 20 21 25 29 32 34 35 35 33 31 29 27 26 27 29 31 33 35 35 34 32 2918 719ZC 8 9 351947 3599999999999999 144 201418 2699999999999999
 27 25 24 24 26 28 31 34 36 36 35 33 31 28 26 25 25 26 28 30 31 32 32 3118 720ZC 848 362125 3399999999999999 227 241534 2599999999999999
 30 29 28 27 28 29 32 34 36 37 37 35 33 30 28 25 23 23 24 25 27 29 31 3218 721ZC 925 372332 3299999999999999 3 6 271653 2399999999999999
 32 31 31 31 31 31 33 34 36 38 38 38 36 33 30 27 24 22 21 22 24 26 29 3118 722ZC10 1 38999999999999999999999 339 3118 1 2199999999999999
 32 33 33 33 33 33 34 35 37 38 39 40 38 36 33 29 26 23 21 20 21 24 26 2918 723ZC1037 409999999999999999999991854 20999999999999999999999
 32 33 34 35 35 35 35 36 37 39 40 41 41 39 36 32 28 25 22 20 20 21 24 2818 724ZC1116 419999999999999999999991936 20999999999999999999999
 31 33 35 35 35 35 35 36 37 38 40 42 42 41 39 36 31 27 23 21 20 20 22 2618 725ZC1156 429999999999999999999992013 20999999999999999999999
 30 33 35 36 36 36 36 36 36 38 39 41 43 43 42 39 35 30 26 22 20 19 21 2418 726ZC1238 439999999999999999999992048 19999999999999999999999
 28 31 34 36 36 36 36 35 36 37 38 40 42 44 43 41 38 33 28 24 21 19 19 2118 727ZC 4 6 361318 4499999999999999 7 0 352122 1999999999999999
 25 29 33 35 36 36 36 35 35 35 37 39 41 43 44 43 40 36 31 26 22 20 19 2018 728ZC 426 361358 4499999999999999 742 352157 1999999999999999
 23 27 31 34 36 36 36 34 34 34 35 36 39 42 44 44 42 39 34 29 24 21 19 1918 729ZC 450 361437 4499999999999999 823 342232 1999999999999999
 21 25 29 33 35 36 36 34 33 33 33 34 36 39 42 43 43 40 37 32 27 23 20 1918 730ZC 517 361515 4399999999999999 9 6 3323 6 1999999999999999
 20 23 27 31 34 35 36 35 33 32 32 32 33 36 39 41 42 41 38 34 29 25 22 2018 731ZC 546 361554 4299999999999999 952 322340 2099999999999999
 20 22 25 29 32 34 35 35 34 32 31 31 31 33 35 38 40 40 39 36 32 28 24 2218 8 1ZC 614 351635 40999999999999991049 31999999999999999999999
 21 22 24 28 31 34 35 35 34 32 31 30 30 30 32 34 37 38 38 36 34 30 27 2518 8 2ZC 640 351723 3899999999999999 011 2112 0 3099999999999999
 24 24 25 28 31 34 35 36 35 34 32 30 29 28 29 30 33 35 36 36 35 33 30 2818 8 3ZC 7 6 361826 3699999999999999 041 2413 9 2899999999999999
 27 26 27 28 31 34 36 37 37 36 33 31 29 28 27 27 29 31 33 34 34 34 33 3118 8 4ZC 732 371956 3499999999999999 1 7 261415 2799999999999999
 30 29 29 30 32 34 36 38 38 38 36 33 31 28 27 26 26 27 29 31 33 34 34 3418 8 5ZC 8 3 382145 3499999999999999 130 291524 2599999999999999
 33 32 32 32 33 35 37 39 40 40 39 37 34 30 28 25 24 24 25 27 30 32 34 3518 8 6ZC 843 40999999999999999999999 153 321635 2499999999999999
 35 35 35 35 35 36 37 39 41 42 42 41 38 34 30 27 24 22 21 23 25 29 32 3518 8 7ZC 933 429999999999999999999991743 21999999999999999999999
 36 37 37 37 37 37 38 39 41 43 44 44 43 39 35 30 26 22 20 19 21 24 28 3318 8 8ZC1032 459999999999999999999991844 19999999999999999999999
 36 38 39 39 38 38 38 38 40 42 45 47 47 45 41 36 30 25 20 18 17 19 23 2918 8 9ZC 219 391133 4799999999999999 529 381940 1799999999999999
 34 37 39 40 39 38 37 37 38 40 43 46 49 49 47 42 36 30 24 19 16 16 19 2418 810ZC 257 401233 4999999999999999 632 372035 1699999999999999
 29 35 38 40 40 39 37 36 36 37 40 43 47 50 50 48 43 36 29 23 18 15 16 1918 811ZC 333 401331 5099999999999999 727 362127 1599999999999999
 25 31 36 39 40 39 37 36 34 35 36 39 43 48 51 50 48 43 36 28 22 18 16 1618 812ZC 4 8 401427 5199999999999999 823 342217 1699999999999999
 20 27 33 37 39 40 38 36 34 33 33 34 37 43 47 50 49 47 42 35 28 22 19 1718 813ZC 444 401523 5099999999999999 924 3223 4 1799999999999999
 19 23 29 34 38 39 39 37 34 32 31 31 32 36 41 45 48 47 45 40 33 28 23 2118 814ZC 519 401621 48999999999999991033 312348 2099999999999999
 20 22 27 32 36 39 39 38 35 32 30 29 29 31 34 39 43 44 44 42 38 33 28 2518 815ZC 554 391723 44999999999999991140 29999999999999999999999
 24 24 26 31 35 38 39 39 37 34 31 29 28 28 29 33 36 39 41 41 39 36 33 3018 816ZC 628 401831 4199999999999999 030 231243 2799999999999999
 28 27 28 31 34 37 39 40 39 37 34 31 29 27 27 28 31 34 36 37 38 37 35 3318 817ZC 7 2 401948 3899999999999999 1 7 271346 2799999999999999
 32 31 31 32 34 37 39 40 40 39 36 34 31 29 27 26 27 29 31 33 35 35 36 3518 818ZC 736 402129 3699999999999999 140 311456 2699999999999999
 35 34 34 34 36 37 39 40 41 40 39 36 34 31 28 27 26 26 27 29 31 33 35 3518 819ZC 812 41999999999999999999999 2 0 341615 2699999999999999
 36 36 36 37 37 38 39 40 41 41 41 39 37 34 31 28 26 25 25 26 28 30 33 3518 820ZC 854 419999999999999999999991732 25999999999999999999999
 36 37 37 38 38 38 39 40 41 42 42 41 39 37 34 31 28 26 24 24 26 28 31 3418 821ZC 946 429999999999999999999991829 24999999999999999999999
 36 37 38 38 38 38 39 39 40 42 42 43 42 40 37 34 30 27 25 24 24 26 29 3218 822ZC1043 439999999999999999999991914 24999999999999999999999
 35 37 38 38 38 38 38 38 39 41 42 43 43 42 40 37 33 29 26 24 23 24 27 3018 823ZC1137 439999999999999999999991952 23999999999999999999999
 34 36 38 38 38 37 37 37 38 39 41 43 44 44 42 39 36 31 27 24 23 23 25 2818 824ZC 312 381226 4499999999999999 621 372027 2399999999999999
 32 35 37 38 38 37 36 36 36 37 39 41 44 45 44 42 38 34 29 26 23 22 23 2618 825ZC 320 381310 4599999999999999 7 3 3621 0 2299999999999999
 30 33 36 38 38 37 35 34 34 35 36 39 42 44 45 44 41 37 32 27 24 22 22 2418 826ZC 337 381351 4599999999999999 744 342134 2299999999999999
 27 32 35 37 38 37 35 34 33 33 34 36 39 42 44 45 43 39 35 30 26 23 22 2318 827ZC 357 381431 4599999999999999 824 3222 7 2299999999999999
 26 30 34 36 37 37 36 33 32 31 31 33 36 39 43 44 44 41 37 33 28 25 23 2318 828ZC 419 371511 4499999999999999 9 7 312239 2399999999999999
 24 28 32 36 37 37 36 34 31 30 29 30 32 36 40 42 43 42 39 35 31 27 25 2418 829ZC 442 381553 4399999999999999 953 2923 9 2499999999999999
 25 27 31 35 37 38 37 35 32 30 28 28 29 32 35 39 41 41 40 38 34 30 28 2618 830ZC 5 2 381639 42999999999999991044 282338 2699999999999999
 26 28 31 34 37 38 38 37 34 31 28 27 27 28 31 35 38 40 40 39 36 33 30 2918 831ZC 522 381735 40999999999999991140 27999999999999999999999
 29 29 31 34 37 39 39 38 36 33 30 28 26 26 28 30 34 36 38 38 37 35 33 3218 9 1ZC 544 391847 3899999999999999 0 3 291240 2699999999999999
 32 32 33 35 37 39 40 40 38 36 32 29 27 26 25 27 29 32 35 36 37 37 36 3518 9 2ZC 613 402014 3799999999999999 019 321342 2599999999999999
 34 34 35 36 38 40 41 41 41 39 36 32 29 27 25 25 25 28 30 33 35 36 37 3618 9 3ZC 653 41999999999999999999999 018 341452 2599999999999999
 36 36 37 37 38 40 41 42 43 42 40 36 33 29 27 24 23 24 26 28 31 34 36 3718 9 4ZC 749 439999999999999999999991610 23999999999999999999999
 38 38 38 38 38 39 40 42 43 44 43 41 38 34 30 26 24 22 22 24 27 30 34 3618 9 5ZC 9 0 449999999999999999999991727 22999999999999999999999
 38 39 39 39 39 39 39 41 42 44 45 45 43 39 35 30 26 22 20 20 22 26 30 3418 9 6ZC1018 459999999999999999999991832 20999999999999999999999
 37 39 39 39 38 38 38 38 40 42 45 47 47 44 41 36 30 25 21 19 19 22 26 3118 9 7ZC 2 2 391130 4799999999999999 543 371930 1999999999999999
 35 38 39 39 38 37 36 36 36 39 42 45 48 48 46 42 36 30 25 20 18 19 22 2718 9 8ZC 224 401234 4899999999999999 641 352022 1899999999999999
 32 37 39 40 39 37 34 33 33 34 37 41 46 49 49 46 42 36 30 24 20 19 20 2318 9 9ZC 250 401333 4999999999999999 734 332110 1999999999999999
 29 35 38 40 39 37 34 32 30 30 32 36 41 46 49 49 46 42 35 29 24 21 20 2218 910ZC 319 401430 4999999999999999 830 302156 2099999999999999
 26 32 37 39 40 39 36 32 29 28 28 30 34 40 45 47 47 45 40 34 29 25 23 2218 911ZC 349 401528 4899999999999999 928 282238 2299999999999999
 25 30 35 39 40 40 38 34 30 27 26 26 28 33 39 43 45 45 43 39 33 29 27 2518 912ZC 419 401627 46999999999999991026 262317 2599999999999999
 26 29 34 38 40 41 39 36 32 28 26 25 25 28 32 37 41 43 43 41 37 33 31 2918 913ZC 449 411728 43999999999999991121 242352 2899999999999999
 28 30 33 37 40 41 41 39 35 31 27 25 24 25 27 32 35 38 40 40 38 36 34 3318 914ZC 518 411833 40999999999999991215 24999999999999999999999
 32 32 34 37 39 41 41 40 38 34 30 27 25 24 25 27 30 33 36 37 38 37 36 3518 915ZC 545 411945 3899999999999999 021 321310 2499999999999999
 35 35 35 37 39 41 41 41 39 37 33 30 28 26 25 25 27 29 32 34 35 36 36 3618 916ZC 613 41999999999999999999999 036 351410 2599999999999999
 36 37 37 38 39 40 41 41 40 39 36 33 30 28 26 25 25 26 28 30 32 34 35 3618 917ZC 645 419999999999999999999991521 25999999999999999999999
 37 38 38 38 39 40 40 41 41 40 38 36 34 31 28 27 25 25 26 27 30 32 34 3618 918ZC 732 419999999999999999999991644 25999999999999999999999
 37 38 38 38 38 39 39 40 40 40 40 38 36 34 31 29 26 25 25 25 27 30 32 3518 919ZC 844 409999999999999999999991751 25999999999999999999999
 36 37 38 38 38 38 38 38 39 40 40 40 39 36 34 31 28 26 24 24 25 28 30 3318 920ZC10 8 409999999999999999999991839 24999999999999999999999
 35 37 37 37 37 36 36 36 37 38 40 40 40 39 36 33 30 27 25 24 24 26 28 3218 921ZC 212 371120 4099999999999999 555 361919 2499999999999999
 34 36 37 37 36 35 34 34 35 36 38 40 41 41 39 36 33 29 26 24 23 24 26 3018 922ZC 213 371215 4199999999999999 634 341954 2399999999999999
 33 36 37 37 35 34 32 32 32 33 36 38 41 41 41 39 35 31 27 24 23 23 25 2818 923ZC 223 3713 3 4199999999999999 710 322027 2399999999999999
 32 35 36 37 36 34 31 30 30 30 33 36 39 41 42 41 38 34 30 26 24 23 24 2718 924ZC 238 371346 4299999999999999 747 3021 0 2399999999999999
 30 34 36 37 36 34 31 29 28 28 29 32 36 40 42 42 40 37 32 28 25 24 24 2618 925ZC 255 371429 4299999999999999 826 282132 2499999999999999
 29 33 36 37 37 35 32 29 26 26 26 28 32 37 40 42 41 39 36 31 28 26 25 2618 926ZC 312 371513 4299999999999999 9 6 2622 3 2599999999999999
 28 32 36 38 38 36 33 30 26 24 24 25 28 33 38 40 41 41 38 34 31 28 27 2718 927ZC 330 3816 1 4199999999999999 949 242233 2799999999999999
 29 32 36 38 39 38 35 31 27 24 23 23 24 28 33 37 40 41 40 37 34 31 30 2918 928ZC 350 391655 41999999999999991035 2323 0 2999999999999999
 30 32 36 39 40 39 38 34 30 26 23 22 22 24 28 33 37 39 39 38 36 34 32 3218 929ZC 413 401757 39999999999999991126 222320 3299999999999999
 32 33 35 38 41 41 40 37 33 28 25 22 21 21 24 28 32 35 37 38 37 36 35 3418 930ZC 441 4119 6 38999999999999991221 212319 3499999999999999
 34 35 36 38 40 41 41 40 37 32 28 25 22 21 21 24 27 30 33 35 37 37 36 361810 1ZC 516 422029 37999999999999991322 2123 9 3699999999999999
 36 36 37 38 40 41 42 41 40 37 33 29 25 23 21 21 23 26 29 32 34 36 36 371810 2ZC 6 3 429999999999999999999991431 21999999999999999999999
 37 37 37 38 39 40 41 42 41 40 37 33 30 26 23 21 21 22 24 27 30 33 35 371810 3ZC 713 429999999999999999999991551 21999999999999999999999
 37 37 37 37 37 38 39 40 41 41 40 38 35 31 27 24 21 20 21 23 26 30 33 361810 4ZC 843 419999999999999999999991710 20999999999999999999999
 37 37 37 37 36 36 36 37 39 41 42 41 39 36 32 28 24 21 20 20 22 26 30 341810 5ZC 1 7 371014 4299999999999999 458 361816 2099999999999999
 36 37 37 36 35 33 33 33 35 38 41 42 42 41 37 33 28 24 21 19 20 23 27 321810 6ZC 117 371133 4399999999999999 6 1 331911 1999999999999999
 35 37 37 36 34 32 30 30 31 33 37 40 43 43 42 38 33 28 24 21 20 21 25 301810 7ZC 135 371240 4399999999999999 654 3020 0 2099999999999999
 34 37 38 37 34 31 29 27 27 28 31 36 40 43 44 42 38 33 28 24 22 21 23 281810 8ZC 158 381340 4499999999999999 745 262045 2199999999999999
 33 37 38 38 36 33 29 25 24 24 26 30 35 40 43 43 42 38 33 28 25 24 24 261810 9ZC 223 391439 4499999999999999 835 242126 2399999999999999
 31 36 39 39 38 35 30 26 23 21 22 24 29 35 40 42 43 41 37 33 29 27 26 27181010ZC 250 391538 4399999999999999 925 2122 3 2699999999999999
 30 35 39 40 40 37 33 28 24 21 20 20 24 29 35 39 41 41 39 36 33 30 29 29181011ZC 317 401636 41999999999999991014 202237 2999999999999999
 31 34 38 40 41 40 36 31 26 22 20 19 20 24 29 34 38 39 40 38 35 33 32 31181012ZC 344 411732 409999999999999911 0 1923 4 3199999999999999
 32 34 37 40 41 41 39 35 30 25 22 20 19 21 25 29 33 36 38 38 36 35 34 34181013ZC 410 411831 38999999999999991146 192315 3499999999999999
 34 35 37 39 41 41 40 37 33 28 25 22 20 20 22 25 29 32 35 36 36 36 35 35181014ZC 435 411937 36999999999999991232 202234 3599999999999999
 35 36 37 39 40 41 40 38 35 31 28 25 22 21 21 23 26 28 31 33 34 35 35 36181015ZC 459 419999999999999999999991322 21999999999999999999999
 36 36 37 38 39 40 39 39 37 34 31 28 25 23 22 22 24 26 28 30 32 34 35 35181016ZC 524 409999999999999999999991419 22999999999999999999999
 36 36 37 37 38 38 38 38 37 35 33 30 28 26 24 23 23 24 25 27 30 32 33 34181017ZC 559 389999999999999999999991530 23999999999999999999999
 35 36 36 36 36 36 36 36 36 36 34 33 30 28 26 24 23 23 24 25 27 30 32 34181018ZC 722 369999999999999999999991646 23999999999999999999999
 35 35 35 34 34 34 34 34 35 35 35 34 33 31 28 26 24 23 23 23 25 28 30 33181019ZC 112 35 917 3599999999999999 522 341744 2399999999999999
 34 35 34 33 32 32 31 32 32 34 35 35 34 33 31 28 26 24 23 23 24 26 29 32181020ZC 1 7 351054 3599999999999999 6 3 311829 2299999999999999
 34 34 34 33 31 30 29 29 30 31 33 35 35 35 33 31 28 25 23 22 23 25 28 31181021ZC 111 3412 2 3599999999999999 636 2919 6 2299999999999999
 33 34 34 33 31 29 27 26 27 28 31 33 35 36 35 33 30 27 25 23 23 24 27 30181022ZC 121 341255 3699999999999999 7 9 261941 2399999999999999
 33 35 35 33 31 28 26 24 24 25 27 31 34 36 37 36 33 30 27 25 24 24 26 29181023ZC 135 351344 3799999999999999 743 242015 2499999999999999
 33 35 36 35 32 29 25 22 21 22 24 28 32 36 37 38 36 33 30 27 25 25 26 29181024ZC 150 361432 3899999999999999 820 212048 2599999999999999
 33 36 37 36 34 30 26 22 20 19 20 23 28 33 37 38 38 36 33 30 28 27 27 29181025ZC 2 9 371523 3899999999999999 859 192120 2799999999999999
 32 36 38 38 36 33 28 23 20 17 17 19 23 29 34 37 39 38 36 33 30 29 29 30181026ZC 231 381616 3999999999999999 941 172150 2999999999999999
 32 36 39 40 39 36 32 26 21 18 16 16 19 24 30 34 37 38 38 36 33 31 31 31181027ZC 259 401712 38999999999999991027 162216 3199999999999999
 32 35 39 41 41 39 35 30 24 20 16 15 16 19 24 29 34 36 37 37 35 33 33 33181028ZC 330 411811 37999999999999991116 152232 3399999999999999
 33 35 38 40 42 41 38 34 29 23 19 16 15 16 19 24 29 32 35 36 36 35 34 34181029ZC 4 6 421917 36999999999999991210 152238 3499999999999999
 34 35 37 39 41 41 40 38 34 28 23 19 17 15 16 19 23 27 31 33 35 35 35 35181030ZC 449 419999999999999999999991310 15999999999999999999999
 35 35 36 37 39 40 40 39 37 33 28 24 20 18 16 17 19 22 26 29 32 34 34 35181031ZC 543 409999999999999999999991416 16999999999999999999999
 35 35 35 35 36 37 38 39 38 36 33 29 25 22 19 17 17 19 22 25 29 32 33 341811 1ZC 659 392352 34999999999999991530 17999999999999999999999
 34 34 34 33 33 33 35 36 37 37 36 33 30 27 23 20 18 18 19 22 25 29 32 331811 2ZC 836 37999999999999999999999 345 331644 1899999999999999
 34 34 33 32 30 30 30 32 33 35 36 36 34 31 28 24 21 19 19 20 23 27 30 331811 3ZC 0 4 341015 3699999999999999 5 8 301748 1999999999999999
 34 34 33 31 29 27 26 27 29 31 34 36 36 35 32 29 25 23 21 20 22 25 29 321811 4ZC 022 341141 3699999999999999 6 9 261842 2099999999999999
 34 35 34 31 28 25 23 23 23 26 30 34 36 37 36 33 30 26 24 22 22 24 28 321811 5ZC 043 351252 3799999999999999 7 1 231928 2299999999999999
 35 36 35 33 29 25 22 20 19 21 24 29 33 36 37 36 34 30 27 25 24 25 27 311811 6ZC 1 6 361356 3799999999999999 749 1920 9 2499999999999999
 35 37 37 35 32 27 23 19 17 17 19 24 29 34 36 37 36 34 31 28 27 26 28 311811 7ZC 131 371456 3799999999999999 834 172046 2699999999999999
 35 38 39 37 34 30 25 20 17 15 16 19 24 30 34 37 37 36 34 31 29 29 29 311811 8ZC 158 391551 3799999999999999 918 152118 2899999999999999
 34 37 39 39 37 33 28 22 18 15 14 15 19 25 30 34 36 37 35 33 32 31 30 311811 9ZC 226 401644 379999999999999910 0 142142 3099999999999999
 34 37 39 40 39 36 31 26 21 17 15 14 16 21 26 31 34 36 36 35 33 32 32 32181110ZC 255 401734 36999999999999991040 142154 3299999999999999
 34 36 39 40 40 38 34 29 24 19 16 15 15 18 22 27 31 33 35 35 34 33 33 33181111ZC 323 401825 35999999999999991120 142155 3399999999999999
 34 35 37 39 40 39 36 32 27 22 19 16 15 16 19 23 27 30 33 34 33 33 33 33181112ZC 350 401922 349999999999999912 0 152152 3399999999999999
 34 35 36 38 39 38 37 34 30 25 21 18 17 16 18 20 24 27 30 31 32 32 32 33181113ZC 417 399999999999999999999991242 16999999999999999999999
 33 34 35 36 37 37 36 34 31 28 24 21 19 18 18 19 21 24 27 29 30 31 32 32181114ZC 445 379999999999999999999991327 17999999999999999999999
 32 33 33 34 34 35 34 34 32 29 26 23 21 19 18 19 20 22 24 26 29 30 31 31181115ZC 518 359999999999999999999991419 18999999999999999999999
 32 31 31 31 32 32 32 32 31 30 28 26 23 21 20 19 19 20 22 24 27 29 30 31181116ZC 613 322351 31999999999999991518 19999999999999999999999
 31 31 30 29 29 29 29 29 30 29 29 27 26 24 22 20 20 20 21 23 25 27 29 30181117ZC 8 5 302353 3199999999999999 450 291619 2099999999999999
 31 30 29 28 27 26 26 26 27 28 28 28 27 26 24 22 21 21 21 22 24 27 29 30181118ZC10 9 29999999999999999999999 544 261713 2099999999999999
 31 31 29 27 25 24 23 23 24 26 28 29 29 28 27 25 23 22 21 22 24 26 29 31181119ZC 0 2 311143 2999999999999999 621 231759 2199999999999999
 32 31 30 27 25 22 21 20 21 23 26 28 30 30 29 28 26 24 23 23 24 26 29 31181120ZC 014 321250 3099999999999999 655 201840 2399999999999999
 33 33 31 29 25 22 19 18 18 19 22 26 29 31 31 31 29 27 25 24 25 26 29 32181121ZC 030 331347 3199999999999999 730 171918 2499999999999999
 34 35 34 31 27 22 19 16 15 15 18 23 27 31 33 33 32 30 28 26 26 27 29 32181122ZC 051 351442 3399999999999999 8 8 151954 2699999999999999
 35 37 36 34 30 25 20 15 13 12 14 18 24 29 32 34 34 33 31 29 28 28 29 31181123ZC 118 371535 3499999999999999 848 122029 2899999999999999
 35 38 38 37 34 29 23 17 13 11 10 13 18 24 30 33 35 35 33 31 30 29 30 31181124ZC 150 391628 3599999999999999 933 1021 2 2999999999999999
 34 38 40 40 37 33 27 21 15 11  9  9 13 19 25 30 33 35 35 33 31 30 30 31181125ZC 227 401721 35999999999999991021  92132 3099999999999999
 33 36 39 41 40 37 32 26 19 13 10  8  9 13 19 25 30 33 34 34 32 31 31 31181126ZC 3 8 411817 34999999999999991111  822 2 3199999999999999
 32 34 37 40 41 40 36 31 25 18 13 10  8 10 14 19 24 29 32 33 33 32 31 31181127ZC 354 411916 339999999999999912 5  82239 3199999999999999
 31 32 34 37 39 39 38 35 30 24 18 14 11  9 11 14 19 24 28 30 31 31 31 30181128ZC 444 402021 329999999999999913 1  9999999999999999999999
 30 30 31 33 35 37 37 36 33 29 23 19 15 12 11 12 15 20 24 27 29 30 30 30181129ZC 543 372129 3199999999999999 016 3014 0 1199999999999999
 30 29 29 29 31 32 34 34 34 31 28 24 20 17 14 13 14 17 20 24 27 29 30 30181130ZC 656 342221 3099999999999999 2 3 2915 2 1399999999999999
 29 28 27 26 26 27 29 30 31 31 30 28 24 21 19 17 16 16 19 22 25 28 30 301812 1ZC 830 312256 3099999999999999 337 2616 5 1699999999999999
 30 28 26 25 23 23 23 25 27 29 29 29 28 25 23 21 19 18 19 21 24 27 29 311812 2ZC1017 292325 3199999999999999 5 0 2317 5 1899999999999999
 31 29 27 24 22 20 19 20 21 24 27 28 29 28 27 25 23 21 21 21 23 26 29 311812 3ZC1154 292351 3299999999999999 6 7 191759 2199999999999999
 32 31 29 25 22 19 16 16 16 19 22 26 28 29 29 28 26 24 23 23 24 26 29 321812 4ZC1315 29999999999999999999999 7 1 161844 2399999999999999
 33 33 31 28 23 19 16 14 13 14 18 22 26 29 30 30 29 27 26 25 25 27 29 321812 5ZC 019 341424 3099999999999999 748 131922 2599999999999999
 34 35 34 31 26 21 17 13 11 11 14 18 23 27 30 31 31 29 28 27 27 27 29 321812 6ZC 047 351520 3199999999999999 831 111953 2799999999999999
 35 36 36 34 30 24 19 15 11 10 11 14 19 24 28 30 31 31 30 29 28 28 29 311812 7ZC 118 3616 8 3199999999999999 910 102017 2899999999999999
 34 36 37 36 33 28 22 17 13 10  9 11 15 20 25 29 31 32 31 30 29 29 29 311812 8ZC 150 371651 3299999999999999 948  92037 2999999999999999
 33 36 37 37 35 31 26 20 15 11  9 10 12 17 22 26 29 31 31 30 29 29 29 301812 9ZC 223 381732 31999999999999991024  92057 2999999999999999
 32 34 36 37 36 33 29 23 18 13 10  9 11 14 19 23 27 29 30 30 29 29 29 29181210ZC 255 371813 309999999999999911 0  92121 2999999999999999
 31 33 35 36 36 34 31 26 21 16 12 10 10 12 15 20 24 27 29 29 29 28 28 28181211ZC 328 361855 29999999999999991136 102148 2899999999999999
 29 30 32 34 35 34 32 28 23 18 14 12 10 11 13 17 21 24 26 28 28 27 27 27181212ZC 4 0 351941 28999999999999991212 102224 2799999999999999
 28 28 30 31 32 32 31 29 25 21 17 14 12 11 12 15 18 21 24 26 27 27 26 26181213ZC 433 332030 27999999999999991249 112339 2699999999999999
 26 26 27 28 29 30 29 28 26 22 19 16 14 12 13 14 16 19 22 24 26 26 26 26181214ZC 5 9 302117 26999999999999991327 12999999999999999999999
 25 25 25 25 26 27 27 26 25 23 20 18 16 14 14 14 16 18 20 23 25 26 26 26181215ZC 554 272151 2699999999999999 146 2514 6 1499999999999999
 25 24 23 23 23 23 24 24 24 23 22 20 18 16 16 15 16 17 20 22 24 26 26 26181216ZC 7 9 242216 2699999999999999 329 231446 1599999999999999
 25 24 22 21 20 20 20 21 22 22 22 21 20 19 18 17 17 18 20 22 24 26 27 27181217ZC 912 222237 2799999999999999 452 201530 1799999999999999
 26 24 22 20 18 17 17 18 19 20 22 22 22 21 20 20 19 19 20 22 24 26 28 28181218ZC1120 2223 0 2899999999999999 547 171619 1999999999999999
 28 26 23 20 17 15 14 14 15 18 20 22 23 24 23 22 22 21 21 22 24 26 29 30181219ZC1252 242327 3099999999999999 630 141714 2199999999999999
 30 28 26 22 18 15 12 11 11 14 17 21 23 25 26 25 24 24 23 23 25 27 29 31181220ZC14 0 26999999999999999999999 711 1118 7 2399999999999999
 32 32 29 25 20 15 11  9  8  9 13 17 22 25 27 28 27 26 25 25 25 27 29 32181221ZC 0 1 321456 2899999999999999 754  81856 2599999999999999
 34 35 33 29 24 18 13  8  6  5  8 12 18 23 27 29 29 28 27 26 26 26 28 31181222ZC 041 351547 2999999999999999 839  51941 2699999999999999
 34 36 36 34 29 23 16 10  6  3  4  7 12 19 24 28 29 30 28 27 26 26 27 29181223ZC 125 371635 3099999999999999 927  32024 2699999999999999
 33 36 38 37 34 29 22 14  8  4  2  2  6 13 19 24 28 29 29 28 26 26 26 27181224ZC 212 381721 29999999999999991016  221 8 2699999999999999
 30 34 37 38 37 34 28 20 13  7  3  1  2  7 13 20 24 27 29 28 26 25 25 25181225ZC 3 2 3818 8 299999999999999911 7  12158 2599999999999999
 27 30 33 37 38 36 32 26 19 12  7  3  2  3  8 14 20 24 27 27 27 25 24 24181226ZC 353 381854 27999999999999991158  223 5 2499999999999999
 24 25 28 32 35 35 34 30 24 18 12  7  4  3  5 10 15 20 24 26 26 25 24 23181227ZC 447 351941 26999999999999991248  3999999999999999999999
 22 22 23 26 29 31 32 31 27 23 17 12  9  7  6  8 12 17 21 24 25 25 24 23181228ZC 546 322026 2599999999999999 030 221338  699999999999999
 21 20 20 21 23 26 27 28 27 25 21 17 14 11 10 10 12 15 19 22 24 25 25 23181229ZC 656 2821 9 2599999999999999 152 201428  999999999999999
 22 20 18 17 18 19 21 23 24 24 23 20 18 16 14 13 13 15 18 21 23 25 26 25181230ZC 827 242149 2699999999999999 315 171517 1399999999999999
 23 21 18 16 15 14 15 17 19 21 21 21 20 19 18 17 16 17 18 21 23 25 26 26181231ZC1021 212225 2699999999999999 442 1416 5 1699999999999999
