 -9  7 42 87132166183181161131100 78 70 81106140174198204188152102 49  518 1 1ZO 6221851746204999999999999991155 70999999999999999999999
-20-21  2 44 94142177192185161128 96 74 70 84113150184205206184142 88 3418 1 2ZO 711192183320899999999999999 032-241244 6999999999999999
 -8-29-24  5 52105152184194183156121 89 71 71 89121158190207203176131 7618 1 3ZO 758195191920899999999999999 118-301330 6899999999999999
 24-14-28-17 16 65117160187192176146111 83 69 73 9412716219020319416411818 1 4ZO 84319320 620399999999999999 2 4-281417 6899999999999999
 66 20-11-19 -3 33 81128166186185165135103 79 69 76 9812916118419218014918 1 5ZO 927188205419299999999999999 249-1915 4 6999999999999999
106 60 22 -1 -2 18 54 97138168180175154125 97 77 71 7910012815417217616318 1 6ZO1010181214317699999999999999 333 -41554 7199999999999999
135 98 60 30 16 20 41 74111145167173164144117 93 77 73 81 9912214315615818 1 7ZO1055173223815999999999999999 417 151649 7299999999999999
146123 94 65 44 36 43 63 91122148163166156136113 92 78 73 79 9311112813918 1 8ZO1141166234314299999999999999 5 3 361754 7399999999999999
141133117 95 75 60 56 63 81104128148159160150132111 91 77 71 74 84 9811318 1 9ZO1232161999999999999999999999 552 561911 7199999999999999
124130127117102 87 76 73 79 92111131147156156147130110 89 74 65 64 72 8518 110ZO 1 9130133015799999999999999 653 732033 6399999999999999
101115125127122112 99 89 84 87 98114132147156156147129107 84 66 54 52 6018 111ZO 248127143115799999999999999 8 7 842142 5299999999999999
 75 94113127133131121108 96 89 90100115133149159158147127101 75 53 41 4018 112ZO 412133152816099999999999999 923 892234 3999999999999999
 51 71 95118136143140128112 97 88 89100117138155164161146121 91 61 38 2718 113ZO 5111431617164999999999999991025 872316 2799999999999999
 31 47 73103130147153146129109 92 84 87102123146163170162141110 75 44 2318 114ZO 5551531659170999999999999991114 842352 1699999999999999
 16 27 51 83117144159159146125102 85 79 88107133157172174160132 95 57 2618 115ZO 6311611737175999999999999991154 79999999999999999999999
 10 11 30 61 99133157167160140114 91 77 77 92117145169180174152117 75 3818 116ZO 7 4167181118099999999999999 025  81229 7599999999999999
 11  3 13 40 78117149168169154129101 80 72 79101130159179183169139 98 5618 117ZO 734170184518499999999999999 057  313 1 7299999999999999
 21  2  3 23 57 98136162172165143114 88 71 70 85112144170184180158121 7818 118ZO 8 3172191818599999999999999 127  01333 6999999999999999
 38 10  1 11 39 78119152170171155129 99 76 67 73 9512515517718317114210218 119ZO 832173195118499999999999999 158  114 6 6799999999999999
 60 25  6  7 26 60100137163173165143114 87 69 66 7910513516217817715712418 120ZO 9 2173202618099999999999999 228  41440 6599999999999999
 84 46 20 10 20 46 82120151169170155130101 77 66 69 8611314116417316514218 121ZO 93317121 317399999999999999 3 0 101517 6599999999999999
108 71 40 22 22 38 67102135159169163144117 91 72 65 72 9111714215916315218 122ZO10 6169214616399999999999999 332 201559 6599999999999999
128 96 65 42 32 38 57 86118145162165155134108 85 69 65 74 9211513614915118 123ZO1043166223715299999999999999 4 8 321648 6599999999999999
140118 92 68 51 47 55 75101128150161161148127103 81 67 63 71 8710712513818 124ZO1127163234414099999999999999 450 461749 6399999999999999
140132116 96 77 65 63 71 89111133150159157145125101 79 64 58 62 75 9311218 125ZO1220160999999999999999999999 542 6219 4 5899999999999999
126133131121106 91 81 77 83 96114134150159158146126102 77 57 47 47 58 7718 126ZO 115133132515999999999999999 652 772027 4699999999999999
 99119132137132121107 94 87 88 98114133150162163152131102 72 47 31 29 4018 127ZO 259137143716499999999999999 823 862140 2899999999999999
 61 89116137148147136119102 90 87 94111132154169172161136102 65 32 12  918 128ZO 424149154517399999999999999 948 872242  899999999999999
 22 50 85121148162162148126103 86 81 89108135161180184170140 98 54 16 -618 129ZO 5271641644184999999999999991055 812335-1099999999999999
 -8 10 45 89130162177173154125 97 78 73 84108141171192194176139 91 40  018 130ZO 6181771738196999999999999991149 72999999999999999999999
-21-18  7 49 99144175187178152118 87 67 65 81111148182201200177133 80 2718 131ZO 7 2187182720499999999999999 024-231237 6399999999999999
-11-28-19 14 62114159186191175143105 74 57 60 82117157189206200170123 6818 2 1ZO 743192191420699999999999999 1 9-281322 5699999999999999
 17-16-26 -9 29 80131171191188165129 91 62 50 59 8612316219220319115710918 2 2ZO 82219320 020399999999999999 151-2614 4 5099999999999999
 56 13-13-13 10 52102148179190179150113 77 54 48 62 9112816418719217514118 2 3ZO 859190204419399999999999999 231-161447 4899999999999999
 95 49 15  0  8 36 77122160181183165134 98 68 50 51 68 9613015917617515618 2 4ZO 934185212817899999999999999 310  01529 4899999999999999
123 84 48 25 19 33 63101138166177171149119 87 63 52 56 73 9912714916015618 2 5ZO10 9177221416099999999999999 346 191614 5199999999999999
138110 79 54 41 43 60 88119147165168157135108 81 63 56 61 76 9811913514218 2 6ZO104416923 614299999999999999 422 4017 4 5699999999999999
137123102 81 65 60 66 82105130149159158145125102 80 66 60 64 76 9110812018 2 7ZO1123160999999999999999999999 5 0 6018 4 6099999999999999
126124116103 90 80 78 84 97115132145151148137120101 82 69 62 63 70 82 9518 2 8ZO 016126121115199999999999999 546 781924 6199999999999999
108116119116110101 95 92 95104116129140145143135120102 84 69 59 56 61 7118 2 9ZO 2 1119131714599999999999999 657 922053 5699999999999999
 85101114122124120113105 99 99103113124135143144137123104 83 64 51 46 5018 210ZO 351124143814499999999999999 840 9822 4 4699999999999999
 62 81101119131135131121109 99 95 98108122136146149142126103 77 54 39 3418 211ZO 45813515471499999999999999910 5 952254 3499999999999999
 41 59 83109131144146137122105 92 87 92106124142155157146125 96 65 40 2518 212ZO 54014616401579999999999999911 0 872333 2399999999999999
 24 38 63 94123146156152137116 95 81 79 89109133154166164147118 83 49 2418 213ZO 6141561722167999999999999991141 78999999999999999999999
 14 20 42 74110141160164152129103 81 70 74 92118146167175166142105 66 3218 214ZO 643164175917599999999999999 0 8 131215 7099999999999999
 11  8 24 54 93130158170165144115 87 67 63 75100132161179180163130 88 4718 215ZO 711171183418299999999999999 039  71246 6299999999999999
 16  3 10 36 74115151172174159130 97 70 56 60 81113147175187179152112 6818 216ZO 73717619 718799999999999999 1 9  31317 5599999999999999
 30  7  4 21 56 98138168179170146112 78 56 50 63 91127161183187170137 9318 217ZO 8 4179194118899999999999999 138  21349 4999999999999999
 50 19  5 13 40 80122158178178160128 92 62 46 49 6910313917018518015711918 218ZO 831181201718699999999999999 2 8  51421 4599999999999999
 76 39 16 13 31 64105144171181171145110 75 50 42 52 7811314717218016814018 219ZO 859181205518099999999999999 238 121456 4299999999999999
102 64 35 22 29 53 89127159176176158128 93 62 44 42 58 8611914916716915418 220ZO 929179213617099999999999999 3 9 221535 4199999999999999
125 91 60 40 37 50 77110142166174167144113 81 55 42 45 62 8911914315615518 221ZO10 2174222515899999999999999 343 361619 4199999999999999
140115 88 65 54 56 72 97125150165167156133103 75 54 44 48 63 8711113214318 222ZO1039168232714499999999999999 420 531713 4499999999999999
142131113 93 78 71 75 89109131150160159147126101 76 56 46 47 59 77 9911718 223ZO1127161999999999999999999999 5 7 711823 4599999999999999
130134129118105 94 88 90 99114130144153154145128105 81 59 46 42 48 63 8318 224ZO 056134123415499999999999999 615 881953 4199999999999999
104121132135130121110101 98101110123137149154150136114 87 61 41 30 32 4618 225ZO 25013514 615499999999999999 8 3 982121 3099999999999999
 68 95120138147145135121106 96 93100114132150161161148124 92 59 31 16 1618 226ZO 421148153216299999999999999 946 932230 1499999999999999
 31 59 93126151162160145123101 85 81 88107132156173175161131 92 51 18  118 227ZO 5191631639176999999999999991054 802324 -199999999999999
  2 23 59101139166177169147117 89 70 66 79104137167187188169133 86 40  518 228ZO 6 41771734190999999999999991144 66999999999999999999999
-11 -3 25 68116157182186170140103 71 54 54 74107146180198195170127 76 2818 3 1ZO 642187182320099999999999999 011-111228 5199999999999999
 -4-14  1 38 86136174192188163125 84 53 40 48 75114156189203195163116 6318 3 2ZO 71819319 820499999999999999 053-1413 8 4099999999999999
 19 -6 -7 17 59110156186195180147105 65 39 32 48 8112316419320018514910118 3 3ZO 752195195020199999999999999 132-101347 3299999999999999
 52 16  1 10 41 86133172192189165127 84 49 30 32 54 9013216818918916813118 3 4ZO 823194203119299999999999999 2 8  11425 2899999999999999
 86 46 21 17 34 69112153180189176146106 67 39 29 38 6410013616517817214918 3 5ZO 853189211117899999999999999 241 1615 2 2999999999999999
114 77 47 33 39 62 96134164180178158125 88 56 37 34 48 7410613615616215318 3 6ZO 922182215216299999999999999 313 331539 3399999999999999
130101 74 55 51 63 87118147167172162139108 77 53 41 43 58 8210813014414518 3 7ZO 951173223814699999999999999 345 511620 4099999999999999
135117 96 78 69 71 85107131151161160146124 97 73 55 48 53 66 8510512113018 3 8ZO1022162233613299999999999999 417 6817 7 4899999999999999
131124112 98 88 85 89101117134146151146133114 94 75 62 57 59 69 82 9711018 3 9ZO11 1151999999999999999999999 457 8518 9 5699999999999999
119122120114107101 98101108119129137140137127113 97 81 69 61 60 65 75 8818 310ZO 1 7122115814099999999999999 559 981940 6099999999999999
101113121124123118112107105107113121128133133128118103 87 72 61 55 57 6618 311ZO 310124133513499999999999999 7591052114 5599999999999999
 80 98114127134134127117107100 99103112123133138135126109 89 69 54 46 4818 312ZO 427135151313899999999999999 945 992219 4599999999999999
 59 79102123139146143131115100 90 88 95109126140148146133111 85 60 42 3518 313ZO 5101461617148999999999999991042 8823 4 3599999999999999
 40 58 85113138154157147128105 86 76 78 91112135153160154135107 74 46 2918 314ZO 54315717 4161999999999999991121 752340 2599999999999999
 26 39 65 99131156167162143116 89 70 63 72 94123150168172159131 95 59 3118 315ZO 6111671743172999999999999991154 63999999999999999999999
 18 24 47 81119152172174159130 97 69 53 55 73104138167181178156120 79 4218 316ZO 637175181918299999999999999 012 181225 5299999999999999
 19 15 31 63103143171182173147111 75 49 41 52 80118155181190177146105 6218 317ZO 7 3182185419099999999999999 043 141256 4099999999999999
 29 14 20 46 86129165185185164128 88 53 33 34 55 92133169190190169132 8818 318ZO 729188193019399999999999999 113 131327 3199999999999999
 48 23 18 35 69112153181191178147106 65 34 23 34 6410514717819218415611618 319ZO 75619120 719299999999999999 143 1714 1 2399999999999999
 74 41 25 31 56 94136171189187164127 84 46 23 21 39 7411615518018617214118 320ZO 824191204718699999999999999 214 251436 1999999999999999
102 66 42 37 51 81118155180188176146107 66 34 19 24 48 8412315617417415718 321ZO 854188213117799999999999999 247 361515 1899999999999999
128 94 67 52 55 73103136164180179161129 91 55 30 22 31 56 8912314916216018 322ZO 926182222116399999999999999 321 511558 2299999999999999
144120 94 75 68 75 94119145165173166146116 83 54 34 29 39 60 8811613814818 323ZO10 4173232414999999999999999 4 0 681650 2999999999999999
147136119101 89 86 92107126145158162154137112 84 60 43 37 43 59 8110412418 324ZO1051162999999999999999999999 449 861759 3799999999999999
136140135125114104100103111124137147151148136116 93 70 52 42 42 52 70 9118 325ZO 05414012 515199999999999999 6 71001930 4199999999999999
113130140142137127116108103105113124136145148143128106 81 58 42 36 41 5718 326ZO 245142135314899999999999999 81110321 2 3699999999999999
 81108131148154150138121105 94 92 98112129146156156143119 89 59 36 26 3018 327ZO 4 5154152815799999999999999 948 912212 2599999999999999
 49 78111141161168160142117 94 78 74 83103129154169171156127 90 54 27 1618 328ZO 4571681636172999999999999991048 7423 6 1699999999999999
 24 48 84123157177179164136104 75 58 57 73101135166183183163128 85 46 1918 329ZO 5381801729186999999999999991133 562351 1199999999999999
 11 25 57 99142174189183159122 84 54 40 45 69106146178194189163122 76 3718 330ZO 6131901816195999999999999991213 39999999999999999999999
 14 14 36 75121162189195179145102 62 35 27 41 73116157188198187154110 6518 331ZO 645196185919899999999999999 031 111250 2799999999999999
 31 17 26 56 99144180197192165124 79 41 21 22 45 83128167191195176140 9718 4 1ZO 716198193919699999999999999 1 7 171326 1999999999999999
 57 32 28 46 81124164190196179144100 57 27 15 26 55 9613817218818416012418 4 2ZO 745196201818999999999999999 140 2714 1 1599999999999999
 85 54 40 46 70107146177192186160121 78 41 20 18 36 6910914517117916814318 4 3ZO 812192205617999999999999999 212 391434 1799999999999999
110 78 58 54 68 95130161181184169138 99 61 33 22 28 50 8311814716416515218 4 4ZO 839185213516799999999999999 243 5315 8 2199999999999999
128100 78 67 71 89116144167176170149117 83 52 34 30 41 64 9412214415415118 4 5ZO 9 7176221715499999999999999 314 671544 2999999999999999
137117 97 84 80 89107129150164165153131103 74 52 40 42 54 75 9912113614218 4 6ZO 93716623 814299999999999999 347 801624 3999999999999999
139128114101 93 94103117134147154151138119 95 74 58 51 53 64 80 9911512718 4 7ZO1012154999999999999999999999 427 921714 5099999999999999
133132126117109104104110119130139142139129114 96 80 67 60 61 68 80 9410918 4 8ZO 02013311 214299999999999999 5261031827 6099999999999999
121129132130125118112109110114121128132132127117103 88 75 66 63 66 75 8918 4 9ZO 2 5132123013399999999999999 71610820 3 6399999999999999
105120132139139133124113105102104110119128133132125112 96 79 66 59 60 6918 410ZO 331140142513499999999999999 9 81022123 5899999999999999
 85106126142150148139124107 95 89 92102117131141143136120 99 77 60 51 5318 411ZO 4211501544144999999999999991010 892219 5099999999999999
 66 88115139156161155138115 93 78 74 82 99121142155156145123 96 69 49 4218 412ZO 4571611637157999999999999991051 7423 0 4299999999999999
 49 70 99130156171170154128 99 74 60 61 77103133157170168150120 87 57 3918 413ZO 5271721720171999999999999991125 592336 3699999999999999
 37 53 81117151175182171145110 76 51 43 53 79114149174183174148111 74 4618 414ZO 5541821759183999999999999991157 43999999999999999999999
 33 40 64100140172189187164128 86 51 31 31 51 87129166188191174140 99 6218 415ZO 622191183819399999999999999 010 331230 2899999999999999
 38 34 50 83124163190197182149105 61 28 15 25 56 99144179197192167129 8818 416ZO 650197191819899999999999999 043 3313 4 1599999999999999
 54 38 43 67106147182200196170128 80 38 11  8 27 6511215618719818615711718 417ZO 720201195819899999999999999 117 371339  699999999999999
 79 53 46 59 89128166193201186152106 59 21  3  8 34 7612216218719217614518 418ZO 751201204219299999999999999 151 461418  299999999999999
108 77 59 60 79110147178195193171133 88 45 14  4 15 44 8512816218118116318 419ZO 824197212918399999999999999 228 571459  499999999999999
135105 81 71 77 98127157180189181155117 76 39 16 11 25 54 9112815617016818 420ZO 9 1189222317199999999999999 3 7 711545 1199999999999999
153130107 90 86 94112136159174177166142108 73 43 26 23 36 61 9212214615818 421ZO 943178232915999999999999999 352 851639 2299999999999999
158147131114102 99105118136152163164154134108 79 54 39 35 44 63 8811413618 422ZO1038165999999999999999999999 451 991747 3599999999999999
149153148136123112107108115127139149153148135115 91 68 51 44 47 61 8210618 423ZO 05315312 015399999999999999 6201061911 4399999999999999
129146155154145132118107102104112124137147150143127105 81 60 47 46 57 7718 424ZO 224155134815099999999999999 8141022036 4599999999999999
103129151163163153136116 98 88 87 96112131148157155141117 89 64 47 43 5418 425ZO 333164151915899999999999999 936 862146 4399999999999999
 76106137161174172157133105 82 69 69 82105132155169168152124 91 62 44 4118 426ZO 4221751626170999999999999991031 672240 4099999999999999
 55 82117151175185177154122 88 62 50 54 74104138166180177157124 88 58 4118 427ZO 5 21851720181999999999999991115 492325 3999999999999999
 43 63 96134168189191174143104 67 42 34 45 73111149177189181155119 81 5318 428ZO 53719318 6189999999999999991154 34999999999999999999999
 42 51 77115154184197190164124 81 45 25 25 45 80122160186192178147109 7418 429ZO 6 9197184819299999999999999 0 4 421230 2299999999999999
 52 49 65 97136172195198180146101 59 28 15 24 52 93135170189188169136 9918 430ZO 640199192719299999999999999 040 4813 4 1599999999999999
 70 56 61 84119156185198190163123 78 40 17 14 32 6610714717618717915512318 5 1ZO 7 819820 518799999999999999 113 551337 1299999999999999
 91 69 65 78105140171191193176142100 58 27 14 21 45 8212115617718016714118 5 2ZO 736195204218199999999999999 146 641410 1499999999999999
112 87 74 77 96125155179189181157120 80 45 23 19 33 61 9713215917216915318 5 3ZO 8 4189211917399999999999999 217 731443 1899999999999999
129105 87 82 92113139164179180165137101 66 40 27 30 49 7710913815816415818 5 4ZO 834182215916499999999999999 250 821517 2699999999999999
142121102 92 93105125147165172167148120 89 61 42 36 44 63 8911713915315618 5 5ZO 9 6172224515699999999999999 326 911555 3699999999999999
148134118105 99103114131148159161153134110 84 62 50 48 57 75 9711913714718 5 6ZO 943162234314999999999999999 4 8 991639 4799999999999999
149143132120110106109118130142150150141126106 86 69 60 59 67 81 9911813318 5 7ZO1031151999999999999999999999 5 51061736 5899999999999999
143147143135125116110110115124133139141136125109 93 78 69 66 71 83 9911718 5 8ZO 058147114414199999999999999 6301101850 6699999999999999
133144150148140129117108105107114123132138137130117101 86 74 69 71 82 9818 5 9ZO 215150132513899999999999999 8 91052011 6899999999999999
118137151158155145130113 99 93 94103116131141145140127109 90 74 66 68 8118 510ZO 315158145514599999999999999 920 922118 6699999999999999
100124147162168162146123101 83 76 80 94115136152157152135112 89 70 62 6618 511ZO 35816816 01579999999999999910 9 762210 6299999999999999
 83108137161176177164139109 81 63 58 68 91120147166171162140111 84 64 5818 512ZO 4341791651172999999999999991048 582254 5899999999999999
 67 90122154179189182159125 88 57 41 42 61 93130162181184168140107 77 5918 513ZO 5 71891737185999999999999991125 392334 5699999999999999
 58 74104140173195198181148105 63 33 22 31 60101143177194191170136100 7118 514ZO 53919918211959999999999999912 2 22999999999999999999999
 58 63 87122160191206200172130 82 39 13  8 27 64111156189201193166130 9418 515ZO 61320619 520299999999999999 013 571241  799999999999999
 69 62 74103141178204210194158110 60 20 -1  3 29 7312216619520218915912318 516ZO 648211195120399999999999999 052 611321 -299999999999999
 90 71 70 88120158191209207183142 91 43  8 -6  5 37 8213117119519818115118 517ZO 725211203819999999999999999 132 6814 4 -699999999999999
118 91 78 82103135169196207198169126 78 34  6 -2 14 47 9113617118918917218 518ZO 8 4207212919299999999999999 214 771449 -299999999999999
145116 95 87 95116145173193198185156115 71 34 12  9 26 58 9813716618118018 519ZO 848199222318299999999999999 3 0 871538  899999999999999
164141118101 96104123147169184186172145110 72 42 24 23 39 6710213516017318 520ZO 937187232517499999999999999 352 961633 2299999999999999
172160141121108103109123141159171172162140111 80 54 39 38 50 7410313215518 521ZO1038173999999999999999999999 4571031736 3799999999999999
168168159143126112105106115130145157161156141118 92 69 54 50 59 7910413118 522ZO 035169115916199999999999999 6201041847 5099999999999999
153167170162147128112100 97103115131145155156146128105 82 66 59 65 8210618 523ZO 145170133415799999999999999 752 9720 2 5999999999999999
133156171174166149127106 90 83 87100119139154160155138115 92 73 65 69 8618 524ZO 24817515 116099999999999999 9 8 8321 9 6599999999999999
111139163178181169147120 93 74 66 72 88113138159168164147122 96 76 68 7318 525ZO 33918116111689999999999999910 6 6622 6 6899999999999999
 92120150174187185168140107 77 56 51 60 83113144167176171151124 96 76 7018 526ZO 42218817 7176999999999999991053 502254 7099999999999999
 79102132163186194185161127 89 58 40 39 55 85120153176183174150121 93 7618 527ZO 5 01941755183999999999999991133 372337 7399999999999999
 74 89115148177195196180148108 69 40 27 34 58 93132164184186172145114 8918 528ZO 5341981837188999999999999991210 27999999999999999999999
 77 81101131163189200192167130 87 50 26 22 36 6710614517418818416513610718 529ZO 6 7200191618999999999999999 015 761244 2199999999999999
 86 81 92116148177196199182150109 67 35 19 23 46 8112115718118817815412618 530ZO 638200195318899999999999999 050 801317 1899999999999999
100 86 88105132162187198191167130 88 50 26 19 32 60 9813616718418316814318 531ZO 7 8198202918599999999999999 124 851350 1999999999999999
116 96 89 97118146173191194179149110 71 40 24 26 45 7711414817218117515618 6 1ZO 73919521 418199999999999999 157 891423 2299999999999999
132109 95 95108131157179189184164131 94 60 36 29 38 62 9412815617317616518 6 2ZO 812189214117699999999999999 232 931457 2999999999999999
146124106 98103118140163178182172148116 83 55 40 39 53 7810813716017016918 6 3ZO 846183222117199999999999999 3 9 981533 3799999999999999
156138120106103110125145163173172159135106 78 57 47 51 67 9111814316016718 6 4ZO 92517423 716799999999999999 3501031613 4799999999999999
163151134119109107114128144158165161148126102 79 63 58 64 7910112514615918 6 5ZO1011165999999999999999999999 4411071659 5899999999999999
164160149134120111109114125139150156153142124103 85 72 68 74 8810812914818 6 6ZO 0 1164111115699999999999999 5451081754 6899999999999999
160165161150135120109105108118130142149149141127109 93 80 76 81 9311213318 6 7ZO 1 0165123115099999999999999 7 310519 0 7699999999999999
151164169164152134116102 95 97106121136147152147135118100 87 81 84 9611518 6 8ZO 2 016914 015299999999999999 818 952010 8099999999999999
138158172176169153130107 89 80 82 94114135152160158146127106 90 82 85 9918 6 9ZO 252176151816199999999999999 918 792114 8299999999999999
121146169183185173150120 91 70 60 66 84110138161172170156134109 90 82 8618 610ZO 33818616211739999999999999910 8 602210 8199999999999999
103129158182195192173142105 71 47 40 51 77111146173186182164137109 89 8118 611ZO 4201961716186999999999999991054 4023 0 8199999999999999
 89111141173197206196169130 86 48 26 23 41 75117157186197190168137107 8718 612ZO 5 020618 7198999999999999991138 212347 8299999999999999
 82 94121155188209213196161114 66 28  8 11 36 7712516819620519416813410418 613ZO 5422141856205999999999999991222  6999999999999999999999
 86 85102133169200218216192150 98 49 12 -3  7 38 8413417620320819316413018 614ZO 624220194420899999999999999 032 8313 7 -399999999999999
101 87 91112144180208221213183138 85 37  4 -5 10 45 9314218220420518815818 615ZO 7 8221203320799999999999999 118 861353 -599999999999999
125100 90 97120153186211219206173126 76 32  5  0 19 5610314918420219918018 616ZO 754219212220399999999999999 2 5 901441 -199999999999999
151121100 94103126157187207210195162118 72 34 13 13 34 7011315418419719218 617ZO 842211221319799999999999999 254 941530 1099999999999999
172146119102 97107129156181197198183153114 74 43 27 30 50 8412215718219118 618ZO 93520023 519199999999999999 348 971621 2699999999999999
185166142119103 99108126149170184185172147114 81 56 44 48 67 9612915917918 619ZO1035186999999999999999999999 448 991715 4499999999999999
186179162140118104 99104119138156169172163144118 92 72 62 66 8210713516118 620ZO 0 0186114517399999999999999 558 991813 6299999999999999
178183177161139118102 94 96107124142157163159146126104 87 78 80 9411514018 621ZO 05718313 916399999999999999 716 941917 7799999999999999
163178183176160138115 96 85 85 95111131148159160151135116 99 89 9010212218 622ZO 155183143616199999999999999 832 842025 8899999999999999
145167181185177159134108 86 74 72 82101124146161165159143124107 96 9710818 623ZO 250186155416599999999999999 937 712129 9599999999999999
127151173186188178156127 97 73 60 60 74 97124150167172165149128109 9910018 624ZO 3401891656172999999999999991029 592225 9899999999999999
113134159180192191175148115 83 59 48 52 70 99131158176180170150127108 9918 625ZO 4241931746180999999999999991113 472313 9899999999999999
103119143169189197190169136100 67 45 38 49 7410714217018418417014612210418 626ZO 5 41971828186999999999999991152 382355 9899999999999999
 98107127154179196199186158120 82 51 34 34 53 8412115618019018416413911518 627ZO 54120019 6190999999999999991227 32999999999999999999999
100 99113138166190202198177143102 65 38 28 37 63 9913716918919117915512818 628ZO 616202194019299999999999999 032 9813 1 2899999999999999
107 98104123150178198203191163125 84 50 30 29 46 7811615318019218816914318 629ZO 649203201319399999999999999 1 7 981334 2799999999999999
118101 99111134163188201199180147107 69 41 29 37 61 9613416618719118015718 630ZO 722203204619199999999999999 141 9814 6 2999999999999999
131109 99103120146173193200191165130 91 58 38 35 50 7911515017618918617018 7 1ZO 756200211818999999999999999 215 981439 3499999999999999
146121104100109129155179194194179150114 79 53 41 46 67 9713216218118717818 7 2ZO 832196215218799999999999999 250 991512 4199999999999999
159136115102103115137160180189184165136103 73 54 50 61 8411514517018318318 7 3ZO 9 9189222918499999999999999 3291011547 4999999999999999
171151129111103106120140161176181173153125 97 74 61 62 7710012915517418218 7 4ZO 952181231018299999999999999 4131021625 6099999999999999
178164144124109103107121139157169172163145121 97 79 72 76 9111413916117618 7 5ZO1043172235618199999999999999 5 410317 9 7199999999999999
181175160141121107101105117133150161164157142123103 89 83 8810312314616618 7 6ZO1149164999999999999999999999 6 610118 1 8399999999999999
178181174159138118102 94 96107123141154160158146130113100 94 9811012915018 7 7ZO 048182131116199999999999999 717 9419 7 9499999999999999
169182184176159136112 93 82 83 9411213315116216415614112410910210311413318 7 8ZO 145185143916499999999999999 828 81202110199999999999999
155175188190181160132103 79 66 65 7810112715216917516815313411610510511618 7 9ZO 243191155717599999999999999 931 64213110499999999999999
136160182197199186160126 90 62 46 47 64 9312715818018818116314011810510418 710ZO 33820017 2188999999999999991027 44223410399999999999999
117140167192208208190158117 75 43 27 31 53 8913016719220019116914111710218 711ZO 4302101757200999999999999991119 26232910099999999999999
102118145176204219215192153106 59 25 11 19 48 9113817820320919617013811218 712ZO 52022018472109999999999999912 8 11999999999999999999999
 98101120152186214227220191146 94 46 12  2 16 51 9814818921221419616513218 713ZO 6 9228193521699999999999999 019 971256  299999999999999
105 94101124159195222232220186137 83 36  6  1 20 6011016019821621319015718 714ZO 658232202021799999999999999 1 8 931343  099999999999999
123 99 91102128164200224230214178128 75 32  8  9 33 7512417120321620718118 715ZO 74723121 421699999999999999 155 911429  599999999999999
147115 94 90104132167200220222204167119 72 35 18 25 52 9313918020521119818 716ZO 836224214721199999999999999 243 891514 1899999999999999
170137108 91 91106133166194210209190155113 73 45 35 46 7411215318520320318 717ZO 927212223020699999999999999 333 891559 3599999999999999
187160130104 91 92107132160183196194176146112 80 60 56 69 9612916218719918 718ZO1021197231519999999999999999 425 901644 5699999999999999
195178152125103 92 93106127150169180178164141115 92 79 78 9111414216818618 719ZO1122180999999999999999999999 524 911732 7799999999999999
193187170147122103 92 92101118137154165166157141122106 97 9710812714916918 720ZO 0 2193123716799999999999999 632 911827 9699999999999999
184188182166144122102 90 87 9410712514215416015714613312011111111913315218 721ZO 05518814 816099999999999999 748 87193411099999999999999
169181185179165143120100 85 80 84 9711513415116116215514313012011712313518 722ZO 155185153816299999999999999 9 3 80205111799999999999999
152169181186180164142116 93 76 70 74 8911113415416717016315013512311812318 723ZO 25618616471709999999999999910 5 7022 111899999999999999
135153171185189182164137108 82 65 59 67 8611314116417717916915213312011518 724ZO 3531891737180999999999999991055 59225611599999999999999
121136157177191193182160129 96 69 53 51 65 9012215317618718416914812711318 725ZO 4411941816188999999999999991136 50234011099999999999999
111121141165187198197180151115 81 55 43 48 6910113716818819418416313811718 726ZO 5232001850194999999999999991212 43999999999999999999999
106109125150176197205197173138 99 65 43 38 52 8011715418319719517815212518 727ZO 6 0205192119899999999999999 0171051245 3899999999999999
106101111133162189206207191160121 81 51 36 41 63 9713717119420019016613818 728ZO 635209195120199999999999999 0511011316 3599999999999999
112 99100117145175200211204181144103 66 42 36 50 8011815718620119817915218 729ZO 7 9211202020299999999999999 124 971347 3699999999999999
123102 95104127157187206210196166126 86 55 40 44 6610114017419620219016618 730ZO 743211204820299999999999999 156 951417 3999999999999999
136110 95 95111138168194207203182148109 74 51 46 59 8712315918720119717918 731ZO 817208211720199999999999999 229 931447 4599999999999999
151123101 92 98118147175196202192167132 97 69 55 58 7810814417519520018918 8 1ZO 854203214820099999999999999 3 4 921519 5499999999999999
166138112 95 92103125152177192193179153121 91 71 65 75 9812815918419719518 8 2ZO 934195222219799999999999999 343 911552 6599999999999999
179155128105 92 93106128153173184182167143116 93 80 80 9311614417018819418 8 3ZO102018523 019499999999999999 427 911630 7899999999999999
188170146121101 91 93106126148165174172159140118101 93 9610913015317418818 8 4ZO1118175234619199999999999999 520 901715 9399999999999999
191183165141118 99 89 8910011813815516516615814412811410811012113815717518 8 5ZO1236167999999999999999999999 626 88181610799999999999999
186189181164141117 96 83 81 8910512514516016616415414112812011912613915718 8 6ZO 044189141316699999999999999 744 80193811899999999999999
174187191184168143116 91 73 67 73 8911313815917217516815513912712112513718 8 7ZO 155191154517599999999999999 9 1 6721 812199999999999999
155174190198193175147114 82 59 49 55 7510413716518418918216514512711711918 8 8ZO 3 719816541899999999999999910 8 49222211699999999999999
132153178199209204183150109 71 43 32 40 6510114117619820319217014312010818 8 9ZO 41220917482039999999999999911 5 32232010799999999999999
111127155185210221215189149101 58 27 17 30 6210615219021121319616713510918 810ZO 5102221835215999999999999991156 17999999999999999999999
 97103125159194221232222191144 91 45 16 10 29 6811816720422121719315812218 811ZO 6 2232191722299999999999999 010 971243  999999999999999
 96 87 98126165203230238223186135 81 36 12 13 38 8313518221522521318314418 812ZO 651238195722599999999999999 057 871328  999999999999999
108 84 81 97130171209233237217176124 73 34 17 25 5710315419622122320316918 813ZO 739238203522599999999999999 141 801410 1699999999999999
129 95 77 78 99135175209229227204163114 69 39 31 46 8112617120522121418918 814ZO 826231211222199999999999999 225 751450 3199999999999999
153115 86 73 80104138175204218212187149107 72 52 52 7210714818420821420118 815ZO 912218214821599999999999999 3 9 731529 4999999999999999
173138105 82 75 85108139170193201193170139106 81 70 77 9813016319020520318 816ZO10 1201222420699999999999999 355 7516 7 7099999999999999
187159128100 83 80 90111136161178183176157134111 95 9110112014617119019718 817ZO105518323 319799999999999999 444 791647 9199999999999999
191174149123101 87 85 9311013014916216716315113512011111111913515417218418 818ZO12 2167234918799999999999999 542 85173411099999999999999
187180165144123104 92 88 9310512013614915715715214313312612513014115416718 819ZO1336158999999999999999999999 655 88184212499999999999999
177179174162145125107 94 87 88 9711112714215416015915314413613113213915018 820ZO 052179152016099999999999999 821 87201913199999999999999
162171176174164148128107 91 81 80 8810312314315916816916215013813012813318 821ZO 212176163416999999999999999 937 79214612899999999999999
144158171179178169150127103 83 71 71 8110112615117017917716615013312212018 822ZO 3271801720180999999999999991033 69224412099999999999999
127142161177187185172149121 92 70 60 63 8010713716518318918216414212311218 823ZO 4241871756189999999999999991116 60232611099999999999999
112125146169188196191172143109 78 57 51 62 8611915318119519417915512910918 824ZO 5 91961826197999999999999991152 51999999999999999999999
102109128155181200204192166130 93 63 47 49 6810013817219520219216913911218 825ZO 547205185420399999999999999 0 11021224 4599999999999999
 96 95111138169196210208187153113 76 50 42 54 8212116019020620318315312118 826ZO 622211192020799999999999999 033 941254 4299999999999999
 96 87 95118151184208216204176136 95 61 44 46 6810314418120420919616813318 827ZO 655216194621099999999999999 1 3 871323 4299999999999999
102 84 82 99130166197215214194159117 79 53 45 58 8812816719821120518214918 828ZO 728217201221299999999999999 134 811351 4599999999999999
114 87 76 84108143178205215206179141101 69 52 56 7711315218720821119516518 829ZO 8 2215203921299999999999999 2 5 761420 5199999999999999
129 97 77 74 89119154186206209193163125 90 67 60 7310013717219921020318018 830ZO 83921021 721099999999999999 239 731450 6099999999999999
147112 85 72 76 97128161188201198178148115 88 73 76 9412315618520320519118 831ZO 918202213720699999999999999 315 711522 7299999999999999
164131100 79 72 81103132162183191185165139112 93 87 9411414116919020019618 9 1ZO10 3191221220099999999999999 356 721557 8799999999999999
178151121 95 78 75 8510513115617317917315713711810510311213015217418919318 9 2ZO1059179225519399999999999999 444 74164010399999999999999
186169144118 95 80 77 8510212314516116816615714312912011912613915517118318 9 3ZO1217169235518699999999999999 547 76174111999999999999999
186181166145121 99 83 76 79 9211013115016216716315514413412913113815116418 9 4ZO14 3167999999999999999999999 710 75191712999999999999999
176183182171153129103 82 70 68 77 9611914316317417616915614313212713014118 9 5ZO 122184154117699999999999999 840 6721 512799999999999999
157173186190183164137106 78 58 53 61 8311314417118719018116414312511611818 9 6ZO 253190164519199999999999999 954 52222011599999999999999
131152175195203197176143104 69 44 37 49 7611415318520320318816313411110018 9 7ZO 4 72041733205999999999999991053 372314 9999999999999999
104123151183208219210184143 97 57 31 27 44 79124168201216211187153118 9318 9 8ZO 5 52191813217999999999999991142 26999999999999999999999
 83 93119156193221231218185137 87 46 23 25 50 92142187216224210177137 9918 9 9ZO 557231185022499999999999999 0 0 831226 2199999999999999
 75 70 87121164204231236218178127 77 39 23 33 6511316320422622420016111718 910ZO 644237192622899999999999999 042 6913 7 2399999999999999
 80 61 64 88127172211233233209166115 69 39 33 51 8913718321622721518314018 911ZO 729236195922799999999999999 123 591345 3299999999999999
 97 66 54 64 93135178212228221193151105 68 48 51 7611616019822022020016318 912ZO 812228203122399999999999999 2 2 541422 4799999999999999
120 82 58 54 70102142180206215204175137100 73 64 7510314017820521620718018 913ZO 85621521 221699999999999999 242 531457 6499999999999999
143105 74 58 60 80111146176195198185159128101 85 8510012715918620320418918 914ZO 940199213420699999999999999 322 571531 8399999999999999
161128 96 73 64 71 9011714516818018016814812610810110612114416818619418918 915ZO102818222 719499999999999999 4 4 6416 710199999999999999
172147119 94 78 74 81 9711814015616516515714413011911712213515216817918118 916ZO1129166224718299999999999999 452 74164911799999999999999
175159139117 98 86 83 87 9911513114515415715414613813112913214015116116818 917ZO1257157234517099999999999999 555 83175612999999999999999
170165154138121105 94 88 89 9610812213714915615815414814113513413614315118 918ZO1449158999999999999999999999 722 88195213499999999999999
159163162156144128112 97 87 84 8910011713515116216716415514413312712713318 919ZO 12216316 516799999999999999 854 84213112699999999999999
143154163167163151134113 95 81 76 81 9611714016017417717015613912411511618 920ZO 3 016716501779999999999999910 0 76222811499999999999999
125140157171176172157135109 86 70 67 76 9712415217418618417115012710910218 921ZO 4 51761723187999999999999991046 6723 710299999999999999
107122144167183188179158129 98 73 60 61 78106139169190195185163135109 9318 922ZO 4521881752195999999999999991123 582339 8999999999999999
 90103127156181197197181152116 83 60 52 62 88123159188202198178148115 8918 923ZO 5301991818203999999999999991156 52999999999999999999999
 78 84106138172197208200175139100 68 51 52 72106146181204208193163126 9218 924ZO 6 5208184320999999999999999 0 9 781225 4999999999999999
 71 68 85116154188210213196163122 84 57 49 61 9013017020021320517914110218 925ZO 63921419 821399999999999999 039 671254 4999999999999999
 71 58 65 91130170202216211185147105 71 53 56 7811415519121221419415911718 926ZO 713217193321699999999999999 1 9 581323 5299999999999999
 79 55 52 69103144183209216201170130 92 66 58 7110013917720621620517713618 927ZO 74921620 021699999999999999 140 511353 5899999999999999
 95 62 47 52 77115156191209208188155117 86 69 71 9112416119321121019115618 928ZO 826211202821399999999999999 214 461424 6899999999999999
115 78 52 45 58 88126163191202196173142110 88 80 8911314417619920719817318 929ZO 9 7203205920799999999999999 250 451457 8099999999999999
138100 68 50 50 67 96131163184191182161135111 97 9610913115818219719818418 930ZO 954191213519999999999999999 331 481534 9599999999999999
158126 93 68 55 58 741001301561731781711551351191111121241421621791881861810 1ZO1052178221918899999999999999 419 54162011099999999999999
172149122 95 74 63 64 77 981231451611671651551431311251251321441581701771810 2ZO1213168232517799999999999999 522 62172912499999999999999
176166149127103 83 70 67 75 901111331511631671631541441341291301361461581810 3ZO1359167999999999999999999999 647 67192412999999999999999
167172169157139115 92 74 65 66 79 991241481661761751661521361241181211321810 4ZO 1 9172152717799999999999999 822 64211111899999999999999
147163176179172153126 97 72 57 55 68 921221531771891871741521291101011041810 5ZO 251179162419099999999999999 938 54221610099999999999999
118141166186194187165133 97 66 47 45 62 92129166192203196174144113 89 801810 6ZO 4 419417 7203999999999999991035 4423 4 8099999999999999
 88110141174199209200172133 91 57 39 41 64101145183208212197166127 91 671810 7ZO 5 12091744213999999999999991123 372345 6299999999999999
 62 77108148186212220205171127 82 49 36 46 76119165201219214189149105 681810 8ZO 55022018182209999999999999912 5 36999999999999999999999
 48 50 74113157197221223202163117 74 46 41 59 96142185215223207172127 821810 9ZO 635225185122399999999999999 025 471243 4099999999999999
 49 36 47 78122168205223218192151106 69 51 55 80120165201220217192150103181010ZO 718224192122299999999999999 1 2 361319 4999999999999999
 62 36 33 52 88133176206217206176137 98 70 62 75105144183209217203171127181011ZO 759217195121799999999999999 139 311353 6299999999999999
 83 49 33 38 63101143179201205189160125 95 78 79 97128163193208205183148181012ZO 840206202020999999999999999 215 321427 7699999999999999
107 69 44 37 49 77113149177191189172146118 98 90 98119147174194199188162181013ZO 921192205019999999999999999 251 3715 0 9099999999999999
128 93 64 48 48 64 90121150170178173158137117105104115134156176186184169181014ZO10 6178212118799999999999999 329 46153510399999999999999
144115 87 66 58 62 77100125146161166161149135122115117127142157170174168181015ZO1059166215717499999999999999 410 57161711599999999999999
154133110 89 74 69 74 86104123140151156154147138129125125131141151158160181016ZO1212156224916099999999999999 5 1 69172212499999999999999
156145129112 96 85 79 81 90103118133145153155151144137130127128133140146181017ZO1350155999999999999999999999 613 79191412799999999999999
150150144133119105 93 85 83 88 98113130145156161159151140129121118121128181018ZO 022151151216199999999999999 748 83205911899999999999999
138146151150142128112 96 84 79 82 94111132151165170166154137120108104109181019ZO 21815116 217099999999999999 9 8 79215810499999999999999
121136150159160152135114 93 78 72 77 93116141164177179169149126105 91 90181020ZO 33516116381809999999999999910 4 722238 8999999999999999
100119141161172172159136110 85 69 65 76 98128157179189183164136107 84 74181021ZO 42717417 8189999999999999991045 652311 7499999999999999
 79 98125154176186180160131 99 74 60 63 82112146176195196180151116 84 63181022ZO 5 81861735198999999999999991120 592342 5999999999999999
 59 74102137170192196183155120 87 63 56 68 95132168195205196169130 90 59181023ZO 54619718 2205999999999999991152 56999999999999999999999
 45 51 76113154187204201180145107 75 58 60 81115155189208208186149105 64181024ZO 622205182821199999999999999 012 441224 5699999999999999
 38 33 49 84128170199210199170132 94 68 59 71100138177205214202170125 79181025ZO 659210185621499999999999999 044 321255 5999999999999999
 42 24 28 55 96142182206209191158119 86 67 68 88121160193212211188149101181026ZO 737210192621499999999999999 118 231328 6599999999999999
 57 27 18 32 65109154189205201179145110 84 74 83107141176202211200170128181027ZO 818206195821199999999999999 154 1814 3 7499999999999999
 82 43 21 20 40 76119159188198190166136107 89 86100125156184201202185152181028ZO 9 2198203320499999999999999 232 181440 8599999999999999
111 70 39 24 29 51 86125159181187177157132110 99100115137162183193189169181029ZO 952187211219399999999999999 316 241522 9899999999999999
139103 68 44 34 40 61 91124152170175168152133118110112124141160174180175181030ZO105317522 318099999999999999 4 6 34161611099999999999999
158133103 75 54 46 51 67 92119143160167164153140127119118125136149161167181031ZO1210167231616799999999999999 5 9 46173611899999999999999
165154135111 87 68 57 57 68 881121351541651661601481341231161161231341461811 1ZO1341167999999999999999999999 629 56192911599999999999999
156161157144124101 79 64 59 65 821061321541701741681541361181051001051171811 2ZO 1 4161145617499999999999999 757 5921 110099999999999999
135152164166158138113 87 66 57 61 78105135162180184176156130105 87 80 861811 3ZO 244167155018599999999999999 912 5722 1 8099999999999999
104129154173179171149119 88 64 54 59 80111146175192193178150116 85 65 601811 4ZO 3571791633195999999999999991010 532248 5999999999999999
 71 97130162185192181155120 85 60 52 61 88124161190203197172136 96 62 431811 5ZO 4541921710204999999999999991058 522329 4199999999999999
 44 63 97137173196200185154115 80 58 54 70102142179203209193159115 72 401811 6ZO 5432011744209999999999999991140 53999999999999999999999
 27 35 63103147183203202181146107 75 58 62 85122162194211206180139 92 501811 7ZO 627205181721299999999999999 0 7 271219 5799999999999999
 24 19 36 70115159191205197172135 99 73 64 76105142179204210195161115 691811 8ZO 7 9205184821099999999999999 044 181255 6499999999999999
 33 15 19 44 83128168194200187159124 93 75 75 94125160190205201177138 921811 9ZO 749201191720699999999999999 119 141329 7399999999999999
 51 23 15 28 58 99140173191191173144114 91 81 89112142173194199185156115181110ZO 827193194719999999999999999 153 1514 2 8199999999999999
 74 40 22 23 42 75113149174184178158133108 93 91104127154178190186167135181111ZO 9 6184201719099999999999999 227 201436 9099999999999999
 97 62 38 28 36 59 90124152170174165146125107 98102117138159175179170148181112ZO 946174205018099999999999999 3 2 281512 9899999999999999
118 86 59 42 40 52 74102130151163164154138122110106111124142157167166154181113ZO1032165212616899999999999999 339 39155510699999999999999
133108 82 62 52 54 66 86109131148156156148136123115112116126138149155152181114ZO1127157221415599999999999999 422 51165211299999999999999
142125105 85 70 63 66 76 92111130144152153147138127119114115121130138143181115ZO1238153232514399999999999999 516 63181811499999999999999
142136124108 93 80 73 74 81 94111128142152155151142130119111108111118127181116ZO1356155999999999999999999999 628 73195810899999999999999
135139137129116102 88 79 76 81 93110129146157161157145128112100 95 97107181117ZO 111139145716199999999999999 751 762110 9599999999999999
120133142144138125109 92 80 75 80 93113135155167169160143120 99 83 78 84181118ZO 246144154117099999999999999 9 1 752159 7899999999999999
 99119138151155148132111 91 76 71 78 96121147168179176159133104 78 63 61181119ZO 351155161717999999999999999 955 712237 6099999999999999
 74 97124149165168157135109 85 70 68 81105135163183188177151116 81 54 42181120ZO 4411681649189999999999999991038 672312 4299999999999999
 48 69101136164179178161133103 78 66 69 89119153181196193171135 93 55 31181121ZO 5251811720197999999999999991117 652346 2499999999999999
 25 40 71112151179191183160127 95 72 64 75102137172197204191159114 68 30181122ZO 6 61911752205999999999999991154 64999999999999999999999
 11 14 39 79125165191197183154119 87 69 68 87119156189207205182141 91 44181123ZO 647198182520999999999999999 022  91231 6699999999999999
 10 -1 11 44 90138177198198178146110 83 70 77101136172200210199168121 70181124ZO 72920019 021099999999999999 1 0 -113 9 7099999999999999
 26 -1 -5 15 53101148182198192169137104 82 77 89116150183204206188151104181125ZO 813198193820899999999999999 139 -71348 7699999999999999
 55 16 -4 -1 24 64111154182192183160130102 86 86101128159185199196174136181126ZO 9 0192201920099999999999999 222 -51431 8499999999999999
 91 48 16  2 10 36 75118154178184174152126104 93 95110134160180189182160181127ZO 95118421 518999999999999999 3 8  21520 9299999999999999
125 86 49 23 14 24 49 83120151171175166147126108 99101114133153169175169181128ZO104817522 117599999999999999 359 141618 9899999999999999
150121 88 57 36 29 38 59 89120147164169162147128112103102110124140154161181129ZO1153169231416199999999999999 457 29173410199999999999999
158145122 96 70 52 44 50 67 92119144161167162149131114101 96 99109124139181130ZO13 4167999999999999999999999 6 5 4419 8 9699999999999999
149152145129107 84 66 56 58 71 93119144162170166153133111 94 84 83 921071812 1ZO 049152141117099999999999999 721 562034 8299999999999999
126142152151139120 97 77 64 64 75 96123148168176171154130103 80 66 64 751812 2ZO 22515315 817699999999999999 834 622139 6499999999999999
 95119142157160150130105 83 68 67 78101130157177183174152121 89 62 47 471812 3ZO 344160155518399999999999999 938 662230 4599999999999999
 62 88119147165169159136109 84 69 69 84110141169186188173144107 70 42 291812 4ZO 4461701636189999999999999991031 672313 2999999999999999
 34 55 88125156174177163137107 82 70 73 92122154181194188166129 87 49 241812 5ZO 5371781714194999999999999991117 692353 1699999999999999
 16 28 57 96135166182180161132102 79 71 80104136168190196183152110 66 301812 6ZO 6221831749196999999999999991158 71999999999999999999999
 10 11 31 66108147175186177154123 95 77 75 90118151180195192170133 88 461812 7ZO 7 3186182219699999999999999 029  81235 7499999999999999
 16  4 13 41 80123159181184170143113 88 77 83103133164187194182153112 681812 8ZO 740185185419499999999999999 1 3  41310 7799999999999999
 30  8  6 23 56 97137167181177158131103 85 81 93117147173188187167133 911812 9ZO 816182192519099999999999999 137  41345 8099999999999999
 51 21  8 14 39 74114148171177167145119 96 84 87104129156177184175150113181210ZO 851177195718499999999999999 2 9  81419 8499999999999999
 74 40 19 15 29 57 92127155170169155133110 93 87 95114138160174174159132181211ZO 927171203117699999999999999 243 141455 8799999999999999
 97 63 36 24 27 45 74107137157165160144124105 93 92102121141158166161144181212ZO10 516521 816699999999999999 317 231534 9199999999999999
117 86 58 39 34 42 62 89118142156159152137119103 95 97107123139152155148181213ZO1046160215015599999999999999 354 331622 9599999999999999
130106 81 60 47 46 57 76100124143154155147133117104 97 98106119132141143181214ZO1135155224414499999999999999 435 451722 9799999999999999
137122103 83 66 58 59 69 86107128144152153145132117104 96 95100110122131181215ZO1232154999999999999999999999 524 571840 9599999999999999
134131120105 89 76 68 69 77 92111130145154154147133116100 89 85 89 99111181216ZO 0 0134133315599999999999999 626 6720 1 8599999999999999
123130131125113 98 85 76 75 82 96114134150159159149132111 91 76 70 74 86181217ZO 136132143016099999999999999 740 7421 6 7099999999999999
103120133138134123107 91 80 77 83 98119141158168165151128101 75 58 52 59181218ZO 3 3138151816899999999999999 851 772157 5299999999999999
 76100124142150146133113 94 80 77 84102126151170177170149118 84 54 35 32181219ZO 41015016 117799999999999999 951 762241 3199999999999999
 45 71103133155164158140116 93 78 75 86109138165183186172143103 63 30 13181220ZO 5 41641641187999999999999991042 742323 1299999999999999
 16 37 71111146169176166143114 89 74 75 91119151180195192170131 85 40  8181221ZO 5531761722196999999999999991128 73999999999999999999999
 -5  4 34 76122159182184169141109 84 72 77 99131166193203193163117 66 20181222ZO 63818618 220399999999999999 0 4 -51212 7199999999999999
-10-17  0 37 85133171190187167135103 79 71 82108143178201206190152102 49181223ZO 723191184520799999999999999 047-171255 7199999999999999
  5-20-20  4 46 97144178192185161128 96 76 73 88117153185204204181140 88181224ZO 8 9193192920799999999999999 130-231340 7299999999999999
 37 -3-21-15 14 58108152181190179152120 91 76 77 95124158186200195169127181225ZO 854190201520199999999999999 215-221426 7499999999999999
 78 31 -2-14 -3 28 72118157180184170143113 89 77 81 99127157181190182156181226ZO 94118521 419099999999999999 3 1-141515 7699999999999999
117 73 33  7  0 14 45 86127159177177161136109 88 78 83100124150169176168181227ZO1030179215817699999999999999 349  01611 7899999999999999
145111 74 42 22 19 34 62 98132159171169154131107 88 79 82 96116137153160181228ZO112117223 316099999999999999 439 181715 7999999999999999
154136109 80 55 40 39 53 77107136157167164150129106 88 77 77 87102121136181229ZO1216167999999999999999999999 533 381831 7699999999999999
145144132113 90 70 58 57 68 88113137156165162149128105 85 72 68 74 87104181230ZO 023146131616599999999999999 635 561955 6899999999999999
122134139133120102 85 74 71 79 95117139157166163150128103 79 62 55 58 71181231ZO 158139141716699999999999999 746 712111 5599999999999999
