 29 29 27 23 17 11  6  1 -1 -1  2  6 12 17 21 23 23 23 22 21 21 22 24 2718 1 1ZQ 024 291556 2399999999999999 830 -11933 2199999999999999
 30 31 30 28 23 16  9  3 -1 -4 -3  0  6 13 18 22 24 24 24 22 22 22 23 2518 1 2ZQ 114 311644 2499999999999999 920 -42025 2299999999999999
 28 31 33 32 28 23 16  8  2 -3 -5 -4  0  7 13 19 22 24 24 23 21 21 21 2218 1 3ZQ 2 6 331727 24999999999999991012 -52116 2199999999999999
 25 28 32 33 32 28 22 15  7  1 -3 -5 -3  1  8 14 19 22 23 23 21 20 19 2018 1 4ZQ 3 0 3318 7 239999999999999911 2 -52212 1999999999999999
 21 24 28 31 32 30 26 20 13  6  1 -3 -4 -2  3  9 15 19 22 22 21 20 18 1818 1 5ZQ 353 321847 22999999999999991151 -42316 1899999999999999
 18 20 23 26 29 29 28 24 18 12  6  2 -1 -1  1  6 11 16 19 21 21 19 18 1718 1 6ZQ 447 291926 21999999999999991237 -1999999999999999999999
 16 16 17 20 23 25 25 24 21 16 11  7  3  2  2  5  9 13 17 19 20 19 18 1618 1 7ZQ 543 2620 4 2099999999999999 025 161321  199999999999999
 15 14 14 15 17 19 21 21 20 18 14 11  8  6  5  6  8 11 15 17 19 19 18 1718 1 8ZQ 646 212040 1999999999999999 136 1414 1  599999999999999
 15 13 12 12 12 14 15 17 17 17 15 13 11  9  8  8  9 11 14 16 18 19 19 1818 1 9ZQ 8 2 172114 1999999999999999 253 121435  899999999999999
 16 14 12 10  9 10 10 12 13 14 14 14 13 12 11 11 11 13 14 16 18 19 20 1918 110ZQ 949 142146 2099999999999999 423  91458 1199999999999999
 17 15 13 10  8  7  7  7  9 10 12 13 13 13 13 13 14 14 15 17 18 20 20 2018 111ZQ2218 20999999999999999999999 550  7999999999999999999999
 19 17 14 11  9  6  5  5  5  7  9 11 13 14 15 15 15 16 16 17 18 20 21 2118 112ZQ2253 21999999999999999999999 650  4999999999999999999999
 21 19 16 13 10  7  4  3  3  4  6  9 12 14 15 16 17 17 17 18 19 20 21 2218 113ZQ2332 22999999999999999999999 733  3999999999999999999999
 22 21 19 16 12  8  5  2  1  2  4  7 10 13 15 17 17 17 18 18 19 20 21 2218 114ZQ9999999999999999999999999999 8 9  1999999999999999999999
 23 23 21 18 14 10  6  3  1  0  2  5  8 12 15 17 18 18 18 18 18 19 20 2218 115ZQ 013 23999999999999999999999 842  0999999999999999999999
 23 24 23 21 17 13  8  4  1 -1  0  2  6 10 14 16 18 18 18 17 17 18 19 2118 116ZQ 056 241651 1899999999999999 914 -11940 1799999999999999
 23 24 24 23 20 16 11  6  2 -1 -1  0  3  8 12 15 17 18 18 17 16 16 17 1918 117ZQ 137 2517 8 1899999999999999 948 -22025 1699999999999999
 21 23 25 24 22 18 13  8  3  0 -2 -2  1  5  9 13 16 18 18 17 16 15 15 1718 118ZQ 217 251731 18999999999999991021 -221 6 1599999999999999
 19 21 23 24 23 20 16 11  5  1 -2 -3 -1  2  7 11 14 16 17 16 15 14 14 1418 119ZQ 256 241756 17999999999999991055 -32148 1499999999999999
 16 18 21 23 23 21 18 13  8  3 -1 -2 -2  0  4  8 12 15 16 16 15 13 13 1318 120ZQ 333 231823 16999999999999991129 -32234 1299999999999999
 13 15 18 20 22 21 19 15 10  5  1 -1 -2 -1  2  6 10 13 15 16 15 13 12 1118 121ZQ 412 221850 169999999999999912 1 -22327 1199999999999999
 11 12 14 17 19 19 19 16 12  8  4  1  0 -1  1  5  8 12 14 15 15 13 11 1018 122ZQ 454 191916 15999999999999991232 -1999999999999999999999
 10 10 11 13 15 17 17 16 14 10  7  4  2  1  2  4  7 11 13 15 15 14 12 1018 123ZQ 543 171940 1599999999999999 028  913 0  199999999999999
  9  8  8  9 11 13 14 14 14 12  9  7  5  4  4  5  8 10 13 15 15 15 13 1118 124ZQ 648 1420 5 1599999999999999 134  81325  499999999999999
  9  7  6  6  7  8 10 11 12 12 11  9  8  7  7  7  9 11 13 15 16 16 15 1318 125ZQ 818 122033 1799999999999999 244  61344  799999999999999
 10  8  5  4  3  4  5  7  9 11 11 11 11 10 10 10 11 12 14 16 17 18 18 1618 126ZQ1018 112110 1899999999999999 4 1  31356 1099999999999999
 13 10  7  4  2  1  1  2  5  7 10 11 12 12 13 13 13 14 15 16 18 19 20 1918 127ZQ22 0 20999999999999999999999 520  1999999999999999999999
 17 14 10  6  2 -1 -2 -2 -1  2  6  9 12 14 14 15 15 15 15 16 18 19 21 2218 128ZQ23 0 22999999999999999999999 629 -2999999999999999999999
 21 18 15 10  5  0 -3 -5 -5 -3  1  6 10 13 15 16 16 16 16 16 17 18 21 2318 129ZQ9999999999999999999999999999 729 -5999999999999999999999
 24 23 20 16 10  4 -1 -5 -7 -7 -4  0  6 11 14 16 17 17 16 15 16 17 18 2118 130ZQ 0 4 2416 6 1799999999999999 823 -81918 1599999999999999
 24 25 24 21 16 10  3 -3 -7 -9 -8 -5  1  7 12 15 17 17 16 15 14 14 15 1818 131ZQ 1 7 251631 1799999999999999 915 -92019 1499999999999999
 21 25 26 25 22 16  9  2 -4 -8-10 -8 -4  2  8 13 16 17 16 14 13 12 12 1418 2 1ZQ 2 6 2617 0 179999999999999910 4-102117 1299999999999999
 17 21 24 26 25 21 15  8  1 -5 -8 -9 -7 -2  4 10 14 16 16 14 12 10  9 1018 2 2ZQ 3 2 261730 16999999999999991050 -92215  999999999999999
 12 15 20 23 24 23 19 13  6  0 -4 -7 -7 -4  1  7 12 14 15 14 12 10  8  718 2 3ZQ 356 2418 0 15999999999999991133 -82313  799999999999999
  8 10 14 18 21 21 20 16 11  5  0 -3 -5 -4 -1  4  9 13 15 15 13 10  8  618 2 4ZQ 450 211830 15999999999999991212 -5999999999999999999999
  5  6  8 12 15 17 18 16 13  9  4  1 -1 -2  0  4  8 11 14 14 14 11  9  618 2 5ZQ 545 181859 1499999999999999 010  51246 -299999999999999
  5  4  4  6  9 12 14 14 13 10  7  4  3  2  2  4  7 11 13 14 14 13 10  718 2 6ZQ 645 141926 1499999999999999 1 9  41313  299999999999999
  5  4  3  3  5  7  9 10 10 10  8  7  6  5  5  6  8 10 13 14 14 14 12  918 2 7ZQ 756 101952 1499999999999999 211  31326  599999999999999
  7  5  3  2  2  3  4  6  7  8  8  8  7  7  7  8  9 11 13 14 15 14 13 1118 2 8ZQ 941  82018 1599999999999999 325  21241  799999999999999
  9  6  4  2  1  1  1  2  4  5  6  7  8  9  9 10 11 12 13 14 15 15 15 1318 2 9ZQ2050 15999999999999999999999 454  1999999999999999999999
 11  9  6  3  1  0 -1 -1  1  2  4  6  8  9 10 11 12 12 13 14 15 15 15 1518 210ZQ2137 15999999999999999999999 611 -1999999999999999999999
 13 11  8  5  3  0 -2 -2 -2  0  2  5  7  9 10 11 12 12 13 14 14 15 16 1618 211ZQ2240 16999999999999999999999 7 3 -2999999999999999999999
 15 13 11  8  5  1 -1 -3 -3 -2  0  3  6  9 10 12 12 12 12 13 13 14 15 1618 212ZQ2344 17999999999999999999999 745 -3999999999999999999999
 16 16 14 11  7  3  0 -3 -4 -4 -2  1  4  8 10 11 12 12 12 11 12 13 14 1618 213ZQ9999999999999999999999999999 822 -4999999999999999999999
 17 17 16 13 10  6  1 -2 -5 -5 -4 -2  2  6  9 11 12 12 11 10 10 11 12 1418 214ZQ 040 171620 1299999999999999 856 -51942 1099999999999999
 16 17 17 16 13  9  4 -1 -4 -6 -6 -4  0  4  8 10 12 12 11  9  9  9 10 1118 215ZQ 128 181632 1299999999999999 930 -62027  999999999999999
 14 16 18 17 15 11  6  1 -3 -6 -7 -6 -3  2  6  9 11 11 11  9  7  7  7  818 216ZQ 212 181649 119999999999999910 3 -72111  799999999999999
 11 14 17 17 16 14  9  4 -1 -5 -7 -7 -5 -1  4  8 10 11 11  9  7  5  5  618 217ZQ 253 1717 9 11999999999999991035 -72154  599999999999999
  8 11 14 16 17 15 12  7  2 -3 -5 -7 -6 -3  2  6  9 11 11  9  7  4  3  318 218ZQ 335 171729 119999999999999911 6 -72239  399999999999999
  4  7 11 14 16 15 13  9  5  0 -3 -5 -5 -3  1  5  9 10 11 10  7  4  2  118 219ZQ 418 161749 11999999999999991136 -52326  199999999999999
  1  3  6 10 13 14 13 11  7  3  0 -2 -3 -2  0  4  8 10 11 11  9  5  2  118 220ZQ 5 7 1418 8 119999999999999912 3 -3999999999999999999999
  0  0  2  5  9 11 12 11  9  6  3  1  0  0  1  4  8 10 12 12 10  7  4  118 221ZQ 6 4 121829 1299999999999999 016  01226  099999999999999
 -1 -2 -1  1  4  7  9 10 10  8  6  4  3  3  4  5  8 11 12 13 12 10  6  318 222ZQ 713 101853 1399999999999999 110 -21240  399999999999999
  0 -2 -3 -2 -1  2  5  7  8  8  8  6  6  6  6  7  9 11 13 14 14 12 10  618 223ZQ 840  81925 1499999999999999 213 -31239  699999999999999
  3  0 -3 -4 -4 -2  0  2  5  7  8  8  8  8  8  9 10 11 13 14 15 14 13 1018 224ZQ2012 15999999999999999999999 327 -4999999999999999999999
  7  3  0 -3 -5 -5 -5 -3  0  3  6  7  9  9 10 10 11 12 13 14 15 16 15 1418 225ZQ2120 16999999999999999999999 452 -5999999999999999999999
 11  8  4  0 -4 -6 -7 -7 -5 -1  2  6  8 10 11 11 11 12 12 13 14 15 16 1718 226ZQ2244 17999999999999999999999 612 -7999999999999999999999
 15 13  9  5  0 -4 -7 -9 -8 -6 -2  2  6  9 11 11 11 11 11 11 11 13 15 1718 227ZQ1527 11999999999999999999999 718 -91824 1199999999999999
 18 17 14 10  5  0 -5 -9-10-10 -7 -2  3  7 10 11 11 10  9  9  8  9 12 1518 228ZQ 0 3 181532 1199999999999999 814-101932  899999999999999
 18 19 18 15 11  5 -1 -6 -9-11-10 -6 -1  5  9 11 11 10  8  7  6  6  7 1018 3 1ZQ 111 191550 1199999999999999 9 4-112028  699999999999999
 14 18 19 19 16 11  5 -2 -7-10-11 -9 -4  2  7 10 11 11  9  6  4  3  3  518 3 2ZQ 211 191613 1199999999999999 949-112122  399999999999999
  9 14 17 19 18 15 10  3 -2 -7 -9 -9 -6 -1  5  9 11 11 10  6  3  1  0  118 3 3ZQ 3 8 191638 11999999999999991030 -92213  099999999999999
  3  8 13 16 18 17 13  8  2 -2 -6 -7 -6 -2  3  8 11 12 11  8  4  1 -1 -218 3 4ZQ 4 3 1817 4 129999999999999911 7 -723 2 -299999999999999
 -1  2  7 11 14 15 14 11  6  2 -2 -4 -4 -2  2  6 10 12 12 10  6  2 -1 -318 3 5ZQ 457 151728 12999999999999991140 -42350 -399999999999999
 -3 -2  2  6 10 12 13 11  8  5  2  0 -1  0  2  6  9 11 12 11  8  4  1 -218 3 6ZQ 552 131751 129999999999999912 6 -1999999999999999999999
 -4 -4 -2  1  5  7  9 10  9  7  4  3  2  2  4  6  9 11 12 12 10  6  3  018 3 7ZQ 649 101811 1299999999999999 038 -41223  299999999999999
 -2 -4 -4 -2  1  3  5  7  7  7  6  5  5  5  6  7  9 11 12 12 11  8  5  218 3 8ZQ 756  71829 1299999999999999 128 -41214  599999999999999
  0 -2 -3 -3 -2  0  2  4  5  6  6  6  6  6  7  8 10 11 12 12 12 10  8  518 3 9ZQ1849 12999999999999999999999 224 -4999999999999999999999
  2  0 -2 -3 -3 -2 -1  1  2  4  5  6  7  7  8  9 10 11 12 12 12 11  9  718 310ZQ1916 12999999999999999999999 334 -3999999999999999999999
  5  2  0 -2 -3 -3 -3 -2  0  2  4  5  7  8  9  9 10 10 11 11 12 11 11  918 311ZQ20 8 12999999999999999999999 459 -3999999999999999999999
  7  5  3  0 -2 -3 -4 -4 -3 -1  2  4  6  7  9  9  9 10 10 10 11 11 11 1118 312ZQ2146 11999999999999999999999 612 -4999999999999999999999
 10  8  5  3  0 -3 -4 -5 -4 -3  0  2  5  7  8  9  9  9  8  9  9 10 11 1118 313ZQ2320 11999999999999999999999 7 5 -5999999999999999999999
 11 10  8  5  2 -1 -4 -5 -6 -5 -3  1  4  6  8  9  8  8  7  7  7  8  9 1118 314ZQ1519  9999999999999999999999 748 -619 5  799999999999999
 12 12 10  8  5  1 -2 -5 -6 -6 -5 -2  2  5  7  8  8  7  6  5  5  5  7  918 315ZQ 028 121524  899999999999999 826 -71950  599999999999999
 11 12 12 10  8  4  0 -4 -6 -7 -6 -3  0  4  7  8  8  7  5  4  3  3  4  618 316ZQ 121 121535  899999999999999 9 1 -72031  299999999999999
  9 12 13 12 10  7  2 -2 -5 -7 -7 -5 -1  3  6  8  9  8  5  3  1  0  1  318 317ZQ 2 9 131550  999999999999999 934 -72110  099999999999999
  6 10 12 13 12 10  6  1 -3 -5 -6 -6 -3  2  6  8  9  9  6  3  0 -2 -2 -118 318ZQ 256 1316 6  99999999999999910 5 -72150 -299999999999999
  2  6 10 13 13 12  9  4  0 -3 -5 -5 -3  1  5  8 10 10  8  4  0 -3 -4 -418 319ZQ 343 131623 10999999999999991036 -52232 -499999999999999
 -2  2  7 11 13 13 11  8  4  0 -2 -3 -2  1  5  8 11 11  9  6  2 -2 -5 -618 320ZQ 434 131641 119999999999999911 5 -32315 -699999999999999
 -5 -3  2  7 10 12 12 10  7  4  1  0  0  2  5  8 11 12 11  9  5  0 -4 -618 321ZQ 530 1217 1 12999999999999991132  0999999999999999999999
 -7 -6 -3  2  6  9 11 11  9  7  4  3  3  4  6  9 11 13 13 11  8  3 -1 -518 322ZQ 631 111726 1399999999999999 0 2 -71153  399999999999999
 -7 -8 -7 -3  1  5  8  9 10  9  7  6  6  6  7  9 11 13 14 13 11  7  2 -218 323ZQ 740 101756 1499999999999999 054 -81159  699999999999999
 -5 -7 -8 -7 -4  0  3  6  8  8  8  8  8  8  9 10 11 13 14 14 13 11  7  318 324ZQ 910  81835 1499999999999999 153 -81137  899999999999999
 -1 -4 -7 -7 -7 -5 -2  1  4  6  8  8  9  9 10 10 11 12 13 14 14 13 11  818 325ZQ1934 14999999999999999999999 3 5 -7999999999999999999999
  4  0 -3 -6 -7 -7 -6 -3  0  3  6  8  9 10 10 10 10 11 11 12 13 14 13 1218 326ZQ21 6 14999999999999999999999 430 -7999999999999999999999
  9  5  2 -2 -5 -7 -8 -7 -4 -1  3  6  8  9 10 10 10  9  9 10 11 12 13 1418 327ZQ1429 102247 1499999999999999 553 -81740  999999999999999
 13 10  7  3 -1 -5 -7 -8 -7 -4 -1  3  7  9 10  9  9  8  7  6  7  9 11 1318 328ZQ1423 10999999999999999999999 7 0 -81852  699999999999999
 14 14 12  8  4 -1 -5 -7 -8 -7 -4  1  5  8  9 10  8  7  5  4  3  4  7 1018 329ZQ 011 141434 1099999999999999 755 -81945  399999999999999
 13 15 15 12  9  4 -1 -4 -7 -7 -5 -1  3  7  9 10  9  7  4  2  0  0  2  518 330ZQ 120 151452 1099999999999999 842 -72033  099999999999999
 10 13 15 15 13  9  4 -1 -4 -6 -6 -3  2  6  9 11 10  8  5  1 -1 -3 -2  018 331ZQ 222 151514 1199999999999999 923 -62120 -399999999999999
  5 10 13 15 15 12  8  3  0 -3 -4 -3  1  5  9 11 12 10  6  2 -2 -4 -5 -418 4 1ZQ 319 151537 129999999999999910 0 -422 4 -599999999999999
 -1  5  9 13 14 14 11  7  3  0 -1 -1  1  5  9 12 13 12  9  4  0 -4 -6 -618 4 2ZQ 414 1416 0 13999999999999991032 -12246 -699999999999999
 -4  0  5  9 12 13 12 10  7  4  2  1  2  5  9 12 13 13 11  7  2 -2 -5 -718 4 3ZQ 5 7 131622 139999999999999911 0  12327 -799999999999999
 -6 -4  0  5  9 11 12 11  9  6  5  4  4  6  9 12 13 14 13 10  5  1 -3 -518 4 4ZQ 559 121642 14999999999999991121  4999999999999999999999
 -7 -6 -3  1  5  8 10 11 10  8  7  6  6  7  9 12 13 14 13 11  8  4  0 -318 4 5ZQ 653 1117 1 1499999999999999 0 7 -71129  699999999999999
 -5 -6 -5 -2  1  5  7  9  9  9  8  8  8  9 10 12 13 14 14 13 10  6  3 -118 4 6ZQ 755  91719 1499999999999999 049 -61110  899999999999999
 -3 -5 -5 -3 -1  2  4  6  8  8  9  9  9 10 10 11 13 14 14 13 11  9  5  218 4 7ZQ1738 14999999999999999999999 134 -5999999999999999999999
  0 -2 -4 -4 -2 -1  1  4  6  7  8  9  9 10 10 11 12 13 13 13 12 10  8  518 4 8ZQ18 4 13999999999999999999999 229 -4999999999999999999999
  2  0 -2 -3 -3 -2 -1  1  3  5  7  8  9 10 10 10 11 11 11 12 11 11  9  718 4 9ZQ1851 12999999999999999999999 339 -3999999999999999999999
  5  3  1 -1 -2 -3 -2 -1  1  3  5  7  9  9 10 10 10  9 10 10 10 10 10  918 410ZQ2052 10999999999999999999999 458 -3999999999999999999999
  7  6  3  1 -1 -2 -3 -2 -1  1  4  6  8  9  9  9  9  8  8  8  8  9  9 1018 411ZQ14 5  92253 1099999999999999 6 5 -31826  799999999999999
  9  8  6  4  1 -1 -3 -3 -2 -1  2  5  7  9  9  9  8  7  6  5  5  6  8  918 412ZQ14 5  9999999999999999999999 657 -319 7  599999999999999
 10 10  9  7  4  1 -1 -3 -3 -2  1  4  7  9 10  9  8  6  4  3  3  4  6  818 413ZQ 013 101412 1099999999999999 739 -31944  399999999999999
 10 11 11  9  7  4  1 -1 -3 -2  0  3  6  9 10 10  8  6  3  1  0  0  2  518 414ZQ 115 111423 1099999999999999 817 -32020  099999999999999
  9 11 12 12 10  7  4  1 -1 -2 -1  2  6  9 11 11 10  7  4  0 -2 -3 -2  118 415ZQ 2 9 121437 1199999999999999 852 -22057 -399999999999999
  6 10 13 14 13 11  7  4  1  0  0  2  6 10 12 13 12  9  5  1 -3 -5 -5 -318 416ZQ 3 3 141454 1399999999999999 925  02136 -599999999999999
  1  7 11 14 15 14 11  8  5  3  2  3  6 10 13 15 14 12  8  3 -2 -5 -7 -618 417ZQ 357 151515 1599999999999999 958  22218 -799999999999999
 -3  2  8 12 15 15 14 11  8  6  5  5  7 10 14 16 16 15 11  6  1 -4 -7 -818 418ZQ 453 151541 16999999999999991029  523 2 -899999999999999
 -7 -3  2  8 12 15 15 14 12  9  8  8  8 10 14 17 18 17 15 10  5 -1 -5 -818 419ZQ 550 151610 18999999999999991057  82351 -999999999999999
 -9 -7 -3  3  8 12 14 15 14 12 11 10 10 11 14 16 18 19 17 14  9  4 -2 -618 420ZQ 651 151644 19999999999999991118 10999999999999999999999
 -8 -8 -7 -2  2  7 11 13 14 13 12 12 12 12 14 15 17 19 19 17 14  9  4 -118 421ZQ 8 1 141723 1999999999999999 044 -91123 1299999999999999
 -5 -7 -7 -6 -2  2  6  9 12 13 13 13 13 13 14 14 16 17 18 18 16 13  9  418 422ZQ1814 18999999999999999999999 143 -7999999999999999999999
  0 -3 -5 -6 -5 -2  1  5  8 11 12 13 13 13 13 13 14 15 16 16 16 15 13  918 423ZQ1930 16999999999999999999999 252 -6999999999999999999999
  6  2 -1 -3 -4 -4 -2  1  4  8 10 12 13 13 13 12 12 12 12 13 14 15 15 1318 424ZQ1259 132112 1599999999999999 4 9 -41630 1299999999999999
 10  7  4  1 -2 -3 -3 -1  1  5  8 11 12 12 12 11 10  9  9  9 11 12 14 1418 425ZQ13 0 122256 1499999999999999 526 -31758  999999999999999
 14 12  9  5  2  0 -2 -2  0  3  6 10 12 13 12 11  9  7  6  5  6  8 11 1318 426ZQ1312 13999999999999999999999 630 -21856  599999999999999
 14 14 13 10  7  3  1  0  0  2  5  9 12 13 13 12  9  7  4  3  2  4  6 1018 427ZQ 022 141329 1399999999999999 723 -11945  299999999999999
 13 15 15 13 11  7  4  2  1  2  4  8 12 14 14 13 11  7  4  1  0  0  2  618 428ZQ 134 151349 1499999999999999 8 7  12029 -199999999999999
 10 13 15 15 14 11  8  5  4  4  5  8 12 14 16 15 13  9  5  1 -1 -3 -2  118 429ZQ 237 151411 1699999999999999 845  32110 -399999999999999
  6 10 14 16 16 14 11  9  7  6  6  8 12 15 17 17 15 12  7  3 -1 -3 -4 -218 430ZQ 333 161435 1799999999999999 918  62149 -499999999999999
  2  7 11 14 16 16 14 12 10  8  8  9 12 15 18 18 18 15 11  5  1 -3 -4 -418 5 1ZQ 425 161459 1899999999999999 945  82227 -599999999999999
 -2  3  8 12 15 16 16 14 12 11 10 11 12 15 18 19 19 17 14  9  4 -1 -3 -418 5 2ZQ 514 161523 199999999999999910 8 1023 3 -499999999999999
 -3  0  4  9 13 15 16 16 14 13 12 12 13 15 18 20 20 19 16 12  7  2 -1 -318 5 3ZQ 6 2 161547 20999999999999991023 122339 -499999999999999
 -4 -2  2  6 10 13 15 16 15 14 14 14 14 15 17 19 20 20 18 14 10  5  1 -118 5 4ZQ 652 161610 20999999999999991031 14999999999999999999999
 -3 -2  0  3  7 11 13 15 15 15 14 14 15 15 17 18 20 20 18 16 13  8  4  118 5 5ZQ 749 151634 2099999999999999 018 -31028 1499999999999999
 -1 -2 -1  2  5  8 11 13 14 14 14 15 15 15 16 17 18 19 18 17 14 11  7  418 5 6ZQ17 1 19999999999999999999999 059 -2999999999999999999999
  2  0  0  1  3  5  8 10 12 13 14 14 15 15 15 16 17 17 17 16 15 13 10  718 5 7ZQ1733 17999999999999999999999 146  0999999999999999999999
  4  2  1  1  2  3  6  8 10 12 13 14 14 14 14 14 15 15 15 15 15 13 12  918 5 8ZQ1823 15999999999999999999999 241  1999999999999999999999
  7  5  3  2  2  3  4  6  8 11 12 13 14 14 14 13 13 13 13 13 13 13 13 1118 5 9ZQ1238 142014 1399999999999999 345  21656 1399999999999999
  9  8  6  4  3  3  3  5  7  9 12 13 14 14 13 12 11 11 10 11 11 12 13 1218 510ZQ1236 142220 1399999999999999 449  318 4 1099999999999999
 12 10  8  7  5  4  4  4  6  8 11 13 14 14 14 12 11  9  8  8  8 10 12 1318 511ZQ1242 142355 1399999999999999 547  41845  899999999999999
 13 13 11 10  8  6  5  5  6  8 11 13 15 15 15 13 10  8  6  5  5  7  9 1218 512ZQ1252 15999999999999999999999 635  51921  599999999999999
 14 15 14 13 11  9  7  6  7  8 11 14 16 17 16 14 11  8  5  3  2  3  6  918 513ZQ 1 8 1513 7 1799999999999999 717  61958  299999999999999
 13 15 16 16 15 12 10  9  8  9 11 14 17 19 19 17 14 10  5  2  0  0  1  518 514ZQ 213 171327 1999999999999999 756  82037 -199999999999999
 10 15 17 18 18 16 14 12 11 11 12 15 18 21 21 20 17 13  7  2 -1 -3 -2  118 515ZQ 313 181353 2299999999999999 833 112119 -399999999999999
  6 11 16 19 20 20 18 15 14 13 14 15 18 22 24 24 21 17 11  5  0 -3 -5 -418 516ZQ 410 201424 2499999999999999 9 9 1322 4 -599999999999999
  0  6 12 17 20 21 21 19 17 16 16 16 19 22 25 26 25 22 17 10  4 -1 -5 -618 517ZQ 5 6 2115 0 2699999999999999 942 162252 -699999999999999
 -4  1  7 13 18 21 22 21 19 18 17 18 19 21 24 27 27 25 21 16  9  3 -2 -518 518ZQ 6 2 221540 27999999999999991014 172344 -699999999999999
 -5 -3  2  8 13 17 20 21 21 19 19 19 19 20 23 25 27 27 25 21 15  9  3 -118 519ZQ 7 2 211625 27999999999999991045 19999999999999999999999
 -4 -4 -2  3  8 13 17 19 20 20 19 19 19 20 21 23 25 26 26 24 20 15  9  418 520ZQ 8 8 201717 2699999999999999 038 -41126 1999999999999999
  0 -2 -2  0  4  8 13 16 18 19 19 19 19 19 19 20 22 23 24 24 22 19 15 1018 521ZQ 928 191819 2499999999999999 136 -213 2 1999999999999999
  6  2  0  0  2  5  9 13 16 18 19 19 19 18 18 17 18 19 20 21 21 20 18 1518 522ZQ1040 191941 2199999999999999 238  01449 1799999999999999
 11  8  5  3  3  4  6 10 13 16 18 19 18 18 17 16 15 15 16 17 18 19 19 1818 523ZQ1117 192121 1999999999999999 343  31629 1599999999999999
 15 13 10  7  6  5  6  8 11 15 17 18 19 18 17 15 13 12 12 12 14 16 17 1818 524ZQ1142 1923 4 1899999999999999 447  51749 1299999999999999
 18 16 14 12  9  8  8  9 11 14 17 19 19 19 17 15 13 10  9  8  9 11 14 1618 525ZQ12 5 19999999999999999999999 545  81848  899999999999999
 18 18 17 15 13 12 10 10 12 14 17 19 21 21 19 17 13 10  8  6  6  7 10 1418 526ZQ 037 181227 2199999999999999 634 101937  699999999999999
 16 18 19 18 16 15 13 13 13 15 17 20 22 22 21 19 15 11  8  5  4  4  6 1018 527ZQ 154 191251 2299999999999999 714 132019  499999999999999
 14 17 19 20 19 18 16 15 15 16 18 20 23 24 24 22 18 14  9  6  3  2  4  718 528ZQ 258 201316 2499999999999999 747 152057  299999999999999
 11 15 18 20 21 20 19 18 17 17 19 21 23 25 26 24 21 17 12  8  4  2  2  418 529ZQ 351 211343 2699999999999999 815 172133  299999999999999
  8 13 17 20 22 22 21 20 19 19 20 21 24 26 27 26 24 20 15 10  6  3  2  318 530ZQ 437 221412 2799999999999999 838 1922 7  299999999999999
  6 10 15 19 21 23 22 21 20 20 20 21 23 26 27 28 26 23 19 14  9  5  3  218 531ZQ 519 231441 2899999999999999 9 1 202242  299999999999999
  4  8 12 17 20 22 23 22 22 21 21 22 23 25 27 28 28 26 22 17 12  7  4  318 6 1ZQ 6 1 231511 2899999999999999 925 212318  399999999999999
  3  6 10 14 18 21 22 23 22 21 21 22 23 24 26 28 28 27 24 20 15 10  7  418 6 2ZQ 643 231542 2899999999999999 949 212355  399999999999999
  3  5  7 11 15 19 21 22 22 22 21 21 22 23 25 26 27 27 25 22 18 13  9  618 6 3ZQ 729 221614 27999999999999991014 21999999999999999999999
  5  5  6  9 13 16 19 21 21 21 21 21 21 22 23 24 25 26 25 23 20 16 12  918 6 4ZQ1648 26999999999999999999999 035  4999999999999999999999
  7  6  6  8 11 14 17 19 20 21 21 21 21 21 21 22 23 24 24 23 21 18 15 1218 6 5ZQ1728 24999999999999999999999 116  6999999999999999999999
  9  8  7  8  9 12 15 17 19 20 21 21 20 20 20 20 20 21 21 21 21 19 17 1418 6 6ZQ1015 211824 2299999999999999 2 0  71420 2099999999999999
 12 10  9  9  9 11 13 16 18 20 21 21 20 20 19 18 18 18 19 19 19 19 18 1618 6 7ZQ1040 211956 1999999999999999 246  816 0 1899999999999999
 14 13 11 10 10 11 13 15 17 19 21 21 21 20 18 17 16 15 16 16 17 18 19 1818 6 8ZQ1058 212152 1999999999999999 335 101714 1599999999999999
 17 16 14 13 12 12 13 15 17 20 21 22 22 21 19 17 15 13 13 13 14 16 18 1918 6 9ZQ1114 222340 1999999999999999 424 1218 6 1399999999999999
 19 19 17 16 15 15 15 16 18 20 22 24 24 23 20 18 15 12 10 10 11 13 16 1918 610ZQ1134 24999999999999999999999 514 151850 1099999999999999
 20 21 21 20 19 18 17 18 19 21 24 26 26 26 23 20 16 12  9  7  7  9 12 1618 611ZQ 1 9 211159 2699999999999999 6 3 171933  799999999999999
 20 22 23 23 22 21 20 20 20 22 24 27 29 29 27 24 19 14  9  6  4  5  8 1218 612ZQ 222 231231 2999999999999999 649 202017  499999999999999
 17 22 24 26 25 24 23 22 22 23 25 28 31 32 31 28 24 18 12  7  3  2  3  718 613ZQ 324 2613 9 3299999999999999 733 2221 4  299999999999999
 13 18 23 26 27 27 26 25 24 24 25 28 31 33 34 33 29 24 17 11  5  2  1  218 614ZQ 420 271352 3499999999999999 814 242154  199999999999999
  7 13 19 24 27 28 28 27 26 25 26 27 30 33 35 36 34 30 24 16 10  4  1  018 615ZQ 513 281439 3699999999999999 856 252245  099999999999999
  3  8 14 20 25 28 29 28 27 26 26 26 28 31 34 36 36 34 29 23 16  9  4  118 616ZQ 6 4 291530 3699999999999999 941 262338  199999999999999
  1  4  9 15 21 25 27 28 27 26 26 26 26 28 31 34 35 35 33 29 22 16 10  518 617ZQ 654 281624 36999999999999991035 25999999999999999999999
  3  3  6 11 16 21 25 27 27 26 25 25 25 25 27 29 32 33 33 31 27 22 16 1118 618ZQ 744 271722 3499999999999999 031  21151 2599999999999999
  7  5  5  8 13 17 21 24 26 26 25 24 24 23 23 25 27 29 30 30 29 25 21 1718 619ZQ 833 261828 3199999999999999 124  51317 2399999999999999
 13 10  8  9 11 15 19 22 25 26 26 25 23 22 21 21 22 24 26 27 27 26 24 2118 620ZQ 918 261948 2799999999999999 217  81441 2199999999999999
 18 15 13 12 12 14 17 21 24 25 26 25 24 22 21 19 19 19 20 22 23 24 24 2318 621ZQ 957 262125 2499999999999999 3 8 1216 8 1999999999999999
 21 19 17 16 15 16 18 20 23 25 26 26 25 24 21 19 17 16 16 17 19 21 22 2318 622ZQ1031 272315 2399999999999999 357 151730 1699999999999999
 23 22 21 20 19 18 19 21 23 25 27 28 27 25 23 20 17 15 14 13 15 17 19 2218 623ZQ11 1 28999999999999999999999 443 181834 1399999999999999
 23 23 23 23 22 21 21 22 24 26 28 29 29 28 25 22 19 15 13 12 12 13 16 1918 624ZQ 1 7 231129 2999999999999999 523 211924 1199999999999999
 22 24 25 25 24 24 24 24 25 27 29 30 31 30 28 25 21 17 14 11 10 11 13 1718 625ZQ 237 251159 3199999999999999 557 2420 5 1099999999999999
 20 23 25 26 26 26 26 26 26 27 29 31 32 32 31 28 24 20 16 12 10 10 11 1418 626ZQ 338 261231 3399999999999999 627 262042 1099999999999999
 18 22 25 27 28 27 27 27 27 28 29 31 33 34 33 31 27 23 18 14 11  9 10 1218 627ZQ 417 2813 5 3499999999999999 7 2 272116  999999999999999
 16 21 24 27 28 29 28 28 28 28 29 31 33 35 35 34 31 26 21 16 12 10  9 1118 628ZQ 447 291341 3599999999999999 739 282150  999999999999999
 14 18 23 26 28 29 29 28 28 28 29 30 32 34 36 35 33 29 25 19 15 11 10 1018 629ZQ 516 291417 3699999999999999 816 282225  999999999999999
 12 16 20 24 27 29 29 29 28 28 28 29 31 33 35 36 35 32 28 23 18 13 11 1018 630ZQ 546 291453 3699999999999999 853 2823 0 1099999999999999
 11 14 18 22 26 28 29 29 28 27 27 28 29 31 33 35 35 33 30 26 21 16 12 1118 7 1ZQ 618 291530 3599999999999999 931 272336 1099999999999999
 10 12 16 20 24 26 28 29 28 27 27 27 28 29 31 33 34 33 31 28 23 19 15 1218 7 2ZQ 652 2916 6 34999999999999991013 27999999999999999999999
 11 12 14 17 21 24 27 28 28 27 26 26 26 27 28 30 32 32 31 29 25 21 17 1418 7 3ZQ 728 281645 3299999999999999 013 1111 8 2699999999999999
 13 12 13 16 19 23 25 27 28 27 26 26 25 25 26 27 29 30 30 29 27 23 20 1718 7 4ZQ 8 3 281729 3099999999999999 048 121228 2599999999999999
 15 14 14 16 18 21 24 26 27 27 27 26 25 24 24 25 26 27 28 28 27 25 22 2018 7 5ZQ 835 271827 2899999999999999 123 141350 2499999999999999
 18 16 16 17 18 21 23 26 27 28 27 26 25 24 23 22 23 24 25 26 26 25 24 2218 7 6ZQ 9 3 281953 2699999999999999 157 1615 6 2299999999999999
 21 19 19 19 19 21 24 26 28 29 29 28 26 24 22 21 20 20 21 23 24 25 25 2518 7 7ZQ 927 292142 2599999999999999 230 181618 2099999999999999
 24 22 22 21 22 23 24 26 28 30 30 30 28 25 23 20 19 18 18 19 21 23 25 2618 7 8ZQ 954 302341 2699999999999999 3 4 211722 1799999999999999
 26 26 25 24 24 25 26 27 29 31 33 32 31 28 25 21 18 16 15 15 17 20 23 2618 7 9ZQ1025 33999999999999999999999 345 241818 1599999999999999
 27 28 28 28 27 27 28 29 30 32 34 35 35 32 29 24 20 16 13 12 13 15 19 2318 710ZQ 128 2811 5 3599999999999999 439 271910 1299999999999999
 27 29 30 30 30 30 30 30 31 33 35 37 38 37 34 29 24 19 14 11 10 11 14 1918 711ZQ 244 301152 3899999999999999 544 3020 2 1099999999999999
 24 28 31 32 32 32 31 31 32 33 35 38 40 40 39 35 30 23 17 12  9  8  9 1418 712ZQ 339 321244 4099999999999999 645 312053  899999999999999
 19 25 29 32 33 33 32 32 32 32 34 36 40 42 42 40 36 30 23 16 11  8  7  918 713ZQ 423 341338 4299999999999999 741 322146  799999999999999
 14 20 26 30 33 34 33 32 31 31 32 34 37 41 43 43 41 36 30 22 15 10  7  718 714ZQ 5 4 341434 4399999999999999 835 312238  799999999999999
 10 15 22 27 31 33 34 33 31 30 30 31 33 37 41 43 43 40 36 29 22 15 11  818 715ZQ 542 341530 4399999999999999 933 302328  899999999999999
  8 11 17 23 28 32 33 33 31 30 29 29 30 32 36 39 41 41 39 34 28 22 16 1218 716ZQ 621 331627 42999999999999991041 29999999999999999999999
 10 11 14 20 25 29 32 33 32 30 28 27 27 28 30 34 37 39 38 36 32 27 22 1718 717ZQ 658 331727 3999999999999999 016 101155 2799999999999999
 14 13 14 18 23 27 30 32 32 31 29 27 26 25 26 28 31 33 35 35 33 30 26 2218 718ZQ 735 321835 3599999999999999 1 2 1313 6 2599999999999999
 19 17 17 18 22 25 29 31 32 32 30 28 26 24 23 24 25 28 30 31 32 31 29 2618 719ZQ 811 321952 3299999999999999 145 171419 2399999999999999
 24 22 21 21 23 25 28 31 32 33 32 30 27 25 23 22 22 23 24 26 28 29 29 2818 720ZQ 846 332129 2999999999999999 224 211538 2299999999999999
 27 26 25 24 25 26 28 31 32 33 33 32 30 27 24 22 20 20 20 22 24 26 27 2818 721ZQ 920 332355 2899999999999999 257 2417 2 2099999999999999
 28 28 28 28 28 28 30 31 33 34 35 34 32 30 27 24 21 19 18 19 20 22 25 2718 722ZQ 955 35999999999999999999999 317 271812 1899999999999999
 28 29 30 30 30 30 31 32 33 35 36 36 35 32 29 26 23 20 18 17 18 20 22 2518 723ZQ1032 3699999999999999999999919 5 17999999999999999999999
 28 30 31 31 31 32 32 33 34 35 36 37 37 35 32 29 25 22 19 17 16 18 20 2318 724ZQ1113 379999999999999999999991947 16999999999999999999999
 27 29 31 32 32 33 33 33 34 35 36 38 38 37 35 32 28 24 20 18 16 16 18 2118 725ZQ1156 389999999999999999999992023 16999999999999999999999
 25 28 31 32 33 33 33 33 33 34 36 38 39 39 38 35 32 27 23 19 16 16 17 1918 726ZQ1240 399999999999999999999992058 16999999999999999999999
 23 27 30 32 33 33 33 33 33 33 35 37 39 40 40 38 35 30 25 21 17 16 16 1718 727ZQ 433 341323 4099999999999999 718 332132 1599999999999999
 21 25 29 32 33 34 33 32 32 32 33 35 37 39 40 40 37 33 29 23 19 16 15 1618 728ZQ 449 3414 5 4099999999999999 8 3 3222 6 1599999999999999
 19 23 27 31 33 34 33 32 31 31 32 33 35 38 40 40 39 36 31 26 21 18 16 1518 729ZQ 511 341444 4099999999999999 846 312240 1599999999999999
 17 21 25 29 32 33 33 32 31 30 30 31 33 35 38 39 39 37 34 29 24 20 17 1618 730ZQ 536 331523 3999999999999999 930 302314 1699999999999999
 16 19 23 27 30 32 33 32 31 30 29 29 30 32 35 37 38 37 35 31 27 22 19 1718 731ZQ 6 2 3316 2 38999999999999991019 292346 1799999999999999
 17 18 21 25 29 31 33 32 31 30 28 28 28 29 31 34 36 36 35 33 29 25 22 1918 8 1ZQ 629 331644 36999999999999991115 28999999999999999999999
 18 19 21 24 28 30 32 33 32 30 28 27 27 27 28 31 33 34 34 33 31 28 24 2218 8 2ZQ 654 331734 3499999999999999 017 181216 2799999999999999
 21 20 21 24 27 30 32 33 33 31 29 27 26 25 26 27 29 31 32 32 32 30 27 2518 8 3ZQ 718 331838 3399999999999999 045 201319 2599999999999999
 24 23 23 25 27 30 32 33 34 33 31 28 26 25 24 24 25 27 29 30 31 31 29 2818 8 4ZQ 742 3420 5 3199999999999999 110 231422 2499999999999999
 27 26 26 27 28 31 33 34 35 35 33 30 28 25 23 22 22 23 25 27 29 30 30 3018 8 5ZQ 8 8 352152 3099999999999999 129 261531 2299999999999999
 29 29 29 29 30 32 33 35 36 37 36 33 30 27 24 22 20 20 21 23 26 28 30 3118 8 6ZQ 843 37999999999999999999999 141 291644 2099999999999999
 32 32 32 32 32 33 34 36 37 38 38 37 34 31 27 23 20 18 18 19 21 24 28 3118 8 7ZQ 929 399999999999999999999991752 18999999999999999999999
 32 33 34 34 34 34 35 36 38 39 41 40 39 36 32 27 23 19 16 16 17 20 24 2818 8 8ZQ1027 419999999999999999999991854 16999999999999999999999
 31 34 35 35 35 35 35 36 37 39 41 43 43 41 37 32 27 22 17 14 14 15 19 2418 8 9ZQ1132 439999999999999999999991950 14999999999999999999999
 29 33 35 36 36 36 35 35 36 37 40 42 44 45 43 39 33 27 21 16 13 12 14 1918 810ZQ 335 361236 4599999999999999 636 352044 1299999999999999
 25 30 34 36 37 36 35 34 34 35 37 40 43 46 46 44 39 33 27 20 15 12 12 1518 811ZQ 4 0 371337 4699999999999999 738 342135 1299999999999999
 20 26 31 35 36 36 35 33 32 32 33 35 39 43 46 46 44 39 33 26 20 15 13 1318 812ZQ 429 371435 4699999999999999 837 322224 1299999999999999
 16 22 28 33 36 36 36 33 31 30 30 31 34 38 43 45 45 43 38 32 25 20 16 1418 813ZQ 459 361533 4699999999999999 938 3023 9 1499999999999999
 15 19 25 30 34 36 36 34 31 29 28 28 29 32 37 41 43 43 41 37 31 25 21 1818 814ZQ 530 361632 44999999999999991042 272352 1799999999999999
 17 19 23 28 33 35 36 35 33 30 27 26 26 27 30 35 38 40 40 38 35 30 26 2318 815ZQ 6 2 361733 41999999999999991145 26999999999999999999999
 21 21 23 27 31 34 36 36 34 32 29 26 25 24 26 29 32 35 37 37 36 33 30 2718 816ZQ 633 361840 3799999999999999 031 201247 2499999999999999
 25 24 25 27 31 34 36 37 36 34 31 28 26 24 23 24 27 30 32 33 34 33 32 3018 817ZQ 7 3 371956 3499999999999999 1 5 241349 2399999999999999
 29 28 28 29 31 34 36 37 37 36 33 30 28 25 23 23 23 25 27 29 31 32 32 3218 818ZQ 733 372140 3299999999999999 132 281459 2399999999999999
 31 31 31 31 33 34 36 37 38 37 36 33 30 28 25 23 22 22 24 25 27 29 31 3218 819ZQ 8 4 38999999999999999999999 138 311620 2299999999999999
 32 33 33 33 34 35 36 37 38 38 37 36 33 30 28 25 23 22 22 22 24 27 29 3118 820ZQ 841 389999999999999999999991737 21999999999999999999999
 33 34 34 35 35 36 36 37 38 38 38 38 36 33 30 27 25 22 21 21 22 24 27 3018 821ZQ 930 399999999999999999999991836 21999999999999999999999
 32 34 35 35 36 36 36 37 37 38 39 39 38 36 33 30 27 24 21 20 21 22 25 2818 822ZQ1031 399999999999999999999991921 20999999999999999999999
 31 33 35 35 36 36 35 36 37 38 39 40 40 38 36 33 30 26 23 21 20 21 23 2618 823ZQ1133 409999999999999999999991959 20999999999999999999999
 30 32 34 35 36 35 35 35 35 36 38 39 40 40 39 36 32 28 24 21 20 19 21 2418 824ZQ 342 361227 4099999999999999 637 352035 1999999999999999
 28 31 34 35 35 35 34 33 33 34 36 38 40 41 40 38 35 31 27 23 20 19 20 2218 825ZQ 348 351314 4199999999999999 723 3321 9 1999999999999999
 26 30 33 35 35 35 34 32 32 32 33 35 38 40 41 40 38 34 29 25 21 19 19 2018 826ZQ 4 1 351358 4199999999999999 8 6 322142 1999999999999999
 24 28 32 34 35 35 34 32 30 30 31 33 35 38 40 41 39 36 32 27 23 20 19 2018 827ZQ 420 351439 4199999999999999 849 302214 1999999999999999
 22 26 30 33 35 35 34 32 30 29 29 30 32 35 39 40 40 38 35 30 26 22 20 2018 828ZQ 440 351521 4099999999999999 934 292245 2099999999999999
 21 25 29 32 35 35 35 32 30 28 27 27 29 32 35 38 39 39 36 33 28 25 22 2118 829ZQ 5 1 3516 4 39999999999999991020 272314 2199999999999999
 22 24 28 32 34 35 35 33 31 28 26 26 26 28 32 35 37 38 37 35 31 28 25 2318 830ZQ 521 351653 389999999999999911 8 262341 2399999999999999
 23 25 28 31 34 36 36 35 32 29 26 25 24 25 28 31 34 36 37 36 33 30 28 2618 831ZQ 540 361750 37999999999999991158 24999999999999999999999
 26 26 28 31 34 36 37 36 34 31 28 25 24 23 24 27 30 33 34 35 34 33 31 2918 9 1ZQ 6 0 3719 0 3599999999999999 0 4 261251 2399999999999999
 29 29 30 32 34 37 38 37 36 33 30 27 24 23 22 23 26 29 31 33 34 34 33 3218 9 2ZQ 623 382024 3499999999999999 019 291349 2299999999999999
 31 32 32 33 35 37 38 39 38 36 33 30 26 24 22 21 22 24 27 29 32 33 34 3418 9 3ZQ 655 39999999999999999999999 018 311457 2199999999999999
 34 34 34 35 36 37 39 40 40 39 37 34 30 26 24 21 20 21 22 25 28 31 33 3418 9 4ZQ 741 409999999999999999999991615 20999999999999999999999
 35 35 36 36 37 37 38 39 40 41 40 38 35 31 27 23 21 19 19 20 23 27 30 3318 9 5ZQ 848 419999999999999999999991733 19999999999999999999999
 35 36 36 37 37 37 37 38 40 41 42 41 39 36 32 27 23 20 18 17 19 22 26 3018 9 6ZQ1010 429999999999999999999991840 17999999999999999999999
 34 36 37 37 36 36 36 36 37 39 41 43 43 41 38 33 28 23 19 17 16 18 22 2718 9 7ZQ 247 371130 4399999999999999 546 361938 1699999999999999
 31 34 36 37 36 35 34 34 34 36 39 42 44 44 42 39 34 28 22 18 16 16 18 2318 9 8ZQ 254 371239 4499999999999999 652 342031 1699999999999999
 28 33 36 37 36 35 33 31 31 32 34 38 42 45 45 43 39 34 28 22 18 16 17 2018 9 9ZQ 313 371342 4599999999999999 749 312118 1699999999999999
 25 31 34 36 37 35 33 30 28 28 29 32 37 42 44 45 43 39 33 27 22 19 17 1918 910ZQ 337 371441 4599999999999999 845 2822 2 1799999999999999
 23 28 33 36 37 36 34 30 27 26 25 27 31 36 41 43 44 42 38 32 27 23 20 2018 911ZQ 4 3 371540 4499999999999999 940 252242 2099999999999999
 22 27 32 36 37 37 35 32 28 25 23 23 25 30 35 39 42 42 40 36 31 27 24 2318 912ZQ 430 381640 42999999999999991035 232319 2399999999999999
 23 26 31 35 37 38 37 34 30 26 23 22 22 24 29 33 37 39 40 38 35 31 28 2718 913ZQ 458 381740 40999999999999991128 222352 2699999999999999
 26 27 30 34 37 39 38 36 33 29 25 23 21 22 24 28 32 35 37 37 36 34 32 3018 914ZQ 524 391844 37999999999999991221 21999999999999999999999
 30 30 31 34 37 39 39 38 35 32 28 25 23 21 22 24 27 30 33 34 35 34 33 3318 915ZQ 549 391956 3599999999999999 018 291314 2199999999999999
 32 32 33 35 37 38 39 39 37 34 31 28 25 23 22 22 24 26 29 31 33 34 34 3418 916ZQ 613 39999999999999999999999 028 321413 2299999999999999
 34 34 35 36 37 38 39 39 38 36 34 31 28 25 23 22 23 24 25 27 30 32 33 3418 917ZQ 638 399999999999999999999991523 22999999999999999999999
 35 35 36 36 37 38 38 38 38 37 36 33 31 28 26 24 23 23 23 25 27 29 31 3318 918ZQ 713 389999999999999999999991643 22999999999999999999999
 34 35 36 36 36 37 37 38 38 38 37 36 33 31 28 26 24 23 22 23 24 27 30 3218 919ZQ 817 389999999999999999999991752 22999999999999999999999
 34 35 36 36 36 36 36 36 37 37 37 37 36 34 31 28 26 23 22 22 23 25 27 3018 920ZQ 951 379999999999999999999991844 22999999999999999999999
 33 34 35 35 35 34 34 34 35 36 37 37 37 36 34 31 28 25 22 21 21 23 25 2918 921ZQ 241 351114 3799999999999999 6 8 341926 2199999999999999
 31 34 35 35 34 33 33 32 33 34 35 37 38 37 36 34 30 27 24 21 21 21 24 2718 922ZQ 241 351217 3899999999999999 652 3220 3 2199999999999999
 30 33 34 35 34 33 31 30 30 31 33 35 37 38 38 36 33 29 25 22 21 21 22 2518 923ZQ 249 3513 8 3899999999999999 731 302037 2099999999999999
 29 32 34 35 34 32 30 29 28 28 30 33 36 38 38 38 35 32 28 24 22 21 21 2418 924ZQ 3 2 351355 3899999999999999 810 2821 9 2199999999999999
 27 31 34 35 35 33 30 28 26 26 27 29 33 36 38 39 37 34 31 27 24 22 22 2318 925ZQ 317 351440 3999999999999999 849 262139 2199999999999999
 26 30 34 35 35 34 31 28 25 24 24 26 29 33 37 38 38 37 33 29 26 24 23 2318 926ZQ 334 351526 3999999999999999 929 2422 9 2399999999999999
 26 30 33 36 36 35 33 29 25 23 22 23 25 29 34 37 38 38 36 33 29 26 25 2518 927ZQ 351 361616 38999999999999991010 222237 2599999999999999
 26 29 33 36 37 37 34 31 27 23 21 20 22 25 30 34 37 38 37 35 32 29 28 2718 928ZQ 4 9 371711 38999999999999991053 2023 2 2799999999999999
 28 30 33 36 38 38 36 33 29 25 21 20 19 21 25 30 33 36 37 36 34 32 30 3018 929ZQ 429 381811 37999999999999991139 192321 3099999999999999
 30 31 33 36 38 39 38 36 32 27 23 20 19 19 21 25 29 32 35 36 35 34 33 3218 930ZQ 453 391919 36999999999999991229 192325 3299999999999999
 32 33 34 36 38 40 39 38 35 31 26 23 20 19 19 21 24 28 31 33 34 35 34 341810 1ZQ 523 402043 35999999999999991327 192311 3499999999999999
 34 34 35 36 38 39 40 39 38 35 31 27 23 20 19 19 20 23 26 29 32 33 34 351810 2ZQ 6 2 409999999999999999999991435 19999999999999999999999
 35 35 36 36 37 38 39 40 39 38 35 31 27 24 21 19 18 19 21 24 28 31 33 341810 3ZQ 7 0 409999999999999999999991554 18999999999999999999999
 35 35 36 36 36 37 37 38 39 39 38 36 32 29 25 22 19 18 18 20 23 27 30 331810 4ZQ 831 399999999999999999999991715 18999999999999999999999
 34 35 35 35 35 34 35 36 37 38 39 39 37 34 30 26 22 19 18 18 20 23 27 311810 5ZQ 151 351011 3999999999999999 5 0 341824 1899999999999999
 33 35 35 34 33 32 32 32 33 35 38 39 39 38 35 31 27 22 19 18 18 20 24 291810 6ZQ 145 351137 4099999999999999 613 321920 1899999999999999
 32 34 35 34 32 31 29 28 29 31 34 37 40 40 39 36 32 27 22 19 18 19 22 261810 7ZQ 157 351248 4099999999999999 7 7 2820 9 1899999999999999
 31 34 35 35 33 30 27 25 25 26 28 33 37 40 41 39 36 32 27 23 20 20 21 251810 8ZQ 215 351352 4199999999999999 758 252053 2099999999999999
 29 33 35 36 34 31 27 24 22 22 23 27 32 37 40 40 39 36 31 27 24 22 22 241810 9ZQ 238 361453 4099999999999999 847 222132 2299999999999999
 28 33 36 37 36 33 29 25 21 19 19 21 26 31 36 39 40 38 35 31 28 25 24 25181010ZQ 3 2 371552 4099999999999999 935 1922 8 2499999999999999
 28 32 36 38 38 36 32 27 22 19 18 18 21 26 31 35 38 39 37 34 31 29 27 27181011ZQ 328 381649 39999999999999991022 182240 2799999999999999
 28 32 35 38 39 38 35 30 25 21 18 17 18 21 26 31 35 37 37 36 34 31 30 30181012ZQ 354 391746 379999999999999911 8 1723 6 3099999999999999
 30 32 35 38 39 39 37 33 28 24 20 18 17 18 22 26 30 33 35 36 35 33 32 32181013ZQ 419 391844 36999999999999991152 172321 3299999999999999
 32 33 35 37 39 39 38 35 31 27 23 20 18 18 20 23 26 30 32 34 34 34 33 33181014ZQ 442 391952 34999999999999991238 1823 2 3399999999999999
 33 34 35 37 38 39 38 37 34 30 26 23 20 19 19 21 23 26 29 31 33 33 33 34181015ZQ 5 3 399999999999999999999991327 19999999999999999999999
 34 34 35 36 37 38 38 37 35 32 29 26 23 21 20 20 21 23 26 28 30 32 33 33181016ZQ 525 389999999999999999999991424 20999999999999999999999
 34 34 35 35 36 36 36 36 35 33 31 28 26 24 22 21 21 22 23 25 28 30 31 33181017ZQ 552 369999999999999999999991533 21999999999999999999999
 33 34 34 34 34 34 35 35 34 34 32 31 28 26 24 22 21 21 22 23 25 27 30 31181018ZQ 652 359999999999999999999991648 21999999999999999999999
 33 33 33 33 33 32 32 33 33 33 33 32 30 29 26 24 22 21 21 21 23 25 28 30181019ZQ 136 33 9 1 3399999999999999 526 321750 2199999999999999
 32 33 33 32 31 30 30 30 31 31 32 32 32 31 29 26 24 22 21 21 22 24 26 29181020ZQ 130 331050 3299999999999999 617 301838 2099999999999999
 31 32 32 31 30 29 28 27 28 29 31 32 33 32 31 29 26 24 22 21 21 22 25 28181021ZQ 134 3212 6 3399999999999999 653 271918 2199999999999999
 31 32 32 31 30 27 26 25 25 26 28 31 32 33 33 31 29 26 23 21 21 22 24 27181022ZQ 143 3213 5 3399999999999999 728 251953 2199999999999999
 30 32 33 32 30 27 25 23 22 23 25 28 31 33 34 33 31 28 25 23 22 22 24 27181023ZQ 155 331357 3499999999999999 8 3 222026 2299999999999999
 30 33 34 33 31 28 24 21 20 20 21 24 29 32 34 35 34 31 28 25 24 23 24 26181024ZQ 2 9 341448 3599999999999999 839 192057 2399999999999999
 30 33 35 35 33 30 25 21 18 17 18 20 25 30 33 35 35 34 31 28 26 25 25 27181025ZQ 226 351539 3599999999999999 916 172127 2599999999999999
 30 33 36 36 35 32 28 23 19 16 15 16 20 25 30 34 36 36 34 31 29 28 27 28181026ZQ 247 361632 3699999999999999 956 152155 2799999999999999
 30 33 36 38 37 35 31 25 20 16 14 14 16 20 26 31 34 36 36 34 32 30 29 29181027ZQ 311 381727 36999999999999991038 142219 2999999999999999
 31 33 36 39 39 37 34 29 23 18 15 13 13 16 21 26 31 34 35 35 34 32 31 31181028ZQ 340 391825 35999999999999991125 132237 3199999999999999
 32 33 36 38 40 39 37 33 28 22 17 14 13 13 16 21 26 30 32 34 34 33 33 32181029ZQ 413 401931 34999999999999991216 132244 3299999999999999
 33 33 35 37 39 39 38 36 32 27 22 18 15 13 14 17 20 25 28 31 33 33 33 33181030ZQ 452 399999999999999999999991314 13999999999999999999999
 33 33 34 35 37 38 38 37 35 31 27 22 18 16 14 15 17 20 24 27 30 31 32 33181031ZQ 541 389999999999999999999991420 14999999999999999999999
 33 33 33 33 34 35 36 37 36 34 31 27 23 20 17 15 15 17 19 23 26 29 31 321811 1ZQ 652 379999999999999999999991534 15999999999999999999999
 32 32 32 32 31 32 33 34 35 35 33 31 28 25 21 18 17 16 17 19 23 26 29 311811 2ZQ 030 32 833 3599999999999999 340 311649 1699999999999999
 31 31 31 30 29 28 29 30 31 33 34 33 32 29 26 23 20 18 17 18 20 24 27 301811 3ZQ 026 321018 3499999999999999 516 281756 1799999999999999
 31 31 30 29 27 25 25 25 26 29 31 33 33 32 30 27 24 21 19 18 19 22 26 291811 4ZQ 038 311148 3399999999999999 620 251851 1899999999999999
 31 32 31 29 26 24 22 21 21 23 27 30 33 34 33 31 28 25 22 20 20 22 25 281811 5ZQ 056 3213 4 3499999999999999 712 211937 2099999999999999
 31 33 32 30 27 24 20 18 17 18 21 26 30 33 34 33 31 28 25 23 22 22 24 281811 6ZQ 117 331411 3499999999999999 8 0 172018 2299999999999999
 31 34 34 33 30 25 21 17 15 15 16 20 25 30 33 34 34 32 29 26 25 24 25 281811 7ZQ 142 341511 3499999999999999 844 152053 2499999999999999
 31 34 36 35 32 28 23 18 15 13 13 16 21 26 30 33 34 34 32 29 27 26 26 281811 8ZQ 2 8 3616 7 3499999999999999 927 132125 2699999999999999
 31 34 36 36 35 31 26 21 16 13 12 13 16 21 27 31 33 34 33 31 30 28 28 291811 9ZQ 236 371659 349999999999999910 8 122151 2899999999999999
 31 34 36 37 37 34 30 24 19 15 12 12 14 17 23 27 31 33 34 33 31 30 30 30181110ZQ 3 3 371749 34999999999999991048 122210 3099999999999999
 31 33 36 37 37 36 32 28 22 18 14 12 13 15 19 24 28 31 32 33 32 31 31 31181111ZQ 331 381840 33999999999999991127 122220 3199999999999999
 31 33 35 36 37 36 34 30 25 21 17 14 13 14 16 20 24 28 30 31 32 31 31 31181112ZQ 357 371937 329999999999999912 7 132222 3199999999999999
 31 32 34 35 36 36 34 32 28 24 20 17 15 14 15 18 21 24 27 29 30 30 30 31181113ZQ 423 369999999999999999999991249 14999999999999999999999
 31 31 32 33 34 34 34 32 29 26 22 19 17 15 15 17 19 21 24 27 28 29 30 30181114ZQ 451 359999999999999999999991335 15999999999999999999999
 30 30 31 31 32 32 32 31 30 27 24 22 19 17 16 16 17 19 22 24 26 28 29 29181115ZQ 523 329999999999999999999991428 16999999999999999999999
 29 29 29 29 29 30 30 30 29 28 26 24 21 19 18 17 17 18 20 22 24 26 27 28181116ZQ 611 309999999999999999999991528 17999999999999999999999
 29 28 28 27 27 27 27 27 27 27 26 25 23 22 20 18 18 18 18 20 22 24 26 28181117ZQ 0 8 29 8 0 2799999999999999 450 271630 1899999999999999
 28 28 27 26 25 24 24 24 25 26 26 26 25 24 22 20 19 18 18 19 21 23 26 27181118ZQ 010 281010 2699999999999999 556 241725 1899999999999999
 28 28 27 25 23 22 21 21 22 23 25 26 26 25 24 23 21 20 19 19 21 23 25 27181119ZQ 019 281150 2699999999999999 636 211812 1999999999999999
 29 29 27 25 23 20 19 18 18 20 22 25 26 27 26 25 23 22 21 20 21 23 25 28181120ZQ 030 2913 4 2799999999999999 711 181853 2099999999999999
 30 30 29 27 23 20 17 15 15 16 19 22 25 27 28 28 26 24 23 22 22 23 25 28181121ZQ 045 3014 5 2899999999999999 746 151930 2299999999999999
 31 32 31 29 25 21 17 14 12 13 15 19 23 27 29 30 29 27 26 24 24 24 26 29181122ZQ 1 4 3215 1 3099999999999999 822 1220 5 2499999999999999
 31 33 33 31 28 23 18 14 11 10 11 14 19 24 28 30 31 30 28 27 26 25 26 29181123ZQ 129 331553 3199999999999999 9 1 102038 2599999999999999
 32 34 35 34 31 27 21 15 11  8  8 10 14 20 25 29 31 32 31 29 28 27 27 29181124ZQ 159 351645 3299999999999999 943  721 9 2799999999999999
 31 34 37 37 35 31 25 19 13  9  6  6  9 15 21 26 30 32 32 31 29 28 28 29181125ZQ 234 371738 32999999999999991029  62139 2899999999999999
 31 33 36 38 37 35 30 24 17 11  8  6  6 10 15 21 26 29 31 31 30 29 29 29181126ZQ 314 381833 31999999999999991118  522 8 2999999999999999
 30 32 34 37 38 37 34 29 23 16 11  7  6  7 10 15 21 25 28 30 30 29 29 29181127ZQ 358 381932 30999999999999991210  62242 2999999999999999
 29 30 32 34 36 37 35 32 27 22 16 11  8  7  8 11 16 20 24 27 29 29 28 28181128ZQ 447 372037 299999999999999913 6  72350 2899999999999999
 28 28 29 30 32 34 34 33 30 26 21 17 13 10  9 10 12 16 20 24 26 27 28 27181129ZQ 545 342142 289999999999999914 5  9999999999999999999999
 27 27 26 27 28 29 31 31 31 29 25 21 18 14 12 11 12 14 17 21 24 26 27 27181130ZQ 7 0 312231 2799999999999999 156 2615 7 1199999999999999
 26 25 24 24 24 24 26 27 28 28 27 25 22 19 16 14 13 14 16 18 21 24 26 271812 1ZQ 836 2823 4 2799999999999999 338 241610 1399999999999999
 26 25 24 22 21 20 20 22 23 25 26 26 25 23 20 18 16 16 16 18 20 23 26 271812 2ZQ1023 262331 2799999999999999 5 7 201710 1699999999999999
 27 26 24 21 19 17 16 16 18 20 23 25 26 25 24 22 20 18 18 18 20 23 25 271812 3ZQ12 5 262357 2899999999999999 616 1618 4 1899999999999999
 28 27 25 22 19 16 14 13 13 15 19 22 24 26 26 25 23 22 20 20 21 23 25 281812 4ZQ1332 26999999999999999999999 711 131851 2099999999999999
 29 29 28 24 21 17 13 11 10 11 14 18 22 25 26 27 26 24 23 22 22 23 26 281812 5ZQ 024 301442 2799999999999999 758 101930 2299999999999999
 30 31 30 27 23 19 14 11  8  8 10 14 18 23 26 27 27 26 25 24 24 24 26 281812 6ZQ 053 311539 2799999999999999 840  820 2 2499999999999999
 31 32 32 30 27 22 17 12  9  7  7 10 15 20 24 27 28 28 27 26 25 25 26 281812 7ZQ 124 321626 2899999999999999 919  72030 2599999999999999
 30 32 33 32 29 25 20 14 10  7  6  8 11 16 21 25 27 28 28 27 26 26 26 271812 8ZQ 157 3317 8 2899999999999999 956  62056 2699999999999999
 29 32 33 33 32 28 23 18 12  9  7  6  9 13 18 22 26 28 28 27 27 26 26 271812 9ZQ 229 341748 28999999999999991032  62121 2699999999999999
 28 31 33 33 33 30 26 21 15 11  8  7  7 10 15 19 23 26 27 27 27 26 26 26181210ZQ 3 2 331827 279999999999999911 7  62147 2699999999999999
 27 29 31 32 33 31 28 23 18 13 10  7  7  9 12 16 20 24 26 26 26 25 25 25181211ZQ 335 3319 8 26999999999999991144  72216 2599999999999999
 26 27 29 30 31 31 29 25 21 16 12  9  8  8 10 13 17 21 23 25 25 25 24 24181212ZQ 4 7 311953 25999999999999991221  82253 2499999999999999
 24 25 26 28 29 29 28 26 22 18 14 11  9  9  9 12 15 18 21 23 24 24 24 23181213ZQ 440 292040 24999999999999991259  9999999999999999999999
 23 23 24 25 26 27 26 25 23 20 16 13 11 10 10 11 13 16 18 21 22 23 23 23181214ZQ 516 272125 2399999999999999 0 3 231338 1099999999999999
 22 22 22 22 23 23 24 23 22 20 18 15 13 12 11 11 12 14 17 19 21 22 23 22181215ZQ 6 2 2422 1 2399999999999999 153 221417 1199999999999999
 22 21 20 20 20 20 20 21 21 20 19 17 15 14 13 12 13 14 16 18 20 22 23 22181216ZQ 719 212226 2399999999999999 335 201458 1299999999999999
 22 21 19 18 17 17 17 18 18 19 19 18 17 16 15 14 14 15 16 18 20 22 23 23181217ZQ 922 192248 2399999999999999 5 3 171542 1499999999999999
 23 21 19 17 15 14 14 14 15 17 18 19 19 18 17 17 16 16 17 18 20 22 24 24181218ZQ1131 1923 9 2499999999999999 6 0 141630 1699999999999999
 24 23 20 17 15 12 11 11 12 14 16 18 19 20 20 19 19 18 18 19 20 22 25 26181219ZQ1314 202335 2699999999999999 643 111724 1899999999999999
 26 25 22 19 15 12  9  8  8 10 13 16 19 21 22 22 21 21 20 20 21 23 25 27181220ZQ1426 22999999999999999999999 724  71816 2099999999999999
 28 28 25 22 17 13  8  6  4  5  8 13 17 21 23 24 24 23 22 22 22 23 25 28181221ZQ 0 8 281521 2499999999999999 8 5  419 5 2299999999999999
 30 30 29 26 21 15 10  5  3  2  4  8 13 18 22 24 25 25 24 23 23 23 25 27181222ZQ 046 301610 2599999999999999 848  21949 2399999999999999
 30 32 32 30 26 20 14  7  3  0  0  3  8 14 19 23 25 26 25 24 23 23 24 26181223ZQ 129 321655 2699999999999999 935  02032 2399999999999999
 29 32 34 33 30 25 19 12  5  1 -2 -1  2  8 14 20 24 26 26 25 24 23 23 24181224ZQ 216 341740 26999999999999991023 -22115 2399999999999999
 27 30 33 34 33 30 25 18 10  4  0 -2 -1  3  9 15 20 23 25 25 24 23 22 22181225ZQ 3 6 341824 25999999999999991113 -222 5 2299999999999999
 24 26 30 32 33 32 29 23 16  9  4  0 -1  0  4 10 16 20 23 24 23 22 21 21181226ZQ 358 3319 8 249999999999999912 3 -123 8 2199999999999999
 21 22 25 28 30 31 30 27 21 15  9  4  1  0  2  6 11 16 20 22 23 22 21 20181227ZQ 453 311951 23999999999999991253  0999999999999999999999
 19 19 20 22 25 27 28 27 24 20 14 10  6  4  3  5  9 13 17 20 21 22 20 19181228ZQ 554 282032 2299999999999999 029 191343  399999999999999
 18 17 17 17 19 21 23 24 23 21 18 14 11  8  7  7  8 11 15 18 20 21 21 20181229ZQ 7 6 242111 2199999999999999 152 171431  699999999999999
 18 16 15 14 14 15 17 19 20 20 19 17 15 12 11 10 10 12 14 17 19 21 21 21181230ZQ 837 202148 2299999999999999 317 141518 1099999999999999
 19 17 15 13 11 11 12 13 15 17 18 18 17 16 14 13 13 13 15 17 19 21 22 22181231ZQ1029 182224 2299999999999999 448 1116 2 1399999999999999
