 97 97 91 82 78 80 85 94108123131130125117103 82 63 51 45 44 48 61 77 8919 1 1A3 036 98102113299999999999999 4 3 781854 4499999999999999
 96103107102 93 87 89 94101113128136135127117101 77 53 38 33 32 38 54 7619 1 2A3 2 1107112013799999999999999 514 871943 3299999999999999
 93103112117112100 92 94100106116132142139129116 97 68 40 26 23 24 32 5419 1 3A3 3 4117121614299999999999999 615 922011 2399999999999999
 81101112121125117102 93 97103108120138148142128112 89 56 27 16 16 20 3319 1 4A3 35512513 614899999999999999 7 7 932023 1699999999999999
 60 92112120128129117 99 93 98104109125145152141124106 78 42 16 10 14 2019 1 5A3 441130135115299999999999999 755 932052 1099999999999999
 39 73105120126131129113 94 91 99104112132152154137117 96 64 28  8  8 1519 1 6A3 523132143415699999999999999 840 902126  699999999999999
 26 51 88116125128131124104 88 90 99105117140156150129108 84 50 18  6 1119 1 7A3 6 1131151415799999999999999 923 8722 3  699999999999999
 21 36 67103123127128128115 94 84 89 99107124146155142119 97 70 36 12  919 1 8A3 63212915521559999999999999910 4 842239  899999999999999
 18 30 51 84114126126126120104 86 81 90 99111130148148130108 85 57 27 1319 1 9A3 5241271630150999999999999991044 812314 1299999999999999
 16 28 44 69100121126124121110 92 80 81 90100114132143135117 96 73 46 2519 110A3 55812617 6143999999999999991124 792348 1999999999999999
 20 28 41 60 86111124125121114100 84 77 81 89100115129132122105 85 63 4119 111A3 63412517421339999999999999912 3 77999999999999999999999
 29 31 41 56 77101118124122117106 90 79 76 80 87 98112122120109 95 77 5819 112A3 7 9124182012299999999999999 019 291246 7699999999999999
 43 40 45 56 71 91111122123120112 98 84 76 74 77 82 93105111108 99 88 7419 113A3 74212419 711199999999999999 049 391342 7499999999999999
 60 52 53 60 70 85103117123122117106 93 80 72 70 70 75 84 95100 99 94 8719 114A3 815124201510099999999999999 121 521523 7099999999999999
 78 69 65 68 74 83 96111121124121114103 89 76 67 62 60 64 73 84 91 94 9419 115A3 8531242230 9499999999999999 2 2 651649 6099999999999999
 92 87 82 79 81 86 94105116124125121113101 86 70 57 49 47 51 61 74 86 9419 116A3 940126999999999999999999999 3 4 791755 4799999999999999
 99101100 96 92 92 96102110120127128123114101 82 62 44 35 32 37 49 67 8519 117A3 112101103812999999999999999 429 911852 3299999999999999
 98107113113107101 99102107114124132134128117101 77 50 30 19 18 24 40 6519 118A3 231114114213499999999999999 545 991942 1899999999999999
 89106117124123114105103106110116128139142133119 99 70 38 14  6  6 14 3519 119A3 327125124114299999999999999 6461022025  599999999999999
 67 97115125132129116104102107110117133149150137120 97 62 24  2 -4 -1  919 120A3 418133133215199999999999999 73710221 0 -499999999999999
 36 75106121130136130112 98 99105108118141158155138119 93 52 13 -6 -7 -319 121A3 5 7136142015999999999999999 822 972131 -899999999999999
 11 45 88116125132137125102 90 95101105120148164154135117 87 42  5 -7 -419 122A3 55313715 516499999999999999 9 5 9022 3 -799999999999999
  1 19 60102122127132133114 88 81 89 95101123153163148129112 80 34  3  019 123A3 636135154916399999999999999 949 802236 -199999999999999
  6 12 36 80116126126131126 99 74 73 83 88 97124152154137122105 71 29 1019 124A3 7151311633157999999999999991032 712312  999999999999999
 14 21 29 58100127128126127114 84 64 67 77 81 93122144140124113 97 64 3119 125A3 5321291719146999999999999991118 632349 2399999999999999
 23 32 39 51 81118133129125121102 72 58 64 71 74 89115130123111104 89 6119 126A3 6 713318 61309999999999999912 6 58999999999999999999999
 40 41 51 59 73102130136128122113 91 66 56 61 64 68 83104113107100 96 8519 127A3 647136185911399999999999999 027 3813 0 5699999999999999
 66 55 60 70 78 93117135136127119107 85 64 56 57 58 61 74 90 97 94 93 9319 128A3 73113820 4 9799999999999999 1 8 551410 5699999999999999
 87 76 71 77 85 93107125136134125116103 84 65 56 53 51 53 63 77 85 87 9019 129A3 819137999999999999999999999 153 711712 5199999999999999
 95 94 89 86 90 97103114127135132124115102 85 66 53 47 44 45 53 66 78 8619 130A3 025 95 91613599999999999999 253 861821 4399999999999999
 94102105101 97 98103108115125132132125116104 86 65 48 39 35 36 45 61 7819 131A3 154105102613399999999999999 420 971921 3599999999999999
 91102112115110103101104108113122131133128118105 85 60 40 30 28 30 41 6219 2 1A3 255115114513499999999999999 55110120 4 2899999999999999
 84101112121123115103 99101105110121134138131119104 80 51 30 22 22 27 4219 2 2A3 342123125013899999999999999 7 0 992025 2199999999999999
 69 95112121127126113 98 94 97102108124140143132117 99 71 40 20 16 20 2819 2 3A3 423128134114499999999999999 753 942048 1699999999999999
 49 81108121126129123105 90 88 94 99110130147146130113 91 59 27 13 14 2119 2 4A3 5 0129142514999999999999999 836 872118 1299999999999999
 35 62 97120126128127115 93 80 83 91 99115139152143124105 79 45 17 11 1819 2 5A3 53012915 515299999999999999 916 802150 1199999999999999
 28 47 80112127128127121102 80 73 80 89101123146151136116 94 65 32 13 1519 2 6A3 431128154215299999999999999 954 732222 1299999999999999
 25 40 65 99124129126122109 86 69 69 78 89106131148144125105 82 51 24 1719 2 7A3 4521291618149999999999999991030 672252 1699999999999999
 25 37 57 86116130128123113 94 72 62 67 77 91112135143132114 94 68 40 2419 2 8A3 51813016531439999999999999911 4 622320 2399999999999999
 27 38 53 77106127130125116101 78 61 59 67 77 93116133132119103 83 58 3719 2 9A3 5441311727135999999999999991137 582345 3299999999999999
 33 41 54 71 97121131128119107 87 66 56 59 67 77 95116126120108 94 75 5419 210A3 6 813118 4126999999999999991211 56999999999999999999999
 43 47 58 71 90113129131123112 97 75 58 54 58 65 76 94111115108 99 88 7219 211A3 634132184711599999999999999 011 431250 5499999999999999
 58 56 64 75 87105124132127117105 87 67 55 53 56 61 72 89102104100 95 8719 212A3 7 4132194210499999999999999 040 551341 5399999999999999
 77 70 72 81 90101116129131123111 98 82 64 53 50 51 55 65 79 90 94 95 9419 213A3 7401312128 9599999999999999 115 6915 7 5099999999999999
 92 87 84 88 95102111121129128120109 96 81 64 51 45 43 45 53 67 80 88 9419 214A3 824130999999999999999999999 158 8417 6 4399999999999999
 99102100 99100105110115122127127120110 99 83 64 47 37 32 33 41 56 73 8719 215A3 1 8102 92412899999999999999 3 6 991825 3199999999999999
 98107113113109107109111114120126128124116104 87 64 41 26 19 20 29 47 7019 216A3 225114105112899999999999999 4571071928 1999999999999999
 90106117123121114107107108110116127134133124111 90 61 33 15  8 10 20 4419 217A3 316124122113599999999999999 6371072018  899999999999999
 74 99115125130124110100100102104113130143142131115 91 56 23  5  2  5 1819 218A3 4 1130132514499999999999999 735 992055  299999999999999
 48 85111122130132120100 88 89 93 97112137153148134118 90 49 14  1  2  619 219A3 444133141415399999999999999 818 872117  099999999999999
 24 62101121127131130109 83 73 79 84 90113145158148133117 85 40  9  4  919 220A3 525132145915899999999999999 858 732143  399999999999999
 15 38 82119129128130122 92 64 60 69 74 85116150157142129113 77 32 11 1519 221A3 6 2130154215899999999999999 938 592213 1199999999999999
 22 31 61106133132127126108 72 48 51 61 66 83120149147132122106 67 30 2219 222A3 4241351625152999999999999991019 462246 2199999999999999
 32 39 52 87127141132125118 91 54 38 46 55 61 84121140133120114 96 60 3519 223A3 45614117 81419999999999999911 2 382321 3499999999999999
 39 51 59 76112142143129120106 75 42 35 45 51 59 85116126117109105 87 6019 224A3 5311461753127999999999999991146 342357 4899999999999999
 48 58 70 79 99130147140124113 94 63 39 37 45 50 59 83106111103100 97 8319 225A3 6 91481842111999999999999991234 36999999999999999999999
 66 64 76 87 97116138145134118105 85 59 42 42 46 49 59 78 94 96 93 94 9419 226A3 6491451940 972229 959999999 035 631330 412115 939999999
 86 78 81 91100109124137138126113100 82 62 49 46 47 49 57 71 83 87 89 9319 227A3 732140999999999999999999999 115 771453 4699999999999999
 96 94 91 94101107114123131130120109 98 84 67 54 48 46 46 51 63 74 82 8919 228A3 0 3 96 82313299999999999999 2 4 911729 4599999999999999
 97103104102102104108112118123123118110100 88 72 57 46 41 41 45 56 70 8419 3 1A3 138105 93212499999999999999 3361011840 4099999999999999
 95105112113108103102103106110116121120114105 92 74 55 41 35 35 40 53 7219 3 2A3 236114111912199999999999999 5531021929 3499999999999999
 91105114120118109 99 95 96 99104114123125119108 93 71 48 33 28 31 38 5619 3 3A3 318120124112699999999999999 7 9 9520 0 2899999999999999
 81102115121124117103 89 85 88 92101117131132122108 90 64 38 24 24 30 4119 3 4A3 353124133413399999999999999 753 852028 2399999999999999
 65 94115122125123111 90 77 76 82 88103125139135121105 83 53 28 20 25 3419 3 5A3 416125141613999999999999999 829 752057 2099999999999999
 50 80110124126124117 97 74 65 69 77 88110135144134117 99 72 40 21 21 3019 3 6A3 337126145514499999999999999 9 4 652128 1999999999999999
 43 66 99123129125119105 79 59 56 65 75 93121142143128111 90 59 31 22 2919 3 7A3 351129153014599999999999999 938 552156 2299999999999999
 40 57 87118132128121110 87 60 47 52 62 77101130144136121103 77 47 28 3019 3 8A3 41213216 5144999999999999991010 472223 2799999999999999
 40 54 77109131133124114 95 67 45 41 50 62 82111135138127112 93 65 40 3419 3 9A3 4351341638140999999999999991039 402247 3499999999999999
 43 55 72100127136129117102 77 49 36 40 50 64 89119134129117104 84 57 4319 310A3 45613617111349999999999999911 9 362312 4299999999999999
 47 59 72 92119137134121108 88 59 37 33 42 52 68 95120126118109 97 76 5719 311A3 5201381747126999999999999991139 322339 5299999999999999
 53 64 76 89110132139127112 97 73 46 32 35 43 53 71 97115115108102 92 7519 312A3 5471391829117999999999999991215 31999999999999999999999
 64 69 82 92104123137134119103 86 63 40 33 37 44 53 71 93105104101 99 9119 313A3 619138192110699999999999999 0 9 641259 3399999999999999
 80 77 86 96104115129135127111 96 80 59 41 36 38 42 50 66 84 94 95 97 9919 314A3 6541352258 9999999999999999 044 7714 0 3699999999999999
 96 91 92 99107112120128129120107 94 79 61 46 39 37 38 44 57 73 84 90 9719 315A3 737130999999999999999999999 123 901615 3799999999999999
103104102103107111114118123123116107 97 85 68 51 39 33 31 34 46 63 78 9019 316A3 045104 83412499999999999999 2221021757 3199999999999999
102110114112109108108108110115118118113106 94 76 55 37 26 22 26 38 57 7919 317A3 2 1114102111999999999999999 45610819 4 2299999999999999
 96110118121115106100 98 98100107118124123116103 83 56 32 19 16 20 34 5919 318A3 247121121912499999999999999 739 981954 1699999999999999
 87107118124124112 96 85 84 85 89102121134133124111 87 53 25 14 15 20 3819 319A3 327125132313599999999999999 742 842024 1499999999999999
 70102119124127122101 77 67 69 72 79101129143139129115 86 47 21 16 20 2719 320A3 4 3127141014399999999999999 810 672045 1699999999999999
 50 88120129127126113 83 55 49 56 60 72104138148139129115 82 41 21 25 3119 321A3 3 2129145214899999999999999 846 492113 2199999999999999
 40 69112136133126121 99 61 35 37 46 51 70111143145134127112 73 37 30 4019 322A3 319137153314799999999999999 923 332144 2999999999999999
 46 59 94134145132122112 80 39 21 30 39 46 74117141136126123104 65 40 4419 323A3 34914516131429999999999999910 2 212218 3899999999999999
 57 63 81120149146128116 99 60 23 16 28 35 47 80120133124119116 94 61 4919 324A3 4221521655133999999999999991043 152253 4999999999999999
 62 74 81104139154141121107 83 44 17 18 30 36 52 86116120112111107 86 6419 325A3 4581541738122999999999999991124 142330 6199999999999999
 64 79 89 98122148150132113 97 70 36 20 25 34 41 59 89108108104105100 8419 326A3 53515318261109999999999999912 9 20999999999999999999999
 73 79 92100111131146140121104 87 62 37 28 33 39 47 64 86 98 98 98100 9719 327A3 6141471925 9922 91009999999 0 8 721259 282036 979999999
 88 84 91101108117131137128112 97 81 61 44 38 40 44 51 64 80 89 92 95 9919 328A3 655137232810099999999999999 049 8414 3 3899999999999999
 99 95 95 99105109116124125118105 93 80 66 53 46 45 46 51 61 74 84 91 9719 329A3 741126999999999999999999999 139 941555 4599999999999999
103105104101101103105109113114111103 94 85 73 60 50 45 45 49 57 70 82 9419 330A3 1 0105 84711499999999999999 3291011736 4599999999999999
103109112109103 98 96 97 99103107109106100 91 79 64 50 42 41 46 55 69 8719 331A3 159112105410999999999999999 6 6 961837 4199999999999999
101111116116109 98 89 85 86 89 96105113112106 96 82 63 46 37 38 44 56 7419 4 1A3 235116122611499999999999999 7 6 851919 3799999999999999
 96112118119116104 87 75 73 77 82 94110121119110 98 81 58 39 34 38 47 6219 4 2A3 252119132112199999999999999 742 731954 3399999999999999
 86109121122119110 91 71 61 63 69 79 98119129123112 97 75 49 34 34 42 5419 4 3A3 23712314 412999999999999999 815 602027 3299999999999999
 74102122127122114 98 73 53 48 55 64 81108129133124111 93 66 42 34 40 5019 4 4A3 249127144213499999999999999 847 482057 3499999999999999
 66 92119131127118104 80 52 38 40 50 64 89120136133122108 85 57 39 40 5019 4 5A3 3 9131151713799999999999999 917 372124 3799999999999999
 62 83113133133123110 89 58 33 28 36 48 69101130137129119102 75 50 44 5219 4 6A3 330135155113799999999999999 946 282149 4399999999999999
 62 77104131139129115 98 69 36 21 24 35 49 78113134132124114 94 66 51 5519 4 7A3 3511391623135999999999999991013 202214 5099999999999999
 66 76 95124142137121105 82 47 20 16 25 36 55 89121131125119109 86 63 5919 4 8A3 4151431656131999999999999991042 152240 5899999999999999
 70 80 91114139144129111 93 64 30 13 17 27 39 63 98121123117114103 81 6719 4 9A3 4421451733124999999999999991113 132311 6699999999999999
 72 85 94106129145138118100 80 50 21 14 22 31 43 70100115113111109 98 8119 410A3 5121451816115999999999999991150 142344 7699999999999999
 76 87 98105118136142128108 91 70 42 21 20 27 34 47 72 96105104106106 9719 411A3 5461422134107999999999999991234 18999999999999999999999
 87 88 99107112123135133118100 85 65 42 28 27 31 36 48 69 88 96 9810310519 412A3 624136224710599999999999999 022 861331 2699999999999999
100 95 99106111114121128123110 97 85 68 49 37 33 33 35 46 63 80 89 9710419 413A3 7 9128999999999999999999999 1 7 951534 3399999999999999
108106103104106107108113117115107 99 90 76 60 45 37 33 33 42 57 75 8910019 414A3 0 6108 81211799999999999999 2181031726 3299999999999999
109114112106102 99 97 97100106109109106 99 88 70 52 38 31 31 39 55 76 9419 415A3 113114102311099999999999999 638 971829 3099999999999999
107116119114103 91 84 82 82 86 97109116115110 98 79 55 37 30 32 40 58 8319 416A3 158119122411699999999999999 729 811913 3099999999999999
106118122121112 93 74 65 64 66 74 92114124124118107 83 54 36 33 38 47 6819 417A3 227122132212599999999999999 736 641941 3399999999999999
 99121127125120104 76 52 45 48 52 65 93121132129124112 84 52 38 42 48 5819 418A3 15812714 513299999999999999 756 4520 9 3899999999999999
 84118136132124115 91 54 30 30 36 41 61 99129135130127113 80 50 45 54 6019 419A3 214136144413599999999999999 829 282040 4499999999999999
 73105138145132120106 72 31 14 20 27 36 65108133132128127110 74 52 57 6919 420A3 243146152313599999999999999 9 5 142115 5199999999999999
 74 91127153147127114 93 51 14  6 17 24 37 74116132126125124102 70 59 7219 421A3 31715416 213299999999999999 944  52151 5999999999999999
 82 88110145158141120105 77 33  4  6 18 25 44 85119125120122118 94 70 7019 422A3 3531591643126192012299999991023  218131192228 669999999
 85 93102127154154131111 93 61 22  5 12 23 31 55 93117117114117110 88 7419 423A3 429158172711920 7117999999911 4  5185211423 7 749999999
 82 95102114138154144120101 81 49 19 12 21 30 41 67 97111110110112104 8819 424A3 5 71541817111205211299999991148 1219301092348 829999999
 82 92102108121139145130110 92 71 44 25 23 30 38 51 74 9510410510710710019 425A3 5461452141108999999999999991235 22999999999999999999999
 91 91 98105111122132131118101 84 66 46 34 34 39 46 58 76 92 9910210510619 426A3 626134224010699999999999999 033 891332 3399999999999999
102 97 96100104109116121118108 94 81 67 53 44 42 45 51 62 75 88 9710210619 427A3 711121235210799999999999999 133 961452 4299999999999999
107105101 98 97 99102106109108102 93 83 72 62 53 48 48 53 62 74 87 9810619 428A3 817109999999999999999999999 341 971624 4799999999999999
110111108102 94 90 89 91 94 99102101 96 88 79 69 57 50 49 54 63 75 9010419 429A3 050111102110299999999999999 539 891736 4899999999999999
112115114108 97 85 78 77 80 85 93101105102 95 86 73 59 49 49 55 65 79 9719 430A3 11311512 010599999999999999 640 771830 4899999999999999
112119118113103 87 71 63 64 70 79 93107112109101 90 74 57 48 51 59 71 8819 5 1A3 12111913 311299999999999999 719 631913 4899999999999999
109122124119109 92 71 54 49 54 62 78 98116120115105 91 71 54 50 56 66 8119 5 2A3 140125135012099999999999999 753 491949 5099999999999999
102122130125115 99 75 50 37 38 46 60 83109125125118107 89 67 54 56 65 7619 5 3A3 2 2130143112799999999999999 824 362020 5399999999999999
 95119134133122107 84 54 30 24 30 41 62 93120131128121107 84 64 59 66 7519 5 4A3 22513615 813199999999999999 854 242048 5899999999999999
 89112135141130115 95 64 32 15 17 26 41 70106129132128121103 79 64 68 7719 5 5A3 247141154313299999999999999 921 142114 6499999999999999
 86104130146140123105 79 43 14  7 14 25 46 82117131129127119 98 75 71 8019 5 6A3 312146161513199999999999999 949  72142 7099999999999999
 89 98120145149133114 94 62 24  4  6 15 27 54 94122127125125115 92 76 8119 5 7A3 3401501648127999999999999991019  32213 7699999999999999
 92 99111135152144123104 81 45 12  2 10 18 32 64102120121121122109 88 8219 5 8A3 4111521940123999999999999991054  22248 8199999999999999
 92102107121144150134112 95 70 34  9  7 15 23 40 73103114114118118104 8919 5 9A3 4461512034119999999999999991133  62326 8799999999999999
 90102108113128144142123104 88 62 31 14 16 22 29 47 7710010710911511410219 510A3 5251462128116999999999999991220 13999999999999999999999
 92 97106110115128137131113 98 83 60 35 24 25 29 35 52 78 9610210711311219 511A3 6 8137222411499999999999999 0 9 921317 2499999999999999
102 97100105107110120125119107 96 84 65 45 36 34 35 40 56 77 9310110811419 512A3 659125232111499999999999999 1 4 971453 3499999999999999
112105 98 98 98 97100107112110104 98 89 74 58 46 41 40 45 59 78 9410511319 513A3 813112999999999999999999999 349 971646 4099999999999999
117114106 96 89 85 83 85 92100105105103 98 86 69 55 47 46 51 63 8210111319 514A3 012117103410699999999999999 610 831742 4599999999999999
119120116103 87 74 68 66 68 77 92104110111107 97 78 60 52 52 58 70 9111219 515A3 045121123611199999999999999 7 0 661823 5199999999999999
125126123115 97 73 55 49 49 53 66 89109117118116106 84 64 57 61 68 8010319 516A3 044127135311899999999999999 722 491858 5799999999999999
127136131123110 85 54 35 32 35 41 61 92115123124123111 86 66 64 72 78 9219 517A3 1 3136153312499999999999999 741 321933 6399999999999999
118142144132120102 69 34 18 21 25 34 62 99122126127128113 85 68 74 83 8919 518A3 136146164012999999999999999 813 182010 6899999999999999
105135154147129114 91 51 16  8 15 20 34 69109126126129129110 82 74 85 9319 519A3 212155173513199999999999999 849  82048 7399999999999999
 99119150160143123106 76 33  5  5 14 20 41 82117126125130127104 81 81 9419 520A3 249160182413199999999999999 927  22128 7899999999999999
101108133159158135114 95 61 20  2  8 17 26 53 94121123123128121 97 82 8919 521A3 32816219 91289999999999999910 7  222 8 8299999999999999
101106118144160149125105 83 47 14  6 15 24 37 67103120120121124113 93 8619 522A3 4 61601951124999999999999991048  52250 8599999999999999
 95105111126147154137114 95 71 38 15 14 24 33 50 80107117117119119106 9219 523A3 4461552030120999999999999991131 122335 8999999999999999
 90 99107114129144142124104 86 62 36 22 25 33 44 62 8810711411511611310219 524A3 52514621 5116999999999999991217 21999999999999999999999
 93 94100106115127134129113 96 78 58 39 32 35 43 54 72 9210611211411410919 525A3 6 7134213411499999999999999 024 9213 8 3299999999999999
101 95 95 99104111119122116104 90 74 59 47 42 44 52 63 78 9410611211411319 526A3 65312222 611499999999999999 129 9414 8 4299999999999999
108101 96 93 94 97103108110107 98 87 76 65 56 51 52 59 69 83 9610811411619 527A3 756110224911699999999999999 314 931519 5199999999999999
113108101 93 87 85 87 92 97101101 97 89 81 72 64 58 58 64 75 8710011211819 528A3 938102233211999999999999999 451 851631 5799999999999999
118114107 97 85 76 73 75 81 88 96101101 96 89 80 71 63 63 70 80 9310611819 529A31123102999999999999999999999 558 731733 6299999999999999
123121114103 88 72 61 59 63 72 84 97106108104 97 86 75 67 68 76 8710111519 530A3 010123124210899999999999999 646 591823 6699999999999999
126129122111 95 74 55 45 46 53 66 85103114116112103 90 77 71 74 84 9511119 531A3 043129134211699999999999999 725 4419 5 7199999999999999
126135131120104 81 56 37 31 35 46 66 91113123123119108 92 78 76 83 9210519 6 1A3 112135143412499999999999999 8 0 311940 7699999999999999
123138141131115 93 64 36 21 20 28 43 70101122129129124110 91 81 84 9210119 6 2A3 139141152712999999999999999 831 192011 8199999999999999
116137148142126107 80 45 18  9 14 23 45 79112128132132126108 89 86 9310019 6 3A3 2 7148164713299999999999999 9 0  92042 8599999999999999
109129150153138119 97 64 26  5  4 11 23 51 90120130132134125104 89 9310219 6 4A3 238155175213499999999999999 931  32115 8999999999999999
107118142159152131112 87 49 13  0  4 11 26 60101123127131133121 99 9110019 6 5A3 31315918461349999999999999910 5  02152 9199999999999999
108112127151160145123105 76 36  6  1  8 15 33 71107121124129130114 95 9419 6 6A3 3501611936132999999999999991042  12232 9299999999999999
105111116134155155135116 98 67 29  8  9 15 21 44 81110118121127125107 9319 6 7A3 4301582023128999999999999991124  62315 9399999999999999
 97107110117136151145125109 92 62 29 16 19 23 31 56 8911011511912511910219 6 8A3 51315221 8125999999999999991210 16999999999999999999999
 93 98105106114131141132116104 88 61 36 28 31 34 43 67 9511111512012311419 6 9A3 6 1141215212399999999999999 0 4 9213 2 2899999999999999
 99 92 95 98 98106120127120110101 88 66 47 41 43 46 56 7710011311812112119 610A3 657127223112299999999999999 1 4 9214 5 4199999999999999
111 97 88 87 87 87 94105112110106101 91 75 61 55 55 58 68 8610611912312419 611A3 812113225412499999999999999 437 861526 5499999999999999
121110 94 82 76 73 72 78 90100104105104 99 87 74 66 65 69 79 9511412612919 612A311 210523 012999999999999999 539 721636 6599999999999999
127121108 89 72 62 57 57 63 77 93103108110108 98 84 75 75 80 8910412213519 613A31315110233713799999999999999 634 571730 7499999999999999
136131121106 82 59 46 42 43 51 69 90106113117118108 91 82 83 90 9811213219 614A31436119999999999999999999999 714 421817 8199999999999999
144142132120100 71 43 31 30 33 42 66 94112119125126114 95 86 91 9910512019 615A3 020145153912799999999999999 734 3019 2 8699999999999999
142153146131116 92 57 28 20 22 26 40 70102119125131131115 95 90 9810511119 616A3 1 3153163413299999999999999 8 3 201945 8999999999999999
129152159145128110 81 42 17 14 19 24 43 80112124128134132113 94 9310410919 617A3 146159172413699999999999999 838 132029 9199999999999999
116138160160140122102 68 29 10 13 19 28 53 93120127130136129107 92 9710719 618A3 22816318 913699999999999999 916 102112 9199999999999999
111123147164155133114 91 54 20  9 16 23 36 68105125128131134122100 91 9919 619A3 3 9165185113499999999999999 955  92155 9199999999999999
108114129153162147124105 79 43 16 13 22 31 49 83115127127130129113 95 9219 620A3 3501631928131999999999999991036 122239 9099999999999999
101109117135154155135114 94 67 35 18 21 31 43 65 96120126126127121105 9119 621A3 4301581958127999999999999991117 172324 9099999999999999
 92101109119137149143124104 84 57 33 25 31 42 56 80106122125125123113 9919 622A3 5111501856125999999999999991158 25999999999999999999999
 90 93100108120134139130113 95 75 53 37 35 42 54 70 9211212312512311810719 623A3 552139194912599999999999999 012 901240 3499999999999999
 95 90 92 97105116126127118104 88 71 55 46 46 54 66 8210111612412412111319 624A3 636128203712599999999999999 1 8 901324 4599999999999999
102 93 88 88 92100109115115109 98 85 71 61 56 58 65 77 9310812012512411819 625A3 730116212212599999999999999 225 881414 5699999999999999
109 99 90 84 82 84 91 99105107103 96 87 77 71 67 69 76 8710111412312712419 626A3 85010722 612799999999999999 357 821513 6799999999999999
117107 95 84 76 72 74 80 89 97102103 99 93 87 81 77 78 85 9610812012712919 627A31038103225012999999999999999 5 9 721620 7799999999999999
125116104 89 75 64 59 62 70 82 94103107107103 97 90 86 87 9310311512613319 628A31225108233313499999999999999 6 7 591721 8599999999999999
133127115 99 79 61 49 45 50 61 77 95108115117114106 97 92 9410111012213319 629A31351117999999999999999999999 655 451814 9299999999999999
139137127112 91 66 45 34 33 40 55 77100116124126122112101 9710110711612919 630A3 014139145712699999999999999 736 321858 9799999999999999
142147140126107 80 50 28 20 22 32 52 8110812413113412811510310110711212219 7 1A3 054147155613499999999999999 814 20193810099999999999999
137152153141123100 68 34 14 11 15 27 54 8911713013613813111410210411111619 7 2A3 134154165213899999999999999 849 10201710299999999999999
127147161156139119 93 55 21  5  6 12 27 60 9912313213814012810910110711319 7 3A3 214162174514199999999999999 923  4205710199999999999999
118133157167155135115 85 43 11  2  6 12 32 71109127132138139122102 9910819 7 4A3 255167183414099999999999999 957  22138 9799999999999999
113119139163166149129110 76 34  8  6 11 18 43 84117127131137134112 94 9619 7 5A3 3381681919138999999999999991034  52222 9399999999999999
106110118142163160140124104 69 30 12 15 20 29 58 98123127130135125101 8819 7 6A3 42116520 1135999999999999991113 1223 7 8899999999999999
 94102105116141157149131118 98 63 32 23 28 33 45 76111127127130131116 9219 7 7A3 5 71572039132999999999999991154 232357 8399999999999999
 83 90 95 98112135145135122112 93 63 40 38 44 49 63 9312113012912912510719 7 8A3 55614519 7130999999999999991236 37999999999999999999999
 86 79 84 86 89104123129122114107 91 68 54 54 60 66 8110712813413112912019 7 9A3 651130195313499999999999999 053 791323 5299999999999999
101 82 75 76 76 79 92108114111108105 94 78 69 71 76 82 9711913413713312819 710A3 758114204413799999999999999 3 6 751416 6999999999999999
117 98 80 70 67 65 68 79 94102104105106101 90 84 84 89 9610912613914013519 711A31145107214014199999999999999 5 9 651521 8399999999999999
128116 97 77 63 56 54 56 67 82 94102107112111103 95 95 9910611613114214419 712A31320113224014499999999999999 610 541634 9499999999999999
138129116 95 72 54 46 43 46 57 75 9310511312112111210310110611212013314619 713A31433122234214999999999999999 7 6 43174110199999999999999
148141130115 92 64 44 36 35 38 51 75 9711212112912911810610410911412213619 714A31530130999999999999999999999 748 35183910399999999999999
150153143130113 86 54 34 28 29 34 51 8010612012913613311810510411011512319 715A3 039154162013699999999999999 8 8 28193110399999999999999
140157156143127108 77 43 25 23 27 34 57 9111712813413913311410010311011419 716A3 12915917 613999999999999999 835 23201810099999999999999
125147162157139122100 65 32 20 23 28 40 69105127132136139127106 9610110919 717A3 215163174813999999999999999 9 9 1921 3 9599999999999999
114130154165153133115 89 53 24 19 26 33 51 85118132134136135118 97 9110019 718A3 258165182513799999999999999 945 182146 9199999999999999
108116136159163146125105 76 41 21 23 32 43 66101128135133134127106 89 8919 719A3 3381651755135999999999999991022 202228 8799999999999999
 99107120142160155135115 94 64 34 24 31 42 57 84116133134132129116 95 8419 720A3 4181611731135999999999999991059 2423 9 8499999999999999
 88 98108124145154143124105 82 54 34 32 42 55 74102126135133129120104 8619 721A3 45715418 8135999999999999991134 312350 8199999999999999
 81 88 97108126142143130113 95 72 50 40 44 56 70 92116132135130123111 9419 722A3 53614518441359999999999999912 8 40999999999999999999999
 82 81 87 95108124134131119104 87 67 53 51 59 70 8610712613413312711710219 723A3 616134191913599999999999999 034 801240 5199999999999999
 87 79 79 84 92105118123119110 98 83 69 63 65 73 8510111913113513112311019 724A3 7 1123195313599999999999999 126 791311 6399999999999999
 95 83 77 76 79 86 99109113111105 96 86 78 76 79 87 9811212613413412911919 725A3 8 2113202813599999999999999 244 761346 7599999999999999
106 91 79 72 69 71 78 90100105106104100 94 89 89 92 9910812013113613412719 726A3 949106211013699999999999999 413 691436 8999999999999999
117103 88 74 65 60 61 68 80 9210110610910910510210010310811512513413713519 727A3122510922 413799999999999999 523 59155110099999999999999
128117102 84 66 54 48 49 57 71 8710111111712011711210910911312012813614119 728A31357120231014199999999999999 624 47171510899999999999999
139131119101 78 56 41 35 36 46 65 8610511812713012611811211311612213014019 729A31457130999999999999999999999 718 34182511299999999999999
147145135120 98 70 44 28 22 26 38 62 9011212613513713111911211311712213219 730A3 016147154813799999999999999 8 5 22191911199999999999999
146156152139121 95 61 31 16 14 19 34 64 9812113314014113011410711011512019 731A3 112156163814299999999999999 845 1320 510799999999999999
135155164156140120 90 51 20  9 10 16 36 7210912913614214112410510010611119 8 1A3 2 1164172614399999999999999 918  82047 9999999999999999
118139163170156138118 84 41 13  8 12 20 45 87121133137142136113 92 9210119 8 2A3 246170181114299999999999999 947  82129 9099999999999999
105116143168169152135114 76 33 13 15 20 30 61105132135136139126 97 80 8519 8 3A3 3301721851139999999999999991019 122211 7999999999999999
 94 99114146168161143130108 68 31 21 28 33 47 83123139136135134112 82 7019 8 4A3 41416917 8139999999999999991052 212255 7099999999999999
 79 87 92113145159148134124101 63 36 36 45 51 68105137142135133125 98 7019 8 5A3 4591591742143999999999999991128 332341 6499999999999999
 65 75 80 86110138145133124117 94 63 48 55 64 71 91125145143135129115 8619 8 6A3 54614618201479999999999999912 5 48999999999999999999999
 64 63 70 73 81104126128120115110 91 70 65 74 82 9011113814914313312510719 8 7A3 63613019 214999999999999999 032 611245 6499999999999999
 81 63 62 65 67 75 95111113109109107 94 82 82 91 9810712514314914113112019 8 8A3 736114194914999999999999999 133 611328 8099999999999999
103 80 65 62 61 61 68 84 97101103107108102 96 9710310911713114414613913019 8 9A31142109204214799999999999999 436 601422 9599999999999999
119103 83 67 59 55 54 60 74 87 9510211011511310810711111512113114114413919 810A31313115214914499999999999999 545 54154110799999999999999
131121105 85 67 55 49 48 53 66 82 9610711712412311611211311612012813814319 811A31423124231114499999999999999 649 47171911299999999999999
141134123108 85 63 48 42 41 47 62 8310211512613212911911111011311712413719 812A31514132999999999999999999999 740 41183610999999999999999
146146137125107 82 55 40 36 37 45 64 9011212513313713111610510410911312319 813A3 026147155913799999999999999 811 36193110499999999999999
140152150138124104 74 46 32 32 36 47 72103124132137138127107 96 9910411019 814A3 122153163913999999999999999 830 312015 9699999999999999
124146159152136120 96 63 35 27 32 38 54 85117133136138135117 96 88 9410119 815A3 2 7159171413899999999999999 858 272055 8899999999999999
110130154162149131113 85 50 28 28 36 46 68103130138136135126103 83 82 9119 816A3 24916216 013899999999999999 929 262134 8099999999999999
100113139160160142123103 71 40 27 34 44 58 86120139138134129113 88 74 7819 817A3 32716316251409999999999999910 2 272211 7399999999999999
 89100120146160151132114 90 58 35 33 44 56 76107134142136129119 97 74 6919 818A3 4 51611653142999999999999991034 312247 6899999999999999
 78 89103127150154140122103 78 50 38 45 57 72 96125141140131122105 81 6619 819A3 44115517221439999999999999911 4 382322 6599999999999999
 68 78 89107131146143128112 93 68 50 49 60 73 91116137143136125112 90 7019 820A3 5171471749143999999999999991132 472357 6399999999999999
 63 68 78 90111131138130118104 85 65 58 64 76 89109131142140130118100 7819 821A3 5531381815143999999999999991158 58999999999999999999999
 64 63 69 77 91111126127119110 98 82 70 71 81 91104123139142134123109 9019 822A3 634128184314399999999999999 034 621224 6999999999999999
 71 63 64 68 75 89107116116112106 97 86 82 87 9610511713214113912911710319 823A3 724117191614299999999999999 119 621255 8299999999999999
 85 69 62 62 64 70 84 98106108108106102 96 9610110811512513514013512511419 824A3 857108195714099999999999999 233 621333 9599999999999999
100 84 69 61 58 57 62 74 88 9810410811111110810811211612112713513713312519 825A31221112205113799999999999999 437 57143110899999999999999
115102 86 69 57 50 47 51 63 79 9210311312012211911711711912112613213613519 826A31349122221413699999999999999 556 47162111799999999999999
129120107 88 67 50 39 36 40 53 72 9210812112913112611911611611812213013819 827A31442131235614199999999999999 7 0 36182611699999999999999
141137128112 89 63 40 28 25 30 46 71 9711612913613612711510910911211712919 828A31527137999999999999999999999 752 25192210999999999999999
144151147135116 89 56 30 19 18 26 45 76107126135140136120103 9710010411219 829A3 1 5151161014099999999999999 832 1720 0 9799999999999999
131153161153138118 86 48 22 15 18 27 52 90122134138140131107 87 84 90 9619 830A3 156161165114099999999999999 859 152038 8399999999999999
108135162166154139118 80 39 19 19 25 36 67109135139138136119 88 69 72 8119 831A3 240167154213999999999999999 924 182117 6899999999999999
 87106141167164149137114 72 35 24 31 37 52 89130145139135129103 68 54 6419 9 1A3 32316916 114599999999999999 952 242157 5499999999999999
 73 80107146165155142132107 65 37 38 48 54 74114147149137131118 84 51 4619 9 2A3 4 51651632151999999999999991025 342238 4599999999999999
 59 66 76109145154142133125 99 62 47 56 67 74 98137156147133125105 67 4219 9 3A3 44715517 6156999999999999991059 462321 4099999999999999
 45 56 61 76109138139128124117 91 65 62 76 85 94121151158143129117 92 5819 9 4A3 5311421743159999999999999991134 60999999999999999999999
 41 47 55 60 77107125123116117110 90 75 80 93101112136155153137123109 8319 9 5A3 618126182315799999999999999 0 7 411212 7599999999999999
 56 47 52 56 60 76 99111109108111107 94 89 9610611312314115214513111810419 9 6A3 71411210 811119 61529999999 1 0 47 8421081253 899999999
 82 62 54 55 56 60 73 90 9910110410910910310210711411912713914413812611619 9 7A31127110195714499999999999999 210 54134110199999999999999
103 86 69 60 57 55 58 67 81 91 9710511311611311111311511812413113513212519 9 8A3125511621 413599999999999999 510 5515 311199999999999999
117107 92 76 63 56 52 53 61 75 8810011112012412111511211111311612312913119 9 9A314 1124225113199999999999999 619 52174111199999999999999
128122112 97 78 61 51 47 49 57 73 9210811912813012411310510310510811712819 910A31447130999999999999999999999 713 47185510399999999999999
135134127116 99 76 55 44 42 46 57 77101119128133132121104 94 93 9710211519 911A3 022135152413399999999999999 745 421933 9399999999999999
132142140130116 96 68 46 38 40 46 61 87114129134134129111 91 82 85 91 9919 912A3 117143154813499999999999999 8 9 3820 8 8299999999999999
118140150142129113 88 58 38 36 42 52 72103128136135132120 96 75 71 79 8719 913A3 2 015015 613699999999999999 836 352043 7199999999999999
101127150153140125107 77 47 34 39 49 62 89121139138132124105 78 62 65 7519 914A3 238154152314099999999999999 9 6 342117 6199999999999999
 87108138156151135119 96 65 41 38 48 59 78109136143135126112 86 60 53 6219 915A3 315156154814399999999999999 936 372150 5399999999999999
 74 90118146155143128110 84 55 42 48 60 74 99129145141129116 95 66 48 5019 916A3 35015516131469999999999999910 5 422222 4799999999999999
 62 75 98128149148134120100 73 52 51 62 75 92120143146134120103 76 51 4319 917A3 4241511638147999999999999991032 492253 4399999999999999
 51 63 80107135145137125112 90 66 57 65 77 90112137148140125110 88 59 4219 918A3 45814517 2148999999999999991057 572323 4199999999999999
 44 54 66 86114134136127118104 83 67 69 81 92106128146145131116 98 73 4919 919A3 5331371727148999999999999991122 662356 4199999999999999
 41 47 56 69 91116128125118112 99 82 77 85 97106120139147138122106 87 6319 920A3 6111281757147999999999999991150 76999999999999999999999
 46 44 51 58 70 92111118115112108 98 88 90100109117129142142129114 99 8119 921A3 658118183014499999999999999 035 431222 8799999999999999
 60 48 48 52 57 69 87102107108109109103 99103111117123132138134122109 9719 922A31023110191013899999999999999 128 471259 9999999999999999
 81 64 53 51 51 53 63 78 92 9910411011311111011311712012212813212812011019 923A312 111320 313299999999999999 329 50135211099999999999999
100 86 70 57 50 45 46 54 68 83 9510611512112011711611611511712012512512219 924A31322121213912699999999999999 529 4518 511599999999999999
117109 95 77 59 45 38 37 45 61 80 9811212312812611911110710610711212012819 925A31412128235813099999999999999 637 36191110699999999999999
130127119104 81 57 39 30 31 39 58 83106121130132126112 99 92 92 9510311819 926A31450132999999999999999999999 728 291931 9299999999999999
135142138128110 83 53 32 26 29 40 63 94120131134133121 98 80 75 78 83 9619 927A3 1 5142151813499999999999999 8 3 261952 7599999999999999
121145151144133114 81 47 29 29 35 47 76112134137134129108 77 58 59 66 7319 928A3 152151144113799999999999999 827 282025 5799999999999999
 93128154156146136114 76 42 33 39 46 61 97133145138131120 90 54 40 47 5519 929A3 233157145714599999999999999 853 3321 1 4099999999999999
 65 94136158153143135110 69 43 44 54 61 81121151150135126108 69 33 28 4019 930A3 313158152515499999999999999 923 412139 2699999999999999
 48 62100141154144138131103 64 50 61 71 78104144161147129118 92 48 21 251910 1A3 353154155816199999999999999 956 502219 1999999999999999
 38 45 65106140143133132124 94 65 64 79 87 97127159161140122107 75 35 181910 2A3 4341451634164999999999999991031 6123 0 1899999999999999
 28 39 46 71110133130123125115 89 72 80 95101114142163154131115 96 63 311910 3A3 51613417111639999999999999911 7 722344 2499999999999999
 25 35 43 52 78109122117116118108 89 83 95106112126148157143122107 87 581910 4A3 6 2122 85311817511579999999 7381151146 8299999999999999
 36 35 43 48 58 81104110108110113106 94 95105113118130145145131114101 831910 5A3 657110 95111318321479999999 032 33 8 81081227 939999999
 61 47 46 50 53 62 80 96101103108112108103104110114118127134132121109 991910 6A31059112192013599999999999999 131 45131810299999999999999
 85 69 58 54 54 56 63 76 89 971031101151141101091091101121171221221161091910 7A31219115202812399999999999999 325 54145710999999999999999
101 91 78 66 58 55 56 61 72 85 971071151201191131071031021021061111161161910 8A31322120223311699999999999999 526 55181110299999999999999
113107 98 84 69 58 53 53 59 70 86102114122125122111 99 92 90 91 961051161910 9A314 3125999999999999999999999 625 521859 9099999999999999
121119113103 87 68 54 49 51 58 73 93112123127127119103 86 78 78 82 90105191010A3 013121142512899999999999999 7 4 491926 7799999999999999
121129126118105 86 63 48 47 52 62 80105124131130124111 89 69 64 68 75 89191011A3 1 8129141113199999999999999 736 461955 6499999999999999
111131136130119104 79 55 45 49 58 70 93120135134127117 96 69 53 53 61 73191012A3 150137142313699999999999999 8 7 452026 5199999999999999
 94122140140130118 98 71 50 47 56 67 84111135140132120104 76 49 40 47 58191013A3 228142144614199999999999999 837 462058 4099999999999999
 75104134146139128113 89 62 50 55 66 79102130144139125110 85 54 33 33 44191014A3 3 3146151014599999999999999 9 7 502128 3199999999999999
 59 83117142145135124106 79 58 57 67 79 95122144146132116 95 64 35 25 32191015A3 338146153414899999999999999 934 552157 2599999999999999
 45 64 95129144139130119 97 72 62 69 80 92114140150140122104 77 44 23 24191016A3 411144155715099999999999999 959 622226 2199999999999999
 35 48 73108134139132125112 88 70 72 83 93107131150147129111 90 59 29 20191017A3 4431391623152999999999999991024 692255 1999999999999999
 27 39 54 83116132130125120104 84 76 85 97105121143151138117100 76 45 24191018A3 5171331651151999999999999991052 762329 2199999999999999
 23 33 43 61 91117125121119115 99 85 87 99108115131146144126107 90 65 38191019A3 5551251724148999999999999991124 84999999999999999999999
 26 30 39 47 66 93112115114115111 99 92 99109115122135142133115 99 83 61191020A3 644115 9 411518 01429999999 0 8 26 7551141159 929999999
 40 33 37 42 50 67 90103106109113110103101108114117122131133123109 96 83191021A31014113184213399999999999999 058 33124210099999999999999
 64 48 42 42 44 49 64 83 95101108114113109108111113113116121122116107 99191022A31128114193912399999999999999 218 42134310799999999999999
 88 73 58 49 45 43 47 60 76 91101111118118114109107104102104109113113111191023A31235119213311499999999999999 456 43181010299999999999999
107 98 85 68 54 44 41 44 56 74 93107117123122114103 94 89 87 89 97107116191024A31323124999999999999999999999 6 3 4119 3 8799999999999999
119117110 96 75 55 43 40 45 57 78101118126127123109 90 75 70 70 74 87106191025A3 0 6119135012799999999999999 652 401925 6999999999999999
123129127120104 78 54 43 44 50 64 89116131132128119 97 70 53 51 54 62 81191026A3 1 9129133913399999999999999 723 421940 5099999999999999
111133138134128109 78 53 47 52 59 75106134141135126110 79 46 32 35 42 53191027A3 152138135214299999999999999 750 4720 9 3299999999999999
 81119140141137132110 75 54 56 65 72 92126150147132120 97 58 24 17 26 33191028A3 230142142015299999999999999 820 532044 1699999999999999
 49 87127143139138132106 72 60 70 79 86111147160145126111 81 36  8 11 22191029A3 3 6143145416199999999999999 854 602122  699999999999999
 29 52 97133140135136129 99 71 71 85 92101131161161138119100 63 20  2 12191030A3 344140153016699999999999999 929 6722 1  299999999999999
 22 31 61106133132129132121 92 74 83 97102116146166154128110 88 48 12  6191031A3 424135 7 013216 71669999999 54812910 7 742241  59999999
 18 27 39 73112127123124127113 89 82 95106111128153161142118100 75 39 141911 1A3 5 6127 74912716451629999999 6271221046 812324 129999999
 16 27 35 51 83112119116119120106 90 90103111117133151149129108 91 67 381911 2A3 552119 83712117251539999999 7 61161127 8899999999999999
 24 28 37 44 62 89108112112116115103 94 98107112118132141134116100 85 641911 3A3 92611618 714199999999999999 010 231212 9499999999999999
 44 36 40 46 53 69 89103107110113112104 99101106109114123127120107 95 821911 4A31021114185412799999999999999 1 3 361310 9999999999999999
 67 53 48 49 53 60 72 88 99106110113113108102101101102105110113110102 941911 5A3112311420 011399999999999999 213 4715 510199999999999999
 85 74 64 57 55 57 63 73 87 99108113116115110102 95 92 91 93 981031051021911 6A31220116215610599999999999999 353 551743 9199999999999999
 97 91 83 72 62 57 59 64 74 88102113118120117108 95 84 79 78 81 88 971051911 7A31253120234810799999999999999 514 571836 7899999999999999
107104 99 90 76 64 58 60 67 77 93110121124122115101 83 69 64 66 71 83 981911 8A313 0124999999999999999999999 610 5819 8 6499999999999999
111115111105 94 77 63 58 63 71 84102120129127120108 88 66 52 50 56 66 841911 9A3 054115131712999999999999999 654 581938 4999999999999999
105120122118109 94 75 61 61 68 79 94115132134127114 96 70 46 36 40 49 65191110A3 142123134113599999999999999 731 5920 9 3699999999999999
 91116129128122111 92 71 62 67 77 89108130140135121104 78 48 28 25 33 47191111A3 22213014 714199999999999999 8 5 622039 2499999999999999
 71103127135131123108 86 69 68 76 87102125143143130112 89 57 28 15 20 31191112A3 3 0135143114699999999999999 835 6721 8 1599999999999999
 51 82116134136131122103 81 72 77 87 98117140150140121100 71 36 12 10 19191113A3 335137145615099999999999999 9 2 722136  999999999999999
 33 59 96126136134130118 96 79 79 88 97110133151149131111 86 52 18  5 10191114A3 4 8136152315399999999999999 929 7622 5  599999999999999
 21 38 71109130132131127112 90 81 89 99106122145155141119 99 72 35  9  6191115A3 439133155315599999999999999 957 812237  599999999999999
 15 25 46 83116127126127123105 88 87 99107114132151150129108 88 58 25  8191116A3 6101281626154999999999999991030 852313  799999999999999
 12 21 32 56 91116121121123118100 89 96107112120138149139117 99 80 50 22191117A3 8 512317 21499999999999999911 6 892354 1499999999999999
 14 21 28 39 64 95112114116120113 99 94102110113122136140126108 93 74 48191118A3 8581201743141999999999999991147 94999999999999999999999
 28 24 29 35 46 69 94106109114117110100 98105109110117127127115102 91 75191119A3 952117183012999999999999999 043 241237 9799999999999999
 53 38 35 38 41 51 72 92103109114116110101 99101101101107114114108100 93191120A31047117193411599999999999999 149 351349 9999999999999999
 80 64 51 46 45 47 56 74 92104111117118111101 94 91 88 87 91 99104104102191121A31138118213110599999999999999 358 451745 8799999999999999
 99 91 77 63 54 51 52 61 77 96110118121120111 97 83 75 70 69 75 86 98106191122A31215121999999999999999999999 512 511840 6999999999999999
109108103 89 73 60 56 59 68 84104120127126121108 87 66 54 51 52 59 77 97191123A3 024109122112799999999999999 6 0 561915 5199999999999999
111117118114 99 79 65 63 68 77 93116133135129119101 72 46 34 33 37 48 73191124A3 153118124013699999999999999 637 631930 3399999999999999
102119124126123105 81 69 72 79 87105131146141129115 90 54 25 17 21 26 42191125A3 310126131214699999999999999 713 691957 1799999999999999
 76110126129132128107 82 74 82 89 97119147155142125108 76 34  8  7 14 20191126A3 416133134915699999999999999 750 742031  599999999999999
 43 84118129131136129104 81 81 93 98107134160159138119 98 60 17 -1  4 12191127A3 512136142716399999999999999 828 7821 8 -199999999999999
 21 51 96124129131136126 98 82 89101105118147166155130111 86 44  7 -2  7191128A3 6 213615 716699999999999999 9 8 822147 -399999999999999
 15 28 65107126126130133118 93 85 96106110128156164145120101 73 31  3  3191129A3 649134154616599999999999999 948 842228  099999999999999
 14 22 41 79114124123127128110 89 89101108115135157155132110 91 60 25  8191130A3 7331291626160999999999999991031 862310  799999999999999
 13 23 33 56 91116120120124120102 89 92103109118137150141119100 80 52 251912 1A3 81512417 7150999999999999991115 882354 1799999999999999
 17 25 34 46 70 99115117118120113 98 90 95103108118132138126108 91 72 491912 2A3 85312017501389999999999999912 3 90999999999999999999999
 32 29 36 46 59 81102113115116116108 97 92 95100104113122123113 98 84 691912 3A3 925117183612499999999999999 040 2813 2 9299999999999999
 53 42 41 47 56 70 87104113115115113106 97 91 91 93 97103109109103 93 821912 4A3 938115193511099999999999999 132 401430 9199999999999999
 71 60 53 52 57 65 77 92105113116115112105 96 88 84 84 86 91 96 99 97 911912 5A3101211621 5 9999999999999999 236 511633 8499999999999999
 84 77 70 63 61 64 72 83 96108116119117112103 91 80 73 71 74 79 87 94 971912 6A3105811923 2 9799999999999999 352 611748 7199999999999999
 95 91 86 79 71 67 70 78 88101113121123118110 98 82 67 58 57 62 70 83 951912 7A31141123999999999999999999999 5 4 671837 5799999999999999
102103100 95 86 76 72 76 84 95107120128126118106 89 68 50 43 44 52 66 841912 8A3 039103122012899999999999999 6 2 721915 4299999999999999
101110112109102 90 80 76 82 91102116129134128115 98 74 50 33 29 34 47 671912 9A3 146112125413499999999999999 649 761951 2999999999999999
 91111119120116106 92 82 82 89 98111127139138126109 85 56 30 18 19 28 46191210A3 238121132514099999999999999 728 802024 1799999999999999
 74102121127127121106 91 84 88 96106122139146137121 99 69 36 13  7 13 26191211A3 328127135414699999999999999 8 2 842055  799999999999999
 50 85114127131131121103 89 88 95102114134150148133113 87 52 18  2  3 10191212A3 424132142415299999999999999 833 872124  199999999999999
 27 60 97122130133132118 99 89 94102108124146156145125104 74 35  5 -3  2191213A3 523133145715699999999999999 9 4 892154 -399999999999999
 12 34 72108125129133130112 94 91100106114133154156137116 94 60 21 -1 -1191214A3 617133153315899999999999999 937 902228 -399999999999999
  6 17 44 84115124127131125105 90 94104109119140156149127108 85 49 14  1191215A3 7 71311611157999999999999991015 9023 4  199999999999999
  5 12 25 56 95117121124128118 98 89 97105109121142151137117100 76 42 14191216A3 7541281652151999999999999991056 892345  899999999999999
  9 15 22 37 69102116118122123110 92 89 97103106120137140125108 94 71 41191217A3 8391241737141999999999999991141 88999999999999999999999
 22 21 27 34 50 80106115117120118104 89 88 94 97100113126125113101 90 71191218A3 921121182812899999999999999 030 201234 8699999999999999
 47 34 36 40 47 64 90110116118119114 99 86 84 86 86 89100111111104 97 90191219A3 957119193111299999999999999 120 341344 8499999999999999
 76 58 50 50 54 60 76 98114120120119111 97 83 76 74 72 75 84 95 99 98 97191220A310 012021 9 9999999999999999 222 491710 7299999999999999
 94 85 73 64 63 66 73 86105119125124120110 94 77 65 59 56 58 68 82 92 97191221A31014125999999999999999999999 340 631812 5699999999999999
101102 97 87 77 74 77 84 96112126132128122110 90 68 50 42 40 43 54 73 90191222A3 05010211 113299999999999999 452 7419 4 4099999999999999
101108112110 98 86 83 87 93103119135139133123108 84 55 34 27 26 30 45 70191223A3 215113115013999999999999999 549 831943 2699999999999999
 94107116122120105 91 89 95100109127144146136122105 75 41 20 15 16 22 42191224A3 320123123814799999999999999 639 8820 0 1599999999999999
 75102115123130125107 92 93100105114135153151136120 98 63 26  8  8 11 20191225A3 414130132415599999999999999 725 912027  799999999999999
 46 84111121128135126104 91 96104107120144160152132114 89 49 14  2  6 10191226A3 5 413514 816099999999999999 810 9121 2  299999999999999
 24 57 97119125131136122 98 90 98105109126153163147125107 77 36  6  1  8191227A3 550136145116399999999999999 854 892140  199999999999999
 15 34 73109124126132132113 91 88 99105112133158159139117 97 64 25  3  6191228A3 632134153316299999999999999 938 872218  299999999999999
 15 25 49 89118125126130125103 85 88 98104115139157150127107 85 52 19  7191229A3 7121311614158999999999999991021 842258  799999999999999
 15 25 38 67103123125125126115 93 82 88 97104118140149137115 96 73 42 19191230A3 74412616551509999999999999911 6 822337 1599999999999999
 16 25 37 54 83111123123122119105 87 82 88 97105119135137123103 85 63 39191231A3 6201231736139999999999999991152 82999999999999999999999
