100118131135130118104 91 84 85 95111130147158158147127102 75 53 41 41 5219 1 1AB 258135143215999999999999999 821 832133 3999999999999999
 71 96119136143140128112 98 89 89 99116136153162160146121 91 61 37 26 2819 1 2AB 411144152116399999999999999 928 882220 2599999999999999
 44 69 99127146154149134115 99 89 90102121142159167161141111 76 44 21 1319 1 3AB 5 515416 5167999999999999991025 8823 1 1399999999999999
 21 43 75110139158162153134113 95 87 91106128151167170158132 97 59 27  819 1 4AB 5481621644171999999999999991110 872338  599999999999999
  6 21 50 87124152167166151128105 89 85 94114138161173170152119 80 41 1319 1 5AB 6251681721174999999999999991149 85999999999999999999999
  0  6 29 64104139163171163143118 96 84 85100124150169176166140102 61 2619 1 6AB 659171175617699999999999999 012 -11224 8399999999999999
  3 -2 13 43 82121153170170155131106 87 81 89109135160174174156124 84 4419 1 7AB 730172182917699999999999999 044 -21256 8199999999999999
 14  0  4 26 61101137162171163143117 94 81 82 96119145166174167142107 6719 1 8AB 8 017119 217499999999999999 116 -11328 8099999999999999
 32  9  4 16 45 82119149166166152128104 86 79 85104128152167169154126 8919 1 9AB 830168193617099999999999999 147  314 0 7999999999999999
 53 25 11 14 34 65101134156164157139115 94 81 79 9111113415416315813910919 110AB 9 1164201116399999999999999 219 101435 7899999999999999
 75 45 25 19 30 54 85117144158159147126104 87 79 82 9511513514915314412419 111AB 932160204915499999999999999 250 191514 7899999999999999
 96 67 44 31 33 48 73102129148156151136117 97 83 78 83 9611413014114113119 112AB10 6156213314299999999999999 323 3016 0 7899999999999999
112 88 65 49 43 49 66 89114135149151144129110 93 81 77 81 9310812213013019 113AB1045152223113199999999999999 4 0 431657 7799999999999999
121106 87 71 60 58 65 81101121138147147139124106 89 77 71 74 84 9711112019 114AB1131148235212299999999999999 444 5718 7 7199999999999999
122118108 94 82 73 72 78 91107124138146145137121103 84 69 61 62 71 8510019 115AB1227147999999999999999999999 542 711924 6199999999999999
113121122116106 95 86 83 86 96110126139147147138121 99 76 57 46 45 55 7219 116AB 138122133014899999999999999 7 2 832034 4499999999999999
 92112126132130121108 97 90 90 97111127142152152142121 93 64 40 27 26 3919 117AB 313133143215499999999999999 831 892133 2599999999999999
 61 90117137147146135118102 91 88 96111131150161160146119 84 49 21  6  719 118AB 421148152816299999999999999 945 882224  499999999999999
 25 56 92127152163160144123102 88 85 94114138160172169149115 73 32  1-1419 119AB 5151641620173999999999999991043 842312-1499999999999999
 -7 18 56100140167177169148121 96 82 81 95119148172183176150109 61 16-1619 120AB 6 217717 9183999999999999991133 792359-2799999999999999
-27-15 17 63112154179185171145114 88 75 78 97126158182191179147100 48  219 121AB 6461851757191999999999999991219 74999999999999999999999
-27-33-14 25 75126166187187167136103 78 68 77100133166189194177140 90 3819 122AB 728190184419599999999999999 044-3413 3 6899999999999999
 -5-29-28 -3 40 91140174189181157123 91 69 64 77104138170189190169129 8019 123AB 8 9189193219299999999999999 129-321347 6499999999999999
 32 -5-21-14 15 59108151178185171143109 80 63 63 7910713916718217915611819 124AB 848185201918399999999999999 212-221432 6199999999999999
 73 32  4 -5  8 39 81124158177175157128 97 72 60 62 8010613515816916314119 125AB 92617821 916999999999999999 254 -51519 5999999999999999
107 71 39 20 18 34 64101136161170163143116 88 68 58 63 7910212614415114519 126AB10 417022 415199999999999999 336 171611 5899999999999999
127101 74 52 41 44 61 87116142158161151131107 83 66 58 62 74 9311212713419 127AB1043162231113499999999999999 417 401711 5899999999999999
130118101 83 69 63 68 82103125143153152142124102 81 65 57 58 67 81 9711119 128AB1127154999999999999999999999 5 3 631825 5799999999999999
119121116107 96 87 83 87 97111127140146145136121101 81 64 54 51 56 68 8319 129AB 045121122314799999999999999 6 2 831950 5199999999999999
 99112120121117110102 97 97103112124135142143136121101 80 60 46 41 44 5619 130AB 246121133414499999999999999 730 9721 7 4199999999999999
 74 94113126131129122112103 99102110121134143145138123100 75 52 35 29 3419 131AB 413131144614599999999999999 910 9922 5 2999999999999999
 49 72 98121137143139128114102 95 97106121136147150142122 95 66 40 22 1819 2 1AB 5 51431545150999999999999991018 952249 1899999999999999
 27 49 78109134150152144127108 94 88 92106125144156156143118 85 52 25 1019 2 2AB 54315316321579999999999999911 4 882326  999999999999999
 11 28 57 92125149160156141119 98 84 82 92111135154164160140108 71 36 1119 2 3AB 6141601712164999999999999991140 81999999999999999999999
  2 11 36 72110142161165153131105 84 75 79 96121147165170158131 93 53 2019 2 4AB 643166174817099999999999999 0 0  21212 7499999999999999
  2  1 20 52 92129157169163143115 89 72 69 82106134159173171150116 75 3619 2 5AB 710169182117499999999999999 031 -11241 6999999999999999
  9 -1  9 36 73114147167169153127 98 75 64 69 89117147169176165137 98 5719 2 6AB 735170185417699999999999999 1 0 -11310 6499999999999999
 23  4  5 24 57 97134161170161139109 81 63 61 74 99129156172171152119 7919 2 7AB 8 1170192717499999999999999 129  21340 6099999999999999
 42 17  8 18 45 82120151167166149121 91 68 57 62 8110913816016916013610119 2 8AB 82616920 116999999999999999 157  81412 5799999999999999
 64 34 18 20 38 69105138160166156133104 77 59 55 66 8811614215816014511919 2 9AB 852166203616199999999999999 225 171446 5599999999999999
 86 56 35 28 38 61 92124149162159142117 89 67 55 57 71 9411914015014713119 210AB 919163211615199999999999999 254 281523 5499999999999999
105 78 55 43 44 59 83111137153158149129104 79 62 54 58 73 9411613213913419 211AB 94915822 513999999999999999 325 4216 8 5499999999999999
119 99 78 63 57 63 78100123141151150138118 95 74 59 53 58 71 8910712112719 212AB1023152231112899999999999999 4 1 5717 3 5399999999999999
125115100 87 77 75 81 94111128140146143131113 92 73 58 51 53 63 78 9511019 213AB11 8146999999999999999999999 447 741817 5099999999999999
119122118110101 93 91 94102114126136141140130114 94 73 55 44 42 48 63 8119 214AB 053122121514299999999999999 6 0 911945 4199999999999999
100116126129125117108102 99102110122133141143136121 98 73 49 32 25 30 4619 215AB 253129134414399999999999999 756 9921 4 2599999999999999
 70 96120137144142132118105 97 96104117133147153148130103 70 39 16  6 1219 216AB 41314515 515399999999999999 935 9622 7  699999999999999
 33 64 99131153161156141120100 88 87 97116138158167161140105 64 26 -1-1119 217AB 5 616116 9167999999999999991037 8623 0-1199999999999999
 -1 26 66109146169175164141113 88 75 76 92118148172182173145103 55 12-1619 218AB 55017617 4182999999999999991125 732347-2399999999999999
-23 -7 29 76124163183183164133 99 73 61 68 91125159185193179145 96 44  119 219AB 62918617541939999999999999912 8 61999999999999999999999
-24-25 -1 42 93142177191182155117 81 57 50 64 94132169194198178138 87 3519 220AB 7 6191184119999999999999999 031-281249 5099999999999999
 -4-23-15 15 62114159187191173138 98 63 43 44 64 98139174195194169127 7719 221AB 741192192719799999999999999 113-231330 4199999999999999
 30 -1-11  5 40 87135172189183157119 79 49 36 42 6710314217318818115511419 222AB 814189201218899999999999999 153-111410 3699999999999999
 70 32 11 11 32 69112151177183168137100 65 41 34 46 7210614016517316313819 223AB 846183205817399999999999999 230  81452 3499999999999999
103 68 42 31 38 62 96131160174170150118 85 56 39 38 51 7610513215015514419 224AB 917175214715599999999999999 3 6 311536 3699999999999999
123 97 73 57 55 66 88116142160164154132104 76 55 43 44 56 7710012013313619 225AB 948165224513699999999999999 341 541625 4299999999999999
129114 98 83 76 78 89107127144153151140120 97 75 58 49 50 59 74 9110611719 226AB1022154999999999999999999999 418 761726 4899999999999999
122120113105 98 94 97105116129138142140130115 97 79 64 55 52 57 67 80 9419 227AB 01012211 614299999999999999 5 6 941850 5299999999999999
106115119119116112108107110116123129133132127116101 85 69 56 50 50 57 7019 228AB 229120122413399999999999999 6431072028 4999999999999999
 86103117127130128122115109106108114121128132130122107 89 69 52 42 40 4819 3 1AB 4 5130141313299999999999999 9 51062140 4099999999999999
 64 85108127138141136125112102 97 98107119131139139129111 88 63 43 31 3119 3 2AB 4511421530140999999999999991014 962229 3099999999999999
 44 66 93120140151149138120102 89 85 91105124140149148134110 80 52 30 2119 3 3AB 5221521622150999999999999991054 8523 7 2199999999999999
 27 46 75108136155160151131108 87 76 77 90111135153161154133102 67 37 1819 3 4AB 55016017 3161999999999999991126 752340 1499999999999999
 15 29 57 92127154166162143117 90 71 65 74 95123149166169154125 88 51 2319 3 5AB 6151661738170999999999999991154 65999999999999999999999
 11 17 40 75114147167170155128 97 71 57 59 78106138164176170147111 70 3619 3 6AB 639171181117699999999999999 010 111221 5699999999999999
 14 11 28 60 99137164174166141108 76 54 48 60 87121153175179164133 93 5419 3 7AB 7 2174184418099999999999999 038 101249 4899999999999999
 25 13 21 47 85124157175173153120 85 56 42 46 67100135165179175152116 7619 3 8AB 725176191618099999999999999 1 5 131317 4199999999999999
 42 22 21 39 72111146170176163134 98 64 42 37 50 77113147170176164135 9819 3 9AB 748176195017799999999999999 132 191347 3699999999999999
 63 37 28 38 63 98134162174169146112 77 49 34 38 58 8912315216916714911919 310AB 811175202517099999999999999 159 281419 3399999999999999
 85 57 42 42 59 88121150168170155126 92 61 39 33 43 66 9812915216115413419 311AB 83617121 516199999999999999 228 401453 3399999999999999
107 80 61 54 62 82109137157165158138109 78 52 37 36 49 7310112714414914119 312AB 9 3165215114999999999999999 258 541533 3599999999999999
123102 83 71 71 82101124144156157145124 97 70 50 39 41 54 74 9811913313719 313AB 933158225413799999999999999 332 701623 3899999999999999
132120105 93 87 89 99113130142149146135116 93 71 54 44 43 52 69 8810712119 314AB1014149999999999999999999999 416 871731 4299999999999999
129129124116108103103108117127135140139131117 98 78 60 46 41 45 57 74 9419 315AB 033130112014099999999999999 53110319 5 4199999999999999
112126134135131123115110108111117126134138136127110 88 65 45 33 31 41 6019 316AB 241136131513899999999999999 7531082039 3199999999999999
 84110132146151146134119106 98 98105118133145149142124 97 67 39 21 16 2619 317AB 358151145514999999999999999 933 972149 1599999999999999
 50 82116145162166156137114 94 82 82 95116139158166159137102 64 29  7  319 318AB 44616616 4166999999999999991029 812243  299999999999999
 18 49 89130162178176158130 99 74 63 68 88118150174183173144102 57 18 -319 319AB 5241801659183999999999999991112 632330 -699999999999999
 -3 19 58104148179189179151114 78 53 46 58 87126163189196180144 96 48 1119 320AB 6 01891748196999999999999991152 46999999999999999999999
 -6  2 31 76125167191193171134 92 55 34 34 55 92135174198199178137 88 4219 321AB 633195183420299999999999999 012 -61230 3199999999999999
 11  2 17 53101147182196186155112 68 35 21 29 57 99144180199194168126 7919 322AB 7 5196191920099999999999999 051  213 8 2199999999999999
 40 18 19 42 81126166190192171134 89 49 22 16 32 6510714917919118115311419 323AB 73519420 319199999999999999 128 161346 1699999999999999
 75 46 34 43 70108146176188179150111 69 36 18 20 40 7411314917117716413719 324AB 8 4188204617799999999999999 2 4 341425 1799999999999999
105 75 57 55 70 97130159177177160129 92 57 32 22 30 51 8311614315915914619 325AB 832179213216199999999999999 237 5415 4 2299999999999999
125101 82 73 78 94118143161168161140111 80 53 36 32 42 62 8811313314314319 326AB 9 0168222514499999999999999 310 731547 3299999999999999
133118103 93 91 97112129145155155144124100 76 57 45 44 53 68 8810712213019 327AB 929156233913199999999999999 346 901637 4399999999999999
131126119111106105110120130139143140131115 98 80 65 56 54 59 70 83 9811119 328AB10 7143999999999999999999999 4331051747 5499999999999999
121126127125120116114115118123128130129124115102 88 75 65 59 59 65 77 9119 329AB 144127111713199999999999999 6161141927 5999999999999999
106120129134134129122115110109111116122126126121112 98 82 68 58 54 59 7019 330AB 324135133412699999999999999 8501092057 5499999999999999
 88107126139145142133120108 99 96100109120130135132121104 83 64 51 46 5319 331AB 41214515 913599999999999999 955 962155 4699999999999999
 69 92116138151154146130111 94 84 84 93109127141147142127103 77 55 41 4019 4 1AB 44415416 5147999999999999991031 832236 3999999999999999
 52 75103132153162158142118 94 76 69 76 93116139155159149126 97 67 44 3319 4 2AB 51116316471599999999999999911 1 692310 3399999999999999
 38 58 88121150167168154129 99 73 58 59 74100130155169167149119 85 54 3419 4 3AB 5351701723170999999999999991128 572341 3099999999999999
 31 45 73108143167176166142109 76 52 45 55 80113146170179169142107 70 4319 4 4AB 5591761757179999999999999991156 45999999999999999999999
 31 37 60 95132163179176155121 84 52 36 38 58 92130162181182163130 92 5819 4 5AB 622180183118499999999999999 010 301223 3499999999999999
 37 35 51 82119154178183168136 97 59 33 26 38 68107145174186177151115 7919 4 6AB 64518319 518699999999999999 038 341252 2599999999999999
 51 40 47 72106143171184177151112 72 38 21 23 45 8112215818018316713710219 4 7AB 7 9184194018499999999999999 1 6 401323 1999999999999999
 71 52 50 66 95130161180181162129 89 51 25 17 28 56 9413316417817415412419 4 8AB 733183201717999999999999999 135 491355 1699999999999999
 93 70 60 67 88117147170178169144108 69 38 20 20 37 6810413916217116214219 4 9AB 759178205917199999999999999 2 6 601431 1799999999999999
115 91 76 74 86107133157170170154126 91 58 33 22 27 47 7610913715515915119 410AB 828172214816099999999999999 239 731511 2299999999999999
133113 96 88 91103122142157163157139113 83 56 37 30 36 54 7910613014414819 411AB 9 1163225314899999999999999 317 8816 2 3099999999999999
143131118107102105114127140150152145130108 84 62 46 38 42 55 75 9811913419 412AB 945152999999999999999999999 4 91021710 3899999999999999
142142136127119113112116123132138141138129113 94 73 56 45 43 51 67 8710919 413AB 03014211 214199999999999999 5431121841 4399999999999999
128142148146139129118111108111118127135139137126108 86 64 47 39 42 56 7919 414AB 21714813 913999999999999999 8 01082014 3999999999999999
105130149159158148132114100 92 94104119136148151143124 97 68 45 32 33 4919 415AB 326160144815199999999999999 920 922125 3199999999999999
 76108139162172168151126100 81 72 76 93117143162168159136103 68 39 25 2819 416AB 4111731557168999999999999991010 722220 2499999999999999
 49 82120155177183171145111 79 57 51 62 87121154177184171142103 64 34 2219 417AB 4491841651184999999999999991052 5123 6 2299999999999999
 30 57 96138172190188166130 89 55 35 35 54 89129166190194176142 99 59 3319 418AB 5231921740195999999999999991131 322348 2699999999999999
 26 42 74117158187197184152108 65 32 18 26 54 95140177197196173135 93 5719 419AB 55619718262009999999999999912 9 18999999999999999999999
 37 39 60 97139175196194171131 84 42 15  9 26 60105149183198190164126 8819 420AB 627198191019899999999999999 027 351246  999999999999999
 59 48 57 84121158186196183151108 62 26  7 10 33 7111515618319117915111719 421AB 656196195319199999999999999 1 3 481323  699999999999999
 86 67 64 79107141171188187165129 86 46 18  9 19 46 8412415717717916413919 422AB 725190203618099999999999999 138 6314 0  999999999999999
111 88 78 82100127155175182171145109 70 39 20 18 32 60 9512915416716415019 423AB 754182212016799999999999999 213 771437 1699999999999999
129108 94 91 99117139159170169153126 94 63 39 28 32 48 7310212914715515119 424AB 82317122 915599999999999999 247 901517 2899999999999999
139124110103103112127143155159153136112 86 63 47 41 46 61 8210512513914419 425AB 855160231014499999999999999 32710216 2 4199999999999999
142134124116111112119129139145146139125106 87 70 58 54 58 70 8610412013219 426AB 934147999999999999999999999 4191111659 5499999999999999
138139135128122117115118123129133134130121108 93 79 69 64 65 72 8510011619 427AB 037139103913499999999999999 5511151819 6399999999999999
129138142140134126117112110112117122127127124115103 89 77 68 66 71 82 9819 428AB 210142124212899999999999999 7571101950 6699999999999999
115132144149146137124111101 97 99106117126133132125112 95 79 67 63 67 8119 429AB 310149142913399999999999999 911 9721 0 6399999999999999
100121141153157150135116 98 86 82 88101118133143144135117 96 76 62 59 6619 430AB 349157153414599999999999999 953 822151 5899999999999999
 84108133154164162148126100 79 68 69 81102126146157155141118 92 70 57 5719 5 1AB 4201651621157999999999999991026 672230 5599999999999999
 70 94123150168172162138108 79 58 52 60 82111140161169162141113 84 62 5319 5 2AB 44817317 2169999999999999991056 5123 5 5399999999999999
 60 80110142167179174153120 85 55 39 40 58 89125156175178164137104 75 5719 5 3AB 5131791739179999999999999991126 372337 5499999999999999
 55 70 97130161181183167136 97 59 33 24 36 64102141171186181160128 94 6919 5 4AB 5391851816186999999999999991156 24999999999999999999999
 57 64 85117151177188180153114 71 36 16 17 38 75117156182190178151118 8719 5 5AB 6 5188185319099999999999999 0 9 571227 1499999999999999
 67 64 78105138168187188169133 90 48 18  7 18 47 8813116718718817014110919 5 6AB 632190193219099999999999999 041 6313 1  799999999999999
 84 71 76 95124155179189179152112 69 32  9  7 25 5910114217218618116013219 5 7AB 7 1189201318699999999999999 115 711337  599999999999999
105 86 81 90112140166182183166134 94 54 24  9 13 35 7011014617017917115119 5 8AB 733185205917999999999999999 151 801417  899999999999999
127105 93 93105126149169178172151119 82 48 24 15 23 46 7911414516416916119 5 9AB 8 8178215216999999999999999 230 9115 2 1599999999999999
145126110102104115133151164168159139111 79 51 32 26 34 55 8311313915616119 510AB 849168225716199999999999999 3171011556 2699999999999999
156143129117110111119132145154156149133110 84 60 43 37 43 59 8310913314919 511AB 945157999999999999999999999 42211017 2 3799999999999999
157155147135123114111115123133142146144134117 95 73 56 47 48 60 8010512919 512AB 018157111214699999999999999 5581111822 4699999999999999
148158160153140125111103102107118130141145141129109 87 66 53 50 59 7810319 513AB 13916013 414599999999999999 7411021944 5099999999999999
130152165167158141120101 87 84 90104123141152154143123 97 73 56 51 59 7919 514AB 241168143715599999999999999 853 832053 5099999999999999
107137161175174160136108 83 67 63 73 94121147164167157134104 76 57 51 6219 515AB 328176154616899999999999999 945 632151 5199999999999999
 86117149174184178156124 90 61 45 45 62 91125156176179166139107 77 58 5519 516AB 4 81851642180999999999999991029 432239 5499999999999999
 70 98132165186190176146106 68 38 26 32 57 93133167186187170140105 77 6119 517AB 44419117321899999999999999911 9 262323 6099999999999999
 63 83114149179194190167129 85 46 20 14 28 60101143176192189167136102 7719 518AB 5181951819193999999999999991148 13999999999999999999999
 68 76 99132165189196183151108 64 28  8 10 32 69113153182193184160129 9919 519AB 55119619 219399999999999999 0 3 671226  699999999999999
 80 77 91117149177193190169132 87 46 16  5 15 42 8212516118418817515012219 520AB 623194194418999999999999999 041 7613 3  599999999999999
 98 86 89106133162183190179151112 70 35 13 10 26 57 9613516518117916414019 521AB 654190202518299999999999999 118 851339  999999999999999
116 98 93101121146168182181163133 95 58 31 17 22 42 7310914216517416815219 522AB 72618321 617499999999999999 153 931416 1799999999999999
131112101101112131152169175168147117 83 53 34 28 36 58 8811914516116515819 523AB 759175214916599999999999999 2311001454 2799999999999999
143126112106109120136152163164153132105 78 55 42 41 52 73 9812414415615719 524AB 835165223815799999999999999 3121061535 4099999999999999
150137124114110113123136147153152141122100 78 62 53 54 65 8310512614215119 525AB 918154233715299999999999999 4 31101623 5299999999999999
152146136125116112113120129138142141133118101 84 71 64 65 74 9010812614019 526AB1017143999999999999999999999 5131121721 6399999999999999
149151146137126116109108112119127133134130120107 93 80 73 73 80 9310912719 527AB 045151114613499999999999999 6431081833 7299999999999999
142151153149138124111101 97100108118128134134127115101 88 78 76 82 9511219 528AB 149154132913599999999999999 8 5 971947 7699999999999999
131147157159151136118100 87 83 87 98114129140142137124107 91 80 77 83 9819 529AB 240159145014299999999999999 9 1 832051 7799999999999999
118139156165163150129105 83 70 67 76 94116137150154146130110 91 79 77 8619 530AB 320166154915499999999999999 943 672141 7699999999999999
104128151168173165144116 86 63 51 53 69 95124149164165154133109 89 77 7819 531AB 3541731637166999999999999991019 502225 7699999999999999
 92115142165179177161131 96 63 41 34 44 69103137164177174157132105 85 7719 6 1AB 4251801720178999999999999991054 3423 4 7799999999999999
 83102130158179187177150113 73 40 21 22 41 74114152177187179156128101 8319 6 2AB 45718718 1187999999999999991129 192342 7999999999999999
 80 92116146173189189170135 92 51 20  8 16 44 84128165188192178152122 9719 6 3AB 52919218431929999999999999912 5  8999999999999999999999
 84 86104131161185195186159118 72 32  7  1 18 52 9614017519319117314611719 6 4AB 6 3195192619499999999999999 021 831244  199999999999999
 96 88 95116145172191194178145101 56 20  1  2 24 6210714917919218616613919 6 5AB 639195201119299999999999999 1 0 881326 -199999999999999
114 97 94105128155178191188167131 88 47 16  3  9 35 7311615417918717915919 6 6AB 719192205918799999999999999 142 941410  299999999999999
134113101101114135159178186179156121 81 45 20 11 21 47 8312215517518017219 6 7AB 8 3186215018199999999999999 228 991459 1199999999999999
153132114104106118136156172176168146115 81 50 30 24 34 58 9112515317017419 6 8AB 853177224717499999999999999 3221041551 2499999999999999
166150131115106107116132148161165159141115 86 60 43 38 47 69 9712715216719 6 9AB 955165234817199999999999999 4261051650 3899999999999999
170163148131115104102108121136148155153140120 96 74 58 52 59 7710212915119 610AB1115155999999999999999999999 5441021756 5299999999999999
166170163148129111 97 92 95106121137148151145130109 88 72 65 69 8410713219 611AB 051170125015199999999999999 7 7 9219 7 6599999999999999
154169172165148125103 85 76 78 90108129145154153141122100 83 74 77 9111219 612AB 149172142115599999999999999 819 762016 7499999999999999
138160174176166145117 90 69 59 61 76 99125148161163152132109 90 81 83 9719 613AB 240177153616499999999999999 918 582119 8099999999999999
120146168181180164138105 73 51 41 47 67 96128155171172160139114 94 85 8919 614AB 32618216371739999999999999910 7 412214 8599999999999999
105129156177187181159126 89 55 33 27 38 65 99135164180179165141115 96 8819 615AB 4 71871728182999999999999991051 2723 2 8899999999999999
 95114141167186190177149111 71 39 20 19 37 69108146174186182164138113 9619 616AB 4461901814187999999999999991131 172345 9199999999999999
 92103125153177191189169135 94 55 25 12 19 43 8012115718118918015813210819 617AB 5231921856189999999999999991210 12999999999999999999999
 96 97112137164185192183157119 77 41 17 12 25 55 9413416718518717314912419 618AB 559192193418899999999999999 024 941247 1199999999999999
104 97104123148172188189173142103 63 32 15 18 38 7111014717318518016213819 619AB 634191201118599999999999999 1 1 971323 1499999999999999
116102100112133157177187181159126 88 53 29 20 30 54 8912515617618017015019 620AB 7 8187204718099999999999999 137 991358 2099999999999999
128110101105119141162178181169145111 77 48 31 30 45 7210513716217417215919 621AB 744181212317599999999999999 2131011434 2999999999999999
140120107103110125145163173171156131100 71 49 39 44 62 8911914616417016419 622AB 82217422 017099999999999999 2521031510 3999999999999999
150132116105105113128145159165160144120 94 70 55 51 59 7810312915016316519 623AB 9 3165224216599999999999999 3361041549 5199999999999999
157143127113105105113126140151154148134114 93 75 64 64 74 9211413515216119 624AB 953154232916299999999999999 4291041633 6399999999999999
161153139124111103102109120132141145141130114 97 83 76 76 8610212113915319 625AB1058145999999999999999999999 5351021725 7599999999999999
160159151137121107 98 95100110122133139138131119105 93 86 86 9410812514219 626AB 023161122413999999999999999 649 951828 8599999999999999
155162160151135116 99 88 84 88 99114128139142138128115102 94 93 9911313019 627AB 118162135714299999999999999 757 841939 9299999999999999
147160166163150130107 87 73 69 75 90110129144151148138123109 99 9610311619 628AB 210166151315199999999999999 853 692047 9699999999999999
135154167172165148122 94 70 55 52 63 84111136155164160147129112100 9710519 629AB 256172161316499999999999999 940 522145 9799999999999999
122143163177178166142110 76 50 36 37 54 83116147169177171154132112 99 9819 630AB 33817917 3177999999999999991024 342236 9799999999999999
109129153175186184165133 94 57 30 18 26 51 87126160182188177156131109 9719 7 1AB 42018717501889999999999999911 6 182322 9699999999999999
 99114138165186195186160121 78 38 13  6 20 52 9513817319319417915412610519 7 2AB 5 11951834196999999999999991149  6999999999999999999999
 96102121149176196200185153109 62 23  1  0 21 5910515018319919617714812119 7 3AB 544201191920099999999999999 0 6 961232 -299999999999999
101 96106129158185202201181144 97 50 14 -3  1 28 6911716019020119317014119 7 4AB 62820420 320199999999999999 050 961317 -499999999999999
115 98 97111136165190203198174134 88 44 12  0 10 39 8212816719219818616119 7 5AB 714203204819899999999999999 135 9614 3  099999999999999
133109 96 98114139167189198190164126 83 44 18 11 25 55 9613817219119217719 7 6AB 8 3198213319399999999999999 223 951450 1199999999999999
152126105 95 98114138164183189180155120 82 50 30 28 43 7311014717418718419 7 7AB 856189221818899999999999999 314 941538 2699999999999999
168144120101 93 97111133155171177168148118 87 62 47 48 63 9012215217418219 7 8AB 95417723 618299999999999999 411 921628 4599999999999999
177160138115 97 89 92104123142158164159143121 97 77 66 68 8210513115617219 7 9AB11 4164235617899999999999999 515 891722 6699999999999999
178171155133111 93 83 84 93109128144153153144128110 94 85 86 9711613715819 710AB1230154999999999999999999999 628 821824 8499999999999999
171175168152130107 87 75 72 80 95115133147153149139124109100 9910712214119 711AB 05117514 715399999999999999 744 721936 9899999999999999
159171175168151127101 78 64 59 67 8310612914715815815013512010910611212619 712AB 150175153215999999999999999 852 59205210699999999999999
144161174177168149122 93 67 51 47 56 7610313115316716815914312611310811419 713AB 246177163716999999999999999 949 46215710899999999999999
128147166178180169145114 82 54 38 36 49 7510713916317617616414512511110719 714AB 3381811727178999999999999991037 35225010799999999999999
115132153173184183167139103 68 41 28 31 50 8111715117518518016314012010719 715AB 42418518 9185999999999999991119 27233410599999999999999
106117138161181189183161128 90 54 30 22 31 57 9313216418418917815613111119 716AB 5 61891845189999999999999991157 22999999999999999999999
102106123147171188192179152114 75 42 23 22 39 7111014817619018717014512019 717AB 544193191819199999999999999 0121021233 2099999999999999
103100110131157180193191171138 98 60 33 22 29 53 8912816318519017915713119 718AB 621194194919099999999999999 046 9913 6 2199999999999999
109 98100116141167187194184159122 83 50 30 27 42 7210914617418818516814319 719AB 656194201918899999999999999 119 971339 2699999999999999
118101 95104124150174188189173143107 71 45 33 39 60 9312916018018517515419 720AB 731191204818699999999999999 152 951410 3399999999999999
129107 95 96110132156176185179159128 94 64 46 43 56 8111314517018217916419 721AB 8 7185211818299999999999999 226 941442 4299999999999999
141118100 93 99115136158173176166144115 86 64 54 58 7510113115717417817019 722AB 845177215017999999999999999 3 4 931514 5399999999999999
152130110 96 93101117137155166165153132108 85 70 66 75 9411814316317417319 723AB 928167222417599999999999999 347 931549 6699999999999999
161143122104 94 93101116133148156154143126107 90 81 81 9210913115116517119 724AB102015623 417199999999999999 437 921628 8099999999999999
167154136117101 91 90 97110126139147147139127112101 94 9610512013815416519 725AB1130148235316899999999999999 538 891718 9499999999999999
168163150132113 96 85 83 8810111613114114514213412311310710811412614115419 726AB13 4145999999999999999999999 648 82182710799999999999999
164167162149130109 89 76 71 76 8910612514115015114613612511711411812814119 727AB 053167144115199999999999999 8 0 71195511499999999999999
156166170165150128103 79 62 56 61 7710012514616016415914713312111511712719 728AB 157170155516499999999999999 9 3 55211611599999999999999
142159172177171153126 94 65 45 38 46 67 9712915717417917115513612011211419 729AB 258177165217999999999999999 958 38221811299999999999999
126146166182188179155121 83 49 27 21 34 6210013917118919117915813411410619 730AB 3531881739192999999999999991048 2123 910699999999999999
111127152177194198185155114 70 33 11  9 28 6410815218520119918115412610619 731AB 4451991823203999999999999991135  72355 9999999999999999
 99108130160188206207188152105 57 20  0  4 30 7212116619720920117614411519 8 1AB 53420919 4209999999999999991221 -1999999999999999999999
 96 93108135168197214211187146 96 47 12 -2  8 40 8613617920621119616613219 8 2AB 622215194421299999999999999 039 9213 5 -299999999999999
103 87 89109140174203216209181137 87 42 13  5 21 5710415219020920618515219 8 3AB 711217202321099999999999999 123 861349  599999999999999
118 92 81 88110143176202212201171129 83 44 22 21 42 7912416619520619617119 8 4AB 75921221 020699999999999999 2 7 811432 1999999999999999
138106 84 77 87111142173195201188160122 83 53 39 44 6710214217519519818319 8 5AB 849201213819999999999999999 254 771514 3999999999999999
156125 97 79 76 87110138164182185174149119 90 69 62 70 9312315417919118719 8 6AB 944186221619199999999999999 344 751557 6299999999999999
170145117 93 78 76 86105129151166169161143122101 88 85 9511413816117718319 8 7AB1047169225818399999999999999 440 751643 8599999999999999
177160137112 91 78 75 83 9811713615015615314313011610710611312714516117219 8 8AB1210156234917599999999999999 546 75173910699999999999999
175169154134112 92 78 73 76 8810412213814915214914113112412112413314515819 8 9AB14 0152999999999999999999999 7 5 73185912199999999999999
167170166153135113 92 76 67 67 77 9311413314915815915314313312712613114119 810AB 056170153715999999999999999 827 66203812699999999999999
154164170167156137113 89 69 58 57 68 8711213715616816916214913512512212619 811AB 213170163917099999999999999 934 56215512299999999999999
138153166174172159137110 82 60 48 49 63 8811814716817917716514713011811519 812AB 3201741721180999999999999991025 47224611599999999999999
122138156173181177161134102 71 48 39 45 66 9613116118118717916113911910819 813AB 41318117551879999999999999911 6 39232510799999999999999
109122143165182189180158125 89 58 38 34 48 7611214817619119017415012510619 814AB 4571891825193999999999999991142 33235710099999999999999
100107127152177192194178149111 74 45 31 36 58 9213116618919618516213410919 815AB 5351951852196999999999999991215 31999999999999999999999
 95 96111136165188199193170135 95 60 37 32 46 7511415218219619317414511619 816AB 610199191819799999999999999 028 931246 3199999999999999
 95 88 97119149177196200186157118 79 50 35 40 63 9813717119219718315712719 817AB 644201194419799999999999999 057 881315 3599999999999999
100 85 86102129160186199195174140102 68 46 42 56 8512215818519619016813919 818AB 71720020 819699999999999999 127 841343 4199999999999999
109 88 80 89110140169189195184158123 89 62 51 56 7811014417419119217715119 819AB 751195203419499999999999999 158 801411 5199999999999999
121 95 80 80 94119147172186185169142110 82 65 63 7610113216218319018316219 820AB 827188205919099999999999999 231 781439 6299999999999999
134107 86 78 83100125151170178173155129103 84 75 80 9712214917218418417019 821AB 9 6179212718699999999999999 3 8 7715 9 7599999999999999
147121 97 82 78 86104127148163168160144124105 92 90 9811613815917418017419 822AB 952168215918099999999999999 349 781543 8999999999999999
158136113 93 81 79 8710412314215415715214012511310610611513014716217117319 823AB1053157223917399999999999999 440 78162510599999999999999
165150130109 92 80 78 84 9811513214415015014413512612112112613614815916619 824AB1223151233916899999999999999 546 78173012099999999999999
167161148130110 92 78 72 75 8610312113815015515414814013312913013614515519 825AB1420155999999999999999999999 7 9 72192012999999999999999
163167164153135113 90 72 61 61 72 9011413715616716916315214013012612913819 826AB 1 6167154416999999999999999 831 6021 512699999999999999
151164173173163143115 86 61 46 44 57 8111214316818218417515813912411712019 827AB 232174163918599999999999999 937 43221111699999999999999
133152171185187175150115 78 47 29 28 46 7711715518419819618015513011110419 828AB 3401881722199999999999999991032 26225910499999999999999
111131157183200202186153110 67 32 14 18 43 82129171200210201177144114 9419 829AB 43720318 1210999999999999991120 132342 9099999999999999
 91105132166196215214192152103 56 21  7 17 50 96146188213216198165128 9619 830AB 52821718382189999999999999912 4  7999999999999999999999
 79 81102137175208224219191146 94 47 17 10 28 6611616520322021318714810819 831AB 616225191322099999999999999 023 771247  999999999999999
 78 66 76103142183214226216184137 87 45 22 23 48 8913818321221920316912819 9 1AB 7 4226194721999999999999999 1 4 661328 2099999999999999
 90 65 60 75106147185212220206172128 84 51 37 46 7411515919521320918614919 9 2AB 751220202021499999999999999 145 5914 7 3799999999999999
109 76 58 58 78110148182203206190159121 87 65 60 7310213917419920619416719 9 3AB 839208205320699999999999999 228 561446 5999999999999999
131 96 70 57 62 82112145173189189174148120 96 84 8510112715618119519417719 9 4AB 930191212519699999999999999 313 571524 8299999999999999
150119 90 70 62 68 8611113815917117116014312511110410912314316317918517919 9 5AB103017322 118599999999999999 4 3 6216 510499999999999999
163139114 91 75 69 74 8810712714415515815414513412612312713614916217117319 9 6AB1152158224617399999999999999 5 3 69165812399999999999999
167153135115 96 82 75 76 85 9911613214415215415214614013613614014615416019 9 7AB1355154999999999999999999999 621 75183413599999999999999
163160151138121103 88 78 74 79 9010612414215416116215714914013513413714419 9 8AB 0 0163153316299999999999999 755 74204413499999999999999
152158160156144128108 89 74 68 71 8310212514716417217116214913612612312719 9 9AB 149160162417399999999999999 913 68215512399999999999999
137150161167164151131107 84 66 59 64 8110613415917618217616114212411311219 910AB 31116716591829999999999999910 6 59223711199999999999999
121137155171177172155129100 73 56 52 63 8611714917418818717415112710810019 911AB 4 51771727190999999999999991047 5223 910099999999999999
105121144167183187177153121 88 61 47 50 68 99135167189195186163135109 9319 912AB 4481871753195999999999999991121 462337 9099999999999999
 91104128156181195193175144107 73 50 44 55 82119156185199195175145114 9019 913AB 5241961818200999999999999991151 43999999999999999999999
 80 87109140171194202192166129 91 61 45 48 69103142176198201186158123 9319 914AB 558202184120299999999999999 0 5 801220 4499999999999999
 75 74 91120155185203203184152113 77 54 48 62 9112816519320319517013510019 915AB 63020519 420499999999999999 032 721247 4899999999999999
 75 66 75100134169195205197171135 97 68 55 60 8211615318420120018114811219 916AB 7 3205192620399999999999999 1 1 661314 5499999999999999
 81 63 63 81112147179198200184154119 87 67 64 7810614017319520118916112619 917AB 736202194920199999999999999 130 611341 6399999999999999
 92 67 58 67 91124157184195190169139108 84 74 8010013016018519719217214019 918AB 811196201319799999999999999 2 1 5814 8 7499999999999999
106 77 61 60 74101133162182186176154128104 89 8810012214817318819017815319 919AB 849187203819199999999999999 234 581437 8799999999999999
123 93 71 61 65 8210913716017417516414512410810110511913916017618417916319 920AB 93317621 718499999999999999 311 60151010199999999999999
138111 87 70 65 71 8811113415316416415614212911911612113314816317217416719 921AB1031165214417599999999999999 358 65155211699999999999999
152131108 88 74 69 74 8710612614315415715414713913313013213914815816416519 922AB12 1157224216599999999999999 5 0 6917 113099999999999999
160148132113 94 79 71 71 80 9511413214815716115915314513913613614114815519 923AB14 5161999999999999999999999 628 70191813599999999999999
160160154141123102 82 68 62 67 8110212614916517417316515213912912512813719 924AB 033161152617499999999999999 8 3 6221 512599999999999999
150162169168156135108 81 59 49 52 69 9612715717918918617215113011410811419 925AB 221170161519099999999999999 916 4822 110899999999999999
129150171184185171144110 75 47 35 40 63 97137172196203193170140112 94 9019 926AB 3341861655203999999999999991013 342245 9099999999999999
102126157185202202184149107 66 36 25 36 66108153190211211191158121 89 7219 927AB 43120417302149999999999999911 0 252324 7199999999999999
 74 95128167200217214189148100 57 30 24 42 80127173207220210180139 97 6619 928AB 52221918 4220999999999999991144 23999999999999999999999
 54 64 93135178211227218188142 93 53 31 33 59101150192218221200161115 7419 929AB 6 9227183722399999999999999 0 3 541224 2999999999999999
 47 42 60 97142186217227213179134 88 55 42 52 83127171206221212182138 9219 930AB 65522719 822199999999999999 042 4113 3 4299999999999999
 55 36 39 64103149189215219201167126 89 65 61 781101501872112141961601161910 1AB 741220193921599999999999999 121 341341 6099999999999999
 74 45 34 43 71111152186205204186155122 94 81 841041351681942062001751391910 2AB 82820720 920699999999999999 2 2 341418 8099999999999999
 99 65 44 40 53 811161511781901871701461221051001081271521761921941811551910 3AB 917191203919599999999999999 243 39145410099999999999999
123 90 64 51 51 65 901181461651741711591431281181181261421591741811781631910 4AB1013174211118199999999999999 328 49153511799999999999999
141115 90 71 62 64 76 941161371521601601541451371311311371461571651671621910 5AB1130161215216799999999999999 421 61163013199999999999999
151134115 96 82 74 74 81 951111281421521561561521461411381381421471511541910 6AB132515723 615499999999999999 531 73182113899999999999999
152145135121106 93 83 79 82 911041211371511601631601521431361311301341391910 7AB1458163999999999999999999999 7 6 79203813099999999999999
145149148142131116100 86 78 77 851001191401571681711651531381251171161221910 8AB 122149154717199999999999999 834 77213911699999999999999
133145154157152139121100 83 72 71 811011251501691791771651461251091021041910 9AB 255157162117999999999999999 934 70221510199999999999999
116134152165169162144120 94 74 64 67 83109138165182187177156131107 91 88191010AB 3511691648187999999999999991017 642245 8799999999999999
 98118142165178179166142112 84 65 59 69 93124156181193188169140110 86 74191011AB 4331811714193999999999999991052 592312 7499999999999999
 79 98127156180190185164133100 73 58 61 79109144175194197181152117 86 66191012AB 5101911737198999999999999991122 572339 6299999999999999
 63 78106141173193198184156120 87 65 58 70 96132166192201192165129 91 63191013AB 54419818 0201999999999999991151 58999999999999999999999
 52 59 84120158187202198176142106 77 62 66 86119155186202200178143102 67191014AB 617203182320399999999999999 0 6 521219 6299999999999999
 47 45 63 96136173198204191163128 95 73 68 81108143176198203188157117 78191015AB 650204184620499999999999999 034 431246 6799999999999999
 49 38 47 73111151184201199179148115 89 76 80101131163189201195170133 93191016AB 72420219 920199999999999999 1 3 381314 7699999999999999
 59 38 37 54 87126162188197188165135108 90 86 98121151177194195179149111191017AB 759197193419799999999999999 134 351344 8599999999999999
 75 48 36 43 66100136167186188176153127107 97100116139164183190183161130191018AB 83918920 119099999999999999 2 8 361415 9799999999999999
 95 65 45 41 53 77109140165178177164145126113109116131150168180180168146191019AB 925179203218199999999999999 246 41145210999999999999999
117 87 64 50 50 62 84112138158168167158144131123122128139153165170168156191020AB1024169211217099999999999999 333 48154012199999999999999
136113 89 70 59 58 67 85108130148159162158150141134131133139147154158157191021AB1152162221915999999999999999 435 5717 513199999999999999
150136118 98 80 67 63 67 80 99121140155163164159151141133129129134141148191022AB1339165999999999999999999999 6 0 63192412899999999999999
153152145130111 91 73 63 62 71 90113138159172175170157140125115112117128191023AB 024153145217699999999999999 735 61205211299999999999999
143156163160147125 99 74 58 53 62 83113143169185187176156131108 94 91101191024AB 215163154018899999999999999 850 532143 9199999999999999
120144166178178162135102 72 51 46 58 84120156184198195176145112 84 69 71191025AB 327180161919999999999999999 948 462225 6899999999999999
 88118151180195194174140102 67 46 44 61 94135173200208196166127 87 58 47191026AB 4241971654208999999999999991037 4223 4 4799999999999999
 56 82121161194209204179140 98 63 46 49 73111154191212211188148102 61 35191027AB 5152101727214999999999999991121 442343 2999999999999999
 30 48 83128173205217206176135 94 64 52 63 92133174205216204171125 77 39191028AB 6 221718 02169999999999999912 1 52999999999999999999999
 19 22 48 90138181210217201169129 92 69 65 82115154189211211189150101 56191029AB 648217183121499999999999999 021 171240 6499999999999999
 24 13 24 55100146185208209190158123 94 79 83104136171198208199169127 81191030AB 73321119 220899999999999999 1 0 131318 7899999999999999
 43 19 16 34 67110152184199196177148120 99 93102124153180197197180148108191031AB 818200193319999999999999999 139 151355 9399999999999999
 68 38 23 27 48 811191531781871811631411201081071191391611801881811611301911 1AB 9 518720 418899999999999999 218 23143310699999999999999
 95 64 42 35 43 63 921241511681741681541381241171201301461621721731641441911 2AB 956174203817499999999999999 3 0 35151511799999999999999
117 90 67 53 50 58 761001251451581621581491381301251271341441541591581491911 3AB1059162211916099999999999999 346 49161212599999999999999
133113 93 76 66 64 71 851031221391511561551501421341291281311361421451451911 4AB1221156222614699999999999999 443 64174812899999999999999
139129115101 87 78 75 78 881021191351481551571531461361271221201231281341911 5AB1349157999999999999999999999 559 75194912099999999999999
137137133123111 97 86 80 80 871001171351511601631571461321181091061091171911 6AB 030138144816399999999999999 729 79205910699999999999999
128138143141133120104 89 80 78 85100120142159169168158141121103 92 90 981911 7AB 219143152817099999999999999 841 782141 8999999999999999
112130145153152142125104 87 76 75 86105129153170177170153128103 83 74 771911 8AB 32515416 017799999999999999 933 742213 7399999999999999
 92115138157166162147124100 81 72 75 91116144168182181166139108 80 62 581911 9AB 4121661628183999999999999991014 712243 5899999999999999
 70 94124152171177167146119 93 75 70 80103132161182189178153119 83 56 44191110AB 4521771654189999999999999991049 702312 4399999999999999
 49 71103139168184184167140110 85 71 74 91120151178192189167133 93 58 35191111AB 5281861719193999999999999991121 702341 3199999999999999
 32 48 79118155182193185161130100 79 73 84108140170191195181149108 67 35191112AB 6 31931744196999999999999991152 73999999999999999999999
 21 28 54 92135171192195180152120 93 78 81 98127159185197190165126 82 44191113AB 638196181019799999999999999 011 211223 7799999999999999
 20 15 32 65108150181196191170140111 90 83 93115145174192195178145103 61191114AB 715196183819699999999999999 042 141254 8399999999999999
 28 13 17 42 79122160185193182159131106 92 93107132159182192185162125 84191115AB 75319319 819299999999999999 116 121328 9199999999999999
 46 21 14 26 54 93132165183185172149125107 99104121144167182184172145109191116AB 836186194118599999999999999 153 1414 5 9999999999999999
 72 41 23 21 37 66102137164177176162143124111108115130149166175173157131191117AB 924178201917699999999999999 234 20144810899999999999999
100 68 43 30 32 48 75106136158169167157142127117115121133147158164160147191118AB102217021 816499999999999999 323 29154611599999999999999
125 98 73 52 42 43 57 79106132152162163156145132122118120127136146151150191119AB1135164222315299999999999999 423 41171311899999999999999
142126105 83 64 53 52 61 80103127148161165160149136122113110113121131141191120AB1257165999999999999999999999 537 5119 111099999999999999
146144134117 97 77 62 57 62 78101126149164171166153135115100 92 94103118191121AB 01514614 517199999999999999 7 0 572022 9299999999999999
135148153147132111 87 69 59 62 77101129155173179171153127101 80 70 73 87191122AB 2 0153145617999999999999999 816 592118 6999999999999999
110135155165163147122 94 72 60 63 80107139167184186172146112 79 56 47 54191123AB 317166153818799999999999999 919 5922 4 4799999999999999
 76107140166179176157128 97 73 61 66 87118152180194190167132 91 55 32 27191124AB 4181801617195999999999999991012 612246 2699999999999999
 41 71110149178191185162130 97 73 65 74 99133167192199187156113 68 32 12191125AB 5111911653199999999999999991058 652326 1099999999999999
 14 36 74118159188198188162128 96 76 72 87115150181199198177138 91 46 14191126AB 5591981728201999999999999991141 71999999999999999999999
  1 10 39 82129169194199184156123 95 80 82101131164190200190161118 71 30191127AB 64419918 220099999999999999 0 5  11222 7999999999999999
  4 -2 15 49 94139175194193175147117 95 87 95116146174193194177142 98 54191128AB 728196183619699999999999999 044 -213 1 8799999999999999
 20  2  5 27 64107148177189183164137113 97 95107130156178188182159123 82191129AB 81018919 918999999999999999 122  11339 9499999999999999
 44 18  9 18 44 80119153174180171152129110101103117138160175178167141107191130AB 852180194317999999999999999 2 0  9141710099999999999999
 71 41 24 21 35 61 941281541691701591421241101051101241421581671651501261912 1AB 935171202016899999999999999 238 20145910599999999999999
 96 67 45 34 37 52 771061321521611601501351211111091141261391501551501361912 2AB102116221 115599999999999999 318 34154910999999999999999
115 91 69 53 48 53 67 891121341481551531441321211121101131211311391421371912 3AB1115155215614299999999999999 4 3 48165511099999999999999
126110 92 76 65 61 66 78 961161331461521501431321201111061071121191261301912 4AB1218152232113199999999999999 456 61182410699999999999999
129123112 98 85 76 72 75 85100117133146152151144132118105 97 95 981061161912 5AB1323152999999999999999999999 6 3 721951 9599999999999999
124128126119107 95 85 79 80 88102119136149156154144128110 93 82 79 85 961912 6AB 112128141815699999999999999 720 792051 7999999999999999
111124132134128117102 90 82 82 90105124143157162157142120 96 76 64 64 731912 7AB 24213415 116299999999999999 831 812134 6299999999999999
 91112131143145138123106 91 82 82 93111133153166167155133105 76 55 46 501912 8AB 344145153716899999999999999 926 812211 4699999999999999
 67 93120143155156145126105 88 80 84 99121145165174169149118 84 53 34 301912 9AB 43215716 9174999999999999991012 802244 2999999999999999
 42 68101133157168164148124101 85 80 89108134159176179165136 98 60 30 16191210AB 5131681640180999999999999991051 802317 1599999999999999
 20 41 76114149171177167146119 95 82 82 97121150173184179155118 76 37 10191211AB 5521781711185999999999999991128 802351  399999999999999
  3 16 47 88130163182182166140112 90 82 88108136164183187173141 98 54 17191212AB 63018417441889999999999999912 4 82999999999999999999999
 -3 -2 20 57102144174187181160132105 88 85 97121150175188185162124 79 36191213AB 7 9187181918999999999999999 027 -51241 8499999999999999
  4 -9  0 29 70115155180186175151124100 88 91107132159180187177149108 64191214AB 750186185618799999999999999 1 5 -91320 8799999999999999
 24 -1 -7  8 41 83126161180181167143117 98 91 97115140164179181166135 95191215AB 834183193618299999999999999 146 -714 2 9199999999999999
 54 21  2  2 21 54 95133162176174158135113 98 94102120142161172170153124191216AB 920177202217399999999999999 230 -11449 9499999999999999
 88 52 25 11 15 35 66103137161171166151131112 99 96104119137153161158143191217AB1010171211616299999999999999 318 101546 9699999999999999
117 87 57 35 25 30 49 77109138158165161147128111 98 94 99111126140148147191218AB11 5165222514999999999999999 410 251657 9499999999999999
136117 92 68 49 41 45 61 85113138156162158145127109 94 87 88 97111125136191219AB12 6162235714099999999999999 510 401821 8699999999999999
140135121102 82 65 56 58 71 92116139156162158145125104 85 74 72 79 93111191220AB13 7163999999999999999999999 619 551943 7299999999999999
127137139131116 97 79 69 68 78 96120142159166161145121 95 72 56 53 60 78191221AB 14013914 516699999999999999 734 672049 5299999999999999
101123140147143129110 91 78 75 83101125148165171163142113 81 54 37 33 44191222AB 3 8147145617199999999999999 846 742144 3399999999999999
 67 96126148158155141119 98 83 79 87107132156172175163137101 65 35 18 17191223AB 416159154217699999999999999 949 792231 1599999999999999
 33 63 99133158169165147123100 84 81 92114141165179178159127 86 47 17  2191224AB 5121701625181999999999999991042 812315  299999999999999
  7 30 66107144169177169148122 98 84 84 99123151174184176151113 69 29  2191225AB 6 017717 5184999999999999991129 822355 -699999999999999
 -6  5 35 76119155177181168143116 93 83 88107134161180184170139 96 52 15191226AB 6421821744185999999999999991210 83999999999999999999999
 -6 -7 12 47 90132165181178160134107 89 84 94117144169183180159123 79 38191227AB 722182182118499999999999999 033 -91249 8499999999999999
  7 -7  0 25 64106145171179170149122 99 86 87102126153173180170144106 64191228AB 758179185618099999999999999 110 -71325 8599999999999999
 28  4 -1 14 43 82122154172173159135111 92 85 92110134157172172157127 89191229AB 833174193217499999999999999 145 -114 1 8599999999999999
 52 23  9 12 32 64101135159168163145123102 89 87 97117139157165160141111191230AB 9 716820 816699999999999999 220  81438 8699999999999999
 77 46 25 19 28 51 82114141158161151134114 97 89 91103120139152155145125191231AB 943161204615599999999999999 254 191518 8899999999999999
