 51 61 76 88 94 97 99 98 94 91 91 94 97102109115114106 96 85 69 51 39 3519 1 1AM 620 99151811699999999999999 918 902335 3599999999999999
 36 43 59 79 95103106109107102 98 99102103107114118112100 87 72 53 34 2419 1 2AM 7161091557118999999999999991015 982333 2399999999999999
 23 29 41 63 89106113115115111104100102106107111118120109 93 76 59 37 1819 1 3AM 74311616381209999999999999911 3100999999999999999999999
 12 16 26 45 74102118122120117110100 98103108111116123120105 85 66 45 2219 1 4AM 656122171812399999999999999 0 3 121145 9899999999999999
  5  4 13 29 55 88117128127121114103 95 96104110115122126118 98 75 54 3119 1 5AM 716129175812699999999999999 037  31224 9499999999999999
  9 -3  1 16 38 69104129134127118107 95 89 95105113119126127112 88 65 4319 1 6AM 747134183512899999999999999 112 -313 0 8999999999999999
 19  0 -5  6 25 51 86118135133122111 99 88 87 96107115122127122103 77 5419 1 7AM 819136191012799999999999999 146 -51335 8699999999999999
 32 10 -3  0 15 37 66101127135127116104 91 84 88 99109115122124113 90 6619 1 8AM 854135194412599999999999999 220 -41411 8499999999999999
 45 25  7  2 10 28 51 81112129129120109 98 87 84 91101108114119116101 7819 1 9AM 929131201811999999999999999 252  11448 8499999999999999
 58 40 22 11 12 25 42 65 93117126122113104 94 86 85 92 99103109112105 8819 110AM10 5126205611299999999999999 323 101531 8499999999999999
 68 53 38 25 20 27 40 56 78102118121115109101 92 85 86 90 93 96101102 9319 111AM1042121213910399999999999999 354 201623 8599999999999999
 77 63 52 41 33 34 43 55 69 88106115115110105 98 89 84 83 84 84 87 92 9219 112AM11211162231 9399999999999999 426 321736 8399999999999999
 83 72 63 56 49 45 49 58 68 80 94107112109106102 94 85 78 75 74 74 77 8219 113AM12 21122339 8499999999999999 5 0 452039 7499999999999999
 83 78 71 67 64 60 60 64 72 79 88 99107108105101 96 88 77 69 64 62 63 6719 114AM1244109999999999999999999999 539 592124 6299999999999999
 75 79 78 76 76 75 73 74 77 83 88 94101106106101 96 89 78 66 56 50 49 5119 115AM 119 79132610799999999999999 631 732157 4999999999999999
 59 71 80 84 86 88 88 86 85 88 92 95 98103107105 98 90 80 66 51 40 35 3519 116AM 537 89141210799999999999999 751 852224 3499999999999999
 41 54 71 86 95 99101100 96 93 93 96 99102106109106 96 84 69 52 34 21 1819 117AM 61510215 510999999999999999 923 932256 1899999999999999
 22 33 52 76 98110114113109102 95 94 98101105111115110 95 77 58 37 16  219 118AM 62511416 2115999999999999991037 942333  099999999999999
  1 11 28 55 87114126126122113101 92 92 98104110118123115 95 71 47 21 -319 119AM 6301271658123999999999999991130 91999999999999999999999
-16-12  4 28 62102130138133124111 95 85 88 99107116128133120 93 64 37  719 120AM 657138175113399999999999999 014-171214 8599999999999999
-20-29-19  3 33 75119144145134121105 86 78 86100110122137140121 89 58 2819 121AM 731147184014299999999999999 055-301257 7899999999999999
 -6-31-34-18  8 42 89133151144129115 95 76 73 86100111126143142117 83 5319 122AM 8 7151192814699999999999999 137-361339 7299999999999999
 22-12-33-28 -8 19 56104141149136122106 86 70 72 86 98109127142136108 7719 123AM 846150201514399999999999999 219-341423 6899999999999999
 50 20-10-23-13  8 34 71114141140126113 98 78 67 72 84 93104122133123 9719 124AM 92614421 313399999999999999 3 1-231510 6799999999999999
 73 51 24  2 -3  9 27 51 85119134128116105 91 74 67 72 79 85 9611211810719 125AM10 8135215211899999999999999 343 -416 2 6799999999999999
 88 71 55 35 22 23 34 48 68 95118124117107 98 86 72 66 68 70 74 84 9610019 126AM1050124224910099999999999999 426 201711 6699999999999999
 93 81 72 63 52 46 49 58 68 83101113114107100 92 81 70 63 61 60 62 70 8019 127AM1133115999999999999999999999 5 8 461959 6099999999999999
 84 82 79 77 75 71 69 73 78 85 93102108106100 94 87 77 66 57 51 49 50 5719 128AM 0 7 84121510899999999999999 547 692113 4999999999999999
 66 74 78 82 85 88 88 89 91 93 96 99102103101 95 89 81 71 59 48 41 38 3919 129AM12551039999999999999999999992211 38999999999999999999999
 46 58 70 81 89 95100102102101102102101100100 98 93 85 75 64 51 38 30 2819 130AM 8491029999999999999999999992253 28999999999999999999999
 31 41 56 74 89 98105109110107105104103101 99100 98 91 81 69 57 41 27 2019 131AM 7401109999999999999999999992325 19999999999999999999999
 20 27 40 61 83100108112114111106102102102100100102101 91 77 63 48 30 1519 2 1AM 75811416171039999999999999914351002355 1199999999999999
 11 16 27 45 72 98113116115113106 98 96 99101101104108104 89 72 56 38 1819 2 2AM 7 31161710108999999999999991148 95999999999999999999999
  5  5 16 32 56 88113122119114107 96 88 89 97101104110114105 86 66 48 2719 2 3AM 7 5122175311499999999999999 027  31218 8799999999999999
  6 -2  5 20 42 73106125125117108 96 83 79 86 96102109118118102 79 58 3819 2 4AM 728127183212099999999999999 058 -21249 7899999999999999
 14 -2 -2 11 30 57 91121130122110 98 83 72 74 86 97105116124117 95 71 5019 2 5AM 75513019 712499999999999999 129 -41321 7199999999999999
 27  5 -3  5 22 44 75109129127115102 87 72 66 74 88 98109122125109 84 6219 2 6AM 823131194112699999999999999 158 -31353 6699999999999999
 40 18  2  3 17 36 61 93121129120106 93 77 64 64 76 88 99112123119 98 7419 2 7AM 852129201512499999999999999 226  11427 6299999999999999
 54 33 15  8 17 33 52 78108125123110 98 84 68 60 66 77 87 98113119107 8519 2 8AM 920126205211999999999999999 253  815 4 6099999999999999
 66 48 31 19 21 34 49 68 93116122113101 90 76 63 60 66 75 83 96109109 9519 2 9AM 950122213311199999999999999 321 181547 5999999999999999
 76 61 48 35 31 38 52 65 83103116114103 93 83 70 60 58 64 70 78 91101 9819 210AM1021117222010199999999999999 352 311639 5899999999999999
 85 72 62 53 46 47 57 68 79 93107112105 94 85 76 65 57 55 58 63 71 83 9119 211AM10541122319 9199999999999999 425 461743 5599999999999999
 89 80 73 68 64 62 65 74 82 90 99105105 97 87 79 70 60 51 49 51 55 63 7419 212AM1128106999999999999999999999 5 2 621856 4999999999999999
 82 84 81 79 79 79 78 81 88 93 96100102 99 90 81 73 64 53 44 40 41 45 5319 213AM 040 8412 110299999999999999 547 782013 4099999999999999
 65 77 83 86 90 93 93 92 93 97 99 99 99 99 95 87 78 69 58 45 34 29 29 3319 214AM 532 93113210099999999999999 7 4 922132 2899999999999999
 43 59 76 88 97103106105102100100 99 99 99 99 96 89 79 66 52 37 23 15 1519 215AM 6101069999999999999999999992232 14999999999999999999999
 22 36 56 80100111116116112105 99 96 97 98100102103 96 82 64 47 27  9 -119 216AM 62611715391039999999999999911 3 962319 -199999999999999
  1 13 32 59 91115126125120112 99 90 89 94 98103111115106 85 63 41 16 -719 217AM 6231261654115999999999999991133 88999999999999999999999
-16 -8  9 33 69107132135128119105 87 77 82 91 99109124130115 87 61 35  419 218AM 640136174813099999999999999 0 0-1612 8 7799999999999999
-21-25-11 11 41 84126144138125111 91 70 64 76 89100118139141118 87 59 2819 219AM 7 9144183614399999999999999 040-261245 6499999999999999
 -7-29-24 -5 19 55104141148133117 99 74 54 56 72 87102127149144116 85 5719 220AM 741149192215199999999999999 119-301325 5299999999999999
 23-12-25-13  8 34 74122148142123106 84 58 43 52 69 83103132150138109 8119 221AM 81614920 715099999999999999 158-2514 5 4399999999999999
 54 21 -6 -9  7 27 53 94132144130110 93 70 47 40 51 66 79102130140124 9919 222AM 852144205214099999999999999 237-111449 3999999999999999
 78 54 27 11 16 31 49 74108133132115 98 82 60 43 41 50 61 75 9811912310819 223AM 927136213912499999999999999 315 101536 3999999999999999
 91 76 59 41 35 43 56 70 91114125117101 87 73 55 43 43 48 56 69 8810310419 224AM10 2125223210599999999999999 352 351632 4299999999999999
 95 86 78 69 61 62 69 78 88101113113103 90 79 67 54 45 43 45 51 61 76 8619 225AM10321142347 8899999999999999 425 601752 4399999999999999
 88 86 85 84 82 81 85 90 94 99104106101 92 82 74 64 54 46 42 42 45 53 6319 226AM1050106999999999999999999999 445 811942 4199999999999999
 73 79 84 89 93 96 98101103103103101 98 92 85 78 71 63 54 46 40 37 39 4519 227AM 9 410399999999999999999999921 7 37999999999999999999999
 54 65 77 87 96102107109109107105101 97 92 87 83 77 70 62 53 44 36 32 3319 228AM 7331099999999999999999999992212 31999999999999999999999
 40 50 65 81 96105110113113109105101 97 92 88 87 85 79 70 61 51 39 29 2619 3 1AM 7281139999999999999999999992257 26999999999999999999999
 29 38 51 71 92106112114114109102 97 96 93 90 89 91 90 81 69 59 47 32 2219 3 2AM 7321141620 92999999999999991439 892334 2099999999999999
 21 28 39 57 83105115115113109100 90 88 90 90 90 95100 95 82 68 56 40 2319 3 3AM 62611617 8100999999999999991147 88999999999999999999999
 15 19 29 45 70 99118120114108 99 85 78 81 87 90 95105109 98 81 66 50 3019 3 4AM 638121174710999999999999999 0 6 1512 7 7899999999999999
 14 12 21 35 56 87115125119109 99 83 70 69 78 86 93106117115 97 78 61 4119 3 5AM 659125182111999999999999999 036 111234 6799999999999999
 19  9 15 28 46 74107127125113100 85 66 57 64 77 87101118126114 92 72 5319 3 6AM 723128185412699999999999999 1 4  913 2 5799999999999999
 29 12 12 24 40 62 95123130119104 88 68 51 51 64 78 91111129128108 85 6519 3 7AM 747130192713199999999999999 129 101331 4999999999999999
 43 21 13 22 37 55 82114131124108 92 74 53 42 50 65 79 98121133122 99 7819 3 8AM 81113120 213399999999999999 154 1314 3 4299999999999999
 58 35 20 23 37 53 73102126129113 96 80 60 42 39 51 65 81104126129112 9019 3 9AM 836130203913199999999999999 221 191438 3899999999999999
 72 53 35 29 39 54 70 90115127119100 84 68 49 36 39 51 65 8310612312010219 310AM 9 4127212012499999999999999 250 291518 3699999999999999
 84 69 54 43 45 58 71 85103119120105 88 73 58 42 35 40 51 64 8210411510919 311AM 93312222 711599999999999999 322 4216 4 3599999999999999
 94 82 72 62 58 64 75 86 96108115109 92 77 65 52 39 35 39 49 61 79 9610419 312AM10 211523 410499999999999999 357 581657 3599999999999999
100 91 85 80 76 75 81 90 97102107107 97 82 69 59 49 38 34 38 46 57 72 8719 313AM1028108999999999999999999999 436 7518 0 3499999999999999
 95 95 93 92 93 91 92 96100102102102 98 88 76 66 57 47 37 33 34 40 49 6319 314AM 026 95 92410299999999999999 526 911911 3299999999999999
 77 89 95 99103105105103104104102 99 96 92 84 75 67 58 47 36 29 28 32 4019 315AM 5 7105 83910599999999999999 7 41032042 2899999999999999
 54 71 87100109114116113109105102 98 95 93 91 88 81 71 60 47 34 23 19 2219 316AM 54611699999999999999999999922 4 19999999999999999999999
 32 48 70 93111120123121115105 97 93 92 92 93 97 99 92 78 63 47 30 14  819 317AM 5571231548 999999999999999913 6 922257  899999999999999
 14 27 47 75105125129126119108 93 82 83 87 90 97110115105 85 66 46 22  319 318AM 5521291652115999999999999991127 812339 -199999999999999
  0 11 27 52 87122137133123112 93 73 65 73 82 90107127132114 90 69 43 1319 319AM 6101371741133999999999999991154 65999999999999999999999
 -5 -2 14 33 64107139143129115 98 72 51 51 65 78 93120145143119 93 69 3819 320AM 637145182714899999999999999 018 -61229 4899999999999999
  6 -6  6 24 46 83127149140120102 79 49 33 42 59 75 99134155145118 93 6819 321AM 7 9150191015699999999999999 055 -613 6 3399999999999999
 33  6  5 21 39 65105142149130107 87 59 30 23 37 55 74105141155139113 9219 322AM 742151195415599999999999999 132  21346 2299999999999999
 65 34 17 25 41 59 86123146139115 93 71 42 21 21 36 53 7510914014412710719 323AM 815147203914699999999999999 2 9 171428 1899999999999999
 89 66 43 38 49 63 79104131138122 99 80 58 33 20 24 37 52 7610812912811419 324AM 847139212613199999999999999 245 371513 2099999999999999
101 88 71 60 62 73 83 96114127123105 86 69 50 32 25 29 39 53 7610011311219 325AM 916128222011499999999999999 319 5916 3 2599999999999999
105 98 91 83 80 85 92 99107115116106 90 75 62 48 36 32 34 41 54 72 89 9819 326AM 937117234910099999999999999 350 8017 6 3199999999999999
100 99 99 97 96 98102105107109108103 92 80 70 60 50 42 37 38 43 53 67 7919 327AM 924109999999999999999999999 4 5 961823 3799999999999999
 88 94 99103106108109111110108104 99 91 83 75 68 61 53 47 42 41 44 51 6119 328AM 7161119999999999999999999991949 41999999999999999999999
 72 83 94103109113115114112108103 97 90 84 79 76 71 64 57 51 45 41 43 4919 329AM 6231159999999999999999999992115 41999999999999999999999
 58 70 85100110115117116113106100 95 90 84 82 82 80 74 67 60 53 45 40 4119 330AM 6191179999999999999999999992217 39999999999999999999999
 48 58 72 91108117118116113104 95 90 88 85 83 85 89 87 78 70 63 53 42 3719 331AM 5411181614 899999999999999914 2 8323 2 3799999999999999
 40 49 61 80102118120117112103 91 82 81 82 83 86 94 99 93 82 72 63 49 3719 4 1AM 5451211656 99999999999999991139 812337 3599999999999999
 35 42 52 68 92115124120112103 89 75 70 75 79 85 95107108 96 84 73 58 4219 4 2AM 6 31241732109999999999999991152 70999999999999999999999
 33 37 47 60 82109125124114103 88 70 59 62 71 79 92110120113 97 84 69 5019 4 3AM 62412718 512099999999999999 0 7 331214 5999999999999999
 35 35 43 55 73100124129119105 90 69 51 48 58 70 84106126129114 96 81 6119 4 4AM 644130183713099999999999999 032 331239 4799999999999999
 41 34 41 53 67 91119133125109 92 72 48 36 42 57 72 94122138131111 93 7519 4 5AM 7 5133191013899999999999999 056 3413 8 3699999999999999
 52 37 40 53 66 84111133133115 96 77 52 31 28 40 57 77106135142127106 8919 4 6AM 728136194614399999999999999 121 361339 2699999999999999
 68 48 41 52 67 81102127137124101 81 60 35 20 25 41 59 8511814113912010219 4 7AM 754137202514399999999999999 149 411414 2099999999999999
 85 65 51 53 68 81 96116133130109 87 67 46 25 17 27 43 63 9212313813111419 4 8AM 82213521 813899999999999999 221 491453 1799999999999999
 99 84 68 62 70 83 95108123129117 94 74 56 37 21 19 29 45 66 9512113012219 4 9AM 851129215713099999999999999 256 621538 1899999999999999
109 99 88 79 78 87 97105113120118102 81 64 49 34 23 23 32 47 67 9211211919 410AM 919121225911999999999999999 334 771630 2199999999999999
115108103 98 94 95101107110112112105 89 73 60 48 36 27 27 35 48 65 8510219 411AM 935112999999999999999999999 421 931730 2699999999999999
110111110111110107107109110108105102 94 82 70 60 51 40 32 31 36 46 60 7719 412AM 145111 74711099999999999999 5321071840 3099999999999999
 94105112116119119116113111107102 97 94 89 82 74 66 57 46 37 33 35 42 5419 413AM 42812099999999999999999999920 7 33999999999999999999999
 71 89106117123126124118111104 99 94 91 90 91 90 83 74 63 52 40 32 32 3919 414AM 5 612614 6 91999999999999991238 902131 3199999999999999
 51 68 91112125129128123113100 91 87 86 87 92100103 95 83 70 57 40 29 3019 415AM 5 71291547103999999999999991223 862228 2899999999999999
 38 52 71 99123133131124115 98 81 73 75 79 85 99115119107 91 77 59 38 2619 416AM 5101341642120999999999999991111 732311 2699999999999999
 30 42 56 81113136138127115100 77 58 56 65 73 87112133133116 99 82 59 3419 417AM 5321401730136999999999999991136 552351 2699999999999999
 27 36 50 67 96131146136118103 80 52 37 43 56 70 93127148142121104 84 5619 418AM 6 21461814149999999999999991210 36999999999999999999999
 34 34 48 62 82116146148128106 86 57 29 21 34 50 70103141156144123106 8319 419AM 634151185815699999999999999 028 311247 2199999999999999
 54 40 48 63 77100134152141115 92 68 36 13 14 30 48 7411414815514012210519 420AM 7 6152194315699999999999999 1 5 401327 1199999999999999
 81 58 53 66 79 93118143147127100 78 51 22  8 14 30 50 8112114714713311919 421AM 738149202815099999999999999 141 5214 9  899999999999999
103 82 69 72 84 95109128141133110 86 65 40 18 11 19 34 55 8812113813512519 422AM 8 9142211813999999999999999 217 681453 1199999999999999
115102 88 84 90100108118129130116 94 74 55 35 21 18 26 40 62 9111512612419 423AM 834132221612699999999999999 252 841541 1899999999999999
119112105 99 99105110115120121115 99 82 67 52 38 29 28 35 48 67 9010711519 424AM 847122234811799999999999999 326 981635 2799999999999999
116115113111109111113115115114109100 87 75 64 53 44 38 37 43 54 70 8610019 425AM 737115999999999999999999999 4 11091734 3799999999999999
108113116117117116116115113109104 97 89 81 73 66 58 51 46 46 50 58 70 8319 426AM 3211179999999999999999999991839 45999999999999999999999
 96106114119121121119115111106100 94 88 83 80 76 70 64 58 54 52 54 61 7119 427AM 41312199999999999999999999920 4 52999999999999999999999
 82 95108118123123120116109101 95 91 87 84 84 84 81 75 69 65 60 56 56 6319 428AM 4281249999999999999999999992125 55999999999999999999999
 72 84 98113123125122116108 98 89 85 84 83 84 89 91 88 81 75 70 63 58 5919 429AM 4441251555 919999999999999913 1 832220 5799999999999999
 65 75 88105121126123117108 96 83 77 77 79 83 90 99100 94 87 80 72 63 5919 430AM 5 41261638101999999999999991127 7723 0 5999999999999999
 62 70 80 96115127126118108 94 78 68 67 71 78 88102111108 99 91 83 71 6119 5 1AM 5231271713111999999999999991134 662329 6099999999999999
 61 68 76 89109126129120108 94 76 59 54 60 68 81100118122114104 94 80 6619 5 2AM 5411291746123999999999999991152 542353 6199999999999999
 61 67 75 85103124133125111 95 76 54 41 44 55 69 90117133130118106 92 7519 5 3AM 5591331819134999999999999991216 41999999999999999999999
 63 65 75 84 98120136133116 98 79 54 33 28 39 54 74105134144134119105 8719 5 4AM 621138185414499999999999999 019 621244 2899999999999999
 69 64 73 85 96114135142126103 83 59 33 17 21 36 56 8412114814913411910219 5 5AM 646142193215199999999999999 047 631316 1699999999999999
 82 68 70 84 96109129144138114 89 67 41 17  9 19 37 61 9613315314713211719 5 6AM 715145201415499999999999999 120 671353  999999999999999
 99 81 73 82 96107121137142127100 76 53 28  9  8 21 41 6810513815014212819 5 7AM 74614321 015099999999999999 156 731435  699999999999999
115100 86 85 95107116127137133112 87 65 44 23 10 12 26 46 7410913514313619 5 8AM 818137215314399999999999999 235 841521  999999999999999
125116105 97 98107115120126128119 99 77 59 42 25 15 19 32 51 7710612813419 5 9AM 848129225913499999999999999 321 961614 1599999999999999
130125120113109110115118118119117107 90 73 59 46 32 24 27 38 55 7610011919 510AM 9 3119999999999999999999999 4191081714 2499999999999999
127127127126122118116116114111108105 98 87 75 64 53 41 34 36 44 57 74 9519 511AM 0341289999999999999999999991820 34999999999999999999999
113123128130130127120115111106101 98 98 96 89 81 73 63 52 44 43 49 59 7319 512AM 3371319999999999999999999991937 43999999999999999999999
 92111124130133131125116106 99 94 90 91 95 99 98 91 83 73 62 53 49 53 6219 513AM 4 91331416 99999999999999991124 902056 4999999999999999
 75 94114129134132127118104 90 83 81 81 86 98108109102 93 83 71 59 54 5919 514AM 4 71341536110999999999999991123 812155 5499999999999999
 68 81100122135135127118104 85 70 66 69 74 86105121122112103 93 77 62 6019 515AM 4241371631123999999999999991053 662241 5999999999999999
 67 77 89111133141132118105 86 62 49 51 59 69 90117135132121111 99 79 6519 516AM 4521411719136999999999999991118 482321 6499999999999999
 67 77 86101125144142125107 89 64 39 32 40 52 68 98132146140128117101 8019 517AM 52414618 5146999999999999991153 31999999999999999999999
 70 77 88 97114139150138114 94 72 42 21 20 32 48 7311014415314313111910019 518AM 558150185115399999999999999 0 0 701231 1899999999999999
 81 78 88 99109128148149128103 80 54 25 10 15 30 50 8212215115414313111719 519AM 631152193715599999999999999 038 771312  999999999999999
 98 85 88100109121138149140115 90 67 40 15  7 16 33 57 9313115115013912819 520AM 7 4150202415299999999999999 116 841355  799999999999999
114 98 93100110119129141142126101 78 56 32 14 12 22 40 6710213314614313419 521AM 735144211314699999999999999 154 931439 1199999999999999
124112103102110118124132136130111 89 69 50 31 19 21 32 51 7710813013913619 522AM 8 113622 813999999999999999 2321011524 1899999999999999
129122114109111117122125127125115 98 80 64 49 35 29 32 43 61 8510912613219 523AM 813127231213299999999999999 3131091611 2899999999999999
130127122117115116119121120118113102 89 76 64 52 43 39 44 54 70 8910812119 524AM 7 7121999999999999999999999 4 71151658 3999999999999999
127128127124121118117116114111107102 94 84 76 67 59 52 51 55 63 76 9210719 525AM 0501289999999999999999999991747 50999999999999999999999
118125128128126121117113109105101 98 94 89 84 79 72 66 62 61 64 70 81 9419 526AM 2361299999999999999999999991842 61999999999999999999999
107118126130129125118111104 98 94 92 91 91 90 88 85 79 74 71 70 71 77 8619 527AM 32213099999999999999999999920 1 70999999999999999999999
 97109120128130127120111101 92 86 85 86 89 92 95 95 91 86 82 79 77 78 8319 528AM 3541301526 96999999999999991059 852117 7799999999999999
 91101113124130128121111 99 87 79 76 78 83 91 99104103 99 94 89 84 82 8419 529AM 41713016181049999999999999911 2 7622 5 8299999999999999
 89 97107120128129122112 99 83 71 65 67 73 84 98110114111106101 94 87 8619 530AM 4321291657114999999999999991112 652239 8699999999999999
 90 96104116128131124113 99 82 64 53 53 60 72 90111124125119113105 94 8819 531AM 4471311732126999999999999991128 522310 8899999999999999
 90 97103113127135130116101 83 61 43 38 44 56 75102127138134126117104 9119 6 1AM 5 813618 7138999999999999991152 382343 8899999999999999
 89 96104112125139140126105 86 64 40 25 26 39 56 8311814414914013011710119 6 2AM 5351421845149999999999999991222 24999999999999999999999
 89 92102112122137147140117 93 71 45 20 11 19 36 60 9613415615514313011519 6 3AM 6 8147192515899999999999999 019 881258 1199999999999999
 97 90 97110120132147150134107 81 56 29  7  4 17 38 6810814616115614212919 6 4AM 64315120 916299999999999999 057 901338  399999999999999
112 97 94105118127139150147125 96 70 45 19  2  4 20 44 7711815016015214019 6 5AM 720151205616099999999999999 138 931423  199999999999999
127112100102113124131141147138114 87 63 40 17  5 10 27 51 8412214915514719 6 6AM 8 0147214815599999999999999 223 991511  499999999999999
137127115107110119126130136138127104 81 62 41 22 13 20 36 59 8912114314719 6 7AM 844139224614799999999999999 31410716 3 1399999999999999
142135129120114115120122123127127117 98 81 65 48 32 26 32 46 65 9111813619 6 8AM 935128235414199999999999999 4161131658 2699999999999999
141138136131123117115116114113115116109 97 84 73 59 46 41 46 57 72 9311619 6 9AM1042117999999999999999999999 8491131758 4199999999999999
131137137135131123114109105102101104108106 99 91 83 72 62 57 60 68 80 9719 610AM 125137121310899999999999999 94210019 5 5799999999999999
116130135136133127117105 97 91 88 89 96104108105100 94 86 76 71 73 79 8919 611AM 23113614 2108999999999999991019 882016 7199999999999999
102118131136133128119106 91 81 76 76 80 91105114114110105 99 89 83 84 9119 612AM 3 21361529115999999999999991035 762118 8399999999999999
 98109123135136129119108 91 73 63 62 65 73 90110122123119116109 98 92 9519 613AM 3351371631124999999999999991039 6122 9 9299999999999999
101107116131140135122109 94 73 54 47 50 57 70 94120133132128125116103 9919 614AM 4 914017231349999999999999911 6 472254 9999999999999999
104110115125139143132114 97 79 55 37 33 41 52 7210313214314013512911710519 615AM 4461441810143999999999999991142 33233710299999999999999
103111117123134146144126105 86 63 38 23 25 36 53 8011614315014513912911519 616AM 5231471854150999999999999991222 22999999999999999999999
105107116123130142149140118 95 74 49 25 15 22 37 59 9212915115414613712519 617AM 6 1149193615599999999999999 01810413 3 1599999999999999
111105111121128136146148133108 85 63 38 18 14 24 43 6910513915515314313319 618AM 638149201815699999999999999 0581051344 1399999999999999
120108107116126132140146142123 98 76 54 32 17 19 32 53 8211714515414813819 619AM 71314721 015499999999999999 1371061425 1699999999999999
128116108111120128134139141132111 89 69 49 31 23 28 44 66 9412514514914219 620AM 746142214414999999999999999 21710815 5 2399999999999999
133124115110115123128131134132120101 82 65 49 36 33 41 57 7810412814214219 621AM 817135223014499999999999999 2591101544 3299999999999999
136130122115113117122124125126122109 93 78 65 53 44 46 55 69 8811012913819 622AM 849126232313899999999999999 3471131623 4499999999999999
137133129122116114116117116117117111100 89 79 69 60 56 59 68 80 9611512819 623AM 930118999999999999999999999 45311417 1 5699999999999999
134134132128121115112110108107108108104 96 89 82 75 69 68 72 79 8910311819 624AM 032134103210999999999999999 8491071739 6899999999999999
127132133131126118110105100 97 98101102100 97 93 88 83 80 80 84 89 9810919 625AM 159133115510299999999999999 924 971822 8099999999999999
120127131131128121111101 94 89 87 90 95100101101100 97 93 91 91 94 9910619 626AM 242131141610199999999999999 954 871916 9199999999999999
114123128130128122112100 89 81 77 78 84 9310110710910810610310010010310719 627AM 2571301618109999999999999991020 77203010099999999999999
112119126130128123113101 86 73 66 65 70 80 9510811611911811611110710610919 628AM 3111301713119999999999999991040 65213710699999999999999
113118125131132126115102 86 69 56 52 55 64 8110212012913012812311611011019 629AM 33713317421309999999999999911 1 52223010999999999999999
114119124132137134122106 89 70 50 39 39 47 62 8611413514214113512711610919 630AM 4131371811143999999999999991130 37231610999999999999999
111118124131140144135117 96 76 52 32 23 28 42 63 9512915015414813912711319 7 1AM 45314418441549999999999999912 6 22999999999999999999999
107112122130138149150135111 86 62 36 15 10 21 41 6910714416216115113912319 7 2AM 538151192216499999999999999 0 01071246 1099999999999999
108105114126135146156154133104 77 50 22  3  4 20 44 7812015616916214913519 7 3AM 62315820 216999999999999999 0441041328  199999999999999
118105105118130139151160153128 97 70 42 14 -1  5 25 51 8813116316915814519 7 4AM 710161204517099999999999999 1281031412 -199999999999999
131115103108121132140152159148120 92 67 39 14  4 14 34 61 9813816316315219 7 5AM 758159213016699999999999999 2141031458  499999999999999
141128113105111122129136148153139113 89 67 43 21 16 28 47 7110614115815519 7 6AM 848153221715999999999999999 3 31051545 1699999999999999
145137126112106111118122128139142129108 90 73 52 36 35 46 61 8311213915019 7 7AM 94214323 815199999999999999 3591061634 3499999999999999
147140134124112106107109111117127130120106 95 82 66 56 56 64 76 9411713719 7 8AM1042130999999999999999999999 5111061727 5499999999999999
144141136130120109101 99 97 98105114119115108101 93 83 76 77 83 9210512119 7 9AM 0 3144115911999999999999999 822 971825 7699999999999999
134139136131125115102 92 87 84 85 93103112114112110106100 96 95 9910511419 710AM 1 0139135311499999999999999 916 841931 9599999999999999
124133136132126118106 92 80 73 71 74 83 9610911611912011911511111011311619 711AM 152136171412099999999999999 957 71204211099999999999999
121127134135129120110 96 80 66 60 60 65 76 9511212312813013012612111912219 712AM 2391351835130999999999999991030 59214711999999999999999
124126131136135126113100 85 67 53 48 51 59 75 9912013313713813713112512319 713AM 32413719151389999999999999911 3 48224112399999999999999
126129130134139135122106 91 73 54 40 39 45 58 7910813214314414313913012319 714AM 4101391839144999999999999991138 38232612299999999999999
123128131133139143136118 99 82 62 41 30 33 44 62 8912114515114814313512519 715AM 4571431857151999999999999991216 30999999999999999999999
118122129133137144146134113 92 73 51 31 24 32 48 7010313615515514713912819 716AM 543147192715799999999999999 0 71181253 2499999999999999
116113121130135141149147130106 85 64 41 24 24 37 56 8311814915915314313219 717AM 62515020 115999999999999999 0451131330 2299999999999999
119109111122131137145151144122 98 78 56 35 24 30 47 68 9813315615814713619 718AM 7 5151203515999999999999999 12210814 6 2499999999999999
124111105112124132138147149136112 90 71 50 33 31 42 59 8311314315615214019 719AM 742150211015799999999999999 1591051440 3099999999999999
130118107105114124131138145142125103 84 67 49 39 43 56 73 9712514715214419 720AM 818146214615299999999999999 2371041513 3899999999999999
134125113105107115122127135139131114 96 81 66 53 50 58 71 8711013314614519 721AM 856139222214799999999999999 3181041544 5099999999999999
137130121110105107112116122129130120105 93 81 70 62 65 73 8510012013614219 722AM 937131225914299999999999999 4 71051616 6299999999999999
138133126117108103104106109115122121112102 93 85 78 75 80 88 9811112613619 723AM1026122233613899999999999999 5121031650 7599999999999999
137133129122113103 98 97 97100107114114108102 98 94 89 89 9510110911912919 724AM1128115999999999999999999999 732 971728 8999999999999999
134133129124117106 96 90 88 88 9210010811010910810710410210310711211712419 725AM 013135125611099999999999999 833 87181610299999999999999
131133129124118110 97 86 79 77 78 84 9510511111411611711611411411712112319 726AM 050133165611799999999999999 916 77192111399999999999999
128132131126120111100 86 74 67 65 68 77 9210711712412812912612312212312519 727AM 129132174612999999999999999 955 65204612299999999999999
127130133132125116104 90 74 60 53 53 59 72 9211312813714013813312712412519 728AM 2161331811140999999999999991033 52221312499999999999999
128130134137135127113 97 79 61 45 38 41 52 71 9712314215014914413612712219 729AM 3181371820150999999999999991112 38231012299999999999999
124129134138143142130111 90 69 47 29 23 31 48 7310613815816015414513312019 730AM 4261441840161999999999999991152 23235411699999999999999
116122131137145153151134108 83 59 32 14 13 27 49 7911915517016515414212519 731AM 5251541910170999999999999991233 11999999999999999999999
110109120132141153164159135104 78 49 20  3  9 28 54 9013516917516414913419 8 1AM 618165194417699999999999999 0351071314  399999999999999
114100104120132143160172162132101 74 42 13  2 14 36 6410415017617315714219 8 2AM 7 7173202117899999999999999 1171001355  299999999999999
125104 93103119131144165174159127 98 72 40 15 11 27 49 7811915917516414819 8 3AM 75517521 017599999999999999 2 0 931437 1099999999999999
134116 96 91102116126142163168149121 98 73 45 27 30 46 66 9313116116615319 8 4AM 842169214016799999999999999 245 901520 2699999999999999
139126108 92 90100109118136154155137117 99 79 58 48 54 68 8410813815715519 8 5AM 932157222215899999999999999 335 8916 4 4899999999999999
142131120103 91 89 94100109125140139127115104 90 77 73 79 8910112014014919 8 6AM102814123 414999999999999999 436 891649 7399999999999999
144134125114100 89 86 86 89 98112123125120116112105 99 9810210811612713819 8 7AM1139126234614199999999999999 6 9 861737 9799999999999999
140135127119109 97 86 80 77 79 86 9811011611912112212011811812012212613019 8 8AM16 1122999999999999999999999 810 77183711799999999999999
134134129122114105 92 80 72 68 69 76 8810211312212813213413213113113113119 8 9AM 027135175413499999999999999 918 68204013199999999999999
131131130126119110100 87 74 64 60 62 69 8310011712913614114214013713513419 810AM 1 31311851142999999999999991011 60999999999999999999999
132131130130126117106 94 80 66 55 52 56 66 8310512513814414614514113513319 811AM19211469999999999999999999991053 52999999999999999999999
133132130131132128116102 89 73 57 47 47 55 68 8911613814714814714313512819 812AM 352132183714899999999999999 2151301128 4523301279999999
128131132131135138130114 98 83 65 47 40 45 57 7410013115015314814413512419 813AM 45013818411549999999999999912 3 40999999999999999999999
118123129132135142144130110 93 76 55 38 37 47 62 8411614715915314513612319 814AM 53714519 515999999999999999 0 01181236 3599999999999999
111111121129133141151147127105 88 68 46 34 39 54 7210013415816014913812519 815AM 618151193316299999999999999 03210913 9 3499999999999999
110101107120129137149156145121 99 81 58 39 36 48 65 8611815016315514112919 816AM 65515620 316399999999999999 1 51011340 3599999999999999
113 98 96108121130142156155137113 93 73 52 40 46 61 7810313515815914613319 817AM 730158203216199999999999999 138 9514 9 4099999999999999
119102 91 96109120131147157148126105 87 67 51 49 60 75 9412014715815013719 818AM 8 515721 115899999999999999 212 911437 4899999999999999
124109 94 89 98109119133148151137116 99 83 66 58 64 77 9111013415215214019 819AM 841152212915499999999999999 249 8915 5 5899999999999999
128116101 90 90 98106116132144141126109 97 84 72 71 81 9310512314114914219 820AM 921145215914999999999999999 330 881535 7099999999999999
130120109 96 87 89 95102113127136131118107 99 90 84 88 9710711713114214219 821AM10 7136222914499999999999999 420 8716 7 8499999999999999
133122114103 91 85 85 89 96107121127123115110106101 9910411211912613413919 822AM11 312723 113999999999999999 522 841646 9999999999999999
134124116108 98 87 80 80 83 8910011312011911711711711411411812312713013319 823AM1222120233313499999999999999 634 79173511499999999999999
134127118110103 92 81 74 72 75 81 9310711612112412812912712612813013113119 824AM1650129999999999999999999999 745 72184812699999999999999
132130123115107 98 86 73 66 64 66 73 8710311712713413914013713413313213119 825AM 0 5132173514099999999999999 858 64999999999999999999999
130130129123115106 94 79 66 56 53 56 66 8210312313814714914714113513113019 826AM175914999999999999999999999910 3 53232013099999999999999
130130132132129120106 90 73 56 44 40 46 60 8110813415215715514914012912319 827AM 24713218 5157999999999999991052 40231712399999999999999
124128132136141140127107 87 66 45 30 28 40 59 8511915016516415514513111619 828AM 4251421819166999999999999991135 27234711199999999999999
112119127134145156154133107 84 59 33 17 22 39 62 9413616717416315013611519 829AM 5241571845175999999999999991214 17999999999999999999999
 99101115127138157172164136107 81 51 22 11 24 45 7111015517917415714112119 830AM 613172191718199999999999999 023 981254 1199999999999999
 96 84 94112125143169183167135107 79 45 18 16 34 57 8612917018216714712919 831AM 659183195018399999999999999 1 1 841332 1499999999999999
104 79 74 90108123148177185163132106 77 44 25 32 52 7310414717717515413519 9 1AM 744186202618099999999999999 142 731412 2599999999999999
115 89 69 71 87102120150176176153127106 79 53 44 56 73 9212215717316114019 9 2AM 83018021 117399999999999999 224 671451 4499999999999999
123103 79 66 71 84 97116145165160141124108 87 70 70 82 9511113615816114519 9 3AM 918166213716299999999999999 311 651530 6899999999999999
128113 94 76 67 71 80 91110134147143132123113101 94 9710611412514115114619 9 4AM1012148221015199999999999999 4 5 6716 9 9499999999999999
131118105 91 76 70 71 75 8510112012912912712512211811712012412813313914019 9 5AM1126130223614099999999999999 518 69164711699999999999999
132121111102 90 79 71 69 71 79 9110611612212613113313413413513513513413319 9 6AM1953135999999999999999999999 7 2 69999999999999999999999
130123115108100 90 80 71 67 67 73 83 9610912113113814314414414213913513119 9 7AM18 4144999999999999999999999 829 66999999999999999999999
127123119114108100 90 80 70 64 63 68 78 9210912613814514914914514013513119 9 8AM1832149999999999999999999999 938 63999999999999999999999
126122120119116109 99 90 78 67 59 60 66 77 9411613514614915014714013212819 9 9AM18411509999999999999999999991029 59999999999999999999999
126123121122125120110 99 88 75 61 55 58 67 8110212814615114914613912812019 910AM 35912518 015199999999999999 2 612111 7 5523301199999999
120122121123129132124110 98 85 69 54 52 60 71 8911614215415214513812611319 911AM 4491331812155999999999999991141 51234910999999999999999
109114119122130140139125109 95 80 60 49 53 64 7910213315515714813812610919 912AM 5291421835159999999999999991213 49999999999999999999999
 98101111118126141150143123106 91 71 53 49 59 73 9112014916115314012711019 913AM 6 615019 116199999999999999 016 981242 4899999999999999
 92 88 98110120135153156140119102 83 62 50 55 69 8410813916115914412911319 914AM 640157192616399999999999999 045 871310 5099999999999999
 92 79 83 98111126147161155134113 95 75 57 55 67 8210012715416315013311719 915AM 714162195116399999999999999 115 791335 5499999999999999
 97 78 72 83 98113133156163148126107 89 69 60 67 82 9711714416115513812019 916AM 748163201516199999999999999 147 7214 1 6099999999999999
103 83 68 71 84 99116140159157138119103 85 71 71 84 9811213315315714312419 917AM 824161204115899999999999999 221 671429 6999999999999999
109 91 73 65 72 85 99119143155147129114101 87 81 8710111212514215314612819 918AM 9 315521 815399999999999999 258 651459 8199999999999999
112 98 82 68 65 73 84 99120140146137124114105 96 9610511512413314414513319 919AM 949147213614699999999999999 342 651533 9599999999999999
116103 91 77 67 66 72 82 9711713313613012311911411011211912613113513913419 920AM104513722 013999999999999999 434 65161311099999999999999
121106 96 86 75 66 65 70 79 9311012412912812712712612512613013313313213119 921AM12 6129202313399999999999999 537 6517 812599999999999999
124112101 93 84 74 65 63 67 75 8710211712513013413813813613513513413012719 922AM1632139999999999999999999999 647 63999999999999999999999
124118109101 93 84 73 64 60 62 68 79 9611312613714414814614213813413012519 923AM1713148999999999999999999999 8 8 60999999999999999999999
123121118113106 96 85 72 61 54 54 61 74 9211313314715315414914113212512219 924AM1732154999999999999999999999 931 53999999999999999999999
120120122125123114100 85 70 55 45 46 55 71 9312114515815915414513211911219 925AM 315125173215999999999999999 0361201028 4423131129999999
114117121129139138123104 87 67 47 36 40 54 73100134160166158148134115 9919 926AM 4261401747166999999999999991112 362334 9699999999999999
 98106114124142157152130108 88 62 38 30 41 58 80114153173167152137117 9119 927AM 5171581813174999999999999991151 30999999999999999999999
 78 85100112131159174161135111 87 56 32 32 49 68 94134170178161140121 9419 928AM 6 3174184417999999999999999 0 6 781229 2999999999999999
 67 62 77 94112141174184164136112 85 52 35 44 63 8211315418017314912610319 929AM 647184191618299999999999999 043 6113 7 3599999999999999
 72 49 52 71 90113150182183159135112 83 55 49 63 8110113216717816013311119 930AM 732187195017999999999999999 122 471344 4899999999999999
 85 55 40 49 68 87116154179173151132112 86 68 71 861011191471691661421181910 1AM 817180202317299999999999999 2 4 401421 6699999999999999
 97 71 47 40 51 66 86117151166158143130114 96 88 961081181331521601481251910 2AM 9 5166205316099999999999999 249 401458 8899999999999999
105 86 65 48 46 54 66 861141401491441361291201111111181251311401471451301910 3AM10 1149211814899999999999999 339 45153411099999999999999
112 96 81 65 54 53 58 68 851071261331331331321301281291331351361371361281910 4AM1129134211413799999999999999 441 5216 612899999999999999
115103 92 82 70 62 59 62 69 83 991131231291341381401401401401371331291231910 5AM1759140999999999999999999999 6 1 59999999999999999999999
115107100 93 85 76 69 64 65 70 80 921061191301381441461461431381321261191910 6AM1718146999999999999999999999 727 64999999999999999999999
113109105101 96 89 81 73 67 66 69 78 901041211351441481481451381301231171910 7AM1734148999999999999999999999 850 66999999999999999999999
111108108108106 99 92 85 76 68 65 69 78 911081281421481471441371271181131910 8AM1723148999999999999999999999 953 65999999999999999999999
110107107112115111103 95 87 76 66 65 71 81 961171381491481431361251111041910 9AM 357115172214999999999999999 1241071037 6523291049999999
104105106112122123115105 97 86 72 64 67 75 87105130148151144135124107 95191010AM 4401241739151999999999999991113 642337 9399999999999999
 93 98103110123133130118107 96 82 68 64 71 81 96119144154147135123106 88191011AM 51713418 1154999999999999991144 642359 8199999999999999
 81 86 95104119137143133118106 92 75 65 69 79 91110136154152138124107 85191012AM 5511431823156999999999999991211 65999999999999999999999
 70 71 83 95110133150148133117103 85 69 67 77 89104128151157144126109 87191013AM 624152184515899999999999999 025 691236 6699999999999999
 65 58 67 82 98122148159148130114 97 78 69 76 89102120145159151131112 91191014AM 65715919 815999999999999999 053 5813 1 6999999999999999
 67 50 52 66 83105136159160143125109 90 75 75 89102116137156157138116 96191015AM 731163193216099999999999999 123 481327 7399999999999999
 73 50 42 51 68 87115147163155137121105 87 80 88103115130148157146122101191016AM 8 8163195815799999999999999 156 421357 8099999999999999
 81 59 41 41 53 70 92123151159147132119104 92 92103116126139150149130107191017AM 849159202515299999999999999 232 391430 9099999999999999
 88 70 51 40 43 56 73 97127148150140129119109103107117126133140144134114191018AM 936152205014499999999999999 314 3915 710399999999999999
 94 79 63 49 42 47 59 76 99124140141135129124119117121128132134135132120191019AM103514221 213599999999999999 4 4 42155211799999999999999
102 87 75 63 52 47 51 61 76 96117130134133133133131129131133132129125120191020AM12 4134191413399999999999999 5 2 4717 212999999999999999
109 96 85 76 66 56 51 54 62 74 90109123131136140142140136134131126120115191021AM16 0142999999999999999999999 610 51999999999999999999999
111105 96 88 81 71 61 55 55 60 70 85103121133142147148144137129123116111191022AM1640148999999999999999999999 729 54999999999999999999999
109108107103 96 87 77 65 57 54 57 67 82102123140149151148140128117109105191023AM1651151999999999999999999999 855 54999999999999999999999
104106112117116106 95 83 69 56 51 56 67 83106132150154149141129112 97 93191024AM 318118165015499999999999999 0 2104 958 5123 2 939999999
 95 98107122133130116102 88 69 53 49 58 72 89117145159154142130111 88 75191025AM 41813417 9159999999999999991044 492317 7499999999999999
 77 85 95112137150142125109 91 68 51 52 65 80101133160163148131113 87 61191026AM 5 71501737165999999999999991124 492349 5499999999999999
 54 64 78 94123154165151131114 92 65 52 61 76 92117151170160137116 92 60191027AM 55216518 91709999999999999912 3 52999999999999999999999
 38 39 55 73 97135168172154135117 90 65 61 75 90107135165171150122 99 70191028AM 637174184217299999999999999 026 361240 6099999999999999
 38 22 31 50 71104147174171152135116 90 72 76 92105123150169162134107 82191029AM 722176191517099999999999999 1 5 221318 7199999999999999
 51 24 17 30 49 73112152171164148133115 94 85 95108120136156163145117 92191030AM 8 8171194616399999999999999 147 161355 8599999999999999
 68 40 20 20 33 51 79117150161153142131116103102112122131142152147127102191031AM 858161201515399999999999999 231 18143210199999999999999
 81 59 38 25 28 39 58 851171411481431371301211161181251311351401401291101911 1AM 956148203214199999999999999 319 2515 911599999999999999
 91 74 58 43 35 38 48 65 881131301361361341321281271291321331321291231121911 2AM1120136184613399999999999999 413 35155212799999999999999
 98 84 73 62 52 47 48 57 70 881071211291321351361351341331321281221161091911 3AM15 7136999999999999999999999 514 46999999999999999999999
100 91 83 76 68 61 57 58 64 74 881031161261331381391381351301241171101041911 4AM16 3139999999999999999999999 620 57999999999999999999999
 99 95 91 87 81 75 70 66 65 69 77 88101116128137140140136129121112105 991911 5AM1620141999999999999999999999 740 65999999999999999999999
 96 94 95 95 92 87 82 77 72 70 72 79 90104119133140140136129118107 98 941911 6AM 232 96162914199999999999999 057 94 9 1 7099999999999999
 92 92 95101102 98 93 88 82 75 73 76 84 94109126139141136128117103 91 851911 7AM 345102164414199999999999999 030 91 958 732329 859999999
 85 87 92102110110104 98 93 85 77 76 81 89100118134141137128116100 84 751911 8AM 42911117 3141999999999999991039 752327 7499999999999999
 75 79 86 99113120116109103 95 84 78 80 87 96110129141140129116100 80 651911 9AM 5 61201722142999999999999991111 782344 6299999999999999
 62 68 77 91111127129122113105 92 82 80 87 95106123140143132117100 79 58191110AM 5391301741144999999999999991137 79999999999999999999999
 49 53 64 79102127139135125115102 87 81 86 95104119138147139121102 81 56191111AM 61114018 114799999999999999 0 7 4912 2 8199999999999999
 39 38 48 64 87118143148138126113 96 83 83 94105116133149147128106 85 60191112AM 644148182515099999999999999 032 361228 8199999999999999
 35 25 32 47 68 99134154151138124109 91 83 91104115128145152139114 90 67191113AM 720155185215399999999999999 1 2 251259 8399999999999999
 40 20 18 31 50 77113146158149135121104 90 89101114125138150147125 98 75191114AM 759158192115299999999999999 136 161333 8799999999999999
 51 27 13 18 34 56 86124151156145132118103 94 99112123132142147135110 84191115AM 842157195114799999999999999 214 131410 9499999999999999
 63 41 21 14 22 39 62 94128148149139129119108104110121128133138136120 96191116AM 931151202013999999999999999 257 14145310499999999999999
 74 56 38 23 19 28 45 68 97126141142135129123117115120126128128128122107191117AM1030143202612899999999999999 346 19154511599999999999999
 87 70 56 41 30 28 36 51 71 96120133136134132130125123124125122118115110191118AM1146136184812599999999999999 441 2717 712299999999999999
 98 83 71 61 49 39 37 44 56 72 93114128133135136135130124121117111106104191119AM15 9136999999999999999999999 543 37999999999999999999999
102 95 86 77 69 59 50 47 51 60 73 91110126134137139135128118110104 98 95191120AM1550139999999999999999999999 653 4623 8 9499999999999999
 96 99 98 94 87 79 69 60 55 56 64 75 92111128137139137130118104 93 87 84191121AM 124 99155013999999999999999 813 542319 8499999999999999
 85 92102108105 97 90 80 68 61 62 70 81 96117135141137130119102 84 72 70191122AM 3 710816 114199999999999999 921 602251 7099999999999999
 72 79 93111120117108100 89 74 66 69 78 88104127143143131118103 80 59 51191123AM 4 91211628145999999999999991013 6523 3 5199999999999999
 55 62 76100124134128118109 95 77 70 77 87 97116139150140121104 83 55 35191124AM 5 013417 0150999999999999991056 702335 3299999999999999
 33 43 55 77110139146137127116 97 79 77 87 97109129150152132109 88 61 31191125AM 5471461734154999999999999991137 75999999999999999999999
 16 20 34 53 84124151153142131117 96 82 85 98108121142156147121 95 71 41191126AM 63415518 915699999999999999 013 151217 8199999999999999
 13  4 14 31 56 94135157155143132115 95 87 95108118132149154136108 82 55191127AM 720159184415599999999999999 053  41256 8799999999999999
 25  3  0 14 34 64105143157152141129112 97 95106117126138149145122 94 69191128AM 8 7157191715099999999999999 136 -11335 9499999999999999
 43 17  1  4 19 42 74114143152145135124111102105115123130138141130106 82191129AM 855152194714299999999999999 220  0141510199999999999999
 59 37 17  8 14 30 53 84117139144138130121112108113121126129131128114 92191130AM 94714420 813199999999999999 3 4  8145710899999999999999
 72 54 37 23 19 27 42 64 91117132135131126121116114118121122121119112 991912 1AM1044135184212299999999999999 350 19154711499999999999999
 82 67 55 42 33 32 40 54 73 94114126129128126123119117117117113110105 991912 2AM12 0129999999999999999999999 435 32999999999999999999999
 88 77 67 59 50 45 46 53 64 79 96112121126127126123119115111107101 97 941912 3AM1417127999999999999999999999 521 45999999999999999999999
 89 83 77 71 65 60 57 59 64 72 84 98111120125128126121115108100 94 89 861912 4AM15 6128999999999999999999999 6 9 57999999999999999999999
 85 84 83 80 77 73 70 68 69 72 79 89100112121127127123115106 95 86 80 781912 5AM1536128999999999999999999999 714 682312 7899999999999999
 79 81 85 87 87 84 82 79 77 77 79 85 94104115123127123116105 92 80 71 681912 6AM 327 87155912799999999999999 847 7723 6 6899999999999999
 69 75 82 90 95 95 93 90 87 84 83 86 91 99109119125124116105 90 75 62 571912 7AM 430 95161812699999999999999 948 832316 5799999999999999
 58 64 75 89100104104101 97 92 88 88 92 97105116124125117105 90 72 55 451912 8AM 5141051633126999999999999991028 872332 4499999999999999
 45 51 64 82101112114112108101 93 90 93 98104113124128121107 91 72 51 351912 9AM 5461151651128999999999999991058 902352 3199999999999999
 31 36 48 68 94116125123118111100 91 91 98104112123132129114 95 75 52 29191210AM 6141251716133999999999999991129 90999999999999999999999
 17 20 31 50 79111132135129121109 96 89 94103111121134138125103 81 57 31191211AM 644136174613899999999999999 017 1712 2 8999999999999999
 10  5 14 31 58 94128144141132120105 91 89 98110119131141138118 91 66 40191212AM 718144182014299999999999999 048  41239 8899999999999999
 13 -4 -2 13 36 69109140150142130116100 89 92104116126137144133107 78 52191213AM 756150185714499999999999999 124 -51318 8899999999999999
 26  1-10 -3 17 44 80121147150139127113 98 91 97111121129138140123 95 67191214AM 838151193614199999999999999 2 4-1014 0 9199999999999999
 43 17 -3 -9  3 24 53 90126146145134123111 99 96104115122128133130111 84191215AM 924148201813499999999999999 247 -91447 9599999999999999
 60 39 17  0 -1 13 34 61 95127141138129121112103101108115117120123118100191216AM101514221 512399999999999999 333 -2154110199999999999999
 77 58 41 22 10 12 25 44 68 98123134132126122114106104107108107109111106191217AM111213422 211199999999999999 423  9165110499999999999999
 92 75 61 48 34 25 27 39 54 74 99119128127124121115106101 99 97 94 95 99191218AM12171282319 9999999999999999 516 242117 9499999999999999
 97 88 77 68 59 48 41 43 52 64 80 99116124125123119111101 92 86 82 79 82191219AM1331125999999999999999999999 615 4122 1 7999999999999999
 89 92 89 84 78 72 64 58 59 65 74 86101116123123119113103 89 77 69 65 65191220AM 1 3 92142512499999999999999 724 572232 6599999999999999
 71 82 92 95 93 90 86 79 73 72 77 84 93105118124121113104 90 73 58 51 50191221AM 257 9515 512499999999999999 837 712242 4999999999999999
 53 64 81 97104104103 99 92 84 82 87 93 99111123126117105 92 74 53 37 33191222AM 421105154312699999999999999 940 822259 3399999999999999
 36 44 61 86107115115114110100 90 90 95100106118129127112 95 79 57 33 18191223AM 5211161622130999999999999991032 892331 1799999999999999
 18 25 39 63 95119126125122115102 93 95101106113126134126106 85 64 39 14191224AM 6 612717 2134999999999999991119 92999999999999999999999
  3  7 19 39 72108131135131126115100 93 98106112121133136122 97 74 50 22191225AM 646136174313799999999999999 0 9  312 2 9399999999999999
 -1 -6  3 20 46 85122140140133124110 95 92101110117127137135114 88 63 37191226AM 725142182313999999999999999 049 -71243 9299999999999999
 10 -9 -9  5 26 58 99132144139129118103 92 93104114121130137128104 77 53191227AM 8 414419 213799999999999999 129-111323 9099999999999999
 27  2-10 -4 13 38 72111138142134123111 97 90 96107115122130131117 92 67191228AM 843143193913299999999999999 2 9-1014 3 9099999999999999
 45 21  2 -4  7 26 52 86119137136126116105 94 92 99109115119124120103 80191229AM 924138201412499999999999999 247 -41443 9199999999999999
 59 40 20  8  9 22 41 66 96122132128119111102 94 95101107110113114107 89191230AM10 6132204711599999999999999 325  61527 9399999999999999
 70 54 38 25 18 24 37 55 77102120125120115108101 96 97100102103104103 93191231AM1053125211810499999999999999 4 1 181619 9599999999999999
