 78 87 91 89 83 75 69 65 67 74 84 97108114114106 92 75 57 42 32 29 34 4619 1 1D4 211 91132811599999999999999 712 652052 2999999999999999
 60 77 89 96 96 91 82 75 71 72 78 89102112118115104 86 65 44 28 18 17 2519 1 2D4 330 97141211899999999999999 818 712138 1799999999999999
 41 61 81 96104104 96 86 78 74 75 82 94107118121115100 78 54 32 16  8 1019 1 3D4 425105145312199999999999999 916 732218  899999999999999
 22 43 67 90106112109 99 87 78 74 77 86100114123124113 94 69 43 21  7  219 1 4D4 5 911215311259999999999999910 4 742256  299999999999999
  9 26 51 78101114117110 98 85 76 75 80 93108122129124110 86 59 32 12  219 1 5D4 54511816 7129999999999999991044 752331  099999999999999
  1 13 35 64 91111121119108 93 81 75 76 86101118130132123103 76 48 23  719 1 6D4 6191211641132999999999999991119 75999999999999999999999
  0  5 22 49 78103119123116103 88 78 75 80 93110126134131117 94 66 38 1719 1 7D4 651123171413599999999999999 0 5  01151 7599999999999999
  5  3 14 36 64 92113123121110 95 82 75 76 85101119132135127108 83 55 3019 1 8D4 722123174713599999999999999 037  21223 7499999999999999
 13  6 11 27 52 79103118122116103 88 78 74 79 91108124132130118 97 71 4519 1 9D4 753122182013399999999999999 1 8  61257 7499999999999999
 25 14 12 22 42 67 92110119118108 95 82 75 74 82 96111123127121106 84 6019 110D4 823120185412799999999999999 138 111332 7499999999999999
 39 24 18 22 36 57 80100113117112101 88 77 73 75 83 97109117118109 94 7419 111D4 855117193211999999999999999 2 7 181413 7299999999999999
 53 36 27 25 34 50 70 90105113112105 93 82 73 70 73 82 93103108106 98 8319 112D4 928114201710899999999999999 238 2515 2 7099999999999999
 66 50 39 33 36 46 62 80 96106111107 99 88 77 69 66 69 75 84 92 96 95 8819 113D410 41112118 9699999999999999 311 3316 3 6699999999999999
 77 65 53 45 43 48 58 72 86 99106108103 94 83 72 63 59 60 65 73 80 85 8719 114D410451082250 8799999999999999 350 431718 5999999999999999
 84 77 69 60 55 54 58 67 78 90100106106101 91 78 66 55 49 48 52 60 69 7819 115D41134107999999999999999999999 442 541840 4899999999999999
 83 85 83 78 71 66 64 67 73 83 93102107107101 89 74 58 45 37 34 39 48 6119 116D4 055 85123010899999999999999 556 641950 3499999999999999
 74 86 92 93 89 83 76 73 73 78 86 96105111111103 88 69 49 33 23 20 26 3819 117D4 241 93132611299999999999999 726 722049 2099999999999999
 56 76 93103106101 93 84 78 76 80 89101112118117106 87 63 39 20  9  7 1519 118D4 351106141911999999999999999 846 762142  799999999999999
 32 57 82103115117111100 88 80 78 83 94108121127124109 85 57 30  9 -3 -319 119D4 44411815 912899999999999999 948 782232 -499999999999999
  8 31 61 91114126126116102 88 80 79 86100117132137130111 83 50 21 -1-1119 120D4 5301271557137999999999999991039 792321-1299999999999999
 -9  7 35 70101123133130116100 86 79 80 89107127141144133110 79 44 14 -619 121D4 6131331643144999999999999991124 78999999999999999999999
-15 -9 12 44 80111130136128112 94 81 76 80 93114134146146133107 73 39 1119 122D4 653136173014899999999999999 0 8-1512 7 7699999999999999
 -7-12 -2 23 57 92119133134122104 87 76 73 80 96118137146143127100 67 3619 123D4 732135181614799999999999999 052-131249 7399999999999999
 11 -3 -4 11 38 71102123132127113 94 79 70 69 79 96117133140134118 92 6219 124D4 8 813219 414099999999999999 133 -51332 6899999999999999
 35 16  7 11 28 56 85110124127118102 84 71 64 66 76 93110123127121105 8319 125D4 843128195512799999999999999 212  71419 6499999999999999
 58 38 25 22 30 48 72 96114122120108 92 76 64 59 61 71 85 99109112106 9419 126D4 916123205111299999999999999 248 211512 5999999999999999
 76 58 45 38 39 49 66 86103115118112 99 84 69 59 54 55 63 73 84 93 96 9319 127D4 95011822 2 9699999999999999 321 371615 5499999999999999
 85 74 63 55 52 56 66 79 94106112112105 93 78 65 54 49 48 52 60 69 77 8319 128D410261132348 8499999999999999 354 521735 4899999999999999
 84 81 76 70 67 67 70 77 87 97105109107100 89 75 61 50 43 40 41 48 57 6619 129D41112109999999999999999999999 434 6619 7 4099999999999999
 75 81 83 83 80 78 77 79 83 90 97103106105 99 88 73 59 45 36 31 31 37 4819 130D4 213 83121410799999999999999 548 772025 3099999999999999
 61 74 85 91 92 90 86 83 82 84 89 96103107106100 88 72 55 39 28 22 23 3119 131D4 347 92132510799999999999999 750 822122 2199999999999999
 46 63 80 93100101 96 90 84 81 82 88 96105111110103 89 70 50 32 20 15 1819 2 1D4 433101142711199999999999999 913 8122 7 1599999999999999
 30 50 72 91104109106 98 88 81 78 81 89100111117116105 88 65 43 25 13 1019 2 2D4 5 610915181189999999999999910 3 782246 1099999999999999
 18 36 60 84104115115108 96 84 76 75 81 93108120125120105 83 58 35 17  819 2 3D4 53511616 0125999999999999991040 752321  899999999999999
 10 23 46 74 98115121117104 89 77 72 74 85102118130131121102 76 49 26 1119 2 4D4 6 31211637132999999999999991112 722352  799999999999999
  7 15 34 61 89111123123112 96 81 71 69 77 92112128136133118 94 66 39 1919 2 5D4 6291241712137999999999999991142 69999999999999999999999
  9 11 25 50 78104121126119104 86 72 66 69 82101121135138129109 82 54 3019 2 6D4 655126174613999999999999999 022  81211 6699999999999999
 15 11 20 40 68 95115125123110 93 76 65 63 71 88109127137134120 97 69 4319 2 7D4 719126181913799999999999999 049 111242 6299999999999999
 25 16 19 34 58 85108122124115 99 81 66 59 62 74 93113128132125108 83 5819 2 8D4 742125185413299999999999999 115 151314 5999999999999999
 36 24 22 32 52 76100116123118105 87 70 59 56 62 77 96113123123113 94 7119 2 9D4 8 5123193112599999999999999 139 211349 5699999999999999
 50 35 29 33 48 69 91109119119109 93 75 61 53 53 62 77 94108115112101 8319 210D4 828120201411599999999999999 2 4 291428 5299999999999999
 64 48 39 39 48 64 84101113117112 99 83 67 55 49 51 60 74 89 99104101 9119 211D4 85411721 710499999999999999 231 381513 4999999999999999
 77 63 53 49 53 63 78 94106113112104 91 75 61 50 46 48 56 67 79 89 94 9319 212D4 9241142220 9499999999999999 3 1 491611 4699999999999999
 87 78 69 63 62 67 76 88 99107110108 99 86 72 58 48 42 43 48 58 68 79 8619 213D410 4110999999999999999999999 340 621726 4299999999999999
 89 88 85 80 77 76 79 85 92100106108106 98 87 72 58 45 37 35 38 46 57 7019 214D4 016 8911 210899999999999999 439 761857 3599999999999999
 82 91 96 96 93 90 87 87 89 93 99105109109103 91 76 58 42 30 25 26 34 4819 215D4 234 96122811099999999999999 640 872021 2499999999999999
 66 84 98107109106100 93 89 89 92 99107114117112 99 80 58 38 22 13 14 2419 216D4 351109135111799999999999999 842 882127 1299999999999999
 43 66 90109119121115104 94 87 85 90100113124128123107 84 57 32 13  3  519 217D4 439121145812899999999999999 948 852223  299999999999999
 18 43 72100121130128117102 89 81 81 88103121135140133113 85 54 25  5 -419 218D4 5181311554140999999999999991035 802311 -499999999999999
  1 20 50 83112131137129113 95 80 73 76 88109130146149139115 83 49 20  119 219D4 5541371646149999999999999991116 732355 -599999999999999
 -5  4 28 62 97124138137124103 83 69 65 72 89114137152153139112 78 44 1719 220D4 6271401734154999999999999991156 65999999999999999999999
  2  1 16 44 79111132140132113 90 70 59 58 69 90117139151149133105 71 4119 221D4 658140182215299999999999999 035 -11235 5799999999999999
 19  9 14 34 64 97122136135121 98 75 58 49 52 67 91116136144139121 94 6519 222D4 72713819 814499999999999999 111  91314 4999999999999999
 41 26 23 34 56 85111129134126107 84 62 48 43 50 66 88111126131125108 8419 223D4 753134195613199999999999999 143 231356 4399999999999999
 62 45 38 42 56 78101120129127114 93 71 53 42 41 48 64 83101113116109 9519 224D4 818130204711699999999999999 211 381440 4099999999999999
 78 63 54 54 61 76 94112123124117102 82 63 48 41 41 48 61 76 90 98100 9619 225D4 842125214710099999999999999 235 531530 4099999999999999
 87 77 69 66 70 79 91104114119116107 92 75 60 48 42 42 47 56 67 78 85 8919 226D4 9 81192318 8999999999999999 256 661632 4199999999999999
 88 85 81 78 79 83 90 98106111112108 99 87 74 61 50 44 42 44 50 59 68 7719 227D4 941112999999999999999999999 315 7818 0 4299999999999999
 83 87 89 89 89 90 92 95 99103105106103 97 87 76 64 54 45 41 40 44 52 6219 228D410371069999999999999999999991941 40999999999999999999999
 74 85 93 97 98 98 96 94 93 94 97100102103 99 92 81 68 55 44 37 34 38 4819 3 1D4 358 98123510399999999999999 8 0 932054 3499999999999999
 62 78 92102107107102 96 91 88 88 92 99105108106 99 86 70 54 40 31 29 3519 3 2D4 421108141110899999999999999 923 872145 2999999999999999
 49 68 87104113115111101 91 84 81 84 92102112117114104 88 68 49 33 25 2619 3 3D4 44611615111179999999999999910 1 812225 2499999999999999
 37 56 79100116122119109 95 83 75 75 83 96111123126121106 85 62 41 27 2119 3 4D4 5101231556127999999999999991031 742259 2199999999999999
 27 44 68 93114126127117101 85 73 68 73 86105122133134123104 78 53 33 2219 3 5D4 5331281634135999999999999991059 682329 2099999999999999
 22 35 57 84109126131124109 89 73 63 64 75 94116133141136120 96 68 43 2719 3 6D4 55613117 9141999999999999991127 622356 2299999999999999
 22 29 48 74102123132130116 95 75 61 56 63 80103125140143133112 84 57 3619 3 7D4 6171331743144999999999999991155 56999999999999999999999
 25 27 42 66 94117131133122102 79 61 51 52 65 87112132142140124 99 72 4819 3 8D4 637134181814399999999999999 022 251224 5099999999999999
 33 30 39 59 86111128134127109 86 64 49 44 51 69 93117134139131112 87 6219 3 9D4 656134185313999999999999999 046 291255 4499999999999999
 44 36 40 56 79104124133130115 93 69 51 40 41 53 74 98119131131120100 7719 310D4 715133193113399999999999999 110 361327 3999999999999999
 57 46 45 55 74 97117129130120101 78 56 42 36 41 56 77 99116124121109 9019 311D4 735131201412499999999999999 134 4414 1 3699999999999999
 72 59 54 59 72 91110124129123108 88 66 48 37 36 43 58 77 9611011511110019 312D4 75812921 511599999999999999 159 541441 3599999999999999
 86 74 67 67 75 88103117124123114 98 78 60 45 37 37 44 57 74 8910110610419 313D4 824125221410699999999999999 228 661532 3699999999999999
 97 89 82 79 82 89 99109117120116107 92 76 59 47 39 38 43 53 66 80 91 9919 314D4 857120999999999999999999999 3 2 791641 3899999999999999
101100 97 94 93 94 98104109113115112104 93 79 65 52 42 38 39 45 57 70 8419 315D4 0 8101 94811599999999999999 356 931818 3799999999999999
 96104108108106104102101102105108111112109101 88 73 57 43 34 32 36 47 6319 316D4 233109114111299999999999999 6511011956 3299999999999999
 81 99112119120116109102 98 96 98104112117118112100 81 61 42 29 23 27 4019 317D4 338120134011999999999999999 855 9621 8 2399999999999999
 60 84107123130128119107 96 88 87 92103116127131126110 88 62 39 22 16 2119 318D4 417130145613199999999999999 946 8622 4 1699999999999999
 38 65 93118134138131115 98 84 76 76 87104124139144137117 90 60 34 17 1319 319D4 4501381556144999999999999991025 752250 1399999999999999
 22 45 76107131142140126104 83 68 62 68 84108132149153142119 88 56 31 1719 320D4 52014316481539999999999999911 3 622331 1599999999999999
 17 32 59 92122141146135114 88 66 52 50 61 84112138154155142115 83 53 3219 321D4 5481461736157999999999999991140 50999999999999999999999
 23 28 48 78110135146142124 97 70 49 39 42 58 85115140153151135107 77 5219 322D4 615147182315499999999999999 0 8 231217 3999999999999999
 37 35 46 69 99126143145132108 79 53 36 31 38 58 87116137146141123 98 7319 323D4 63914619 814699999999999999 040 341255 3199999999999999
 55 47 51 67 91117136144137118 91 63 41 28 28 39 61 88113130135128111 9019 324D4 7 2144195413599999999999999 1 9 471333 2799999999999999
 72 62 61 70 88109128139138124102 76 52 34 27 30 43 64 8710712012211410119 325D4 724140204212299999999999999 133 601412 2799999999999999
 86 76 72 77 88104120132134127110 89 66 47 34 31 36 48 66 8510010911010419 326D4 745135213811099999999999999 155 721455 3199999999999999
 96 87 83 84 91101113123128125114 99 80 62 48 39 38 42 53 66 81 92 9910119 327D4 8 8128225810199999999999999 217 831545 3799999999999999
100 96 93 92 95101108114119119114104 92 77 64 53 47 45 48 54 64 76 86 9419 328D4 833119999999999999999999999 240 921654 4599999999999999
 99101101100101102104107109110109106100 91 81 70 61 54 50 49 53 61 72 8319 329D4 9 91109999999999999999999991834 49999999999999999999999
 94102107109108106104102100100102103103101 96 88 78 67 58 51 48 50 58 7119 330D4 310109113410399999999999999 82510020 3 4899999999999999
 85 99110116117113107100 94 91 92 96101106107104 96 84 70 57 48 44 47 5819 331D4 339117135210799999999999999 916 9121 3 4499999999999999
 74 92108120124121113101 90 83 81 86 95105114117113102 87 69 54 43 41 4719 4 1D4 4 5124145911799999999999999 946 812147 4199999999999999
 62 82103120129129120106 90 78 72 75 84 99114124127120105 85 64 48 39 4019 4 2D4 4291301546127999999999999991013 722223 3899999999999999
 52 71 95116131135128112 93 76 65 63 71 88108125135134122102 79 57 43 3819 4 3D4 4511351625136999999999999991040 632254 3899999999999999
 45 62 86111129138134119 98 76 60 53 58 73 95118135142136119 95 70 51 4119 4 4D4 51113817 21429999999999999911 7 532323 4099999999999999
 42 55 78104126139139127105 80 59 46 45 56 78104128143145134112 86 63 4819 4 5D4 5311411738146999999999999991135 442350 4499999999999999
 44 52 71 97121138142133113 86 61 43 36 41 59 86114136146143126102 78 5919 4 6D4 54914218151479999999999999912 4 36999999999999999999999
 50 53 67 90115135143138121 95 67 44 31 30 42 65 94121139145136117 93 7219 4 7D4 6 8143185314599999999999999 016 501234 2999999999999999
 60 57 66 85108130142142128105 77 50 32 25 30 46 72101125138139128108 8819 4 8D4 629143193314099999999999999 041 5713 6 2599999999999999
 72 66 70 83102123138142134115 89 62 39 26 24 33 52 7810412413313111910219 4 9D4 650142201813499999999999999 1 8 661342 2499999999999999
 87 78 77 84 98116131139136123101 76 52 35 26 27 38 58 8110311912612311419 410D4 715139211212699999999999999 136 761422 2699999999999999
101 91 87 90 98110123132134127112 92 70 50 36 31 33 43 60 80 9811211811819 411D4 742135222511999999999999999 2 8 871513 3099999999999999
112105100 98101108116124128126118105 88 70 54 43 37 38 45 58 75 9110511319 412D4 815128999999999999999999999 248 981623 3699999999999999
117116113110108109111115118120119113104 92 78 63 51 43 40 44 54 68 8510019 413D4 013117 9 812099999999999999 4111081756 4099999999999999
113120123121117113109107107109112114114110101 89 73 59 46 40 40 48 63 8119 414D4 2 4123113011499999999999999 7341071928 3999999999999999
101117127131128120111102 96 94 98105113119120114101 83 64 48 37 36 44 6119 415D4 3 0131133912099999999999999 848 942039 3599999999999999
 84107125136137129116101 88 80 80 88101116128132126111 89 66 47 35 35 4519 416D4 337138145613299999999999999 931 792134 3499999999999999
 66 92117136143139124104 84 70 63 67 81101122138143136117 92 66 46 36 3819 417D4 4 814315551439999999999999910 8 632220 3599999999999999
 53 77106130145146134112 87 64 50 48 57 77104129146150140118 91 65 47 4119 418D4 4361471647150999999999999991045 4723 0 4199999999999999
 48 66 93121142150143123 95 67 45 34 36 51 77108134150152139115 88 65 5219 419D4 5 31501736153999999999999991121 332336 5099999999999999
 51 62 84112136150149134107 76 48 29 23 30 50 80112137150148133109 85 6819 420D4 5281521822151999999999999991158 23999999999999999999999
 60 65 80104128146152142120 89 58 33 19 18 30 54 85115137146141124103 8419 421D4 55215219 714699999999999999 0 8 601235 1799999999999999
 73 72 81 98121140150146130103 73 44 25 16 20 36 61 91117133138131116 9819 422D4 615150195213899999999999999 036 711312 1699999999999999
 85 81 85 96114132144146135115 88 60 37 23 20 27 44 69 9511612712912110919 423D4 638147203913099999999999999 1 3 811349 2099999999999999
 97 90 90 97109124136141136122101 77 54 37 28 28 37 54 76 9711312112111519 424D4 7 2141213112299999999999999 129 891428 2799999999999999
106 99 96 99106116127133133124110 91 71 53 41 36 38 47 62 80 9610911511619 425D4 727134223711699999999999999 2 0 961512 3699999999999999
112107103103105111117123125122113101 86 71 58 49 46 48 55 67 81 9510611219 426D4 754125999999999999999999999 24110216 8 4699999999999999
115114111109107108110112114114111105 97 87 75 65 58 54 54 59 69 81 9410519 427D4 010115 83011599999999999999 4 91071724 5399999999999999
113118118116112108105103103104105105103 99 92 83 73 65 59 57 60 69 81 9519 428D4 141119103410599999999999999 7461031852 5799999999999999
108118123124119112104 97 92 92 94 99103106105100 90 79 68 60 57 60 69 8319 429D4 233124131710699999999999999 844 9120 3 5799999999999999
 99114125130127118106 94 84 80 81 88 97107113114108 96 82 68 59 56 60 7219 430D4 3 7130143511499999999999999 916 792055 5699999999999999
 89108123133133125111 94 79 69 67 73 86101115123122114 99 82 66 57 56 6419 5 1D4 334134152812399999999999999 944 672137 5599999999999999
 80100119133138132118 98 77 62 55 58 70 89109125132129116 98 79 64 57 6019 5 2D4 3581381613132999999999999991013 542213 5699999999999999
 72 91113131141139125104 79 58 45 43 52 71 96119135140132116 94 75 63 6019 5 3D4 4191421653140999999999999991041 422246 6099999999999999
 68 84107128142144133112 85 59 40 32 36 52 77106130143144132112 90 73 6519 5 4D4 4401451732145999999999999991111 312317 6499999999999999
 67 80100123141148141122 95 65 41 26 23 34 56 86116138148144128107 87 7419 5 5D4 5 21481812148999999999999991142 232347 7199999999999999
 71 78 95117137149147133107 77 48 27 17 20 37 64 96125143149141123103 8619 5 6D4 5251501853149999999999999991215 17999999999999999999999
 79 80 92110131146150141120 91 61 35 19 14 23 43 7210413014414513511810119 5 7D4 549151193614699999999999999 018 781251 1499999999999999
 90 87 92105123140149146131107 78 50 28 17 17 29 51 8010913014114013011519 5 8D4 616150202514299999999999999 051 861331 1699999999999999
103 96 96104117132143146138120 96 69 45 28 21 23 36 58 8510912713613412619 5 9D4 646146212213699999999999999 125 951416 2099999999999999
115107103105113123134140139129111 90 67 47 34 28 31 43 63 8610712313013119 510D4 719141223213199999999999999 2 71031510 2899999999999999
125118112110111116123129132129120106 89 70 54 42 36 38 48 65 8510411812719 511D4 8 2132235613099999999999999 3 91101616 3699999999999999
130127122117113111112115119121120116106 93 78 64 51 44 44 51 65 8310111719 512D4 915121999999999999999999999 5 81111734 4399999999999999
128132131125118110104102103106111114115111102 89 74 60 51 48 53 65 8310219 513D4 112132114011599999999999999 7161021853 4899999999999999
120132136133125113100 91 86 87 93102112118119112 99 83 67 55 51 55 68 8719 514D4 2 5136133611999999999999999 821 8520 1 5199999999999999
108126138140133119101 85 72 67 71 81 97113124128122108 90 72 59 55 60 7419 515D4 244140145312899999999999999 9 7 672057 5599999999999999
 95117135144141128108 85 65 52 50 57 74 95117132136130114 94 75 63 60 6819 516D4 317144155513699999999999999 947 492145 6099999999999999
 85107129144147138118 92 65 45 35 36 48 71 98123139143134116 95 77 68 6819 517D4 3471481648143999999999999991025 342227 6799999999999999
 79 98121140150147130104 74 47 28 21 27 45 73103129144145134115 95 80 7519 518D4 41615117361469999999999999911 3 2123 5 7599999999999999
 79 92113134149152141118 88 56 31 17 15 25 48 79110134146144131112 94 8419 519D4 4431531822147999999999999991141 142339 8299999999999999
 83 90106127144153149131104 72 43 22 12 15 30 56 88117137145140125108 9519 520D4 51015319 5145999999999999991218 11999999999999999999999
 89 91102119137150151140119 90 59 34 18 14 21 39 67 9712213814113412010519 521D4 538152194714199999999999999 011 891255 1499999999999999
 96 94100113129143149145129105 77 51 31 21 20 31 52 7910512513513612711519 522D4 6 6150203013799999999999999 043 941331 1999999999999999
104 99100108120134143144135117 94 69 48 33 27 31 44 64 8911012613213012219 523D4 634145211513299999999999999 117 9914 8 2799999999999999
112105102105113124133138134123106 86 65 49 39 36 42 56 75 9511312412912619 524D4 7 513822 612999999999999999 1561021448 3699999999999999
119112107105108115122128128123113 98 81 66 53 46 46 53 66 82 9911412312619 525D4 73912923 612699999999999999 2481051533 4599999999999999
124119113108106108111115118118114105 94 82 70 60 55 55 61 72 8710111412319 526D4 826118999999999999999999999 4 71061627 5499999999999999
126125120114108103102103105107108107102 95 86 76 67 62 62 67 76 8910311619 527D4 013126 95910899999999999999 6 91021734 6199999999999999
124128126120112103 96 91 91 93 97102104104 99 92 83 74 68 66 70 80 9310719 528D4 111128122210599999999999999 742 901846 6699999999999999
120128131127118105 93 83 77 77 82 91100107109107 99 89 78 71 69 73 83 9819 529D4 15413114 010999999999999999 830 771950 6999999999999999
113126133133125111 94 78 67 62 65 75 88103113118115106 93 81 73 72 77 8919 530D4 22813415 611899999999999999 9 5 622043 7199999999999999
105121133137132118 99 78 60 50 48 56 72 91110123128123111 96 83 75 75 8419 531D4 257137155712899999999999999 938 482128 7499999999999999
 98116131140139127107 82 59 42 35 38 52 74 99121134136128113 97 84 78 8119 6 1D4 3241411643137999999999999991011 3522 9 7899999999999999
 92109128142146138119 92 65 41 27 24 33 53 81109132143143131114 97 86 8319 6 2D4 3511461726145999999999999991045 242248 8399999999999999
 90104122140150147132107 77 48 27 16 18 33 58 90120141150145131113 98 9019 6 3D4 41915018 8150999999999999991121 152326 8999999999999999
 90 99116135150154145124 94 62 35 17 11 17 37 6610012914715214512911210019 6 4D4 44915418521529999999999999912 0 11999999999999999999999
 95 98110127145155153139114 83 52 27 13 11 21 44 7610913514915114212611219 6 5D4 522156193815299999999999999 0 4 951242 1099999999999999
103101107120136151156149131104 74 46 25 14 15 28 53 8511513714814813812419 6 6D4 556156202714999999999999999 0441011327 1399999999999999
112106106113126140150151141122 97 69 45 28 20 23 37 62 9111813614514313419 6 7D4 635152212014599999999999999 1281051415 2099999999999999
123113109110116127138145143133115 93 69 49 34 29 33 47 70 9611813414113919 6 8D4 719145221714199999999999999 22110915 7 2899999999999999
131122114109109114122130134133125111 92 73 56 44 39 43 57 77 9911913213819 6 9D4 815134231613999999999999999 33010916 3 3999999999999999
137129120111105103105111117122123118109 95 80 65 54 50 54 65 8310212013219 610D4 941123999999999999999999999 5 010317 4 5099999999999999
137135127117106 97 92 92 96102109114115111101 88 75 65 61 63 73 8810612219 611D4 012138114011599999999999999 634 911811 6099999999999999
134138134124110 96 84 76 74 79 88 99109115115109 98 85 75 70 71 80 9511119 612D4 1 2138133011699999999999999 745 741917 6999999999999999
127137139133119101 82 67 58 57 64 77 93108119122117107 94 83 77 79 8710219 613D4 145140145312299999999999999 839 572018 7799999999999999
118133141140130111 88 67 50 41 42 52 70 91111125129125113 99 88 83 86 9519 614D4 224142155812999999999999999 925 412112 8399999999999999
110127140145140124100 74 51 35 28 32 46 69 95118132136130117102 92 88 9219 615D4 3 014516511369999999999999910 8 282159 8899999999999999
103119136146147136115 88 60 37 23 20 28 47 74103126139141132117103 94 9319 616D4 3341481738142999999999999991048 192242 9399999999999999
 99112129144151146130105 76 48 27 17 17 30 54 84113134144142131115103 9619 617D4 4 81511819145999999999999991127 152320 9699999999999999
 97106121138150152142122 94 64 39 22 16 21 38 65 9612314014614012711210219 618D4 44115318581469999999999999912 5 152356 9899999999999999
 98102114130145153150135112 83 56 34 21 19 29 50 7910813114314413512110819 619D4 5141531935145999999999999991241 19999999999999999999999
101101108121137149152144126101 74 50 32 25 27 41 65 9311813614314012911619 620D4 547152201114499999999999999 0321001315 2499999999999999
106101104113127141148147135116 92 67 47 34 31 38 56 8010512613814113512319 621D4 620149204714199999999999999 1 81011349 3199999999999999
112104102106117129139143138125105 83 63 47 39 41 51 70 9211412913713712919 622D4 655143212513899999999999999 1481021423 3999999999999999
119109103102108117127134134127114 97 78 62 51 47 52 64 8210211913113513319 623D4 73413522 713599999999999999 2351021459 4799999999999999
125115106101101105113120124123117106 92 77 65 57 56 63 75 9110812213013319 624D4 822124225113399999999999999 3331001538 5699999999999999
129121112103 97 96 99104110113113109101 90 79 70 65 66 73 84 9811212313019 625D4 933114233913199999999999999 448 961624 6599999999999999
131126118107 97 90 87 88 93 98103106106101 94 85 78 74 75 81 9110311512519 626D41119106999999999999999999999 612 871722 7499999999999999
131130124114101 89 79 75 75 80 88 97104107106101 94 87 82 82 87 9610711919 627D4 026131131510799999999999999 723 741832 8299999999999999
128133130122108 92 76 65 60 62 70 82 95107114115111103 94 89 88 9210111219 628D4 110133144211599999999999999 815 601943 8799999999999999
124133136131118 99 79 62 50 46 51 62 80 98114124126120111101 94 92 9610619 629D4 151136154412699999999999999 858 462046 9299999999999999
119132140139130112 89 66 47 36 34 42 59 82106125135136128116104 97 9610219 630D4 230141163413799999999999999 940 342139 9699999999999999
113127140147143128105 78 52 33 24 25 38 61 8911613614614413411910710010019 7 1D4 3 81471720147999999999999991022 232228 9999999999999999
108121137150153144125 97 67 41 23 16 21 38 66 9812714715414913512010810219 7 2D4 34715318 41549999999999999911 6 16231310299999999999999
104114130147158157144120 89 58 32 16 12 21 43 7510913715415714913411810819 7 3D4 4271591847158999999999999991151 12235710499999999999999
104109121139155163158141115 82 51 28 14 13 25 51 8511814415715714613011619 7 4D4 5 81631930158999999999999991237 12999999999999999999999
107106112127145159163156137109 77 48 27 17 19 34 62 9612614715615314112519 7 5D4 552164201415799999999999999 0411051323 1699999999999999
112106106114129146157159149130103 74 49 31 24 29 47 7510613114815314713419 7 6D4 638160205715399999999999999 12810514 7 2499999999999999
120108103104113127141150150141122 99 74 53 39 35 43 62 8711413514714814019 7 7D4 730151213914999999999999999 2191021452 3599999999999999
127113103 98 99107119131138138131116 96 76 60 51 50 59 76 9912013614414319 7 8D4 831139222214599999999999999 318 981536 4999999999999999
134121107 97 91 91 97107117124126121111 97 82 71 64 65 74 8910712413614119 7 9D4 94912623 514199999999999999 427 901623 6499999999999999
138128114100 89 81 80 84 92101110115115110101 91 82 78 80 87 9911412713619 710D41131116235213999999999999999 547 801717 7899999999999999
139134123108 93 79 70 66 69 77 88 99108113113108101 94 90 91 9610611812919 711D41327114999999999999999999999 7 5 661823 9099999999999999
137138132119103 85 69 58 53 55 64 77 93107116119117111104 99 9810211112119 712D4 04113815 211999999999999999 811 531940 9899999999999999
132138138131116 96 76 58 46 41 44 56 73 9311112312812511811010410210611419 713D4 13113916 812899999999999999 9 6 41205010299999999999999
125135141140130112 90 67 48 36 32 38 53 75 9911913213613112211210510410819 714D4 220142165613699999999999999 954 32214710399999999999999
117129141146142128107 82 58 40 29 28 37 57 8310912914114113412211010410419 715D4 3 51461734142999999999999991036 27223310399999999999999
110122136147150142125101 74 50 33 25 28 42 67 9512114014714313211810710219 716D4 34715018 9147999999999999991116 25231110299999999999999
105114129144153152141120 93 66 44 30 26 34 53 8111013314714914112711210319 717D4 4261541841150999999999999991152 26234610199999999999999
101107120137151157152136112 85 59 39 29 31 44 67 9712414315114713511910619 718D4 5 31571911151999999999999991225 29999999999999999999999
100101111127144155157148128103 76 53 38 33 40 58 8411213514815014212711219 719D4 539158194015199999999999999 0191001256 3399999999999999
101 98103116133148155152139118 92 68 49 39 40 53 7410112514214914513311819 720D4 61415620 914999999999999999 053 981325 3899999999999999
105 97 97105120136147150144128106 83 62 49 45 52 68 9111513414514613812419 721D4 650151203714699999999999999 129 961353 4599999999999999
110 99 94 97106121134142141133116 96 76 61 53 55 66 8410512513814414013019 722D4 72914321 614499999999999999 2 9 941421 5399999999999999
116102 93 91 95105117127132131121107 90 75 64 62 67 80 9811613013914013319 723D4 814133213614099999999999999 254 911451 6299999999999999
121108 96 88 86 91100110118122120112101 88 78 72 73 80 9310812213313713519 724D4 912122221013799999999999999 347 861524 7299999999999999
127115101 90 83 80 84 91100108113113108101 92 86 83 85 9210311512613313519 725D41033113225213599999999999999 452 8016 7 8399999999999999
131122109 96 84 75 72 74 81 90 99106110110107101 97 94 9610110911812713319 726D41228111234313499999999999999 6 5 7217 9 9499999999999999
134130120106 90 76 66 62 63 70 80 9310511311711711310810410410711312112919 727D41421118999999999999999999999 716 61184210499999999999999
135136131120103 85 68 56 50 51 60 74 9110812112912912511811210811011512319 728D4 043136153513099999999999999 818 50201510899999999999999
132140141135121101 79 59 45 38 41 52 71 9411613314114113412411511011111719 729D4 143141162714299999999999999 914 38212511099999999999999
127139148149140123 99 73 50 34 28 33 48 7310112714515214913912611511011119 730D4 23914917111529999999999999910 5 28221910999999999999999
119133147157157146124 96 66 42 26 21 29 49 7911113815516015313912311210819 731D4 3301591752160999999999999991054 2123 510799999999999999
111123140157166164149123 92 60 35 21 18 30 55 8912314916216315113411810719 8 1D4 4191671830164999999999999991141 18234810499999999999999
104111126147164172167149121 87 56 32 20 21 37 6710213415616516014512611019 8 2D4 5 717219 7165999999999999991226 19999999999999999999999
101101111129151167173165145115 82 53 33 25 30 51 8211614316016315313511519 8 3D4 556173194316499999999999999 03010013 8 2599999999999999
101 94 97110130150165168158138109 79 55 39 36 45 68 9912815016015714312319 8 4D4 645168201616099999999999999 114 941347 3599999999999999
105 92 88 92106126144156157148128103 79 60 50 52 65 8711413715215514813119 8 5D4 738158204815699999999999999 2 0 881424 4999999999999999
112 95 84 81 87100118133142143135119100 82 70 65 70 8510512614215014913819 8 6D4 836144212015199999999999999 251 811458 6599999999999999
121103 88 78 76 81 92106119127129124113100 89 82 82 8910211713214314614119 8 7D4 945129215314699999999999999 349 761532 8299999999999999
129113 96 82 73 70 73 82 93104113117116112105 99 96 9810411312413414014019 8 8D41120117223314199999999999999 459 701610 9699999999999999
134123108 92 79 69 64 65 71 80 9210311111511511311010910911311912613313719 8 9D41336115232813799999999999999 622 64171310999999999999999
136131121106 91 76 64 58 56 61 71 84 9811111912312312011711511611912413019 810D41524123999999999999999999999 743 56192011599999999999999
135136131121107 90 73 60 51 49 54 66 8310111712813213112612011611411612219 811D4 042136161513299999999999999 848 49205611499999999999999
130136138134124107 88 69 54 45 43 51 67 8710912713814013612711811211011419 812D4 154138164914099999999999999 940 43215111099999999999999
122132141144139126107 84 64 48 40 41 53 73 9812113914714513612311210610619 813D4 2531441718147999999999999991022 39222910599999999999999
113126139149150142126103 78 57 43 38 43 60 8511213514915214513111610510119 814D4 3411511746152999999999999991059 3823 110199999999999999
105116133148156155143122 96 71 51 39 39 51 73101128147155152139122107 9819 815D4 4221571812156999999999999991132 382332 9799999999999999
 98107123142156162156139114 87 63 46 40 45 63 89118141155156146129111 9819 816D4 45916218371579999999999999912 2 40999999999999999999999
 93 97111131150161162151130104 77 56 45 45 57 8010813315115715113611710019 817D4 53416319 015799999999999999 0 2 931230 4399999999999999
 90 90 99117138154162158142119 92 69 53 48 55 74 9912514515515414212310419 818D4 6 9162192215699999999999999 033 881255 4899999999999999
 90 84 89102122141154157148130106 83 64 55 57 70 9211713815115414512910919 819D4 645157194315499999999999999 1 5 841320 5599999999999999
 92 82 81 89105124140149148137118 96 77 65 63 71 8810913114615214713411619 820D4 72315020 515299999999999999 139 801344 6399999999999999
 97 83 77 79 89105122135141137125108 90 77 72 75 8610412313914814713812219 821D4 8 6141202814999999999999999 217 7614 9 7299999999999999
104 88 77 73 77 88103117127131127116103 91 83 83 8910211713214214514012919 822D4 857131205414599999999999999 3 0 731437 8299999999999999
113 96 82 73 70 75 84 97109118122120113105 98 94 9610311312513514014013419 823D410 7122212814199999999999999 352 701511 9499999999999999
122107 92 79 70 67 70 78 8910111011611811611210910710911312012813413813719 824D41155118221713899999999999999 459 6716 210799999999999999
131120106 91 78 68 63 63 69 80 9210511512212512412111911811912312713213619 825D41412125233913799999999999999 623 62175611899999999999999
136132123109 93 77 64 56 54 59 71 8610412013113713713312712212012112513119 826D41529137999999999999999999999 745 54201612099999999999999
138141139131115 96 76 58 47 44 50 64 8410712814314914713913012111611712319 827D4 112141161514999999999999999 853 44212611699999999999999
133143150150140122 98 73 52 38 35 43 61 8711613915515915314012611511011219 828D4 226151165315999999999999999 950 35221310999999999999999
122137152162161149126 97 68 45 31 29 41 64 9612715216416415213411710510219 829D4 3261631727165999999999999991039 28225410199999999999999
107123143162172170154127 94 63 40 28 29 46 75109141162169162144123104 9419 830D4 41917318 0169999999999999991124 262333 9299999999999999
 93104124149169178173154124 90 60 39 30 37 58 90125153168168154132108 9119 831D4 51017818301709999999999999912 5 30999999999999999999999
 83 86101126152171178170149118 86 59 43 40 51 76109140161168161141116 9319 9 1D4 559178185916899999999999999 013 821243 3999999999999999
 78 73 81 99125150167172162140111 83 63 53 56 71 9812715116416314912610019 9 2D4 648172192616599999999999999 054 731317 5299999999999999
 80 68 67 77 97122144158160149129106 84 71 68 76 9311714115616115313511119 9 3D4 739160195216199999999999999 136 661348 6899999999999999
 88 71 62 64 75 94115134144145136120103 90 84 86 9611313214815515314112219 9 4D4 834146201615699999999999999 222 611415 8399999999999999
100 80 66 60 63 73 89107121130131125115105 99 9810311312613914814914313019 9 5D4 938131204215099999999999999 312 601439 9899999999999999
112 93 77 66 61 63 71 83 9710911712112011611211011211612413213914214113419 9 6D41112121211314299999999999999 414 6115 311099999999999999
122108 92 79 69 63 63 68 77 8810011011612012112012012112312613013313513319 9 7D422 3135999999999999999999999 535 62999999999999999999999
128120108 95 83 72 64 61 63 71 82 9510811912612912912712512312212412612919 9 8D41531129235913099999999999999 7 7 61195612299999999999999
130128122113100 86 73 63 58 59 67 80 9611312613513813513012311711511612119 9 9D41558138999999999999999999999 822 58211111599999999999999
127132133129119104 88 72 60 54 56 66 8310312313714414413612611510810711119 910D4 146133162314599999999999999 916 54214810799999999999999
120130138141136123105 85 67 55 50 56 70 92115135148151144132117105 9910119 911D4 251141164715199999999999999 958 502218 9999999999999999
110124138147149141124102 79 61 50 50 60 80105130148156152139121105 94 9219 912D4 3391491711156999999999999991034 482245 9199999999999999
 99113132148156154141120 95 71 55 48 53 70 95121144157157146128108 92 8419 913D4 41815717331599999999999999911 5 482313 8499999999999999
 87101121142157162155137111 85 64 52 51 63 85112138155160152135113 92 8019 914D4 4551621754160999999999999991133 502341 7799999999999999
 78 87106129150162162150127101 76 60 54 60 78104130151160156141119 96 7819 915D4 5301641813160999999999999991158 54999999999999999999999
 71 75 90113137155163157140116 90 70 60 61 75 97123145158158147125101 8019 916D4 6 5163183216099999999999999 010 711223 5999999999999999
 67 65 75 95119142156158148128104 83 69 66 74 93116139154159150132108 8519 917D4 641159185015999999999999999 040 651246 6699999999999999
 68 60 64 78100124143152150137117 96 81 74 77 91111132149157153138116 9219 918D4 71915319 915799999999999999 111 601310 7499999999999999
 72 60 57 65 82103125140145140127109 94 85 84 9210712614315215214212410219 919D4 8 1145193015499999999999999 145 571334 8399999999999999
 81 65 57 58 67 84104122133136131120107 97 94 9710712113514614914413111319 920D4 851137195414999999999999999 223 5614 2 9499999999999999
 93 75 62 57 59 69 8410111612612912611911110610611011912913814414313612319 921D4 959129202314499999999999999 311 57143410599999999999999
107 90 74 64 59 61 68 80 9510811812412512312011811812112613113613813613019 922D4114612521 713899999999999999 415 59152511799999999999999
120107 93 79 67 61 59 64 73 8610111412413013213112912712612612713013213319 923D414 4132224813399999999999999 545 59181912599999999999999
131124114100 85 71 60 55 56 64 79 9611412913914314113612912312012012312919 924D415 9143999999999999999999999 719 54203311999999999999999
134137134125109 91 72 57 48 48 57 74 9611913815015314713712411410911011719 925D4 1 2137154815399999999999999 832 47212210999999999999999
128140147147136118 94 70 51 41 41 53 75103130150160158146129113101 9610119 926D4 226148162016099999999999999 928 4022 1 9699999999999999
114132149159159146123 95 67 46 37 40 56 83115142160165157138115 96 84 8319 927D4 3271601650165999999999999991016 362238 8299999999999999
 93113137158169167151124 92 64 44 38 45 67 98130155167165148123 97 78 6819 928D4 4211701719168999999999999991059 382315 6899999999999999
 72 88113142164174170150121 89 63 47 46 58 84116145164169157133104 78 6119 929D4 5111751746169999999999999991138 442353 5599999999999999
 56 64 85115144166174166144115 86 65 56 60 77104134157168163144115 85 6119 930D4 6 01741811168999999999999991213 56999999999999999999999
 48 47 60 85115144162167157135109 86 72 70 79 98124148163164151127 97 691910 1D4 649167183516699999999999999 032 461244 6999999999999999
 49 41 44 60 86115139154155145126106 90 83 86 98118139156162155137111 831910 2D4 738156185816299999999999999 112 411312 8399999999999999
 59 44 40 46 63 87112132142142133119106 97 96103116132147155154142122 981910 3D4 831144192115699999999999999 154 401337 9699999999999999
 74 56 46 44 52 67 871071231311311251171091061091161271381461481421291111910 4D4 932132194414899999999999999 240 4414 110699999999999999
 91 72 59 51 51 57 70 861011141211241221181161161191241301361391371301191910 5D4105912420 913999999999999999 333 50142811599999999999999
105 90 76 65 59 58 62 71 83 961081171221241241231231231251261281281261221910 6D41319124204212899999999999999 444 58154012399999999999999
115105 94 83 73 66 62 64 70 80 931061171251301301281251221191171171181191910 7D41441130231911999999999999999 616 62202511799999999999999
119116110101 90 79 69 63 63 68 79 931091231331371361301221141081061071121910 8D41513137999999999999999999999 738 6221 410699999999999999
118122122118108 95 81 69 61 60 67 81 98117133142143137126113102 96 951011910 9D4 137123153914399999999999999 838 602132 9599999999999999
111122129131125113 96 79 65 58 59 69 87108128143149144132115 99 88 84 88191010D4 24413116 414999999999999999 922 572158 8499999999999999
100116130139139130113 93 74 60 55 61 76 98121141151150139121100 83 74 75191011D4 331140162615299999999999999 958 552224 7399999999999999
 86104124140147144130109 87 68 57 57 68 88113136151154146127104 82 67 63191012D4 4121481647155999999999999991030 562251 6399999999999999
 71 88111134149153144126102 79 64 58 64 81104129148156151134109 84 64 54191013D4 44915317 7156999999999999991059 582318 5499999999999999
 57 71 95121143155154140118 94 74 63 64 76 97122144156155141117 89 65 49191014D4 5251561725157999999999999991126 622346 4699999999999999
 46 55 76103130149156150132109 87 72 68 75 92116139154157147125 97 70 49191015D4 6 11561744157999999999999991151 68999999999999999999999
 40 43 58 83112137152153142123101 83 75 78 90110132150157151133107 78 54191016D4 63815418 315799999999999999 016 391217 7599999999999999
 39 36 44 64 91119140150147134115 97 85 83 91106126144155153140117 90 64191017D4 717150182415599999999999999 047 361243 8399999999999999
 44 35 37 50 71 98122138144139126110 97 92 94105120137149152144127103 77191018D4 8 0144184715299999999999999 120 351310 9299999999999999
 55 41 37 41 56 77101121134137132121110103101107117130141147145133115 93191019D4 852137191214799999999999999 159 37134110199999999999999
 71 54 44 41 47 60 79 99116127131128122115111112117124133139140135124108191020D410 1131194314199999999999999 248 41142011199999999999999
 90 72 58 49 47 51 62 77 95110122128129126123120120122125129131131127119191021D41142129202613299999999999999 353 47153712099999999999999
107 93 79 65 56 51 52 59 72 89105119129133133130126122120118119121123123191022D41330134223212399999999999999 520 5019 611899999999999999
120113102 88 74 61 52 50 55 67 84103121134140140135126117110106106111117191023D41429141999999999999999999999 651 50202510599999999999999
123126123114 99 81 64 51 46 50 64 84107127142148144133119104 94 89 92102191024D4 1 212615 614899999999999999 8 3 4621 6 8999999999999999
116128136135125107 85 64 49 44 49 66 89115138151152143125104 86 74 72 80191025D4 226137153815399999999999999 9 0 442142 7299999999999999
 97117136147146134112 86 63 49 45 54 74101128149157152134109 84 64 55 57191026D4 32814816 715799999999999999 948 452219 5499999999999999
 71 94121143155153138113 86 64 51 51 64 88116142157158144119 89 62 44 38191027D4 4221561634160999999999999991030 502256 3899999999999999
 46 66 95126149160155137111 85 66 58 63 80105133153161153131100 68 42 28191028D4 51216017 01619999999999999911 8 582334 2699999999999999
 27 40 65 98129151159152133108 85 72 69 78 98123146160158142115 81 50 28191029D4 6 11591726161999999999999991142 69999999999999999999999
 19 23 40 68102131150154145126104 88 80 83 95115138154159150128 97 65 38191030D4 649154175115999999999999999 013 191214 8099999999999999
 22 17 25 45 74105130144146136119103 92 90 97111129146155152137112 83 54191031D4 736147181615599999999999999 052 171243 9099999999999999
 33 22 22 32 53 80107127137136127114103 98100109122136147149140122 99 731911 1D4 826138184114999999999999999 132 201312 9899999999999999
 50 35 28 31 42 62 85107122129128121113106105109117127136141138127110 891911 2D4 92112919 714199999999999999 214 28134410599999999999999
 69 52 41 38 41 52 69 881051171231231191141111111141191251301301251151011911 3D41029123193413099999999999999 3 1 38143011099999999999999
 86 71 58 50 48 51 60 73 891031141201221201171151131141151171191181141071911 4D4115812220 911999999999999999 358 48161811399999999999999
 98 87 76 66 59 56 57 64 75 881021131211251241211161121081061051061071071911 5D41320125222110799999999999999 511 56194510599999999999999
105100 92 83 73 65 60 60 65 76 89104117126129128121113104 97 93 92 961001911 6D41410129999999999999999999999 633 602034 9299999999999999
105107105 99 90 78 68 62 60 66 77 92109123132134128117104 91 82 79 81 891911 7D4 1 7107144413499999999999999 741 6021 3 7999999999999999
 99108114113106 94 80 68 61 60 67 81 99117131137135124107 89 75 66 66 741911 8D4 224114151213799999999999999 834 592131 6599999999999999
 87103115122120111 95 79 66 59 62 72 89109127138140130113 91 71 57 52 571911 9D4 318122153614099999999999999 916 592158 5299999999999999
 71 91110125130125112 94 76 64 60 67 81101122137143137120 96 71 51 41 42191110D4 4 1130155814399999999999999 952 602226 4099999999999999
 54 74 99121134136127110 90 73 64 65 76 94116135144142127103 76 51 34 29191111D4 4411371619145999999999999991025 632255 2999999999999999
 36 55 81109131141139125105 86 72 68 74 89110130144147135113 84 55 33 22191112D4 5191421640147999999999999991055 682324 2199999999999999
 23 37 61 91119138145138121100 83 74 75 85104125142149143124 96 65 38 21191113D4 55714517 2149999999999999991125 732356 1599999999999999
 15 22 42 71102128143144133115 96 83 79 85 99118137149148134109 79 49 26191114D4 6351451726150999999999999991155 79999999999999999999999
 14 14 27 50 81111133143140127110 95 87 88 97112130145149141122 95 65 39191115D4 717143175214999999999999999 030 131225 8699999999999999
 21 14 18 34 59 89115133139134122108 97 94 97108122137146144131110 83 56191116D4 8 2139182114699999999999999 1 7 141258 9499999999999999
 35 22 18 25 42 67 94116130134129119108102101106115127137140135120100 76191117D4 855134185314199999999999999 150 18133710199999999999999
 54 36 26 25 32 49 71 94113125129126119111107107111118125131131125112 95191118D410 0129193113299999999999999 241 24143210799999999999999
 75 57 42 34 32 39 53 72 92110121126126121115111109110113117120120116107191119D41119127203012199999999999999 342 32161610999999999999999
 95 80 64 51 42 39 43 55 72 90107120127128124117110105101101103107110110191120D41236128224111199999999999999 456 39183510199999999999999
107100 88 74 60 49 44 46 55 71 90108122130131125115103 93 86 84 87 94102191121D41333131999999999999999999999 615 431953 8499999999999999
109111108 98 83 68 55 47 48 57 73 93113128135133122107 90 75 67 65 71 83191122D4 056111141513599999999999999 726 462041 6599999999999999
 98111118117108 92 74 59 51 51 61 79101121135139131114 93 71 54 46 47 58191123D4 223119145013999999999999999 826 502122 4599999999999999
 77 98116127126116 98 78 63 55 57 69 89112131141139125102 75 50 33 27 33191124D4 329128152114299999999999999 916 5422 1 2799999999999999
 49 74101123134133120101 81 66 61 66 80102124140145136115 86 55 30 16 13191125D4 42513515511459999999999999910 1 612241 1399999999999999
 24 46 76106129139136121101 82 71 69 77 94116136147144128101 68 37 15  4191126D4 5151401620148999999999999991041 682320  499999999999999
  6 22 49 82112133141135119 99 84 76 78 89107128144148139117 86 53 24  6191127D4 6 31411650149999999999999991118 76999999999999999999999
  0  6 26 56 89117135139130114 97 86 82 88101119137147145130104 72 41 17191128D4 648139171914899999999999999 0 0  01153 8299999999999999
  4  2 13 35 66 97121133134124109 95 88 89 97111128141145137118 91 61 34191129D4 732135174914599999999999999 039  11226 8799999999999999
 16  7 10 23 47 76103122130127117104 95 91 95104118131139137125105 80 54191130D4 815130181914099999999999999 118  713 0 9199999999999999
 33 19 15 21 37 60 85107120125121112102 95 94 99108120129132126113 94 721912 1D4 9 0125185113299999999999999 156 151340 9499999999999999
 51 35 26 25 33 49 70 91108118120116109101 97 97101108116121121114102 851912 2D4 949120192612299999999999999 236 251430 9699999999999999
 68 52 40 35 36 45 60 77 95108116117114107101 97 96 99103108110109103 931912 3D4104611720 911099999999999999 318 341545 9699999999999999
 81 68 56 47 44 46 54 67 82 96108115116113107101 95 92 92 93 96 98 98 951912 4D411481162132 9899999999999999 4 8 431742 9199999999999999
 89 81 71 62 55 51 53 60 71 84 98109115117113106 98 89 83 80 80 83 86 901912 5D412471172359 9199999999999999 510 511927 7999999999999999
 91 90 84 77 68 61 57 58 64 74 87101112118118113102 90 78 69 65 66 71 791912 6D41334119999999999999999999999 621 572019 6599999999999999
 87 93 94 91 84 74 66 61 61 67 78 91105116121118109 94 77 63 53 50 54 641912 7D4 148 94141012199999999999999 729 602055 5099999999999999
 77 90 99102 98 90 79 69 63 64 71 83 98112122123116101 81 61 45 36 37 461912 8D4 258102144012499999999999999 825 622128 3599999999999999
 61 80 97108111105 94 81 70 65 67 77 91108121127123109 88 64 42 28 22 281912 9D4 34911115 712799999999999999 911 6522 0 2299999999999999
 43 64 88107118119110 96 81 71 68 73 85102119129130119 99 73 46 25 13 13191210D4 433120153413199999999999999 952 682232 1299999999999999
 24 45 72 99118127124112 95 81 72 72 81 96114129136130112 86 56 29 11  4191211D4 51412716 2136999999999999991030 7123 7  499999999999999
  8 25 52 83110127132125110 93 81 76 79 91108126138139126102 72 41 17  2191212D4 55313216321409999999999999911 6 762344 -199999999999999
 -1  9 31 62 94120133134124108 92 82 80 87101120136143137119 91 59 30  9191213D4 63413517 3143999999999999991141 80999999999999999999999
 -2 -1 14 40 73103125135133120104 91 85 86 96111129141143132110 81 50 23191214D4 716136173714499999999999999 023 -31218 8499999999999999
  6 -1  4 22 50 82110128134128116102 92 88 92103118133141138124101 72 44191215D4 8 1134181414199999999999999 1 5 -11258 8899999999999999
 21  7  4 12 32 60 89112126130124112100 93 91 96106120131135129114 93 67191216D4 849130185413599999999999999 150  41345 9199999999999999
 42 24 13 12 21 41 67 93113124125119109 99 93 92 96105115123125119106 87191217D4 941126194312599999999999999 237 111444 9299999999999999
 65 45 30 21 22 32 50 73 95112121122116106 97 91 88 91 97104110112109 99191218D41036122205211299999999999999 329 2016 3 8899999999999999
 85 68 52 39 32 32 42 58 77 96111119119113104 94 85 80 79 83 89 95100100191219D41133120223810199999999999999 425 311740 7999999999999999
 96 87 74 60 49 43 43 50 64 81 98112119118111100 87 75 67 63 65 72 81 89191220D41227119999999999999999999999 529 4219 7 6399999999999999
 95 96 92 82 71 60 53 52 58 70 86102114120118108 93 76 61 50 45 47 56 69191221D4 041 97131512099999999999999 638 522011 4599999999999999
 83 94100 99 92 81 69 62 60 65 76 92107119123118104 85 63 44 31 27 31 43191222D4 221101135812399999999999999 746 6021 2 2799999999999999
 61 81 98107108101 89 76 68 66 71 83 99114124125116 98 74 49 28 15 12 19191223D4 334109143812699999999999999 847 662148 1299999999999999
 36 60 84104115115107 93 80 72 71 77 90107122130127113 90 62 35 14  3  2191224D4 432116151613099999999999999 939 712232  199999999999999
 14 35 64 91112122120109 95 82 75 76 84 99116130134126107 80 50 23  4 -5191225D4 5211221552134999999999999991025 742314 -599999999999999
 -1 15 41 72100119126121108 93 81 77 80 91108125136135123 99 70 39 14 -2191226D4 6 412616281379999999999999911 5 772353 -699999999999999
 -6  2 22 52 83109124127119104 89 80 79 85 99117132139133116 90 59 31  9191227D4 64312717 4139999999999999991142 78999999999999999999999
 -2 -2 10 34 65 95116126124113 98 85 79 81 91106124136137127107 79 50 25191228D4 720127173813899999999999999 031 -41217 7999999999999999
  8  2  6 23 50 79104120125119106 92 82 79 84 96112127134131118 96 69 43191229D4 755125181213599999999999999 1 6  11252 7999999999999999
 22 11  9 19 39 65 91110121121112 99 87 80 80 87100115125128121106 84 60191230D4 829122184712899999999999999 139  81329 7999999999999999
 38 23 16 19 32 53 77 98112118115105 94 84 80 82 90102113119118109 94 74191231D4 9 7118192212099999999999999 212 161411 8099999999999999
