 25 23 21 18 15 13 11 11 12 14 17 18 20 20 20 19 18 18 19 20 22 25 27 2919 1 1ES1255 202335 2999999999999999 635 111647 1899999999999999
 29 27 25 21 17 13 10  8  8  9 12 15 17 19 20 20 20 20 20 21 24 26 29 3119 1 2ES9999999999999999999999999999 741  8999999999999999999999
 32 32 30 26 22 17 12  8  7  7  8 12 15 18 20 21 22 22 22 23 24 27 30 3319 1 3ES 0 8 32999999999999999999999 829  6999999999999999999999
 35 36 34 31 27 21 15 10  7  6  6  9 13 17 20 22 23 23 23 23 25 27 30 3419 1 4ES 042 36999999999999999999999 910  5999999999999999999999
 37 38 38 36 31 26 20 14  9  6  5  7 10 15 19 22 24 24 24 24 25 27 30 3319 1 5ES 117 39999999999999999999999 947  5999999999999999999999
 37 39 40 39 36 31 24 18 12  8  5  6  8 12 17 21 23 25 25 24 24 25 28 3119 1 6ES 154 409999999999999999999991023  5999999999999999999999
 35 38 40 40 38 34 28 22 15 10  7  5  7 10 14 19 22 24 25 24 24 24 25 2819 1 7ES 231 411757 25999999999999991059  52019 2499999999999999
 32 35 38 40 39 36 31 25 19 13  8  6  6  8 12 16 20 22 24 23 23 22 23 2519 1 8ES 3 8 401823 24999999999999991135  621 0 2299999999999999
 28 31 35 37 38 36 33 28 22 16 11  7  6  7  9 13 17 20 21 22 21 20 20 2119 1 9ES 345 381849 22999999999999991210  62138 2099999999999999
 24 27 30 33 35 35 32 28 23 18 13  9  7  6  8 11 14 17 19 20 20 19 18 1819 110ES 422 351916 20999999999999991245  62218 1899999999999999
 20 22 25 28 31 31 31 28 24 19 15 11  8  7  7  9 12 14 17 18 18 18 17 1619 111ES 459 311945 18999999999999991318  723 5 1699999999999999
 17 18 20 23 26 27 27 26 24 20 16 12 10  8  7  8 10 13 15 17 17 17 16 1619 112ES 539 282019 18999999999999991349  7999999999999999999999
 15 15 16 18 21 23 24 23 22 20 17 14 11  9  8  9 10 12 14 16 17 18 17 1619 113ES 625 242057 1899999999999999 011 151420  899999999999999
 15 14 14 15 16 18 19 20 20 19 17 15 13 11 10 10 11 12 14 16 18 19 19 1819 114ES 728 202135 1999999999999999 145 141448 1099999999999999
 17 15 14 13 13 14 15 16 17 17 17 16 15 14 13 12 13 14 15 18 20 21 22 2219 115ES 912 172210 2299999999999999 337 131512 1299999999999999
 20 18 16 13 12 11 11 12 13 15 16 17 17 16 16 15 15 16 17 19 22 24 25 2619 116ES1142 172243 2699999999999999 525 111529 1599999999999999
 24 22 19 16 12 10  8  8  9 11 13 15 17 18 18 18 18 19 20 21 24 26 29 3019 117ES2317 30999999999999999999999 640  8999999999999999999999
 29 27 24 20 15 11  8  6  6  7 10 13 16 18 20 21 21 21 22 23 25 28 31 3419 118ES2356 34999999999999999999999 736  5999999999999999999999
 34 33 30 26 20 14  9  5  3  3  5  9 13 17 20 22 23 23 23 24 26 29 32 3619 119ES9999999999999999999999999999 825  3999999999999999999999
 38 38 36 32 26 20 13  7  3  1  1  4  9 14 18 21 23 23 23 24 25 27 31 3519 120ES 041 38999999999999999999999 912  1999999999999999999999
 39 41 41 38 33 27 19 11  5  1 -1  1  4 10 15 19 22 23 23 22 23 24 27 3119 121ES 131 4199999999999999999999910 0 -1999999999999999999999
 36 40 42 42 39 34 26 18 10  3  0 -1  1  5 11 16 19 21 22 21 20 20 22 2519 122ES 226 421746 22999999999999991049 -12024 2099999999999999
 30 35 39 42 41 38 33 25 16  9  3  0 -1  2  7 12 16 19 20 20 18 17 17 1919 123ES 325 421811 21999999999999991137 -12127 1799999999999999
 22 27 32 37 39 39 36 30 23 15  8  3  1  1  4  9 13 17 19 19 18 16 14 1419 124ES 425 391838 19999999999999991223  02234 1499999999999999
 16 19 23 28 33 35 35 32 27 21 14  8  4  3  4  7 11 15 17 19 18 16 14 1219 125ES 527 3519 8 199999999999999913 8  32349 1299999999999999
 12 13 15 19 24 28 30 30 28 23 18 13  9  6  6  7 10 14 17 18 19 17 15 1319 126ES 632 301942 19999999999999991349  6999999999999999999999
 11 10 10 12 16 19 22 24 24 23 20 16 13 10  9  9 11 14 16 19 20 19 18 1519 127ES 742 242020 2099999999999999 112 101423  999999999999999
 13 11  9  9 10 12 15 17 19 19 19 17 15 14 12 12 13 15 17 19 21 22 21 1919 128ES 9 5 1921 3 2299999999999999 243  91448 1299999999999999
 17 14 11  9  8  8  9 11 13 15 16 16 16 15 15 14 15 16 18 20 22 24 24 2319 129ES11 4 162152 2499999999999999 430  81459 1499999999999999
 21 19 15 12  9  7  6  7  8 10 12 14 15 16 16 16 17 17 19 21 23 25 27 2719 130ES2244 27999999999999999999999 615  6999999999999999999999
 26 24 21 17 13  9  7  5  5  7  9 12 14 16 17 18 18 18 19 21 23 26 28 2919 131ES2335 29999999999999999999999 727  5999999999999999999999
 29 28 25 22 18 13  9  6  5  5  7 10 13 16 18 19 19 19 20 21 23 25 28 3019 2 1ES9999999999999999999999999999 819  4999999999999999999999
 31 31 30 26 22 17 12  8  5  4  5  8 11 15 17 19 20 20 20 20 22 24 27 3019 2 2ES 023 32999999999999999999999 9 1  4999999999999999999999
 32 33 32 30 26 22 16 11  7  4  4  6  9 13 17 19 20 20 20 19 20 22 24 2819 2 3ES 1 8 331635 2099999999999999 939  41858 1999999999999999
 31 33 34 32 30 25 20 14  9  6  4  5  7 11 15 18 20 20 19 18 18 19 21 2419 2 4ES 152 341651 20999999999999991015  41948 1899999999999999
 28 31 33 33 31 28 23 17 12  7  4  4  5  8 12 16 18 19 19 17 16 16 18 2019 2 5ES 234 331710 19999999999999991049  42033 1699999999999999
 24 28 31 32 32 29 25 20 14  9  5  4  4  6 10 13 16 18 18 16 15 14 14 1619 2 6ES 316 321729 18999999999999991123  32114 1499999999999999
 19 23 27 30 30 29 26 22 16 11  7  4  3  5  7 11 14 16 16 15 13 12 11 1219 2 7ES 356 301750 16999999999999991154  32155 1199999999999999
 14 18 22 26 28 28 26 23 18 13  8  5  4  4  6  9 12 14 15 15 13 11  9  919 2 8ES 436 281812 15999999999999991223  32239  999999999999999
 10 13 17 21 24 25 25 23 19 14 10  7  5  4  5  8 11 13 14 14 13 11  9  819 2 9ES 517 251836 15999999999999991251  42329  899999999999999
  8  9 12 16 19 22 22 22 19 16 12  9  6  5  6  7 10 13 14 15 14 12 10  819 210ES 6 1 2219 3 15999999999999991316  5999999999999999999999
  7  7  9 11 14 17 19 20 19 17 14 11  9  7  7  8 10 13 15 16 16 15 13 1019 211ES 652 201932 1699999999999999 028  71339  799999999999999
  8  7  7  8 10 13 15 17 17 16 15 13 11 10 10 10 12 14 16 18 18 18 16 1419 212ES 756 1720 5 1899999999999999 138  71355 1099999999999999
 11  9  7  7  7  9 11 13 14 15 15 14 14 13 13 13 14 16 18 20 21 21 20 1819 213ES 932 152042 2199999999999999 259  71357 1399999999999999
 15 12  9  7  6  6  7  9 11 12 14 15 15 15 15 16 16 18 19 21 23 24 24 2319 214ES2127 24999999999999999999999 431  6999999999999999999999
 20 17 13 10  7  5  5  5  7  9 11 14 15 16 17 18 18 19 21 23 25 26 27 2719 215ES2222 28999999999999999999999 6 1  5999999999999999999999
 26 23 19 14 10  6  4  3  3  5  8 11 14 16 18 19 19 20 21 22 25 27 29 3119 216ES2325 31999999999999999999999 712  3999999999999999999999
 30 28 25 20 15 10  5  2  1  1  4  7 11 14 17 19 19 19 20 21 23 25 28 3119 217ES9999999999999999999999999999 811  1999999999999999999999
 33 33 31 27 21 15  9  4  0 -1  0  3  7 12 15 17 19 18 18 18 19 21 24 2819 218ES 030 331626 1999999999999999 9 3 -11836 1899999999999999
 32 34 35 32 28 22 15  8  2 -1 -2  0  3  8 13 16 17 18 16 15 15 16 18 2219 219ES 136 351635 1899999999999999 953 -21948 1599999999999999
 27 32 35 35 33 28 22 14  7  2 -1 -2  0  5 10 14 16 17 16 14 12 11 12 1519 220ES 241 351654 17999999999999991040 -22053 1199999999999999
 19 25 30 33 34 32 27 21 13  6  2 -1  0  3  7 12 15 16 16 13 10  8  7  819 221ES 345 341716 16999999999999991123 -12157  799999999999999
 11 16 22 28 31 32 30 25 19 12  6  3  1  2  6 10 14 16 16 15 11  8  5  419 222ES 448 321741 179999999999999912 3  123 2  499999999999999
  5  8 13 19 24 27 28 26 22 16 11  7  4  4  6 10 14 16 17 17 14 10  6  419 223ES 548 2818 8 17999999999999991238  4999999999999999999999
  2  3  6 11 16 20 23 24 22 19 15 11  8  7  8 10 14 17 18 19 17 14 10  619 224ES 648 241837 1999999999999999 0 8  213 6  799999999999999
  3  2  3  5  9 13 16 19 19 18 16 13 11 10 10 12 15 17 19 20 20 18 14 1119 225ES 752 191911 2099999999999999 115  21325 1099999999999999
  7  4  3  3  4  7 10 13 15 16 15 14 13 13 13 14 16 18 20 22 22 21 19 1619 226ES 911 161951 2299999999999999 228  31331 1299999999999999
 12  9  6  4  4  4  6  8 10 12 13 14 14 14 14 15 16 18 20 22 23 23 22 2019 227ES2042 23999999999999999999999 357  4999999999999999999999
 18 14 11  8  6  4  4  5  7  9 11 13 14 15 15 16 17 18 20 21 23 24 24 2419 228ES2148 24999999999999999999999 542  4999999999999999999999
 22 19 16 13  9  7  5  4  5  6  9 11 13 15 16 16 17 18 19 20 22 23 25 2519 3 1ES23 3 25999999999999999999999 7 5  4999999999999999999999
 25 23 21 18 14 10  7  5  4  4  7  9 12 14 16 17 17 17 17 18 20 21 23 2519 3 2ES9999999999999999999999999999 8 3  4999999999999999999999
 26 25 24 21 18 14 10  6  4  4  5  7 11 13 16 17 17 16 16 16 17 19 21 2319 3 3ES 013 261543 1799999999999999 848  41818 1699999999999999
 25 26 26 24 21 17 13  8  5  3  4  5  9 12 14 16 16 16 15 14 14 16 18 2119 3 4ES 111 261552 1699999999999999 927  31916 1499999999999999
 23 25 26 26 23 20 15 11  7  4  3  4  6 10 13 15 16 15 14 12 12 12 14 1719 3 5ES 2 1 2616 5 169999999999999910 1  320 2 1299999999999999
 20 23 25 26 25 22 18 13  8  5  3  3  5  8 11 13 14 14 13 11  9  9 10 1319 3 6ES 245 261620 15999999999999991032  22043  999999999999999
 16 20 23 25 25 23 20 15 10  6  3  2  3  6  9 12 13 14 12 10  8  6  6  819 3 7ES 327 251637 149999999999999911 0  22124  699999999999999
 12 16 20 23 24 24 21 17 12  8  4  3  3  5  8 11 13 14 13 10  7  5  4  519 3 8ES 4 8 241655 14999999999999991126  322 7  499999999999999
  7 11 16 20 22 23 22 18 14 10  6  4  3  5  7 10 13 14 13 11  8  5  3  219 3 9ES 449 231715 14999999999999991150  32252  299999999999999
  3  6 11 16 19 21 21 19 16 12  8  6  5  5  8 11 13 15 15 13 10  7  4  219 310ES 532 211736 15999999999999991212  52340  299999999999999
  2  3  6 11 15 18 20 19 17 14 11  8  7  7  9 11 14 16 17 16 13 10  6  319 311ES 618 201757 17999999999999991230  7999999999999999999999
  2  2  3  7 11 14 17 18 17 15 13 11 10 10 11 13 15 17 19 18 17 14 10  619 312ES 710 181820 1999999999999999 032  11242 1099999999999999
  3  2  2  4  7 10 13 15 16 16 14 13 12 12 13 14 17 19 20 21 20 18 14 1019 313ES 814 161848 2199999999999999 129  21240 1299999999999999
  7  4  3  3  4  6  9 11 13 14 15 14 14 14 15 16 18 20 22 23 23 21 19 1519 314ES1926 23999999999999999999999 234  3999999999999999999999
 12  8  5  4  3  4  5  7 10 12 13 14 15 15 16 17 19 20 22 24 24 24 23 2019 315ES2021 24999999999999999999999 355  3999999999999999999999
 17 13  9  6  4  3  3  4  6  8 11 13 14 16 16 17 18 19 21 23 24 25 25 2519 316ES2142 26999999999999999999999 529  3999999999999999999999
 22 19 15 11  7  4  2  2  2  4  7 10 13 15 16 17 17 18 19 20 22 24 26 2719 317ES2314 27999999999999999999999 654  2999999999999999999999
 26 24 21 17 12  7  4  1  0  1  4  7 10 13 15 16 16 15 15 16 18 20 23 2619 318ES9999999999999999999999999999 8 0  0999999999999999999999
 28 28 26 23 18 13  7  3  0 -1  1  4  8 11 14 15 15 14 12 12 12 14 17 2119 319ES 038 281528 1599999999999999 853 -119 7 1299999999999999
 25 28 29 27 24 19 13  7  3  0  0  2  5  9 13 14 15 13 11  9  8  8 10 1419 320ES 153 291540 1599999999999999 939 -12015  899999999999999
 19 24 28 29 28 24 19 12  7  3  1  1  4  8 12 14 15 14 12  8  5  4  4  719 321ES 3 1 291558 15999999999999991019  12117  399999999999999
 11 17 23 27 28 27 23 18 12  7  4  3  4  8 12 15 17 16 14 10  5  2  0  119 322ES 4 4 281620 17999999999999991054  32216  099999999999999
  4  9 16 21 25 26 25 21 16 11  7  6  6  8 12 16 18 19 17 13  8  3  0 -219 323ES 5 2 261644 19999999999999991123  52313 -299999999999999
 -1  2  8 14 19 22 23 22 19 15 11  9  8 10 13 17 20 21 20 18 13  8  3 -119 324ES 557 231711 21999999999999991146  8999999999999999999999
 -2 -1  2  7 12 17 20 20 19 17 14 12 11 12 14 18 21 23 23 22 18 13  8  319 325ES 652 201740 2399999999999999 010 -212 0 1199999999999999
  0 -1  0  3  7 11 14 17 17 17 15 14 13 14 15 18 21 24 25 24 22 18 14  919 326ES 753 171811 2599999999999999 1 7 -112 5 1399999999999999
  5  2  1  1  4  7 10 13 14 15 15 15 15 15 16 18 21 23 25 25 24 22 18 1419 327ES 916 151848 2599999999999999 2 9  11150 1599999999999999
 10  7  4  3  3  4  6  9 11 13 14 15 15 16 17 18 20 22 24 25 25 24 22 1919 328ES1933 25999999999999999999999 324  3999999999999999999999
 16 12  9  7  5  5  5  6  8 10 12 14 15 16 17 17 19 20 22 23 23 23 23 2119 329ES2039 23999999999999999999999 5 2  5999999999999999999999
 19 17 14 11  8  6  5  5  6  8 10 12 14 15 16 17 17 18 19 20 21 22 22 2219 330ES2219 22999999999999999999999 636  5999999999999999999999
 21 20 17 15 12  9  7  5  5  6  8 11 13 15 16 16 16 16 16 17 18 19 20 2119 331ES2357 22999999999999999999999 740  5999999999999999999999
 22 21 20 18 15 12  8  6  5  5  6  9 11 13 15 15 15 14 14 14 14 16 17 1919 4 1ES15 4 15999999999999999999999 828  41829 1499999999999999
 21 22 21 20 17 14 10  7  5  4  5  7 10 12 14 14 14 13 12 11 11 12 14 1719 4 2ES 1 8 2215 8 1499999999999999 9 4  41923 1199999999999999
 19 21 22 21 19 16 12  9  6  4  4  6  8 11 13 14 14 12 10  9  8  8 10 1319 4 3ES 2 0 221516 1499999999999999 933  420 6  899999999999999
 17 19 21 22 21 18 14 10  7  5  4  5  7 10 13 14 14 12 10  7  6  5  6  919 4 4ES 245 221528 1499999999999999 957  42047  599999999999999
 13 17 20 22 21 20 16 12  9  6  5  5  7 10 13 15 15 14 11  8  5  3  3  519 4 5ES 327 221543 15999999999999991018  52129  399999999999999
  9 13 18 20 22 21 19 15 11  8  6  6  7 10 14 16 17 16 13  9  5  3  1  219 4 6ES 4 9 2216 1 17999999999999991038  62213  199999999999999
  5  9 14 18 21 21 20 17 14 10  8  8  9 11 15 17 19 19 16 13  8  4  1  019 4 7ES 452 211620 19999999999999991056  82257  099999999999999
  1  5 10 15 18 21 21 19 16 13 11 10 10 13 16 19 21 21 20 16 12  7  3  019 4 8ES 537 211641 22999999999999991111 102343  099999999999999
  0  2  6 11 15 18 20 20 18 15 13 13 13 14 17 20 23 24 23 21 16 11  6  219 4 9ES 625 2017 3 24999999999999991119 12999999999999999999999
  0  0  3  6 11 15 17 19 18 17 15 15 15 16 18 21 24 26 26 24 21 16 11  619 410ES 718 191730 2699999999999999 030  01119 1599999999999999
  3  1  1  4  7 11 14 16 17 17 16 16 16 17 19 22 24 27 28 27 24 21 16 1119 411ES 824 1718 3 2899999999999999 122  11111 1699999999999999
  7  4  2  2  4  7 10 12 14 16 16 16 17 18 19 21 24 26 27 28 27 24 21 1619 412ES1846 28999999999999999999999 222  2999999999999999999999
 12  8  5  4  3  4  6  9 11 13 14 15 16 17 18 20 22 24 25 27 27 26 24 2119 413ES1951 27999999999999999999999 338  3999999999999999999999
 17 13 10  7  5  4  4  5  7 10 12 14 15 16 17 18 19 20 22 23 25 26 26 2519 414ES2131 26999999999999999999999 512  4999999999999999999999
 22 19 15 11  8  5  4  3  5  7  9 12 14 15 16 16 16 16 17 18 20 22 24 2519 415ES2321 25999999999999999999999 640  3999999999999999999999
 25 23 21 17 13  9  5  4  3  4  7 10 13 14 15 15 14 13 13 13 14 17 20 2319 416ES1422 15999999999999999999999 744  31811 1399999999999999
 25 26 25 22 18 13  9  6  4  4  6  9 12 14 16 16 14 12 10  9  9 10 13 1819 417ES 052 261428 1699999999999999 831  41931  999999999999999
 22 25 26 25 23 18 14  9  6  5  6  8 12 15 17 17 16 13 10  7  5  5  7 1119 418ES 2 8 261443 1799999999999999 9 8  52033  599999999999999
 16 21 24 26 25 22 18 14 10  8  8  9 13 16 19 20 19 16 12  8  4  2  2  419 419ES 313 2615 3 2099999999999999 938  72129  299999999999999
  9 15 20 24 25 25 22 18 14 11 10 11 14 18 21 23 23 21 17 11  6  2  0  019 420ES 411 251526 239999999999999910 1 102222  099999999999999
  3  8 14 19 23 24 23 20 17 14 13 13 16 19 23 26 27 26 22 17 10  5  1 -119 421ES 5 5 241553 27999999999999991017 132313 -199999999999999
  0  3  9 14 19 22 23 22 19 17 16 16 17 20 24 28 30 29 27 22 16 10  5  119 422ES 557 231623 30999999999999991029 15999999999999999999999
  0  1  4  9 14 18 21 21 20 19 17 17 18 21 25 28 31 32 30 27 22 16 10  519 423ES 650 211654 3299999999999999 0 4  01037 1799999999999999
  2  1  3  6 10 14 17 19 20 19 18 18 19 21 24 27 30 32 32 30 26 21 16 1119 424ES 748 201727 3299999999999999 055  11040 1899999999999999
  7  4  4  5  7 11 14 16 18 18 18 18 19 21 23 26 28 30 31 30 28 25 20 1619 425ES18 2 31999999999999999999999 150  4999999999999999999999
 12  9  7  6  7  9 11 13 15 17 18 18 19 20 21 23 26 28 29 29 28 26 23 2019 426ES1840 29999999999999999999999 253  6999999999999999999999
 16 13 10  9  8  8  9 11 13 14 16 17 18 19 20 21 23 24 25 26 26 25 24 2219 427ES1930 26999999999999999999999 416  8999999999999999999999
 19 17 14 12 10  9  8  9 10 12 14 16 17 18 18 19 20 21 22 22 23 23 23 2219 428ES21 1 23999999999999999999999 552  8999999999999999999999
 21 19 17 14 12 10  9  8  9 10 12 14 16 17 17 17 17 18 18 19 19 20 21 2119 429ES23 6 21999999999999999999999 7 3  8999999999999999999999
 21 20 19 17 14 12 10  8  8  9 11 13 15 16 17 16 16 15 15 15 16 17 18 2019 430ES1419 17999999999999999999999 748  81812 1599999999999999
 21 21 20 18 16 13 11  9  8  8 10 12 14 16 17 16 15 14 13 12 12 13 15 1819 5 1ES 035 211413 1799999999999999 817  81914 1299999999999999
 20 21 21 20 18 15 13 10  9  9 10 12 15 17 18 17 16 14 12 10  9 10 12 1519 5 2ES 136 211418 1899999999999999 837  920 1  999999999999999
 18 20 21 21 20 18 15 12 10 10 11 13 16 18 20 20 18 15 12  9  7  7  8 1119 5 3ES 227 221431 2099999999999999 854 102045  799999999999999
 15 19 21 22 22 20 17 15 12 11 12 14 17 20 22 23 21 19 15 10  7  5  5  819 5 4ES 315 221447 2399999999999999 910 112128  599999999999999
 11 16 20 22 23 22 20 17 15 14 14 16 19 22 25 26 25 23 18 13  9  5  4  419 5 5ES 4 3 2315 7 2699999999999999 926 142211  499999999999999
  7 12 17 21 23 24 23 20 18 16 16 18 20 24 28 30 30 27 23 18 12  7  4  319 5 6ES 451 241529 3099999999999999 938 162255  399999999999999
  4  8 13 18 21 24 24 23 20 19 19 19 22 25 29 32 33 32 28 23 17 11  6  319 5 7ES 539 241556 3399999999999999 948 192340  399999999999999
  3  5  9 14 18 22 23 23 22 21 20 21 23 26 30 33 35 35 33 28 22 16 10  519 5 8ES 629 241626 3699999999999999 957 20999999999999999999999
  3  3  6 10 14 18 21 22 22 21 21 21 23 25 29 33 36 37 36 33 28 21 15 1019 5 9ES 724 2217 2 3799999999999999 027  310 6 2199999999999999
  6  4  4  7 11 14 18 20 21 21 21 21 22 24 27 30 34 36 36 35 32 27 21 1519 510ES1745 36999999999999999999999 120  4999999999999999999999
 10  7  5  6  8 11 14 16 18 19 20 20 21 22 24 27 30 32 34 34 33 30 26 2119 511ES1840 34999999999999999999999 219  5999999999999999999999
 16 12  9  7  7  8 10 13 15 17 18 19 19 20 21 23 25 27 30 31 32 31 29 2519 512ES1955 32999999999999999999999 331  7999999999999999999999
 21 17 13 10  8  8  9 10 12 15 16 18 19 19 19 20 21 22 24 26 27 28 29 2819 513ES2139 29999999999999999999999 455  8999999999999999999999
 25 22 18 15 12 10  9  9 11 13 15 17 18 19 19 18 18 18 18 19 21 24 26 2719 514ES13 4 192328 2799999999999999 611  91637 1799999999999999
 27 25 23 20 16 13 11 10 11 12 15 18 19 20 20 18 17 15 14 14 15 17 21 2419 515ES1310 20999999999999999999999 7 6 101834 1499999999999999
 26 26 26 24 20 17 14 12 12 13 16 19 21 22 22 21 18 15 13 11 10 12 15 1819 516ES 059 261326 2399999999999999 744 121946 1099999999999999
 22 25 26 26 24 21 18 16 15 15 17 21 24 26 26 25 22 18 14 10  8  7  9 1319 517ES 214 261347 2699999999999999 8 9 152044  799999999999999
 17 22 25 26 26 24 21 19 18 18 19 23 26 29 30 30 27 23 18 13  8  6  6  819 518ES 318 261412 3099999999999999 826 172135  699999999999999
 12 17 22 25 26 26 24 22 20 20 21 24 28 32 34 35 33 29 24 17 11  7  5  519 519ES 415 261440 3599999999999999 839 202223  599999999999999
  8 13 18 22 25 26 26 24 23 22 23 25 29 33 37 38 38 35 30 23 17 11  7  519 520ES 5 7 261512 3899999999999999 853 222310  599999999999999
  6  9 14 19 23 26 26 26 24 23 24 26 29 33 37 40 41 39 35 29 22 16 11  719 521ES 557 261546 4199999999999999 910 232356  699999999999999
  6  7 11 16 20 23 25 26 25 24 24 26 28 32 36 40 41 41 38 34 28 21 16 1119 522ES 646 261620 4199999999999999 928 24999999999999999999999
  8  8 10 13 17 21 23 25 25 25 24 25 27 30 34 37 40 40 39 36 32 26 20 1619 523ES1655 40999999999999999999999 042  8999999999999999999999
 12 10 10 12 14 18 21 23 24 24 24 24 26 28 31 34 36 38 38 36 33 29 24 2019 524ES1730 38999999999999999999999 131 10999999999999999999999
 16 13 11 12 13 15 18 20 22 22 23 23 24 25 27 30 32 34 35 34 33 30 26 2219 525ES18 7 35999999999999999999999 223 11999999999999999999999
 19 16 14 13 13 14 15 17 19 20 21 22 23 23 25 26 28 30 31 31 30 29 27 2419 526ES1848 31999999999999999999999 324 13999999999999999999999
 21 19 16 14 14 14 14 15 17 19 20 21 21 22 22 23 24 26 27 27 27 27 26 2419 527ES1950 27999999999999999999999 434 13999999999999999999999
 22 20 18 16 15 14 14 14 16 17 19 20 21 21 21 21 21 22 23 23 24 25 25 2419 528ES2139 25999999999999999999999 539 14999999999999999999999
 23 22 20 18 16 15 14 14 15 17 19 20 22 22 21 21 20 19 19 20 21 22 23 2319 529ES1256 222335 2399999999999999 620 141745 1999999999999999
 23 23 21 20 18 16 15 15 16 17 20 22 23 24 23 22 20 18 17 17 17 18 20 2219 530ES1258 24999999999999999999999 646 1519 3 1799999999999999
 23 24 23 22 20 19 17 17 17 19 21 24 26 26 26 24 22 19 16 15 14 15 17 2019 531ES 1 0 241311 2799999999999999 7 6 171954 1499999999999999
 22 24 25 24 23 21 20 19 19 20 23 26 29 30 30 28 25 22 18 14 12 12 14 1719 6 1ES 2 9 251329 3099999999999999 724 192039 1299999999999999
 20 23 25 26 26 24 23 22 22 23 25 28 32 34 35 33 30 26 21 16 12 10 11 1319 6 2ES 311 261350 3599999999999999 739 212122 1099999999999999
 17 21 24 27 28 27 26 25 24 25 27 30 34 38 39 39 36 31 25 19 14 10  9 1019 6 3ES 4 8 281415 3999999999999999 754 2422 5  999999999999999
 13 18 22 26 28 29 28 27 26 27 29 32 36 40 43 43 41 37 31 24 17 12  9  819 6 4ES 5 1 291446 4399999999999999 810 262250  899999999999999
  9 13 18 23 27 29 29 29 28 28 29 32 36 40 44 46 46 43 38 31 23 16 11  819 6 5ES 551 291522 4699999999999999 830 282336  799999999999999
  7 10 14 19 24 27 29 29 28 28 29 31 34 38 43 46 47 46 43 37 29 22 15 1019 6 6ES 640 2916 3 4799999999999999 855 28999999999999999999999
  8  8 11 15 20 24 26 28 28 27 27 29 31 35 39 43 46 47 45 41 35 28 21 1519 6 7ES1650 47999999999999999999999 025  8999999999999999999999
 11  9  9 12 16 20 23 25 26 26 26 26 28 30 34 38 41 44 44 43 39 33 27 2119 6 8ES1743 44999999999999999999999 117  9999999999999999999999
 15 12 10 11 13 16 20 22 24 25 25 25 25 27 29 32 35 38 40 40 39 36 31 2619 6 9ES1846 40999999999999999999999 214 10999999999999999999999
 21 17 14 12 13 14 17 20 22 24 24 24 24 24 25 26 28 31 33 35 36 35 33 3019 610ES20 5 36999999999999999999999 315 12999999999999999999999
 26 22 18 15 14 15 16 18 21 23 24 25 25 24 23 23 23 25 26 28 30 32 32 3119 611ES11 3 252144 3299999999999999 417 141455 2399999999999999
 29 26 23 20 18 17 17 19 21 23 25 26 27 26 24 23 21 21 21 22 24 26 28 2919 612ES1134 272331 3099999999999999 513 171719 2199999999999999
 29 28 26 24 21 20 19 20 22 25 27 29 30 29 27 25 22 20 18 17 18 20 23 2619 613ES12 2 30999999999999999999999 554 191854 1799999999999999
 28 29 28 27 25 23 22 22 24 26 29 32 34 34 32 29 25 21 18 16 15 16 18 2219 614ES 1 7 291230 3499999999999999 620 221959 1599999999999999
 25 27 28 28 27 26 25 25 26 29 32 35 37 38 37 35 31 26 21 16 14 13 14 1719 615ES 229 291258 3899999999999999 634 252052 1399999999999999
 21 25 28 29 29 29 28 27 28 30 33 37 41 42 42 40 37 31 25 20 15 13 12 1419 616ES 337 291330 4399999999999999 649 272139 1299999999999999
 18 22 26 29 30 30 30 29 30 31 34 38 42 45 46 45 42 37 31 24 19 14 12 1219 617ES 434 3114 4 4699999999999999 711 292222 1299999999999999
 15 19 24 28 30 31 31 31 31 32 34 38 42 46 48 49 47 43 37 30 23 18 14 1219 618ES 521 321440 4999999999999999 740 3023 4 1299999999999999
 13 17 21 26 29 31 32 32 31 32 33 36 40 44 48 50 49 46 42 35 28 22 17 1419 619ES 6 4 321517 5099999999999999 813 312346 1399999999999999
 13 15 19 23 27 30 32 32 32 31 32 34 38 41 45 48 49 48 44 39 33 26 21 1619 620ES 643 321555 4999999999999999 847 31999999999999999999999
 14 14 17 20 24 28 30 31 31 31 31 32 34 38 41 45 47 47 45 41 36 30 24 2019 621ES1631 47999999999999999999999 027 14999999999999999999999
 16 15 16 18 21 25 28 29 30 30 29 30 31 34 37 40 43 44 43 41 37 32 27 2219 622ES17 7 44999999999999999999999 1 8 15999999999999999999999
 19 17 16 17 20 22 25 27 28 28 28 28 29 30 33 35 38 39 40 39 36 33 29 2519 623ES1744 40999999999999999999999 149 16999999999999999999999
 21 19 17 17 19 20 23 25 26 27 27 27 27 28 29 31 33 35 36 36 34 32 29 2619 624ES1823 36999999999999999999999 229 17999999999999999999999
 23 20 19 18 18 20 21 23 25 26 27 27 27 27 27 28 29 30 31 32 32 31 29 2719 625ES1914 32999999999999999999999 3 8 18999999999999999999999
 24 22 20 19 19 20 21 23 25 27 28 28 28 27 26 26 26 27 27 28 29 29 28 2719 626ES1053 282039 2999999999999999 343 191522 2699999999999999
 26 24 22 21 21 21 22 24 26 28 29 30 30 29 27 26 25 24 24 24 25 26 27 2719 627ES1117 302248 2799999999999999 414 211736 2499999999999999
 27 26 25 24 23 23 23 25 27 30 32 33 33 32 30 28 25 23 22 21 22 23 25 2619 628ES1140 33999999999999999999999 441 231854 2199999999999999
 27 27 27 26 26 25 26 27 29 32 35 37 37 37 35 31 28 24 21 19 19 20 22 2419 629ES 049 2712 2 3799999999999999 5 2 251946 1999999999999999
 27 28 29 29 29 28 28 29 31 34 38 40 42 42 40 36 32 27 22 19 17 17 19 2219 630ES 229 291227 4299999999999999 519 282031 1799999999999999
 25 28 30 31 31 31 31 32 34 36 40 43 46 47 46 42 37 31 25 20 16 15 15 1819 7 1ES1256 479999999999999999999992114 15999999999999999999999
 22 26 29 32 33 33 33 34 35 37 41 45 49 51 51 48 44 38 30 23 18 14 13 1419 7 2ES1331 519999999999999999999992158 13999999999999999999999
 18 22 27 31 33 34 35 34 35 37 40 44 49 52 54 53 50 44 37 29 21 16 12 1219 7 3ES1413 549999999999999999999992243 12999999999999999999999
 14 18 23 28 32 34 35 35 35 36 38 42 46 51 54 56 54 50 44 36 27 20 14 1219 7 4ES15 0 569999999999999999999992330 11999999999999999999999
 12 14 19 24 29 32 34 34 34 34 35 38 41 46 51 54 55 53 49 42 34 26 19 1419 7 5ES1552 559999999999999999999999999999999999999999999999999
 12 12 15 20 25 29 32 33 32 32 32 33 36 40 44 49 52 52 51 46 40 32 25 1919 7 6ES 716 331648 5299999999999999 018 12 927 3299999999999999
 15 13 14 17 22 26 29 31 32 31 30 30 31 33 37 41 45 48 48 47 43 37 30 2419 7 7ES 749 321748 4899999999999999 1 6 131036 3099999999999999
 19 16 15 16 20 24 27 30 31 31 30 29 28 29 30 33 37 40 42 43 42 39 34 2919 7 8ES 826 311855 4399999999999999 154 1512 3 2899999999999999
 24 21 18 18 20 23 26 29 31 32 31 30 29 27 27 28 29 32 35 37 38 37 35 3219 7 9ES 9 5 322013 3899999999999999 239 181354 2799999999999999
 29 25 23 21 22 23 26 29 32 33 34 33 31 29 27 26 25 26 27 29 31 33 33 3219 710ES 946 342149 3399999999999999 319 211551 2599999999999999
 31 29 26 25 25 25 27 30 33 35 36 36 35 33 30 27 25 23 23 24 25 27 29 3019 711ES1026 372348 3199999999999999 350 251746 2399999999999999
 31 30 29 28 28 28 29 32 35 37 40 40 40 38 35 31 27 24 21 20 21 22 25 2719 712ES11 4 40999999999999999999999 4 6 281910 2099999999999999
 29 30 31 30 30 31 32 34 36 39 42 44 44 43 40 36 31 27 23 20 18 19 21 2419 713ES1142 449999999999999999999992010 18999999999999999999999
 27 30 31 32 32 33 33 35 37 41 44 47 48 48 46 42 37 31 26 21 18 18 19 2119 714ES1219 489999999999999999999992057 18999999999999999999999
 25 29 31 33 34 34 35 36 38 41 44 48 51 51 50 47 43 37 31 25 20 18 17 1919 715ES1257 519999999999999999999992139 17999999999999999999999
 23 27 31 33 35 36 36 36 38 40 44 47 51 53 53 51 48 42 36 29 23 19 17 1819 716ES1337 539999999999999999999992217 17999999999999999999999
 21 25 29 33 35 36 37 36 37 39 42 45 49 52 54 53 51 46 40 34 27 22 18 1719 717ES1417 549999999999999999999992255 17999999999999999999999
 19 22 27 31 34 36 37 37 36 37 39 42 46 50 52 53 52 49 44 37 31 25 20 1819 718ES1457 539999999999999999999992331 18999999999999999999999
 18 20 24 28 32 35 36 36 36 35 36 39 42 45 49 51 51 49 46 40 34 28 23 1919 719ES 627 361536 5199999999999999 839 35999999999999999999999
 18 19 22 26 30 33 35 35 35 34 34 35 38 41 44 47 49 48 46 41 36 30 25 2119 720ES 652 351614 4999999999999999 0 6 18 925 3499999999999999
 19 19 20 24 27 30 33 34 34 33 32 33 34 36 39 42 44 45 44 41 37 32 27 2319 721ES 718 341652 4599999999999999 039 191012 3299999999999999
 20 19 20 22 25 28 31 32 33 32 31 31 31 32 34 37 40 41 41 40 37 33 29 2519 722ES 746 331730 4199999999999999 1 9 1911 8 3199999999999999
 22 20 20 22 24 27 30 32 33 32 31 30 30 30 31 33 35 37 37 37 35 33 30 2619 723ES 816 331811 3799999999999999 136 201222 3099999999999999
 24 22 21 22 24 27 29 32 33 33 33 31 30 29 29 29 31 32 33 34 33 32 30 2819 724ES 849 3319 3 3499999999999999 159 211355 2999999999999999
 26 24 23 24 25 27 30 32 34 35 35 34 32 30 29 28 28 29 29 30 31 31 30 2919 725ES 922 352027 3199999999999999 216 231538 2899999999999999
 28 26 26 26 27 29 31 34 36 38 38 37 36 33 31 28 27 26 26 27 28 29 29 3019 726ES 954 382256 3099999999999999 226 261724 2699999999999999
 29 29 29 29 29 31 33 36 38 41 42 42 40 37 34 31 27 25 24 24 24 26 27 2919 727ES1024 42999999999999999999999 216 291839 2399999999999999
 30 31 31 32 32 33 35 38 41 43 45 46 45 42 39 34 30 26 23 21 21 22 25 2719 728ES1055 469999999999999999999991932 21999999999999999999999
 30 32 33 34 35 36 37 39 42 46 48 50 50 48 44 39 34 28 24 20 19 19 21 2419 729ES1130 509999999999999999999992018 19999999999999999999999
 28 31 33 35 36 37 38 40 43 46 50 52 54 53 50 46 39 33 26 21 18 16 17 2019 730ES1212 5499999999999999999999921 2 16999999999999999999999
 24 29 32 35 37 38 39 40 42 45 49 53 55 57 55 52 46 39 31 24 19 15 15 1719 731ES13 0 579999999999999999999992146 15999999999999999999999
 20 25 30 34 36 38 38 39 40 42 45 50 54 57 58 56 52 46 38 30 22 17 14 1419 8 1ES1354 589999999999999999999992232 14999999999999999999999
 17 21 26 31 35 37 37 37 37 38 41 44 49 53 56 57 56 51 45 36 28 21 16 1419 8 2ES1452 589999999999999999999992317 14999999999999999999999
 14 18 23 28 32 35 36 36 35 35 36 38 41 46 51 54 55 54 49 43 34 27 20 1619 8 3ES 612 361553 5599999999999999 850 35999999999999999999999
 15 16 20 25 30 34 36 36 34 33 32 32 34 38 43 47 51 52 50 46 40 32 26 2019 8 4ES 634 361655 5299999999999999 0 0 1510 7 3299999999999999
 17 17 19 23 28 32 35 36 35 33 31 30 30 31 34 38 43 46 47 46 42 37 31 2619 8 5ES 7 1 361759 4799999999999999 041 171132 2999999999999999
 22 20 20 23 27 32 35 37 37 35 32 30 28 27 28 31 34 38 40 41 40 38 34 3019 8 6ES 732 3719 7 4199999999999999 118 2013 1 2799999999999999
 26 24 23 25 28 32 35 38 39 38 36 33 30 27 26 26 27 30 32 35 36 36 34 3219 8 7ES 8 6 392025 3699999999999999 148 231430 2699999999999999
 30 28 27 28 30 33 36 39 41 41 40 38 34 31 27 25 24 25 26 28 30 32 32 3219 8 8ES 844 422212 3299999999999999 2 6 271610 2499999999999999
 31 30 30 30 32 34 37 40 43 44 44 43 40 36 32 28 25 23 23 23 25 27 29 3019 8 9ES 926 44999999999999999999999 2 5 301754 2399999999999999
 31 32 32 33 34 36 38 41 44 46 47 47 45 42 37 33 28 25 22 21 21 23 26 2819 810ES1012 479999999999999999999991912 21999999999999999999999
 30 32 33 34 35 37 39 42 44 47 49 50 49 47 43 38 33 28 24 21 20 21 23 2619 811ES11 0 5099999999999999999999920 7 20999999999999999999999
 29 32 34 35 36 37 39 41 44 47 49 51 52 51 48 44 38 33 27 23 20 20 21 2419 812ES1147 529999999999999999999992051 20999999999999999999999
 28 31 34 36 37 38 39 40 42 45 48 51 53 53 51 48 43 37 31 26 22 20 20 2219 813ES1234 539999999999999999999992129 20999999999999999999999
 26 30 33 36 38 38 38 39 40 43 46 49 51 53 52 50 47 41 35 29 24 21 20 2119 814ES1320 5399999999999999999999922 4 20999999999999999999999
 24 28 32 35 37 38 38 38 38 40 42 45 48 51 52 51 49 44 39 32 27 22 20 2019 815ES14 4 529999999999999999999992237 19999999999999999999999
 22 25 30 34 36 38 38 37 36 37 39 41 44 48 50 50 49 46 41 35 29 24 21 1919 816ES 530 381446 5099999999999999 8 3 3623 8 1999999999999999
 20 23 27 31 35 36 37 36 35 34 35 37 40 43 46 48 48 46 42 37 31 26 22 2019 817ES 546 371527 4899999999999999 856 342336 2099999999999999
 20 22 25 29 33 35 36 35 34 33 32 33 35 38 42 44 45 45 42 38 33 28 24 2119 818ES 6 4 3616 8 4599999999999999 949 32999999999999999999999
 20 21 24 28 31 34 35 35 34 32 31 30 31 33 37 40 42 42 41 38 34 30 26 2319 819ES 624 351649 4299999999999999 0 1 201045 3099999999999999
 21 21 23 27 30 33 35 36 34 32 30 29 29 30 32 35 37 39 39 38 35 31 27 2519 820ES 646 361732 3999999999999999 023 211147 2999999999999999
 23 23 24 27 30 33 36 37 36 34 32 30 28 28 29 31 33 35 36 36 34 32 29 2719 821ES 710 371820 3699999999999999 041 221254 2899999999999999
 25 25 25 28 31 34 36 38 38 37 34 32 29 28 27 27 29 31 32 33 33 32 30 2919 822ES 737 381922 3399999999999999 053 2514 5 2799999999999999
 27 27 28 29 32 35 38 40 40 40 38 35 32 29 27 26 26 27 29 30 31 31 31 3019 823ES 8 4 4021 2 3199999999999999 053 271523 2699999999999999
 30 30 30 32 34 37 39 42 43 43 42 39 36 32 29 26 25 25 25 26 28 29 30 3119 824ES 833 43999999999999999999999 029 301650 2599999999999999
 31 32 33 34 36 38 41 43 45 46 46 44 40 36 32 28 25 23 22 23 24 26 28 3019 825ES 9 7 4699999999999999999999918 8 22999999999999999999999
 32 33 34 36 37 40 42 45 47 49 49 48 45 41 37 32 27 24 21 20 21 23 25 2819 826ES 949 4999999999999999999999919 7 20999999999999999999999
 31 33 35 37 38 40 42 44 47 49 51 51 50 47 42 37 31 26 22 19 18 19 21 2519 827ES1042 519999999999999999999991958 18999999999999999999999
 29 32 35 37 38 39 41 43 45 48 51 53 53 52 48 43 37 30 24 19 17 16 18 2119 828ES1143 539999999999999999999992044 16999999999999999999999
 26 30 33 36 37 38 39 40 42 44 48 51 53 54 52 49 43 36 29 22 18 15 15 1819 829ES1248 549999999999999999999992129 15999999999999999999999
 22 27 31 34 36 37 37 37 37 39 42 46 50 53 54 52 48 42 35 27 21 17 15 1619 830ES1354 549999999999999999999992212 15999999999999999999999
 19 24 29 33 35 36 36 34 33 34 35 39 43 48 51 52 51 47 41 34 26 20 17 1619 831ES 5 2 3615 0 5299999999999999 816 332253 1699999999999999
 18 22 27 32 35 36 36 34 31 30 30 31 35 39 45 48 50 49 45 39 32 26 21 1819 9 1ES 516 3716 6 5099999999999999 934 302329 1899999999999999
 18 21 26 31 35 37 37 35 32 29 27 26 27 31 36 41 44 46 45 42 37 31 26 2219 9 2ES 537 381711 46999999999999991051 26999999999999999999999
 21 22 26 31 35 38 39 38 35 31 27 25 23 24 28 32 37 40 41 41 38 34 30 2719 9 3ES 6 2 391815 4299999999999999 0 1 2112 4 2399999999999999
 25 25 27 31 36 39 41 41 39 35 31 27 23 22 22 25 29 32 35 37 37 35 32 3019 9 4ES 631 421923 3799999999999999 025 251316 2299999999999999
 28 28 30 33 37 40 43 44 43 40 36 31 27 24 22 22 23 26 29 31 33 33 33 3219 9 5ES 7 2 442048 3399999999999999 038 281431 2199999999999999
 31 31 32 34 38 41 44 46 46 45 41 37 32 28 24 22 21 22 24 26 28 30 31 3219 9 6ES 739 46999999999999999999999 030 311559 2199999999999999
 32 33 34 35 38 41 44 46 48 47 46 42 38 34 29 25 23 21 21 22 24 26 29 3119 9 7ES 822 489999999999999999999991735 21999999999999999999999
 32 33 35 36 38 41 43 46 47 48 48 46 43 39 35 30 26 23 21 20 21 23 26 2919 9 8ES 915 489999999999999999999991851 20999999999999999999999
 32 34 35 36 38 40 42 44 46 47 48 48 46 44 40 35 31 26 23 21 20 21 24 2719 9 9ES1017 489999999999999999999991946 20999999999999999999999
 30 33 35 37 37 38 40 41 43 45 47 48 48 46 43 40 35 30 25 22 20 20 22 2519 910ES1122 489999999999999999999992030 20999999999999999999999
 29 32 35 36 37 37 38 39 40 42 44 46 47 47 45 42 38 33 28 24 21 20 21 2319 911ES1222 4799999999999999999999921 6 20999999999999999999999
 27 31 34 36 37 36 36 36 37 38 40 43 45 46 46 44 41 36 31 26 22 20 20 2219 912ES1315 469999999999999999999992139 20999999999999999999999
 25 29 32 35 36 36 35 34 34 35 36 39 42 44 45 44 42 38 33 28 24 21 20 2119 913ES 423 3614 3 4599999999999999 741 3422 7 2099999999999999
 23 27 31 34 35 35 34 32 31 31 32 34 38 41 43 43 42 39 35 30 26 22 20 2019 914ES 432 351448 4399999999999999 835 312231 2099999999999999
 22 26 30 33 35 35 34 32 30 29 29 30 33 36 39 41 41 40 36 32 27 24 21 2119 915ES 445 351532 4199999999999999 925 282252 2199999999999999
 22 25 29 32 34 35 34 32 29 27 26 27 28 32 35 38 39 39 37 33 29 25 23 2219 916ES 5 0 351617 40999999999999991015 262311 2299999999999999
 22 25 28 32 35 36 36 34 30 27 25 24 25 27 31 34 37 38 37 34 31 27 25 2319 917ES 518 3617 3 389999999999999911 6 242327 2399999999999999
 23 25 29 32 35 37 37 36 33 29 26 24 23 24 26 30 33 35 35 35 32 29 27 2619 918ES 537 381753 35999999999999991157 232336 2599999999999999
 25 27 30 33 37 39 39 38 36 32 28 25 23 22 23 26 29 32 33 33 33 31 29 2819 919ES 556 391849 33999999999999991250 222335 2899999999999999
 28 29 31 34 38 40 41 41 39 35 31 27 24 22 22 23 25 28 30 31 32 31 30 3019 920ES 616 4120 1 32999999999999991346 222317 3099999999999999
 30 31 33 36 39 41 43 43 42 39 35 31 27 24 22 21 22 24 26 28 30 31 31 3119 921ES 639 439999999999999999999991448 21999999999999999999999
 32 33 34 37 39 42 44 45 44 43 39 35 31 27 23 21 21 21 23 25 27 28 30 3119 922ES 7 8 4599999999999999999999916 1 21999999999999999999999
 32 34 35 37 40 42 44 46 46 45 43 39 35 31 26 23 21 20 20 21 23 25 28 3019 923ES 748 469999999999999999999991720 20999999999999999999999
 32 34 35 37 39 41 43 45 46 47 46 43 40 36 31 26 22 20 18 18 19 22 25 2819 924ES 848 479999999999999999999991831 18999999999999999999999
 31 33 35 36 37 39 40 42 44 46 46 46 44 41 36 31 26 22 18 17 17 18 21 2519 925ES1011 469999999999999999999991929 17999999999999999999999
 29 31 33 35 35 36 37 38 40 42 44 46 46 45 41 37 31 26 21 17 16 16 18 2219 926ES1138 469999999999999999999992019 16999999999999999999999
 26 30 32 34 34 34 33 33 34 36 39 43 45 46 45 42 37 31 25 20 17 16 17 2019 927ES 346 341257 4699999999999999 618 3321 2 1699999999999999
 24 29 32 34 34 33 31 29 29 30 32 36 40 44 45 45 42 37 31 25 20 17 17 1919 928ES 339 341411 4599999999999999 748 292140 1799999999999999
 23 28 32 34 35 34 31 28 25 24 25 28 33 38 42 44 43 41 36 30 25 21 19 2019 929ES 349 351521 4499999999999999 9 0 242213 1999999999999999
 23 28 32 36 37 36 33 29 25 22 20 21 25 30 35 39 42 41 39 34 29 25 23 2319 930ES 4 7 371627 429999999999999910 5 202240 2299999999999999
 25 29 33 37 39 39 37 32 27 22 19 17 18 22 27 33 37 39 39 37 33 29 27 261910 1ES 429 401731 399999999999999911 6 172259 2699999999999999
 27 30 34 39 42 43 41 37 32 26 21 17 16 17 20 25 30 34 36 36 34 32 30 291910 2ES 454 431834 369999999999999912 6 1623 8 2999999999999999
 29 32 35 40 43 45 45 42 38 32 26 20 17 15 16 20 24 28 31 33 33 33 31 311910 3ES 523 451944 339999999999999913 6 1523 4 3199999999999999
 31 33 36 40 44 46 47 46 43 38 32 26 21 18 16 17 19 23 26 29 31 32 32 321910 4ES 554 4799999999999999999999914 9 16999999999999999999999
 33 34 36 40 43 46 47 47 45 42 37 32 27 23 19 18 18 19 22 25 27 29 31 321910 5ES 629 479999999999999999999991523 18999999999999999999999
 33 34 36 39 41 44 46 46 46 44 41 37 33 28 24 21 19 19 20 22 24 27 29 311910 6ES 710 469999999999999999999991648 19999999999999999999999
 33 34 36 37 39 41 43 44 44 44 42 40 37 33 29 25 22 20 19 20 22 24 27 301910 7ES 8 1 4499999999999999999999918 7 19999999999999999999999
 32 34 35 36 37 38 39 40 41 42 41 40 39 36 33 29 26 22 20 19 20 22 25 281910 8ES 918 4299999999999999999999919 8 19999999999999999999999
 31 33 34 35 35 35 36 36 37 38 39 39 39 37 35 32 29 25 22 20 19 20 23 261910 9ES1055 399999999999999999999991954 19999999999999999999999
 29 31 33 34 33 33 33 33 33 34 36 37 38 37 36 34 31 27 24 21 20 20 21 24191010ES 311 341217 3899999999999999 625 322029 1999999999999999
 28 30 32 33 32 31 30 29 29 30 32 34 35 36 36 35 32 29 26 22 20 20 20 23191011ES 3 6 331320 3699999999999999 731 292056 2099999999999999
 26 29 32 32 32 31 29 27 26 26 28 30 33 35 36 35 34 31 27 24 21 20 20 22191012ES 310 331413 3699999999999999 817 262117 2099999999999999
 26 29 32 33 32 31 28 25 24 23 24 26 29 32 34 35 34 32 29 26 23 21 21 23191013ES 319 3315 1 3599999999999999 857 232135 2199999999999999
 26 29 32 34 34 32 29 25 22 21 20 22 25 29 32 34 34 33 31 28 25 23 22 23191014ES 331 341549 3499999999999999 938 202150 2299999999999999
 26 30 33 35 36 34 31 27 23 20 18 19 21 25 29 32 34 34 32 30 27 25 24 25191015ES 346 361636 34999999999999991020 1822 4 2499999999999999
 27 31 34 37 38 37 34 30 25 21 18 16 17 21 25 29 32 33 33 31 29 27 26 27191016ES 4 3 381726 339999999999999911 3 162212 2699999999999999
 28 32 36 39 40 40 38 34 28 23 19 16 16 17 21 25 29 31 33 32 31 29 28 29191017ES 421 401818 33999999999999991146 152214 2899999999999999
 30 33 36 40 42 42 41 37 32 26 21 17 15 15 18 21 25 28 31 32 31 31 30 30191018ES 441 431917 32999999999999991231 152210 3099999999999999
 32 34 37 41 43 44 43 41 36 31 25 20 17 15 16 18 21 25 28 30 31 31 31 31191019ES 5 4 449999999999999999999991318 15999999999999999999999
 32 34 37 40 43 45 45 43 40 35 29 24 20 17 15 16 18 21 24 27 29 30 30 31191020ES 531 459999999999999999999991411 15999999999999999999999
 32 34 36 39 42 44 45 44 42 38 33 28 24 20 17 16 16 18 20 23 25 27 29 30191021ES 6 6 459999999999999999999991514 16999999999999999999999
 32 33 35 37 39 41 43 43 42 40 37 33 28 24 20 17 16 16 17 19 22 24 27 29191022ES 654 439999999999999999999991630 16999999999999999999999
 30 32 33 34 36 37 39 40 41 40 39 36 33 29 24 21 18 16 16 17 19 21 24 27191023ES 812 419999999999999999999991747 16999999999999999999999
 29 31 31 32 32 33 34 35 36 38 38 38 36 33 29 25 21 18 16 16 17 19 22 25191024ES10 8 389999999999999999999991851 16999999999999999999999
 28 30 31 30 30 29 29 29 30 32 35 36 37 36 34 30 26 22 19 17 16 18 21 24191025ES 215 311155 3799999999999999 552 291940 1699999999999999
 28 30 31 30 29 27 25 24 24 26 29 32 35 36 36 34 31 27 22 19 18 18 21 24191026ES 2 8 311323 3799999999999999 720 242018 1899999999999999
 28 31 33 32 30 27 23 21 19 19 21 25 30 34 36 36 34 31 27 23 21 21 22 25191027ES 217 331439 3699999999999999 823 192047 2199999999999999
 29 33 35 35 33 30 25 20 17 15 15 18 23 28 32 35 36 34 31 28 25 24 24 27191028ES 234 361547 3699999999999999 919 1521 9 2499999999999999
 31 35 38 39 38 34 29 23 17 13 12 12 16 21 27 31 34 35 34 31 28 27 27 29191029ES 256 391650 35999999999999991011 122124 2799999999999999
 33 37 41 43 43 40 35 28 21 15 11 10 11 15 21 26 30 33 34 33 31 29 29 31191030ES 322 431750 349999999999999911 3 102135 2999999999999999
 34 38 42 45 46 45 41 34 27 20 14 11  9 11 15 21 26 30 32 33 32 31 31 32191031ES 352 461852 33999999999999991153  92141 3199999999999999
 34 38 42 46 48 48 45 40 33 26 20 14 11 11 12 16 21 25 29 31 32 32 32 321911 1ES 423 489999999999999999999991245 10999999999999999999999
 34 37 41 44 47 48 47 43 38 32 26 20 15 13 12 14 17 21 25 28 30 31 31 321911 2ES 456 489999999999999999999991338 12999999999999999999999
 34 36 39 42 44 46 46 44 41 36 31 25 20 17 15 15 16 19 22 25 27 29 31 321911 3ES 529 469999999999999999999991436 14999999999999999999999
 33 34 36 38 41 42 43 42 40 37 33 29 25 21 18 17 16 17 19 22 25 27 29 301911 4ES 6 3 439999999999999999999991543 16999999999999999999999
 31 33 34 35 36 38 38 39 38 36 34 31 28 25 22 20 18 18 18 20 22 24 27 291911 5ES 637 399999999999999999999991659 18999999999999999999999
 30 31 32 32 33 33 34 34 34 34 33 31 29 27 25 22 20 19 18 18 20 22 25 271911 6ES 726 3499999999999999999999918 6 18999999999999999999999
 29 30 30 30 30 29 29 29 30 30 30 30 29 28 26 24 22 20 19 18 19 21 23 261911 7ES 2 5 3010 4 3099999999999999 611 291854 1899999999999999
 28 29 29 29 28 27 26 25 25 26 27 28 28 28 27 26 24 21 20 19 19 20 22 251911 8ES 147 291210 2899999999999999 718 251925 1999999999999999
 28 29 29 28 27 25 23 22 21 22 24 25 27 28 28 27 25 23 21 20 19 20 22 251911 9ES 145 291326 2899999999999999 750 211945 1999999999999999
 28 30 30 29 27 25 22 19 18 18 20 22 25 27 28 28 26 25 23 21 20 21 23 26191110ES 151 301425 2899999999999999 822 1820 1 2099999999999999
 29 31 32 32 29 26 22 18 16 15 16 19 22 25 27 28 28 27 25 23 22 23 24 27191111ES 2 3 321517 2899999999999999 857 152015 2299999999999999
 31 33 35 35 32 29 24 19 15 13 13 15 19 23 26 28 29 29 27 25 24 24 26 29191112ES 219 3516 7 2999999999999999 933 132029 2499999999999999
 32 36 38 38 36 32 27 21 16 13 11 12 15 19 24 27 29 30 29 28 27 26 28 30191113ES 238 381656 30999999999999991010 112040 2699999999999999
 34 37 40 41 40 37 32 25 19 14 11 10 12 16 20 25 28 30 31 30 29 28 29 31191114ES 259 411746 31999999999999991049 102050 2899999999999999
 34 38 42 44 43 41 36 30 23 16 12  9  9 12 17 21 26 29 30 31 30 30 30 32191115ES 322 441838 31999999999999991129  921 0 3099999999999999
 35 38 42 45 46 44 40 34 27 20 15 11  9 10 13 17 22 26 29 30 30 30 30 32191116ES 350 469999999999999999999991210  9999999999999999999999
 34 37 41 44 46 45 43 38 32 25 19 13 10  9 11 14 18 22 25 28 29 29 30 30191117ES 422 469999999999999999999991255  9999999999999999999999
 32 35 38 41 44 45 44 41 36 30 23 18 13 11 10 12 15 18 22 25 27 28 28 29191118ES 459 459999999999999999999991346 10999999999999999999999
 30 32 34 37 40 42 42 41 38 33 28 22 17 14 12 11 12 15 18 21 24 26 27 27191119ES 544 429999999999999999999991444 11999999999999999999999
 28 29 31 32 34 36 38 38 37 35 31 27 22 18 15 13 12 13 15 18 21 23 25 26191120ES 644 389999999999999999999991550 12999999999999999999999
 27 27 28 28 29 30 32 33 33 33 32 30 26 23 19 16 14 14 14 16 19 22 24 26191121ES 819 3399999999999999999999917 0 14999999999999999999999
 27 27 26 25 25 25 25 26 28 29 30 30 29 27 24 21 18 16 15 16 18 21 24 26191122ES 030 271029 3099999999999999 442 251759 1599999999999999
 27 28 27 25 23 21 20 20 21 23 25 28 29 29 27 25 22 19 18 18 19 21 25 28191123ES 035 281222 2999999999999999 634 201842 1899999999999999
 30 30 29 27 23 20 17 15 15 16 19 23 26 28 29 28 26 23 21 20 21 23 26 30191124ES 050 301353 2999999999999999 739 151911 2099999999999999
 32 34 33 31 27 22 17 13 11 11 13 17 22 25 28 29 29 27 25 24 24 25 28 32191125ES 110 3415 8 2999999999999999 832 111930 2399999999999999
 35 38 38 36 32 26 20 14 10  8  8 11 16 21 25 28 30 29 28 26 26 27 30 34191126ES 134 381613 3099999999999999 921  81945 2699999999999999
 38 41 42 41 38 32 25 18 12  8  6  7 11 16 22 26 29 30 30 29 28 29 31 34191127ES 2 3 421712 309999999999999910 8  620 2 2899999999999999
 39 43 45 46 43 39 32 24 17 11  7  6  7 12 17 23 27 30 30 30 29 30 31 34191128ES 236 4618 6 30999999999999991053  62022 2999999999999999
 38 42 46 48 47 43 38 31 23 15 10  7  6  9 13 19 24 27 30 30 30 30 31 33191129ES 310 489999999999999999999991138  6999999999999999999999
 36 40 44 47 48 46 42 36 28 21 15 10  8  8 11 15 20 24 28 29 30 30 30 31191130ES 346 489999999999999999999991222  8999999999999999999999
 34 37 41 44 46 45 43 39 33 26 20 14 11  9 10 13 17 21 25 27 28 29 29 301912 1ES 422 4699999999999999999999913 8  9999999999999999999999
 31 34 36 39 42 42 41 39 34 29 24 19 15 12 11 12 15 18 21 24 26 27 28 281912 2ES 457 429999999999999999999991354 11999999999999999999999
 29 30 32 34 36 38 38 36 34 30 26 22 18 15 13 13 14 16 19 21 24 25 26 271912 3ES 529 389999999999999999999991443 13999999999999999999999
 27 28 28 30 31 32 33 32 31 29 26 23 20 18 16 15 14 15 17 19 21 23 24 251912 4ES 6 0 339999999999999999999991535 14999999999999999999999
 26 26 26 26 27 27 28 28 27 26 25 23 21 19 17 16 15 15 16 18 20 22 23 241912 5ES 633 289999999999999999999991627 15999999999999999999999
 25 25 24 24 23 23 23 23 23 23 23 22 21 20 19 17 17 16 16 17 19 21 23 251912 6ES 015 259999999999999999999991711 16999999999999999999999
 25 25 24 23 21 20 19 19 19 20 21 21 21 21 20 19 18 17 17 18 19 21 24 261912 7ES 015 251141 2199999999999999 7 1 191742 1799999999999999
 27 27 25 23 21 19 17 16 16 16 18 19 21 21 21 21 20 19 18 19 20 22 25 281912 8ES 025 271326 2199999999999999 735 1518 6 1899999999999999
 29 29 28 26 22 19 16 13 13 13 15 17 19 21 22 22 22 21 20 21 22 24 27 301912 9ES 041 291438 2299999999999999 8 8 121826 2099999999999999
 32 33 32 29 26 21 16 13 10 10 11 14 18 21 23 24 24 24 23 23 24 25 28 32191210ES 1 0 331537 2499999999999999 843 101844 2399999999999999
 35 36 36 34 30 24 19 14 10  8  8 11 15 19 22 25 26 26 25 25 25 27 30 33191211ES 122 371630 2699999999999999 918  819 2 2599999999999999
 37 40 40 39 35 29 23 16 11  7  6  8 11 16 20 24 26 27 27 27 27 28 31 34191212ES 146 40999999999999999999999 955  6999999999999999999999
 38 42 43 43 40 34 28 20 13  8  5  5  8 12 17 22 25 27 28 28 28 28 30 33191213ES 215 439999999999999999999991034  5999999999999999999999
 37 42 44 45 44 39 33 25 17 11  6  4  5  8 13 18 23 26 28 28 27 28 29 32191214ES 249 459999999999999999999991114  4999999999999999999999
 35 39 43 46 45 43 38 31 23 15  9  5  4  6  9 14 19 23 26 27 27 26 27 29191215ES 328 469999999999999999999991157  4999999999999999999999
 32 35 39 43 44 44 41 35 28 20 13  8  5  5  7 11 15 19 23 24 25 25 25 26191216ES 412 459999999999999999999991243  5999999999999999999999
 28 30 34 37 40 41 40 37 32 25 19 13  8  6  6  8 12 16 19 22 23 23 23 23191217ES 5 2 419999999999999999999991333  6999999999999999999999
 24 25 28 31 34 36 37 36 33 29 23 18 13 10  8  8 10 13 16 19 21 22 22 22191218ES 559 372136 22999999999999991425  8999999999999999999999
 22 22 23 24 27 29 31 32 31 29 26 22 18 14 11 10 10 12 14 17 20 22 22 22191219ES 711 322216 2299999999999999 010 221520 1099999999999999
 21 21 20 20 20 22 23 25 26 27 26 24 21 18 15 13 12 13 14 17 20 22 23 24191220ES 850 272250 2499999999999999 239 201612 1299999999999999
 23 22 20 18 17 16 17 18 20 22 23 24 23 21 19 17 16 15 16 18 20 23 25 26191221ES1053 242321 2799999999999999 5 1 161656 1599999999999999
 26 25 22 19 16 14 12 12 14 16 18 21 22 23 22 21 19 18 19 20 22 25 28 30191222ES1249 232351 3099999999999999 636 121726 1899999999999999
 30 29 27 23 19 14 11  9  9 10 13 17 20 22 23 23 22 21 21 22 24 27 30 33191223ES1426 23999999999999999999999 741  91746 2199999999999999
 35 34 32 28 23 18 13  9  6  6  8 12 16 20 23 24 24 24 23 24 25 28 32 35191224ES 023 351544 2499999999999999 833  618 5 2399999999999999
 38 39 38 34 29 23 17 11  7  5  5  8 12 17 21 24 25 26 25 25 26 29 32 36191225ES 057 39999999999999999999999 919  5999999999999999999999
 40 42 42 40 36 29 22 15  9  5  4  5  9 14 19 23 25 27 27 26 27 28 31 35191226ES 133 4299999999999999999999910 2  4999999999999999999999
 39 43 44 44 40 35 28 21 14  8  5  4  6 11 16 21 24 26 27 27 26 27 29 33191227ES 213 449999999999999999999991043  4999999999999999999999
 37 41 44 45 43 39 33 26 19 12  7  5  5  8 13 18 22 25 27 27 26 26 27 29191228ES 253 451831 27999999999999991124  52039 2699999999999999
 33 37 41 43 43 41 36 30 23 17 11  7  6  7 10 15 19 23 25 26 25 25 25 26191229ES 334 4319 4 269999999999999912 5  62123 2599999999999999
 29 32 36 39 40 40 37 32 27 20 15 10  8  7  9 12 16 20 22 24 24 23 23 23191230ES 413 401937 24999999999999991244  722 6 2399999999999999
 25 27 31 34 36 36 35 32 28 23 18 13 10  8  8 10 13 16 19 21 22 22 21 21191231ES 451 362016 22999999999999991325  82244 2199999999999999
