 19 15 12  9  9 10 12 15 17 18 17 16 14 13 13 14 16 19 23 27 30 32 31 2819 1 1HA 9 5 1821 9 3299999999999999 351  91335 1399999999999999
 24 19 14  9  6  5  6  9 12 14 15 15 14 13 12 13 15 18 23 28 32 35 35 3419 1 2HA1010 152144 3699999999999999 458  51347 1299999999999999
 30 24 18 12  7  3  3  4  8 11 13 14 13 12 11 11 13 16 20 26 31 36 38 3819 1 3HA1054 142218 3999999999999999 547  31423 1199999999999999
 35 29 23 15  9  4  1  1  4  8 12 13 13 12 10  9 10 13 17 23 29 35 39 4019 1 4HA1126 132253 4199999999999999 627  115 7  999999999999999
 39 34 28 20 12  6  1  0  1  5  9 12 13 12 10  9  8 10 13 19 25 32 38 4119 1 5HA1154 132327 4299999999999999 7 3  01550  899999999999999
 41 38 32 25 16  8  3  0 -1  2  7 11 13 13 11  9  7  7 10 15 21 28 35 4019 1 6HA1223 13999999999999999999999 737 -11631  799999999999999
 42 40 36 29 21 12  5  1 -1  0  4  8 12 13 12  9  7  5  6 10 16 23 30 3619 1 7HA 0 1 421253 1399999999999999 811 -117 9  599999999999999
 40 41 38 32 25 17  9  3  0  0  2  6 10 12 12 10  8  5  5  7 12 18 25 3219 1 8HA 035 411323 1299999999999999 845  01745  599999999999999
 37 39 38 34 28 21 13  7  2  1  1  4  8 11 12 11  9  6  5  5  8 14 20 2619 1 9HA 1 7 391354 1299999999999999 919  01820  499999999999999
 32 36 36 34 30 23 16 10  5  3  2  3  6  9 11 11 10  8  6  5  6 10 15 2119 110HA 139 371426 1199999999999999 954  21855  599999999999999
 26 31 33 32 29 25 19 13  8  5  4  4  6  8 11 12 11 10  8  6  6  8 12 1619 111HA 211 3315 4 12999999999999991027  31935  699999999999999
 21 26 29 29 28 24 20 15 10  7  6  5  6  8 10 12 13 12 11  9  8  8 10 1319 112HA 244 291556 13999999999999991058  52024  899999999999999
 16 20 23 25 25 23 20 16 12  9  7  7  7  8 10 12 14 14 14 13 12 10 10 1119 113HA 322 251712 14999999999999991123  72140 1099999999999999
 12 15 17 20 21 20 19 16 13 11  9  8  8  9 10 13 15 17 17 17 16 14 12 1119 114HA 410 211824 17999999999999991139  8999999999999999999999
 11 11 12 14 15 16 16 15 14 12 10  9  9  9 11 13 15 18 20 21 21 19 17 1419 115HA 527 171920 2199999999999999 010 111154  999999999999999
 11  9  8  8  9 11 13 13 13 13 11 10 10 10 11 12 15 18 22 25 26 25 23 1919 116HA 728 1320 8 2699999999999999 222  81225 1099999999999999
 14 10  6  4  4  5  7  9 11 12 12 11 10 10 10 12 14 18 22 27 30 31 30 2619 117HA 924 122054 3199999999999999 349  41310 1099999999999999
 20 13  7  3  0 -1  0  4  7 10 11 12 11 10  9 10 12 15 20 26 32 36 37 3419 118HA1038 122141 3799999999999999 450 -114 2  999999999999999
 28 21 12  4 -1 -5 -5 -3  1  6 10 11 11 10  8  8  9 12 17 23 30 37 41 4119 119HA1126 112229 4299999999999999 543 -61456  899999999999999
 37 30 21 11  2 -5 -8 -9 -5  0  6  9 10 10  8  6  6  7 11 17 25 34 42 4519 120HA12 4 102318 4699999999999999 632 -91550  699999999999999
 45 40 31 20  9 -1 -8-11-10 -5  1  7  9 10  8  6  4  3  6 11 17 26 36 4419 121HA1237 10999999999999999999999 720-111641  399999999999999
 48 46 40 31 19  7 -3 -8-11 -9 -4  3  8  9  9  7  4  1  1  4 10 17 27 3719 122HA 0 8 4813 9  999999999999999 8 7-111731  199999999999999
 45 47 45 39 29 17  5 -3 -7 -9 -6  0  6  9  9  8  6  2  0  0  4  9 16 2619 123HA 058 471340 1099999999999999 853 -91821 -199999999999999
 36 42 43 41 35 25 14  5 -1 -5 -5 -2  4  9 11 10  9  6  2  0  1  4  8 1519 124HA 149 441414 1199999999999999 937 -51912  099999999999999
 24 32 37 37 35 29 21 12  5  1 -1  0  3  8 12 12 12 10  7  3  1  2  4  819 125HA 242 381452 12999999999999991018 -120 8  199999999999999
 13 21 26 30 30 28 23 16 10  6  4  3  5  9 12 14 14 14 12  9  6  5  5  519 126HA 338 301541 15999999999999991052  32128  599999999999999
  7 11 16 20 22 22 20 17 13  9  8  7  8 10 13 15 17 17 17 15 13 10  8  719 127HA 441 2217 1 179999999999999911 7  7999999999999999999999
  6  6  8 11 13 14 15 14 12 10  9  9 10 11 13 16 18 19 20 20 19 17 14 1119 128HA 6 1 151829 2099999999999999 024  61028  999999999999999
  9  6  5  5  6  7  8  9  9  9  9  9 10 11 13 15 18 20 22 23 23 22 20 1719 129HA 745  91943 2499999999999999 231  510 8  999999999999999
 13  9  6  3  2  2  3  5  6  7  7  8  9 10 11 13 16 19 22 25 26 27 25 2219 130HA2043 27999999999999999999999 418  2999999999999999999999
 18 14  8  4  0 -1 -1  1  3  5  6  7  7  8  9 11 13 16 20 24 27 29 29 2719 131HA2131 29999999999999999999999 514 -1999999999999999999999
 23 18 12  6  1 -2 -3 -1  1  4  6  7  7  6  6  8 10 13 17 22 26 30 32 3119 2 1HA2210 32999999999999999999999 551 -3999999999999999999999
 28 23 16  9  3 -1 -4 -3 -1  3  6  7  7  6  5  5  6  9 13 18 24 29 32 3319 2 2HA1119  72246 3399999999999999 621 -41447  599999999999999
 31 27 21 13  6  0 -3 -4 -2  2  6  8  8  7  5  3  3  4  8 13 19 26 31 3419 2 3HA1136  82319 3499999999999999 649 -41545  399999999999999
 33 30 25 17  9  2 -2 -5 -4 -1  4  8  9  8  6  3  1  1  4  9 15 21 28 3319 2 4HA1159  92352 3499999999999999 716 -51632  199999999999999
 34 32 28 21 13  5 -1 -4 -4 -2  2  7 10 10  8  4  1 -1  0  4 10 16 24 3019 2 5HA1225 10999999999999999999999 743 -51713 -199999999999999
 33 33 30 24 17  9  2 -2 -4 -3  1  6 10 11  9  6  3 -1 -2  0  5 11 18 2519 2 6HA 023 341251 1199999999999999 8 9 -41752 -299999999999999
 30 32 30 26 20 12  5  0 -2 -2  0  4  9 11 11  8  5  1 -2 -2  2  7 13 2019 2 7HA 053 321318 1199999999999999 833 -31830 -299999999999999
 26 29 29 26 21 15  8  3  0 -1  0  4  8 11 12 11  8  4  0 -1  0  3  8 1419 2 8HA 122 301345 1299999999999999 852 -119 8 -299999999999999
 21 25 26 25 21 16 10  5  2  1  1  4  8 11 13 13 11  8  4  1  0  2  5  919 2 9HA 151 261414 1399999999999999 9 2  11949  099999999999999
 15 20 23 22 20 16 12  7  3  2  3  5  7 11 14 15 14 11  8  5  2  2  3  619 210HA 221 231449 1599999999999999 9 1  22037  299999999999999
 10 14 17 19 17 15 12  8  5  4  4  6  8 11 14 16 16 15 13 10  6  4  4  419 211HA 256 191533 1699999999999999 9 4  42145  499999999999999
  6  9 12 14 14 13 11  9  6  5  5  7  9 11 14 16 18 18 17 15 12  8  6  519 212HA 339 141637 1899999999999999 914  5999999999999999999999
  4  5  6  8  9  9  9  8  7  6  6  7  9 11 13 16 19 20 21 20 18 15 11  819 213HA 448  91759 2199999999999999 0 3  4 925  699999999999999
  5  3  2  2  3  5  6  6  6  6  7  7  9 10 12 15 18 21 23 24 24 22 18 1319 214HA1917 25999999999999999999999 217  2999999999999999999999
  8  4  1 -1 -2 -1  1  3  5  6  7  7  8  9 10 12 15 19 23 27 29 29 26 2119 215HA2026 29999999999999999999999 351 -2999999999999999999999
 15  8  2 -2 -5 -6 -5 -2  2  5  6  7  7  7  7  9 11 15 20 26 31 34 34 3019 216HA2127 34999999999999999999999 449 -6999999999999999999999
 24 16  8  0 -6 -9 -9 -7 -2  2  6  7  7  6  5  5  6  9 14 20 28 35 38 3819 217HA1128  72222 3999999999999999 537-101447  599999999999999
 33 26 16  6 -2 -8-11-11 -7 -1  4  7  8  7  4  2  1  3  6 13 21 30 38 4119 218HA1144  82313 4299999999999999 621-121555  199999999999999
 40 35 26 15  4 -4-10-12-10 -4  2  7  9  8  6  2 -1 -3 -1  4 11 21 31 3919 219HA12 5  9999999999999999999999 7 3-121653 -399999999999999
 42 40 34 25 13  3 -5 -9-10 -7  0  7 11 11  9  5  0 -4 -5 -3  2 10 21 3119 220HA 0 2 421230 1199999999999999 741-101746 -599999999999999
 38 40 38 31 22 11  1 -4 -7 -6 -1  6 12 13 12  9  4 -1 -6 -6 -4  1  9 1919 221HA 051 401259 1399999999999999 817 -71839 -699999999999999
 29 34 35 33 27 18  8  1 -2 -3  0  5 12 16 16 14 10  5 -1 -5 -5 -3  1  819 222HA 141 351331 1699999999999999 846 -31934 -699999999999999
 17 25 28 28 26 20 13  6  3  2  3  6 12 17 19 18 15 11  6  0 -3 -3 -2  119 223HA 231 2914 5 1999999999999999 9 1  22040 -399999999999999
  7 14 19 21 21 18 14  9  6  5  6  8 12 17 20 20 19 17 13  8  3  1  0  019 224HA 326 211444 2099999999999999 848  52236  099999999999999
  2  6 10 12 13 13 12  9  7  6  8 10 12 16 19 21 21 20 18 15 11  7  5  319 225HA 429 131531 2299999999999999 839  6999999999999999999999
  2  2  4  5  6  7  7  7  6  6  7 10 12 15 18 21 22 22 22 20 17 14 11  819 226HA 554  71650 2299999999999999 025  2 829  699999999999999
  5  3  1  1  1  2  3  4  4  5  6  9 11 13 16 18 20 22 23 23 22 20 17 1419 227HA1839 23999999999999999999999 251  1999999999999999999999
 10  6  2  0 -1 -1  0  1  2  4  5  7  9 11 13 15 18 20 22 23 24 24 22 1919 228HA20 8 24999999999999999999999 433 -1999999999999999999999
 15 10  5  1 -2 -3 -2 -1  1  3  5  6  7  8 10 12 14 17 20 23 25 26 25 2319 3 1HA2111 26999999999999999999999 5 9 -3999999999999999999999
 19 14  9  3 -1 -3 -3 -2  1  4  5  6  6  6  6  7 10 12 16 20 24 27 28 2619 3 2HA2156 28999999999999999999999 536 -4999999999999999999999
 23 18 12  6  1 -3 -4 -3  0  4  7  7  7  6  4  4  5  8 12 16 21 26 28 2819 3 3HA11 2  72232 2999999999999999 559 -41450  499999999999999
 26 22 16  9  3 -2 -4 -3 -1  4  8  9  9  7  4  2  1  3  7 11 17 23 28 2919 3 4HA1112  923 5 2999999999999999 621 -41548  199999999999999
 28 25 19 13  6  0 -3 -4 -2  3  8 11 11  9  6  2  0 -1  2  6 12 19 25 2919 3 5HA1132 112336 3099999999999999 642 -41634 -199999999999999
 29 27 22 16  9  2 -2 -3 -2  2  7 12 13 11  8  4  0 -3 -2  2  7 14 21 2719 3 6HA1155 13999999999999999999999 7 3 -31716 -399999999999999
 29 28 24 19 12  5  0 -2 -2  1  7 12 15 14 11  7  2 -2 -4 -2  2  8 16 2319 3 7HA 0 5 291219 1599999999999999 721 -21755 -499999999999999
 27 27 25 20 14  8  2  0 -1  2  6 12 16 17 15 11  6  0 -4 -4 -1  4 10 1819 3 8HA 033 271243 1799999999999999 734 -11834 -499999999999999
 23 25 24 21 16 10  4  1  1  3  6 11 16 19 18 15 10  4 -1 -4 -3  0  5 1219 3 9HA 1 2 2513 9 1999999999999999 738  11914 -499999999999999
 18 22 22 20 16 12  6  3  2  4  7 11 16 20 20 18 15  9  3 -1 -3 -1  2  619 310HA 131 221336 2199999999999999 740  21956 -399999999999999
 12 17 19 18 15 12  8  4  4  5  8 11 16 20 22 21 19 15  9  3  0 -1  0  319 311HA 2 3 1914 8 2299999999999999 747  32047 -199999999999999
  7 11 14 15 13 11  9  6  4  6  9 12 15 20 23 23 22 19 15 10  5  2  1  119 312HA 239 151447 2399999999999999 757  422 8  199999999999999
  3  6  9 10 10  9  8  6  5  6  9 12 15 18 22 24 24 23 20 16 11  7  4  219 313HA 323 101539 2499999999999999 8 6  5999999999999999999999
  2  2  3  5  6  6  6  6  6  6  8 11 14 17 20 23 25 25 25 23 19 14 10  619 314HA17 2 25999999999999999999999 017  2999999999999999999999
  3  1  0  0  1  2  3  4  5  6  8 10 12 14 17 20 23 25 27 27 26 22 18 1219 315HA1842 27999999999999999999999 215  0999999999999999999999
  7  3 -1 -3 -3 -2  0  2  4  6  7  9 10 11 13 15 18 22 26 29 31 30 26 2119 316HA20 7 31999999999999999999999 344 -3999999999999999999999
 14  8  2 -3 -6 -6 -4 -1  3  6  8  8  8  8  9 10 12 16 21 27 32 34 33 2919 317HA2115 34999999999999999999999 437 -6999999999999999999999
 23 15  7  0 -5 -7 -7 -3  1  6  9  9  9  7  5  5  6  8 13 20 28 34 37 3619 318HA11 0  92212 3799999999999999 519 -715 2  599999999999999
 31 24 15  6 -1 -6 -7 -5  0  6 10 12 11  9  5  2  0  1  5 11 19 29 36 3919 319HA11 8 1223 3 3999999999999999 556 -716 8  099999999999999
 37 31 23 13  4 -2 -5 -5 -2  5 12 15 15 13  8  3 -2 -4 -2  2  9 19 29 3619 320HA1128 152352 3899999999999999 630 -617 5 -499999999999999
 38 35 29 21 11  3 -1 -3 -1  4 12 18 20 18 14  8  1 -4 -6 -5  0  7 18 2819 321HA1154 20999999999999999999999 658 -318 0 -699999999999999
 33 34 31 26 17  9  3  1  1  5 12 19 23 23 20 15  8  0 -5 -7 -5 -1  7 1719 322HA 040 341225 2499999999999999 717  11857 -799999999999999
 25 29 29 26 21 13  7  4  4  7 12 19 25 27 25 21 16  8  0 -4 -5 -4 -1  719 323HA 130 291257 2799999999999999 723  420 1 -599999999999999
 15 20 22 22 20 15 10  7  7  9 12 18 25 29 29 26 22 16  8  2 -1 -3 -2  119 324HA 221 231332 2999999999999999 724  62121 -399999999999999
  6 12 15 16 16 14 10  8  8 10 13 18 23 28 30 29 27 23 17 10  5  2  0  019 325HA 318 1614 8 3099999999999999 727  72244  099999999999999
  2  5  8 10 10 10  9  7  7 10 13 17 21 26 29 29 28 26 22 17 12  9  6  319 326HA 423 101449 2999999999999999 729  7999999999999999999999
  2  3  4  5  6  6  6  6  7  9 12 16 19 23 26 28 28 27 25 22 19 15 12  919 327HA1542 28999999999999999999999 013  2999999999999999999999
  5  3  2  2  3  3  4  5  6  7 10 14 17 20 22 25 26 26 26 25 23 20 17 1419 328HA1715 26999999999999999999999 242  2999999999999999999999
 10  6  3  2  1  1  3  4  5  7  9 11 14 16 18 21 22 24 25 26 25 24 22 1819 329HA19 6 26999999999999999999999 4 6  1999999999999999999999
 14 10  6  3  1  1  2  4  6  8  9 10 11 13 14 16 18 21 23 25 26 26 25 2219 330HA2032 26999999999999999999999 437  1999999999999999999999
 18 13  8  4  2  1  1  4  7  9 10 11 10 10 10 11 13 16 19 23 25 27 27 2519 331HA2127 27999999999999999999999 459  1999999999999999999999
 22 17 11  6  3  1  1  4  7 11 12 12 11 10  8  8  9 11 15 19 23 27 28 2719 4 1HA1033 1322 7 2899999999999999 519  11449  899999999999999
 24 20 14  9  4  2  1  4  8 12 15 15 14 11  8  5  5  6 10 14 20 25 28 2819 4 2HA1042 152240 2899999999999999 537  11546  599999999999999
 26 23 17 12  6  3  2  4  7 13 17 18 17 14 10  5  3  3  5  9 15 21 26 2819 4 3HA11 1 182312 2899999999999999 554  21633  299999999999999
 28 25 20 14  9  5  3  4  7 13 18 21 21 18 13  8  3  0  1  4 10 16 23 2719 4 4HA1122 212342 2899999999999999 6 9  31716  099999999999999
 28 26 22 17 11  6  4  5  8 13 19 23 24 22 18 12  5  1 -1  1  5 11 18 2419 4 5HA1145 24999999999999999999999 619  41757 -199999999999999
 26 26 23 19 13  8  6  6  8 13 19 25 27 26 23 17 10  3 -1 -1  1  5 12 1919 4 6HA 011 261210 2799999999999999 625  61838 -299999999999999
 24 24 23 20 15 10  7  7  9 13 19 25 29 30 27 23 16  8  2 -1 -1  2  7 1319 4 7HA 042 241237 3099999999999999 631  71922 -299999999999999
 19 22 21 19 16 12  8  8 10 14 18 24 30 32 31 28 22 15  7  1 -1  0  3  719 4 8HA 115 2213 7 3299999999999999 641  82012 -199999999999999
 13 17 18 17 16 13 10  8 10 14 18 23 29 33 34 32 28 22 14  7  3  1  1  319 4 9HA 152 181342 3499999999999999 654  82119  199999999999999
  7 12 14 15 14 12 10  9 10 14 18 22 27 32 34 34 32 28 22 14  8  5  3  219 410HA 235 151423 3599999999999999 7 8  92251  299999999999999
  4  6  9 11 11 11 10  9 10 13 17 21 25 29 32 34 34 32 28 22 16 11  7  419 411HA 344 111519 3499999999999999 713  9999999999999999999999
  3  3  5  6  7  8  9  9 10 12 15 18 22 25 28 32 33 34 33 29 24 19 14  919 412HA1645 34999999999999999999999 024  3999999999999999999999
  5  3  2  2  4  5  7  8 10 11 13 16 18 21 23 26 30 32 34 34 31 27 22 1619 413HA1824 34999999999999999999999 2 3  2999999999999999999999
 10  6  2  1  1  3  5  8 10 12 13 14 15 16 18 20 23 27 32 35 35 34 30 2419 414HA1951 35999999999999999999999 320  1999999999999999999999
 17 11  6  2  0  1  4  8 11 13 15 15 14 13 13 13 16 20 25 31 35 37 35 3119 415HA1031 1521 1 3799999999999999 4 9  01353 1399999999999999
 25 18 11  5  2  1  3  8 12 16 18 17 15 13 10  8  9 11 16 23 30 36 38 3619 416HA1017 182159 3899999999999999 445  11518  899999999999999
 31 24 17 10  5  3  4  8 14 19 22 22 20 16 11  6  4  4  7 13 21 30 35 3719 417HA1030 222251 3799999999999999 515  31621  499999999999999
 35 30 23 15  9  6  6  9 14 21 26 28 26 22 16  9  3  1  1  4 11 20 29 3419 418HA1054 282339 3499999999999999 536  61721  199999999999999
 34 32 27 20 13  9  8 10 15 22 29 33 32 29 23 16  7  1 -1 -1  3 10 19 2719 419HA1123 33999999999999999999999 549  81820 -199999999999999
 30 30 28 23 17 12 11 12 15 21 29 35 37 35 31 24 15  7  1 -1 -1  3 10 1819 420HA 028 311156 3799999999999999 557 111922 -299999999999999
 24 26 26 23 19 14 12 13 16 21 28 35 40 40 37 31 24 15  7  2  0  0  4 1019 421HA 118 261230 4099999999999999 6 8 122025  099999999999999
 17 20 22 21 19 15 13 13 16 21 26 33 39 41 40 37 31 23 15  8  4  2  2  519 422HA 211 2213 6 4199999999999999 621 122128  299999999999999
 11 15 17 17 17 15 13 13 16 20 25 30 36 40 41 39 35 30 23 16 10  7  5  519 423HA 3 6 171343 4199999999999999 633 122234  599999999999999
  7 10 12 13 14 13 12 12 14 18 23 28 33 37 39 39 37 34 28 22 17 13 10  819 424HA 4 6 141422 3999999999999999 640 122348  799999999999999
  7  8  9 11 11 12 12 12 13 16 21 25 29 33 36 37 36 35 32 27 23 19 15 1219 425HA15 9 379999999999999999999999999999999999999999999999999
  9  8  8  9 10 10 11 12 13 15 18 22 25 29 31 33 34 34 33 30 27 23 20 1619 426HA1615 34999999999999999999999 126  8999999999999999999999
 13 10  9  8  9 10 11 12 13 15 17 19 22 24 27 29 31 32 32 31 29 27 24 2019 427HA1746 32999999999999999999999 258  8999999999999999999999
 17 13 10  9  9 10 11 13 15 16 17 18 19 20 22 24 26 28 30 31 31 29 27 2419 428HA1923 31999999999999999999999 338  8999999999999999999999
 20 16 12 10  9 10 12 14 17 18 19 19 18 18 18 19 21 24 26 29 30 31 29 2719 429HA1011 192036 3199999999999999 4 3  913 7 1899999999999999
 23 19 15 11 10 10 12 15 19 21 22 21 19 17 15 15 16 19 22 26 29 31 30 2919 430HA 955 222127 3199999999999999 422 101440 1599999999999999
 25 21 17 13 11 11 13 16 21 24 25 25 22 19 15 13 12 14 17 21 26 29 31 3019 5 1HA10 7 2622 7 3199999999999999 437 111540 1299999999999999
 27 24 19 15 13 12 13 17 22 27 29 29 26 22 17 13 10 10 12 16 22 27 30 3019 5 2HA1025 302242 3199999999999999 451 121630 1099999999999999
 29 26 22 17 14 13 14 17 22 28 33 34 32 27 21 15 10  8  8 11 16 22 28 3019 5 3HA1048 342316 3099999999999999 5 1 131716  799999999999999
 29 27 24 19 16 14 15 18 23 29 35 38 37 33 27 19 12  7  6  7 11 17 23 2819 5 4HA1112 382352 2999999999999999 5 9 1418 2  699999999999999
 29 27 25 21 17 15 15 18 23 29 36 41 41 39 33 26 17 10  6  5  6 11 18 2419 5 5HA1140 42999999999999999999999 519 151849  599999999999999
 27 27 25 23 19 16 16 18 22 28 35 42 45 43 39 33 24 15  8  5  4  6 11 1819 5 6HA 029 271212 4599999999999999 534 151941  499999999999999
 23 25 24 23 20 17 16 18 22 27 33 40 46 47 44 40 32 23 14  8  5  5  7 1219 5 7HA 110 251248 4799999999999999 553 162040  599999999999999
 17 21 22 21 20 18 16 17 21 26 31 38 44 48 48 45 39 32 22 14  9  6  6  819 5 8HA 158 221329 4899999999999999 613 162149  699999999999999
 12 16 18 19 19 18 17 17 19 24 29 34 40 45 48 47 44 39 31 23 16 11  8  719 5 9HA 310 191419 4899999999999999 630 1623 1  799999999999999
  8 11 14 16 16 17 16 16 18 22 26 30 35 40 44 46 46 44 39 32 24 18 13 1019 510HA1523 469999999999999999999999999999999999999999999999999
  8  9 11 13 14 15 16 17 18 20 23 27 30 34 38 42 44 44 43 39 33 26 21 1619 511HA1645 44999999999999999999999 018  8999999999999999999999
 12  9  9 11 12 14 16 18 19 20 22 23 25 28 31 34 38 41 43 42 39 34 28 2219 512HA1812 43999999999999999999999 134  9999999999999999999999
 17 13 11 10 12 14 17 19 21 22 22 22 22 23 24 26 30 34 38 41 41 39 34 2919 513HA1935 41999999999999999999999 238 10999999999999999999999
 23 18 14 12 13 15 18 22 24 26 26 24 22 20 19 20 22 26 31 36 39 40 38 3419 514HA 923 262046 4099999999999999 323 121418 1999999999999999
 29 23 18 15 15 16 19 24 28 31 31 29 26 22 18 16 15 17 22 28 34 38 39 3719 515HA 934 312146 3999999999999999 353 151536 1599999999999999
 33 27 22 19 17 18 21 26 31 36 37 35 32 26 20 15 12 12 14 19 26 32 36 3619 516HA 956 372238 3799999999999999 411 171643 1299999999999999
 34 30 25 21 19 19 22 26 33 39 42 42 39 34 26 19 13 10  9 12 17 25 31 3419 517HA1025 432328 3499999999999999 421 191744  999999999999999
 34 32 28 23 20 20 23 27 33 40 46 48 46 41 35 26 18 12  8  8 11 17 24 2919 518HA1058 48999999999999999999999 433 201841  899999999999999
 31 31 29 25 22 20 22 26 32 39 46 50 51 48 42 34 25 17 11  8  8 11 17 2419 519HA 016 311134 5199999999999999 450 201935  899999999999999
 27 28 28 26 22 20 21 25 30 36 44 50 53 52 48 42 33 24 16 11  9  9 13 1819 520HA 1 3 281210 5399999999999999 512 202028  999999999999999
 23 25 26 25 23 21 21 23 28 34 41 47 52 53 51 47 40 32 23 17 13 11 11 1419 521HA 150 261248 5399999999999999 534 202120 1099999999999999
 19 22 23 23 23 21 20 22 26 31 37 43 49 52 52 49 45 38 30 23 18 15 13 1319 522HA 234 241326 5299999999999999 555 202215 1399999999999999
 16 19 21 22 22 21 20 21 24 29 34 39 44 48 50 49 46 42 35 29 23 19 16 1519 523HA 319 2214 6 5099999999999999 613 202313 1599999999999999
 16 17 19 20 21 21 20 20 22 26 30 35 40 44 47 47 46 43 39 34 28 24 21 1819 524HA 414 211449 4799999999999999 625 20999999999999999999999
 17 17 18 20 20 21 21 21 22 24 28 31 35 39 42 44 44 43 40 37 32 28 25 2219 525HA1539 44999999999999999999999 017 17999999999999999999999
 19 18 18 19 20 21 22 23 23 24 26 29 31 34 37 39 41 41 40 38 35 32 28 2519 526HA1641 41999999999999999999999 122 18999999999999999999999
 22 20 19 19 21 22 24 25 26 26 27 27 28 30 32 34 36 38 38 38 36 34 31 2819 527HA18 0 38999999999999999999999 212 19999999999999999999999
 25 22 20 20 21 23 25 28 29 29 29 28 27 27 28 29 31 34 36 37 36 35 33 3019 528HA 858 291925 3799999999999999 245 201244 2799999999999999
 27 24 22 21 22 24 27 30 32 33 33 31 28 26 25 25 27 29 32 34 36 36 34 3219 529HA 9 5 332034 3699999999999999 3 6 211424 2599999999999999
 29 26 24 22 23 24 28 32 36 38 37 35 32 28 24 22 22 24 27 30 34 35 35 3419 530HA 924 382127 3599999999999999 322 221533 2299999999999999
 31 28 25 24 23 25 29 33 38 42 43 41 37 31 26 22 20 20 22 25 30 33 35 3519 531HA 947 432213 3599999999999999 334 231629 1999999999999999
 33 30 27 25 24 26 29 34 40 45 47 46 43 37 30 23 19 17 17 20 25 30 33 3419 6 1HA1013 472256 3499999999999999 345 241719 1799999999999999
 34 31 29 26 25 26 29 34 40 47 51 52 49 44 37 28 21 16 14 15 19 25 30 3319 6 2HA1043 522340 3399999999999999 4 1 2518 9 1499999999999999
 33 32 30 27 25 25 28 33 39 46 53 56 55 51 44 36 26 18 14 12 14 18 25 3019 6 3HA1117 56999999999999999999999 423 2519 0 1299999999999999
 32 32 30 28 26 25 27 31 37 44 52 58 60 57 52 44 34 24 17 13 12 13 18 2419 6 4HA 026 321156 6099999999999999 449 251955 1299999999999999
 29 30 30 29 26 25 25 29 34 41 48 56 61 61 58 52 44 33 23 17 13 12 14 1919 6 5HA 115 301239 6299999999999999 517 252052 1299999999999999
 24 27 28 28 27 25 24 27 31 37 43 51 58 62 62 58 52 43 33 24 17 14 13 1519 6 6HA 213 281328 6299999999999999 547 242153 1399999999999999
 19 23 26 26 26 25 24 25 28 33 38 44 51 57 60 60 57 51 42 33 25 19 16 1519 6 7HA 325 261424 6199999999999999 617 242254 1599999999999999
 16 20 23 25 26 26 25 25 26 30 34 38 44 50 55 58 58 55 49 42 33 27 22 1819 6 8HA 448 261528 5899999999999999 647 252356 1799999999999999
 17 19 21 24 25 26 27 27 27 28 31 33 37 41 46 51 54 54 52 47 41 34 29 2419 6 9HA1641 549999999999999999999999999999999999999999999999999
 21 20 21 24 26 28 29 30 30 30 30 31 32 34 38 42 46 49 50 49 45 40 35 3019 610HA18 0 50999999999999999999999 055 20999999999999999999999
 26 24 23 24 27 30 32 34 34 34 33 31 31 30 31 33 37 41 44 46 46 43 39 3519 611HA 759 341919 4699999999999999 145 231256 3099999999999999
 31 28 26 26 28 32 35 38 39 39 38 35 32 29 28 27 29 32 37 40 43 43 41 3819 612HA 829 402033 4399999999999999 222 261441 2799999999999999
 34 31 29 29 30 33 37 41 44 46 44 41 37 32 28 25 24 25 29 33 37 40 40 3819 613HA 859 462137 4099999999999999 241 2916 1 2499999999999999
 36 33 31 30 31 34 38 43 48 51 51 49 44 38 32 26 23 21 22 26 31 35 38 3819 614HA 931 512232 3899999999999999 250 3017 5 2199999999999999
 36 34 31 30 31 34 38 43 49 54 56 55 51 45 38 31 25 21 19 21 25 30 35 3619 615HA10 6 562319 3699999999999999 3 3 3018 1 1999999999999999
 36 34 32 30 30 32 36 42 48 55 59 60 58 53 45 37 29 23 19 18 21 25 31 3419 616HA1043 60999999999999999999999 328 301850 1899999999999999
 35 34 33 30 29 31 34 39 46 53 59 62 62 58 52 44 35 27 22 19 19 22 27 3119 617HA 0 1 351121 6299999999999999 359 291936 1899999999999999
 34 34 33 31 29 29 32 36 42 49 56 62 63 62 57 51 42 33 26 21 19 20 23 2819 618HA 038 341159 6399999999999999 432 292020 1999999999999999
 32 33 33 31 29 28 29 33 39 45 52 59 62 63 60 55 48 40 32 26 22 20 22 2519 619HA 113 331236 6399999999999999 5 5 2821 3 2099999999999999
 30 32 32 32 30 28 28 31 35 41 48 54 59 62 61 58 52 45 37 30 26 23 22 2419 620HA 147 331314 6299999999999999 537 282147 2299999999999999
 27 30 32 32 31 29 28 29 33 38 43 49 55 59 60 58 54 49 42 35 30 26 24 2419 621HA 222 321351 6099999999999999 6 8 282232 2499999999999999
 26 29 31 32 31 30 29 29 31 35 39 44 50 54 56 56 54 50 45 39 34 30 27 2619 622HA 3 2 321428 5799999999999999 638 292316 2699999999999999
 27 28 30 32 32 32 31 30 31 33 36 40 45 49 52 53 53 50 47 42 37 34 31 2919 623HA 356 3215 7 5399999999999999 711 30999999999999999999999
 28 29 30 32 33 34 33 33 33 33 35 37 40 44 47 49 50 49 47 43 40 36 33 3119 624HA 516 341552 5099999999999999 0 0 28 757 3399999999999999
 30 30 31 32 34 35 36 36 36 35 35 36 37 39 42 44 46 46 45 44 41 38 36 3319 625HA 636 361650 4699999999999999 039 30 929 3599999999999999
 32 31 31 33 35 37 39 40 40 39 38 37 36 36 37 39 41 43 43 43 42 40 37 3519 626HA 728 4018 8 4399999999999999 111 311216 3699999999999999
 33 32 32 33 36 39 42 44 45 44 42 39 37 35 34 35 36 38 40 41 41 40 39 3719 627HA 8 5 451936 4199999999999999 134 3214 8 3499999999999999
 35 34 33 34 36 39 43 47 49 49 47 44 40 36 33 32 32 33 36 38 40 40 40 3819 628HA 837 492053 4099999999999999 150 331528 3199999999999999
 36 35 34 34 36 40 44 49 53 54 53 50 45 39 34 30 28 28 30 34 37 39 40 3919 629HA 9 9 542156 4099999999999999 2 7 341629 2899999999999999
 38 36 34 34 36 39 44 49 55 59 59 57 52 45 38 32 27 25 25 28 32 36 39 3919 630HA 943 602250 3999999999999999 231 341722 2599999999999999
 39 37 35 34 35 38 42 48 55 61 64 64 60 53 45 36 29 24 22 23 27 32 36 3819 7 1HA1021 652337 3999999999999999 3 3 341813 2299999999999999
 39 38 36 34 34 36 40 46 53 60 66 69 67 62 54 44 34 26 22 20 21 26 32 3619 7 2HA11 3 69999999999999999999999 339 3319 4 2099999999999999
 38 38 36 34 33 33 36 42 48 56 65 71 72 69 63 54 43 33 25 20 19 21 26 3219 7 3HA 022 381149 7299999999999999 419 321956 1999999999999999
 36 37 36 35 33 31 33 37 43 50 59 68 73 73 70 63 53 42 32 24 20 19 22 2719 7 4HA 1 5 371237 7499999999999999 5 1 312048 1999999999999999
 32 35 36 35 33 31 31 33 38 44 51 60 68 73 73 69 62 52 41 32 25 22 21 2419 7 5HA 148 361329 7399999999999999 545 312141 2199999999999999
 29 34 35 35 35 33 31 31 34 38 44 51 59 67 70 70 66 60 50 40 33 27 25 2419 7 6HA 234 361424 7099999999999999 631 312232 2499999999999999
 28 32 35 36 36 35 34 32 32 35 38 43 49 57 63 66 65 62 56 48 40 34 30 2819 7 7HA 329 361524 6699999999999999 722 322321 2899999999999999
 29 32 35 37 38 38 38 36 35 35 36 38 41 47 53 57 59 60 57 52 46 40 36 3319 7 8HA 442 391632 6099999999999999 826 34999999999999999999999
 32 33 36 39 41 42 42 41 40 38 37 37 38 39 43 47 51 53 53 52 49 44 40 3819 7 9HA 551 421748 5499999999999999 0 6 321044 3799999999999999
 36 36 37 40 43 45 46 47 46 44 42 40 38 37 37 39 42 45 47 48 47 45 43 4019 710HA 653 4719 8 4899999999999999 042 361323 3699999999999999
 39 38 39 41 44 47 50 52 52 51 48 45 41 38 35 34 35 37 40 42 44 44 43 4119 711HA 747 522031 4499999999999999 1 2 3815 5 3499999999999999
 40 39 40 41 44 48 52 55 57 57 55 52 47 42 37 33 32 32 34 37 40 41 42 4119 712HA 834 572144 4299999999999999 1 2 391624 3199999999999999
 40 39 39 41 43 47 51 56 60 62 61 58 54 48 42 36 32 29 30 32 36 39 40 4019 713HA 918 622236 4199999999999999 117 391723 2999999999999999
 40 39 38 39 41 45 50 55 60 64 65 64 60 54 47 40 34 30 28 29 32 36 39 4019 714HA 958 652311 4099999999999999 153 3818 9 2899999999999999
 40 38 37 37 39 42 46 52 58 64 67 68 65 60 53 45 38 32 28 28 29 34 38 4019 715HA1036 682338 4099999999999999 240 371850 2799999999999999
 40 39 37 36 36 38 43 48 55 61 67 69 68 65 59 51 43 36 30 28 28 31 36 3919 716HA1114 69999999999999999999999 329 361927 2899999999999999
 41 40 38 36 35 35 39 44 50 57 64 69 70 68 63 56 48 40 33 30 28 29 33 3819 717HA 0 6 411150 7099999999999999 414 3520 2 2899999999999999
 41 41 39 37 35 34 36 40 46 52 59 66 69 69 66 60 53 45 37 32 30 29 32 3619 718HA 035 411225 6999999999999999 456 342037 2999999999999999
 40 41 41 39 36 34 34 37 42 48 54 61 66 68 66 62 57 49 41 36 32 30 31 3419 719HA 1 5 411259 6899999999999999 535 332110 3099999999999999
 38 41 41 40 38 35 34 35 38 44 50 56 62 65 65 63 58 52 45 39 35 33 32 3419 720HA 137 411332 6699999999999999 612 342143 3299999999999999
 37 41 42 41 40 38 35 35 36 40 45 51 57 61 63 62 58 54 48 42 38 35 34 3519 721HA 2 9 4214 4 6399999999999999 650 352213 3499999999999999
 37 40 42 43 42 40 38 36 36 39 42 46 51 56 59 59 57 54 50 45 40 38 37 3619 722HA 247 431436 5999999999999999 731 362240 3699999999999999
 38 40 43 44 44 43 42 40 39 39 41 43 47 51 54 55 55 53 50 46 42 40 38 3819 723HA 336 441511 5599999999999999 821 382259 3899999999999999
 39 40 43 45 46 46 46 44 42 41 41 42 43 46 49 51 51 51 49 46 44 41 40 4019 724HA 448 461555 5199999999999999 933 4123 7 4099999999999999
 40 41 43 45 48 49 49 49 47 45 43 42 42 43 44 46 47 48 47 46 44 43 41 4119 725HA 6 0 4917 0 48999999999999991154 422315 4199999999999999
 41 42 43 46 48 51 53 53 52 50 48 45 42 41 40 41 42 44 44 45 44 43 42 4119 726HA 658 531849 45999999999999991358 402343 4199999999999999
 41 42 43 45 48 52 55 57 58 56 53 49 45 41 39 37 37 39 41 42 43 43 43 4219 727HA 748 582048 43999999999999991528 37999999999999999999999
 42 42 43 44 47 51 56 60 62 62 60 56 50 44 39 36 34 34 35 38 41 43 43 4319 728HA 834 6322 6 4399999999999999 029 421630 3399999999999999
 42 41 41 43 45 49 55 60 65 67 67 64 58 51 43 37 32 30 30 33 37 40 42 4319 729HA 921 682254 4399999999999999 123 411722 3099999999999999
 42 41 40 41 43 46 51 58 65 70 73 71 66 59 50 41 34 29 27 28 32 37 41 4319 730HA10 7 732330 4399999999999999 221 401810 2799999999999999
 43 41 40 39 39 42 47 53 61 69 75 77 74 68 60 49 39 31 27 25 27 32 37 4119 731HA1055 77999999999999999999999 317 381857 2599999999999999
 43 42 40 38 36 37 41 47 54 63 72 78 79 76 69 59 48 37 30 26 25 28 34 3919 8 1HA 0 2 431143 8099999999999999 412 361944 2599999999999999
 42 43 41 39 36 34 36 40 46 55 65 74 79 80 76 68 58 46 36 30 27 27 31 3719 8 2HA 034 431233 8099999999999999 5 5 342029 2699999999999999
 42 44 43 41 38 34 33 35 39 46 54 64 73 78 77 73 66 55 45 36 31 29 30 3519 8 3HA 1 7 441323 7899999999999999 558 332112 2999999999999999
 41 45 45 44 42 38 34 33 35 39 45 53 63 70 73 72 69 62 52 43 37 34 33 3519 8 4HA 142 451417 7399999999999999 651 332153 3399999999999999
 40 45 47 47 46 43 39 36 35 36 39 44 51 59 64 67 66 63 57 49 43 40 38 3819 8 5HA 222 471515 6799999999999999 749 352229 3899999999999999
 41 45 49 50 50 49 46 42 39 38 38 40 43 48 54 57 59 59 56 52 47 43 42 4219 8 6HA 312 501623 5999999999999999 9 7 382252 4299999999999999
 43 46 49 52 53 53 52 49 46 43 41 40 40 41 44 48 50 52 52 50 48 45 44 4419 8 7HA 430 531740 52999999999999991147 402230 4499999999999999
 45 46 49 53 55 56 57 56 54 50 47 45 42 40 39 41 42 44 46 46 46 45 44 4519 8 8HA 558 571910 46999999999999991340 3922 9 4499999999999999
 46 47 49 52 55 57 59 60 60 58 54 51 47 42 39 37 37 38 40 42 43 44 44 4419 8 9HA 711 609999999999999999999991533 37999999999999999999999
 45 46 48 50 53 57 60 62 64 63 61 57 53 47 42 38 35 35 36 38 40 42 43 4319 810HA 816 649999999999999999999991645 35999999999999999999999
 43 44 45 47 50 54 58 62 65 67 66 63 58 53 47 41 36 34 34 36 38 41 42 4319 811HA 910 679999999999999999999991731 34999999999999999999999
 42 42 43 44 47 50 55 60 65 68 69 67 63 58 51 44 39 35 33 34 37 40 43 4319 812HA 953 692257 439999999999999918 6 33999999999999999999999
 43 42 41 41 43 46 51 56 62 67 70 70 67 62 56 48 42 36 33 33 35 39 43 4419 813HA1030 702312 4499999999999999 222 411837 3399999999999999
 44 42 40 39 39 42 46 52 58 64 69 71 70 66 60 53 45 39 35 33 34 38 42 4519 814HA11 5 712335 4699999999999999 322 3919 5 3399999999999999
 45 44 41 39 37 38 41 47 53 60 66 70 71 68 63 57 49 41 36 34 34 36 41 4519 815HA1137 71999999999999999999999 412 371932 3399999999999999
 47 46 43 40 37 36 38 42 48 55 62 68 70 69 65 60 52 45 39 35 34 36 40 4419 816HA 0 2 4712 8 7099999999999999 456 361957 3499999999999999
 47 47 45 42 39 36 35 38 43 50 57 63 68 68 66 61 55 48 42 37 36 36 39 4319 817HA 029 481239 6999999999999999 536 352019 3699999999999999
 47 49 48 45 41 38 35 36 40 45 51 58 64 66 65 62 57 51 44 40 38 37 39 4319 818HA 058 4913 8 6699999999999999 615 352037 3799999999999999
 47 50 50 48 45 41 37 36 38 42 47 53 59 62 63 61 57 52 47 42 39 39 40 4319 819HA 126 501337 6399999999999999 655 362044 3999999999999999
 47 50 51 50 48 45 41 38 38 40 43 48 53 58 59 58 56 52 48 44 41 41 41 4319 820HA 157 5114 6 5999999999999999 736 372042 4199999999999999
 46 50 52 52 51 49 45 42 40 40 42 44 48 52 55 55 54 51 48 45 42 42 43 4419 821HA 232 531437 5599999999999999 824 402044 4299999999999999
 47 50 53 54 54 52 50 47 44 42 42 43 44 47 50 51 51 49 48 45 43 42 43 4519 822HA 317 541515 5199999999999999 932 422053 4299999999999999
 47 49 52 55 56 56 55 52 49 46 44 43 43 43 45 46 47 47 46 45 44 43 44 4519 823HA 425 561610 47999999999999991154 4321 4 4399999999999999
 47 49 51 54 57 58 58 57 55 51 48 45 43 41 41 41 42 43 44 44 44 43 44 4519 824HA 547 589999999999999999999991356 41999999999999999999999
 46 48 50 53 56 59 61 62 61 58 54 50 45 42 39 37 37 38 40 41 43 43 44 4419 825HA 659 629999999999999999999991529 37999999999999999999999
 45 46 48 50 54 58 61 65 66 65 62 56 51 45 39 36 34 34 36 38 41 43 44 4419 826HA 8 4 669999999999999999999991628 33999999999999999999999
 44 44 45 47 50 54 59 65 69 70 69 65 58 51 43 37 32 30 31 34 38 41 43 4419 827HA 9 3 702253 44999999999999991714 30999999999999999999999
 43 42 42 42 45 49 54 61 68 73 75 73 67 59 50 41 34 30 28 30 34 39 43 4519 828HA 956 7523 9 4599999999999999 2 8 421757 2899999999999999
 44 42 40 39 39 42 47 54 62 71 77 78 75 68 59 48 39 32 28 28 31 37 42 4619 829HA1045 782332 4699999999999999 321 391837 2899999999999999
 46 44 41 38 35 36 39 45 53 63 73 78 79 75 68 57 46 37 31 29 30 34 41 4619 830HA1134 792359 4899999999999999 421 351916 2999999999999999
 48 47 44 40 35 32 33 37 44 53 63 73 78 77 73 65 55 44 36 32 31 34 39 4619 831HA1223 78999999999999999999999 517 321951 3199999999999999
 50 50 48 44 39 34 31 32 36 42 51 62 71 74 73 69 61 51 43 37 35 36 39 4619 9 1HA 030 511312 7499999999999999 611 312021 3599999999999999
 52 54 53 50 45 39 34 31 32 35 41 50 59 66 68 66 63 56 48 42 39 39 41 4519 9 2HA 1 4 5414 5 6899999999999999 7 8 312040 3999999999999999
 52 56 57 55 52 47 41 35 33 34 36 40 48 55 59 60 59 56 51 45 43 42 44 4619 9 3HA 141 5715 5 6099999999999999 818 332034 4299999999999999
 51 56 59 59 57 54 49 43 39 37 36 37 40 45 49 51 52 52 50 46 44 44 45 4719 9 4HA 224 591618 52999999999999991015 362028 4499999999999999
 51 55 59 60 60 59 56 52 47 43 41 39 38 39 41 43 45 46 46 45 44 44 46 4819 9 5HA 320 601741 46999999999999991159 382023 4499999999999999
 50 53 57 59 61 61 60 58 55 51 47 44 40 38 37 38 39 40 41 42 42 43 44 4719 9 6HA 455 619999999999999999999991357 37999999999999999999999
 49 51 54 57 59 61 62 62 60 58 54 50 46 41 38 36 35 36 37 39 40 41 43 4519 9 7HA 629 629999999999999999999991555 35999999999999999999999
 46 48 51 53 56 59 61 63 63 62 60 56 51 46 41 37 34 34 35 37 39 41 42 4319 9 8HA 750 639999999999999999999991645 34999999999999999999999
 44 45 47 49 52 55 58 62 64 65 63 60 56 50 44 39 35 33 34 36 39 41 42 4319 9 9HA 854 659999999999999999999991718 33999999999999999999999
 43 43 43 44 47 50 54 59 63 65 65 64 60 54 48 42 37 34 33 35 38 42 43 4419 910HA 940 662238 44999999999999991743 33999999999999999999999
 43 41 40 40 42 45 50 55 60 64 66 65 62 58 51 45 39 35 33 35 38 42 45 4619 911HA1015 662248 4699999999999999 227 4018 6 3399999999999999
 44 42 40 38 38 40 44 50 56 61 65 66 64 60 54 47 41 36 34 34 37 42 46 4819 912HA1047 6623 8 4899999999999999 326 381826 3499999999999999
 47 44 41 37 35 36 40 44 51 57 63 66 65 62 57 50 43 38 35 34 36 41 46 4919 913HA1117 662332 5099999999999999 413 351844 3499999999999999
 49 47 43 39 35 34 35 40 45 52 59 63 64 62 58 53 46 40 36 35 36 40 45 5019 914HA1146 652357 5199999999999999 457 341859 3599999999999999
 51 50 46 42 37 33 33 36 40 46 54 60 63 62 59 54 48 42 38 36 37 40 45 5019 915HA1214 63999999999999999999999 538 3319 9 3699999999999999
 53 53 50 46 40 35 32 33 36 41 48 55 59 60 58 54 50 44 39 37 38 40 44 4919 916HA 023 531242 6099999999999999 618 321914 3799999999999999
 54 55 53 50 45 39 34 33 34 38 43 49 54 57 56 53 50 45 41 38 39 41 44 4919 917HA 050 551310 5799999999999999 658 331917 3899999999999999
 54 56 56 53 49 44 38 35 34 36 39 44 49 53 53 51 49 46 42 39 39 42 45 4819 918HA 118 561340 5399999999999999 741 341924 3999999999999999
 53 57 58 56 53 49 44 39 36 36 37 40 43 47 49 49 47 45 42 40 40 42 45 4819 919HA 150 581412 4999999999999999 833 351934 3999999999999999
 52 56 58 58 56 54 49 44 40 38 37 38 39 42 44 45 44 43 42 40 40 41 44 4719 920HA 228 581450 4599999999999999 959 371944 4099999999999999
 51 54 57 59 59 57 54 50 45 42 39 38 37 38 39 40 41 40 40 40 40 41 43 4619 921HA 320 591550 419999999999999912 3 371942 4099999999999999
 49 52 55 58 59 59 58 56 52 47 43 40 37 36 35 36 36 37 38 39 39 40 42 4419 922HA 442 609999999999999999999991352 35999999999999999999999
 47 49 52 55 58 60 61 61 58 54 50 45 40 36 33 32 32 33 35 37 38 40 41 4219 923HA 617 619999999999999999999991520 32999999999999999999999
 44 46 48 50 54 58 61 63 64 62 57 52 45 39 34 30 29 30 32 35 38 40 41 4119 924HA 738 649999999999999999999991612 29999999999999999999999
 42 42 43 45 48 52 57 63 66 67 65 59 53 45 37 32 28 27 29 32 37 40 42 4219 925HA 845 672233 42999999999999991652 27999999999999999999999
 41 39 38 39 41 45 50 57 64 69 70 67 60 52 44 36 30 27 27 30 35 41 44 4419 926HA 941 702240 4499999999999999 224 381728 2799999999999999
 43 40 37 34 34 36 41 49 57 66 70 71 67 60 51 42 34 29 28 29 34 41 46 4819 927HA1032 7123 0 4899999999999999 334 3418 0 2899999999999999
 46 43 38 33 30 30 33 38 47 57 66 70 69 65 58 49 39 33 30 30 34 40 47 5119 928HA1121 702327 5299999999999999 433 301827 3099999999999999
 51 48 43 37 31 27 27 30 36 45 56 64 67 66 61 54 45 38 34 33 35 40 47 5419 929HA12 9 672359 5699999999999999 531 261847 3399999999999999
 56 54 50 44 36 29 25 25 28 34 43 53 60 62 60 56 50 42 37 36 37 40 47 5419 930HA1259 62999999999999999999999 630 251856 3699999999999999
 59 59 56 52 45 36 29 26 26 28 33 42 50 54 55 54 50 45 39 38 39 41 46 531910 1HA 034 601353 5599999999999999 738 2619 2 3899999999999999
 59 62 61 58 53 45 37 31 28 27 28 33 39 45 47 48 47 44 41 38 39 42 46 511910 2HA 111 621459 4899999999999999 9 3 271910 3899999999999999
 57 62 63 61 58 53 46 39 34 31 30 30 33 37 40 41 42 41 40 38 39 42 45 491910 3HA 152 631616 42999999999999991028 291915 3899999999999999
 54 59 62 62 61 58 54 48 42 38 35 32 31 32 34 35 36 37 37 37 38 40 44 471910 4HA 240 629999999999999999999991156 31999999999999999999999
 51 55 58 60 60 60 57 54 49 45 41 37 33 31 31 31 32 33 34 35 36 38 41 451910 5HA 347 609999999999999999999991356 31999999999999999999999
 48 51 53 56 57 58 58 57 54 51 47 43 38 34 31 30 30 31 32 34 35 37 39 421910 6HA 526 589999999999999999999991536 30999999999999999999999
 44 46 49 51 53 55 57 57 56 54 51 47 43 38 33 30 29 29 31 33 35 37 38 401910 7HA 658 579999999999999999999991615 29999999999999999999999
 41 42 44 46 48 51 53 56 57 56 54 51 46 41 36 32 30 29 31 33 36 38 39 391910 8HA 815 579999999999999999999991641 29999999999999999999999
 39 39 39 41 43 46 49 53 55 56 56 53 49 44 38 34 30 29 30 33 37 40 41 411910 9HA 9 8 562216 419999999999999917 1 29999999999999999999999
 39 37 36 36 38 40 44 49 53 55 56 55 51 46 41 35 32 30 30 33 37 41 43 43191010HA 947 562223 4499999999999999 231 361717 3099999999999999
 41 38 35 33 33 35 39 44 49 53 55 55 52 48 43 37 33 30 30 33 37 42 46 46191011HA1020 562241 4699999999999999 328 331731 3099999999999999
 44 41 36 32 30 31 34 38 44 50 54 55 53 49 45 39 34 31 31 33 37 42 47 49191012HA1051 5523 4 4999999999999999 416 301742 3199999999999999
 48 44 39 34 30 28 29 33 38 45 50 53 53 50 46 41 36 32 31 33 36 42 48 52191013HA1120 532328 5299999999999999 5 0 281750 3199999999999999
 51 48 44 37 31 27 27 29 33 39 45 50 51 49 46 42 37 33 32 33 36 42 48 53191014HA1150 512353 5499999999999999 543 261757 3299999999999999
 54 52 48 42 35 29 26 26 29 33 40 46 48 48 46 42 38 34 32 33 36 41 47 53191015HA1219 49999999999999999999999 625 2518 4 3299999999999999
 56 56 52 47 40 33 27 25 26 29 34 40 44 46 44 42 39 35 33 33 36 41 46 52191016HA 020 571250 4699999999999999 710 251815 3299999999999999
 57 58 56 52 46 38 31 27 26 27 29 34 39 42 42 40 38 35 33 33 36 40 45 50191017HA 049 581324 4299999999999999 8 0 261829 3299999999999999
 56 59 58 55 51 45 37 31 27 26 27 30 34 37 38 38 36 35 33 32 35 39 43 48191018HA 122 5914 1 3899999999999999 9 7 261843 3299999999999999
 53 57 59 58 55 50 44 37 31 29 27 27 29 32 34 34 34 33 33 32 34 37 42 46191019HA 2 2 591449 34999999999999991034 271851 3299999999999999
 50 54 57 58 57 54 50 44 37 33 30 27 27 27 29 30 31 31 31 32 33 35 39 43191020HA 253 5899999999999999999999912 2 27999999999999999999999
 46 50 53 56 57 57 54 50 45 39 34 30 27 25 25 26 27 28 30 31 32 34 37 40191021HA 4 9 579999999999999999999991333 25999999999999999999999
 42 45 48 51 54 56 57 55 51 46 41 35 30 26 24 23 24 26 28 30 32 34 35 37191022HA 545 579999999999999999999991449 23999999999999999999999
 38 40 42 45 48 52 55 57 56 53 48 42 35 29 25 23 22 24 27 30 33 35 36 36191023HA 712 572233 36999999999999991538 22999999999999999999999
 35 35 36 37 40 45 50 55 57 57 54 48 42 34 28 24 22 23 26 30 35 37 38 37191024HA 824 582157 3899999999999999 1 0 351614 2299999999999999
 35 33 31 31 32 36 41 48 54 58 57 54 48 40 33 27 24 24 26 30 36 41 43 42191025HA 925 5822 7 4399999999999999 243 311642 2399999999999999
 39 34 30 27 26 27 31 38 46 53 57 56 52 46 38 31 27 25 26 31 37 43 47 47191026HA1018 572230 4899999999999999 351 2617 4 2599999999999999
 44 40 33 27 22 21 23 28 35 44 51 54 53 49 43 36 30 27 28 31 37 44 51 53191027HA11 8 5423 0 5399999999999999 454 211719 2799999999999999
 51 47 40 32 24 19 18 20 25 33 42 48 50 48 45 39 33 29 29 32 36 44 52 57191028HA1158 502334 5899999999999999 556 181730 2999999999999999
 57 54 48 40 31 23 18 17 18 23 32 39 44 45 43 40 35 31 30 32 36 42 50 57191029HA1249 45999999999999999999999 7 1 171744 3099999999999999
 60 59 55 49 40 30 22 18 17 18 23 30 36 39 39 38 35 31 30 31 35 41 47 55191030HA 011 611346 3999999999999999 8 8 1718 0 3099999999999999
 60 62 59 55 48 39 30 24 20 18 19 23 28 32 34 34 33 31 29 30 34 39 44 51191031HA 049 621450 3499999999999999 915 181815 2999999999999999
 57 60 60 58 54 47 39 31 26 22 20 20 23 26 29 30 30 30 28 29 32 36 41 461911 1HA 130 6116 0 30999999999999991022 201825 2899999999999999
 52 56 58 58 56 51 45 38 32 28 24 22 21 23 25 26 27 27 27 28 30 33 38 421911 2HA 214 589999999999999999999991136 21999999999999999999999
 47 51 54 55 54 52 49 44 38 34 29 26 23 22 23 23 24 25 26 27 28 31 35 391911 3HA 3 5 5599999999999999999999913 5 22999999999999999999999
 42 45 48 50 51 51 49 46 43 38 34 30 26 24 22 22 23 24 26 27 28 30 33 351911 4HA 4 9 519999999999999999999991434 22999999999999999999999
 38 40 43 45 47 48 48 47 44 42 38 34 30 26 23 22 22 24 26 28 29 31 32 331911 5HA 531 489999999999999999999991519 22999999999999999999999
 34 36 37 39 41 43 45 45 45 43 40 37 32 28 25 23 22 24 26 29 31 32 33 331911 6HA 659 452213 33999999999999991545 22999999999999999999999
 32 32 33 34 36 38 41 43 44 43 41 38 35 30 26 24 23 24 26 30 33 35 35 341911 7HA 813 442146 3599999999999999 046 3216 2 2399999999999999
 33 31 29 29 31 33 36 39 41 42 42 40 36 32 28 25 23 24 26 30 35 38 39 381911 8HA 9 6 422155 3999999999999999 229 291614 2399999999999999
 35 31 28 26 26 28 31 34 38 41 41 40 37 33 29 26 24 24 26 31 36 40 42 421911 9HA 946 412213 4299999999999999 332 261624 2499999999999999
 39 34 29 25 23 23 25 29 34 38 40 40 38 34 30 27 24 24 26 30 36 42 45 46191110HA1023 402236 4699999999999999 423 231633 2499999999999999
 43 38 32 26 22 20 21 23 28 34 37 39 38 35 31 28 25 24 26 30 36 42 48 49191111HA1057 3923 0 4999999999999999 510 201642 2499999999999999
 48 43 37 30 23 19 17 19 23 28 34 36 37 35 32 28 25 24 26 29 35 42 48 52191112HA1131 372327 5299999999999999 556 171653 2499999999999999
 52 48 43 35 26 20 16 16 18 22 28 33 35 34 32 29 26 24 25 28 33 40 47 53191113HA12 6 352357 5599999999999999 642 1617 9 2499999999999999
 55 53 48 41 32 24 18 15 15 17 22 28 31 32 31 29 26 24 24 27 32 38 45 52191114HA1243 32999999999999999999999 731 141728 2399999999999999
 56 56 53 47 39 30 21 16 14 14 17 22 27 29 29 28 26 24 23 25 30 35 42 48191115HA 030 561323 2999999999999999 826 141749 2399999999999999
 54 57 55 52 45 37 28 20 16 14 14 17 21 24 26 25 25 23 22 24 27 33 38 44191116HA 1 8 571412 2699999999999999 928 1418 8 2299999999999999
 50 55 56 54 50 44 35 27 21 17 15 14 16 20 22 23 23 23 22 22 25 29 34 39191117HA 153 569999999999999999999991036 14999999999999999999999
 44 50 53 54 52 48 42 35 27 22 18 15 14 16 18 20 21 21 22 22 24 27 31 35191118HA 248 549999999999999999999991146 14999999999999999999999
 39 43 47 50 51 50 47 41 35 28 23 18 15 14 15 17 19 20 22 23 24 25 28 30191119HA 358 519999999999999999999991258 14999999999999999999999
 33 36 40 44 47 48 48 45 41 35 29 23 19 16 15 16 18 20 22 24 25 26 27 28191120HA 522 4899999999999999999999914 1 15999999999999999999999
 29 30 32 35 39 43 45 46 44 40 35 29 23 19 16 16 17 20 23 26 28 29 29 28191121HA 648 462111 29999999999999991448 16999999999999999999999
 27 26 25 27 30 34 39 42 44 43 39 34 28 23 19 18 18 20 24 29 32 34 33 31191122HA 8 5 442116 3499999999999999 136 251520 1799999999999999
 28 24 22 21 21 24 29 35 39 41 40 37 32 27 22 20 19 21 25 31 36 39 39 37191123HA 911 412137 4099999999999999 3 8 211541 1999999999999999
 33 27 22 18 16 16 19 25 32 37 39 38 34 30 25 22 21 22 25 31 38 43 45 44191124HA10 8 3922 6 4599999999999999 420 161555 2199999999999999
 40 34 26 19 14 12 12 16 22 29 34 35 34 31 27 23 21 22 25 30 37 45 50 50191125HA11 2 352240 5199999999999999 524 1216 9 2199999999999999
 47 42 34 25 17 11  9  9 13 20 27 31 32 31 28 24 21 21 24 29 35 43 50 54191126HA1153 322318 5499999999999999 624  91629 2199999999999999
 53 49 42 33 23 15 10  7  8 12 19 25 28 28 27 24 21 20 22 27 33 40 48 54191127HA1243 282356 5699999999999999 720  71652 2099999999999999
 56 54 49 42 32 22 14  9  7  8 12 19 23 25 25 24 21 19 20 24 29 36 43 51191128HA1332 25999999999999999999999 815  71717 1999999999999999
 55 56 53 48 40 30 21 14 10  8  9 13 18 21 22 22 21 19 18 21 26 32 38 45191129HA 036 561419 2299999999999999 9 8  81741 1899999999999999
 51 54 53 50 45 37 28 20 15 11  9 11 14 18 19 20 19 18 18 19 23 28 34 40191130HA 117 5415 5 209999999999999910 3  918 2 1899999999999999
 45 50 51 50 46 41 33 26 20 16 12 11 12 15 17 18 18 18 17 18 20 24 29 341912 1HA 157 511559 18999999999999991059 111817 1799999999999999
 39 44 47 47 45 42 37 31 25 20 16 14 13 14 15 17 17 18 18 18 19 22 26 301912 2HA 238 479999999999999999999991159 13999999999999999999999
 34 38 41 42 42 40 37 33 28 24 20 17 15 14 15 16 17 18 19 19 20 21 23 261912 3HA 320 4399999999999999999999913 0 14999999999999999999999
 29 32 35 37 38 38 36 33 30 26 23 20 17 15 15 16 17 18 20 21 22 22 23 241912 4HA 410 389999999999999999999991351 15999999999999999999999
 26 27 29 31 33 34 34 32 30 28 25 22 19 17 16 16 17 19 21 23 24 25 24 241912 5HA 517 3421 1 25999999999999991424 16999999999999999999999
 24 24 25 26 28 29 30 30 30 28 26 23 20 18 16 16 17 20 23 25 28 28 28 261912 6HA 644 3021 0 2899999999999999 013 241444 1699999999999999
 24 22 21 21 22 24 26 27 28 28 26 24 21 19 17 16 17 20 23 27 31 32 32 301912 7HA 8 8 282118 3299999999999999 223 211457 1699999999999999
 26 22 19 18 17 19 21 24 26 27 26 25 22 20 18 17 17 20 23 28 33 36 36 341912 8HA 911 272141 3699999999999999 338 1715 9 1799999999999999
 30 25 20 16 14 14 16 19 22 25 25 25 23 20 18 17 17 19 23 28 34 39 40 391912 9HA10 1 2522 7 4099999999999999 434 141521 1799999999999999
 36 30 23 17 12 10 11 13 17 21 24 24 23 21 19 17 16 18 22 27 34 40 44 44191210HA1045 242235 4499999999999999 522 101538 1699999999999999
 41 36 28 20 13  9  7  8 12 17 21 23 23 21 19 17 16 17 20 25 32 39 45 48191211HA1126 2323 7 4899999999999999 6 7  716 0 1699999999999999
 46 42 35 26 17 10  6  5  6 11 16 20 21 21 19 17 15 15 18 23 29 37 44 49191212HA12 7 212343 5099999999999999 653  51627 1599999999999999
 50 47 41 33 23 13  7  3  3  6 11 16 19 19 19 17 15 14 15 20 26 33 41 48191213HA1249 19999999999999999999999 741  31657 1499999999999999
 51 51 47 40 31 20 11  5  2  2  5 11 15 17 17 16 15 13 13 16 22 28 35 43191214HA 022 521332 1799999999999999 831  21728 1399999999999999
 49 52 50 46 38 28 18 10  5  2  2  6 10 14 15 15 14 13 12 13 18 23 29 36191215HA 1 6 521421 1599999999999999 925  218 0 1299999999999999
 44 49 50 48 44 36 26 17 10  5  3  3  6 10 13 14 14 13 12 12 14 19 24 29191216HA 154 501524 14999999999999991021  31834 1299999999999999
 36 42 46 47 45 41 33 24 16 10  6  4  5  8 11 13 14 14 14 13 13 16 19 23191217HA 249 471658 14999999999999991118  41912 1399999999999999
 28 33 38 42 43 41 37 31 23 17 12  8  7  7 10 12 14 15 16 16 15 15 17 19191218HA 351 439999999999999999999991214  6999999999999999999999
 21 24 29 33 36 38 37 34 28 22 17 13 10  9 10 12 15 17 18 19 19 18 18 17191219HA 5 5 381920 199999999999999913 4  923 6 1799999999999999
 18 18 20 24 27 30 32 32 30 26 21 17 14 12 12 13 16 19 21 23 24 23 22 19191220HA 628 3220 0 24999999999999991344 12999999999999999999999
 17 15 15 15 18 21 25 27 28 27 24 20 17 15 14 14 16 20 24 27 29 30 28 25191221HA 752 282036 3099999999999999 2 6 151410 1499999999999999
 20 16 13 11 10 12 16 20 23 24 24 21 19 16 15 15 17 20 25 30 34 35 35 32191222HA 9 8 242113 3599999999999999 338 101424 1599999999999999
 27 21 15 10  7  6  8 12 17 20 22 21 19 17 15 15 16 19 24 30 35 39 41 39191223HA1014 222151 4199999999999999 449  61441 1599999999999999
 34 28 20 13  7  3  2  5 10 15 18 19 19 17 15 14 14 17 21 27 34 41 44 44191224HA11 8 192230 4599999999999999 547  215 8 1499999999999999
 41 35 27 18 10  4  1  0  3  9 14 17 18 17 15 13 12 14 18 24 31 38 44 47191225HA1153 182310 4799999999999999 637  01543 1299999999999999
 46 42 35 26 16  8  2 -1  0  4  9 14 16 16 15 12 11 11 15 20 26 34 41 46191226HA1231 162350 4899999999999999 723 -11620 1199999999999999
 48 45 40 33 23 13  6  1 -1  0  5 10 14 15 14 13 10  9 11 15 21 28 36 43191227HA13 4 15999999999999999999999 8 7 -11656  999999999999999
 47 47 43 38 29 20 11  5  1  0  2  7 11 14 14 13 11  9  9 12 17 23 30 37191228HA 028 471334 1499999999999999 850  01732  899999999999999
 43 45 44 40 33 25 16  9  4  2  2  5  9 12 13 13 11  9  8  9 13 18 25 31191229HA 1 6 4514 4 1399999999999999 931  118 6  899999999999999
 37 41 42 39 35 29 21 14  8  5  3  4  7 10 12 12 12 10  8  8 10 15 20 25191230HA 141 421437 13999999999999991012  31839  899999999999999
 31 36 38 38 35 30 24 18 12  8  6  5  6  9 11 12 12 11 10  9  9 12 16 21191231HA 216 381515 12999999999999991055  51910  999999999999999
