 98 95 90 86 83 85 92102114123128127121109 94 77 63 52 48 50 58 69 81 9119 1 1HN1022129999999999999999999999 4 5 8318 9 4899999999999999
 98102102 99 94 92 94100110121130134133125110 92 71 53 41 35 38 47 62 7819 1 2HN 124102111513599999999999999 5 8 921910 3599999999999999
 92103108109105100 97 99105115126136140137127109 87 64 43 30 25 30 43 6119 1 3HN 23410912 914099999999999999 613 971959 2599999999999999
 80 97109114114109103100101108119131141145140127106 80 54 33 20 18 27 4319 1 4HN 321115125914599999999999999 7121002042 1899999999999999
 65 87104115119116109102100102110123137146149141124 99 70 43 24 14 16 2919 1 5HN 359119134414999999999999999 8 41002120 1399999999999999
 49 73 95111120120114106100 98103113128142150150138117 89 59 34 17 12 1919 1 6HN 432121142615199999999999999 849 982156 1299999999999999
 36 59 84104117121118110102 96 96103117133146152147132107 78 49 27 15 1519 1 7HN 5 312115 515299999999999999 928 952230 1399999999999999
 27 47 72 94111119119113104 96 92 95105121137148150141122 95 66 41 24 1719 1 8HN 53112015431519999999999999910 5 9223 2 1799999999999999
 23 39 61 84103115119115106 97 90 89 95108124138147144132110 83 57 36 2519 1 9HN 5571191619147999999999999991039 892332 2399999999999999
 24 35 53 75 95110117116109 99 90 86 88 96110125137141135120 97 73 51 3619 110HN 6221171656141999999999999991115 86999999999999999999999
 30 35 49 68 88104114116112103 93 85 83 87 97110123132132124107 87 66 4919 111HN 647117173413399999999999999 0 1 301153 8399999999999999
 40 40 49 64 82 99111116114107 97 88 82 81 86 96108118123122112 97 79 6319 112HN 714116181612499999999999999 030 391238 8099999999999999
 52 48 52 63 78 94107115117112103 92 84 78 78 83 91101110113111102 90 7719 113HN 74211719 711399999999999999 059 481333 7899999999999999
 66 60 60 66 77 91104114118116110100 89 80 74 73 77 83 92 99103102 96 8819 114HN 813118201810399999999999999 129 591445 7399999999999999
 80 74 71 73 80 89101111118120116108 97 86 75 68 65 66 72 80 88 94 96 9519 115HN 84912022 9 9699999999999999 2 4 711611 6599999999999999
 92 87 84 83 86 92100110118123123118108 96 82 69 59 53 53 58 67 78 87 9419 116HN 930123999999999999999999999 247 831731 5299999999999999
 98 99 98 96 95 97101108117124128127121110 95 77 60 46 38 37 44 56 70 8519 117HN 048 99102012899999999999999 351 951836 3799999999999999
 96104108108106104105108115123130134133126112 93 71 49 32 23 22 31 47 6719 118HN 226108111913499999999999999 5161041931 2199999999999999
 86101111116115112109109112119128137142140131114 90 63 38 18  9 10 23 4319 119HN 318116122014299999999999999 6331092022  899999999999999
 67 90107118121118113110109113122133144150148136115 87 55 27  7 -1  3 2019 120HN 358121131815099999999999999 73510921 9 -199999999999999
 45 72 96113121122117110105106112123137150157153139114 82 48 20  1 -5  419 121HN 433122141215799999999999999 8281052154 -599999999999999
 24 51 79102117122119111102 98 99108123140154160155138111 77 43 16  0 -119 122HN 5 312215 516099999999999999 916 982237 -299999999999999
 11 35 63 89109119119112101 92 88 92103121140154159152134105 72 41 18  719 123HN 53112015561599999999999999910 2 882317  699999999999999
 10 26 51 78100115119114103 90 81 78 84 98117137150153145125 98 68 42 2519 124HN 5571191647153999999999999991049 782354 1999999999999999
 19 27 45 70 93111119118108 94 80 71 70 77 93112129141142133115 91 66 4719 125HN 6211201738143999999999999991138 69999999999999999999999
 36 36 47 67 89108119122115102 86 72 63 63 72 86104119127128119104 85 6819 126HN 645122183212999999999999999 028 351231 6299999999999999
 55 51 56 69 87105119126123112 97 80 67 59 59 66 79 93105112112106 96 8319 127HN 712126193211399999999999999 059 511330 5899999999999999
 73 66 67 74 87103118127129123110 94 78 65 57 56 61 70 81 91 98 99 97 9119 128HN 7431292052 9999999999999999 127 661442 5699999999999999
 85 80 79 82 90101114126131130123110 94 79 65 56 52 54 60 69 78 86 90 9219 129HN 8221322325 9299999999999999 153 7916 9 5299999999999999
 92 91 90 90 94100110120129133131123111 96 80 65 54 47 46 51 59 69 79 8719 130HN 911133999999999999999999999 219 901739 4699999999999999
 93 97 99 99 99101106113122129133132125114 99 81 64 49 40 38 42 51 64 7719 131HN10171339999999999999999999991852 38999999999999999999999
 89 99104106105103103107113121129134134128117100 80 59 43 32 30 36 48 6419 2 1HN 3 1106113313599999999999999 5291031947 3099999999999999
 81 95106111111107104102104111120129136138132118 98 75 52 35 25 25 34 5019 2 2HN 327112124213899999999999999 6561022031 2499999999999999
 69 88104113115112106100 98101109120132140141133116 93 67 43 27 20 23 3619 2 3HN 352115133614299999999999999 757 982110 1999999999999999
 56 78 98111117115109100 93 92 97108123137144143131111 84 57 35 21 18 2719 2 4HN 416117142214599999999999999 843 922144 1899999999999999
 45 67 90107116117111101 92 86 87 96110127141147142126102 74 47 28 19 2219 2 5HN 43811815 314799999999999999 922 862215 1999999999999999
 36 57 81101114118114104 92 82 79 84 96114132144146136116 90 63 39 25 2319 2 6HN 458118154114699999999999999 956 792244 2299999999999999
 32 50 73 94110118116107 94 82 74 74 83 99118134143140127104 78 53 35 2819 2 7HN 5181181617143999999999999991030 732310 2899999999999999
 31 45 66 88106117118111 98 84 72 68 72 84102120134138131115 92 68 48 3619 2 8HN 53811916541389999999999999911 3 682335 3599999999999999
 35 45 62 83102115120115103 88 74 65 64 71 86104120130130120102 81 61 4819 2 9HN 5581201731131999999999999991138 642359 4399999999999999
 43 48 61 80 99113120119109 95 79 66 61 62 72 87103116122120109 92 75 6119 210HN 6191211812122999999999999991216 60999999999999999999999
 53 55 64 78 96111120122115102 86 71 61 58 61 71 85 99109113109 99 86 7419 211HN 641122185911399999999999999 022 5313 0 5899999999999999
 66 64 69 80 94108119123120110 96 80 66 58 55 59 68 79 91 99102100 93 8519 212HN 7 512320 110299999999999999 044 641354 5599999999999999
 78 76 78 85 95107118124124118106 91 76 64 55 52 54 60 70 80 88 93 94 9219 213HN 7321252144 9499999999999999 1 5 7615 8 5199999999999999
 89 87 88 92 98107116123126124116105 90 76 62 52 46 45 49 58 68 78 86 9119 214HN 8 7126999999999999999999999 116 871639 4499999999999999
 95 96 98100103108114121126128125118107 93 77 61 47 37 33 36 44 57 70 8319 215HN 85812899999999999999999999918 5 33999999999999999999999
 93101105107108109112116122127129129124113 98 79 59 40 27 21 23 33 49 6719 216HN10221309999999999999999999991913 21999999999999999999999
 84 98108112112111109110114120127133135132122104 81 56 33 17 10 14 27 4719 217HN 334112115913599999999999999 61110920 9 1099999999999999
 69 89105113115112107103103107116127137143141129109 81 52 26  9  3 10 2719 218HN 347115131614399999999999999 7331022058  399999999999999
 51 76 97111116113105 97 92 92 99112128142150147134110 80 48 22  6  4 1519 219HN 4 6116141815099999999999999 828 912141  399999999999999
 36 62 88106115115106 94 83 77 79 90108128145153150134108 76 45 21 10 1219 220HN 426116151415499999999999999 915 772221  999999999999999
 27 52 78101114117110 96 80 67 63 68 83104127145152147129102 71 44 25 2019 221HN 44611716 51529999999999999910 0 632256 1999999999999999
 27 46 72 96113120116102 83 65 53 51 59 77101124140145138120 94 68 46 3419 222HN 5 61201655145999999999999991044 502327 3399999999999999
 35 48 69 93113123123112 93 71 53 43 43 54 74 97118131134125108 86 66 5219 223HN 5271251743134999999999999991128 422355 4899999999999999
 48 54 70 91112125129122105 84 62 45 38 40 53 72 93110119120111 97 81 6819 224HN 5501291832120999999999999991215 37999999999999999999999
 61 63 74 90109125133130118 99 77 57 43 37 41 53 69 86 99106105 99 90 8019 225HN 617133192710699999999999999 018 6113 5 3799999999999999
 74 73 79 91106121132134128113 94 74 56 45 40 43 53 65 78 88 93 94 91 8719 226HN 6471352039 9499999999999999 037 7314 5 4099999999999999
 83 82 85 92103115126132132123109 92 75 60 49 44 45 51 60 70 78 84 87 8819 227HN 723133999999999999999999999 050 821521 4499999999999999
 89 89 91 94100109118125129127119108 93 79 65 54 47 44 47 53 62 71 79 8519 228HN 8101299999999999999999999991656 44999999999999999999999
 91 94 97 98100103109115121124123118109 97 83 69 55 46 41 41 47 56 67 7919 3 1HN 9201249999999999999999999991823 40999999999999999999999
 89 97101103102101101104109115120122120113102 87 70 54 42 35 36 43 55 6919 3 2HN 3 010311 212299999999999999 5151011926 3599999999999999
 83 96104107105101 97 95 97103111119124124117105 87 67 49 35 30 32 42 5819 3 3HN 3 6107123112499999999999999 657 952012 2999999999999999
 75 92103109108102 95 89 87 90 98110121128128120105 83 61 42 29 26 33 4719 3 4HN 322109133212999999999999999 754 872049 2699999999999999
 66 85101110111105 95 85 78 78 84 97112126133131120100 76 53 35 26 27 3919 3 5HN 339111141913399999999999999 835 772122 2599999999999999
 57 78 97109113108 97 84 73 68 71 82 99117131136131115 92 67 45 30 27 3419 3 6HN 35611315 013699999999999999 910 682151 2699999999999999
 50 71 92107114111101 86 71 61 59 67 83103122134136126107 82 58 39 31 3319 3 7HN 413114153813799999999999999 942 592217 3099999999999999
 46 66 87105115115106 90 72 58 51 54 66 86108126134131118 96 72 51 39 3619 3 8HN 4301161615135999999999999991014 512242 3699999999999999
 45 62 83103115119111 96 77 59 47 44 52 69 91112127131124107 85 64 49 4319 3 9HN 4481191652131999999999999991046 4423 5 4399999999999999
 47 61 80100115121117104 84 64 47 39 41 53 73 95113124124114 97 77 61 5319 310HN 5 61211730125999999999999991119 392327 5299999999999999
 53 63 79 97113122122111 93 72 53 40 36 42 56 76 96111117114104 88 74 6419 311HN 5261231811118999999999999991154 362348 6199999999999999
 62 67 80 96112122125118103 82 62 45 36 35 43 59 77 93105108105 95 84 7519 312HN 5461251858108999999999999991233 34999999999999999999999
 71 74 83 96110121126123111 94 74 55 41 35 36 44 58 73 87 96 99 96 90 8419 313HN 6 81261959 9999999999999999 0 6 711321 3499999999999999
 81 82 88 97108119125126119106 88 70 53 42 36 36 43 53 66 77 85 90 91 9019 314HN 6331272149 9199999999999999 018 811425 3599999999999999
 89 90 93 99107116122126123116103 87 71 56 44 37 35 38 45 56 67 76 84 8919 315HN 7 7126999999999999999999999 0 7 891556 3499999999999999
 93 95 98101106111116121123121115105 92 77 62 48 37 30 30 35 45 58 71 8219 316HN 8 11239999999999999999999991734 29999999999999999999999
 91 98102103104106108111115118120117111101 86 69 51 35 25 22 27 38 54 7019 317HN 9541209999999999999999999991852 22999999999999999999999
 85 97103105103100 98 98101107115121123121111 95 74 51 32 19 16 22 37 5619 318HN 25510512 212399999999999999 626 981950 1699999999999999
 76 93103107104 97 89 84 84 89 99112124131130120101 76 51 29 17 15 25 4319 319HN 3 1107132513299999999999999 734 832038 1599999999999999
 66 87102109107 97 84 73 67 68 76 92111128137137125103 76 49 29 19 21 3519 320HN 316109142713899999999999999 823 662119 1899999999999999
 57 81100111111102 86 68 54 49 52 66 88111130140138125101 74 49 32 27 3419 321HN 333112152114199999999999999 9 7 492154 2799999999999999
 52 76 98113117110 93 72 51 37 33 41 60 86111130139135119 96 71 50 39 4019 322HN 352117161113999999999999999 949 332226 3899999999999999
 53 74 97115123120105 82 57 36 24 23 36 58 85110127132126110 89 68 54 5019 323HN 4131241658132999999999999991031 222254 5099999999999999
 57 73 95115128129118 97 70 44 25 16 20 35 59 85107120122115100 83 69 6219 324HN 4361301745123999999999999991113 162318 6199999999999999
 64 75 93113128134129112 88 60 36 21 16 22 39 61 84101110111103 92 80 7219 325HN 5 11341832112999999999999991155 162339 7099999999999999
 71 78 91109125135135124104 79 54 34 22 21 29 44 63 81 94100100 94 86 8019 326HN 5301361923101999999999999991240 202358 7899999999999999
 78 81 90103118129134129116 96 74 53 37 28 28 36 49 64 77 87 91 91 89 8519 327HN 6 11342032 92999999999999991331 27999999999999999999999
 84 85 90 98109120127128122108 91 72 56 43 37 36 41 51 62 72 80 84 87 8819 328HN 638129999999999999999999999 012 841434 3699999999999999
 88 89 91 95102109116121120114103 89 75 62 51 44 41 44 50 58 67 75 82 8719 329HN 72312199999999999999999999916 0 41999999999999999999999
 90 93 94 95 97100104109112112108101 92 80 68 57 48 43 43 47 54 64 74 8319 330HN 8321129999999999999999999991735 42999999999999999999999
 91 95 97 96 94 93 93 96100104107107104 97 86 73 60 48 41 40 44 53 65 7719 331HN 2 8 97103210799999999999999 520 931846 4099999999999999
 88 96100 99 95 89 85 83 86 92 99106110109102 90 75 59 46 38 37 43 55 7019 4 1HN 217100121711099999999999999 649 831936 3799999999999999
 84 96102102 97 88 79 73 72 77 87 99109115114105 91 73 55 41 35 37 47 6219 4 2HN 231103132211599999999999999 739 722015 3599999999999999
 79 94103105100 89 77 66 60 62 71 86101114120117106 88 68 50 38 36 42 5619 4 3HN 247106141112099999999999999 816 602047 3599999999999999
 74 92104109105 93 77 62 51 48 54 69 88107120124118103 82 62 46 38 41 5219 4 4HN 3 3109145412499999999999999 850 482116 3899999999999999
 70 89104112110 99 82 62 46 38 39 51 71 93113124125115 96 75 57 45 43 5119 4 5HN 319112153312699999999999999 922 372143 4399999999999999
 66 86104114116107 89 67 46 32 28 35 52 76100117125122108 89 70 55 49 5219 4 6HN 337116161112699999999999999 954 2822 9 4999999999999999
 65 83102116120114 98 75 52 32 22 22 35 56 82104119123116101 83 67 58 5719 4 7HN 3561201650123999999999999991026 202232 5699999999999999
 66 81100116123121108 86 61 37 21 16 22 38 62 87107117117108 93 78 68 6419 4 8HN 4161241730118999999999999991059 162255 6499999999999999
 69 81 98114124126116 98 73 48 27 15 15 25 44 67 89105112109100 88 78 7319 4 9HN 4371261814112999999999999991135 142315 7299999999999999
 74 83 97112124128123109 87 62 39 22 15 17 29 48 69 88100104101 94 86 8119 410HN 5 012819 4104999999999999991215 142333 8099999999999999
 80 86 96109121128127118100 78 55 36 22 18 22 33 50 67 82 92 95 94 90 8719 411HN 5251282011 969999999999999913 2 182346 8699999999999999
 86 89 96105116124127122111 94 74 54 38 27 23 26 35 48 62 75 84 88 90 9019 412HN 55612799999999999999999999914 4 23999999999999999999999
 90 91 95101109116121121117107 92 76 59 45 34 28 29 34 44 56 68 78 85 8919 413HN 6381229999999999999999999991528 28999999999999999999999
 92 93 95 97101105110113114112105 95 83 68 54 41 33 29 32 40 51 64 76 8619 414HN 74911499999999999999999999917 4 29999999999999999999999
 92 95 96 94 93 93 95 98103107109108102 93 79 63 47 35 29 30 38 51 66 8019 415HN 138 96101010999999999999999 436 931822 2899999999999999
 91 97 98 94 88 82 79 79 83 91101109113111103 88 70 51 37 30 31 41 56 7419 416HN 140 98121511399999999999999 626 781920 2999999999999999
 89 99102 98 88 76 66 60 61 68 82 97111119120111 95 74 54 39 33 37 50 6819 417HN 155102133312099999999999999 724 6020 6 3399999999999999
 87101107105 94 77 60 47 41 44 56 75 96114124125115 97 75 56 43 40 48 6419 418HN 214107143412699999999999999 810 412045 4099999999999999
 84102113114104 86 63 42 28 24 30 48 72 97116127126114 95 75 58 49 51 6319 419HN 235115152612899999999999999 854 232119 4999999999999999
 82102117123116 99 75 48 26 13 12 23 45 72 98117126123110 92 74 62 58 6519 420HN 258123161412699999999999999 935 112150 5899999999999999
 81101119129128114 91 62 34 13  3  6 22 47 75 99115121116103 87 74 67 6919 421HN 32413017 0121999999999999991016  32218 6799999999999999
 80 98117131135127108 81 50 24  6  1  8 27 52 78 99111114108 96 84 75 7419 422HN 3521351745114999999999999991056  12244 7399999999999999
 80 94111128137135122 99 70 42 19  6  5 15 35 59 81 97105106100 90 82 7819 423HN 4221371831107999999999999991136  423 9 7899999999999999
 81 90104120132136130113 89 62 38 20 11 14 25 44 64 82 94 99 98 93 87 8319 424HN 4541361920 99999999999999991218 112336 8299999999999999
 82 87 97110123130130121103 81 58 38 25 20 24 35 51 67 80 89 93 93 90 8619 425HN 5291312021 939999999999999913 3 20999999999999999999999
 85 86 92101111120124121111 95 76 58 43 33 30 34 43 55 68 78 85 89 90 8919 426HN 6 71242154 9099999999999999 0 4 851356 3099999999999999
 88 88 89 93100107113115111103 90 75 61 50 42 39 41 48 57 67 76 83 88 9019 427HN 6541152351 9199999999999999 044 8815 4 3999999999999999
 91 90 89 89 91 94 99103105103 98 89 78 67 57 49 45 45 49 57 67 76 84 9019 428HN 8 3105999999999999999999999 233 891628 4499999999999999
 93 93 91 88 85 84 85 89 93 97 98 97 91 83 73 62 53 47 46 50 58 68 79 8819 429HN 037 93 956 9899999999999999 458 841744 4699999999999999
 94 96 95 89 83 76 73 74 78 85 93 98 99 96 89 78 66 55 48 47 52 61 73 8619 430HN 1 2 961150 9999999999999999 619 731841 4799999999999999
 95100 99 93 83 72 64 60 62 70 81 92101104102 93 80 66 54 48 49 56 68 8219 5 1HN 12310013 410499999999999999 7 9 601925 4899999999999999
 95103104 99 87 72 58 49 47 52 64 80 95106110106 95 80 65 54 50 54 64 7919 5 2HN 142105135811099999999999999 748 4620 1 5099999999999999
 94105110106 94 76 58 42 34 35 45 63 83101112114108 94 78 64 55 55 63 7619 5 3HN 2 2110144411599999999999999 823 332033 5499999999999999
 93107115113103 84 62 41 26 21 27 43 66 89107117116107 92 76 64 60 63 7519 5 4HN 223115152711899999999999999 858 2121 3 6099999999999999
 91107118120113 95 71 46 25 13 13 24 45 71 95112119115104 88 75 67 67 7519 5 5HN 24512116 811999999999999999 932 112132 6699999999999999
 89106120126122107 84 56 30 12  4  9 26 51 78100114118112 99 86 76 72 7619 5 6HN 3 812616511189999999999999910 7  42158 7299999999999999
 88103119129129119 98 71 42 18  3  1 10 31 57 83102113114106 95 85 79 8019 5 7HN 3331301734114999999999999991043  02224 7899999999999999
 87101116128133128112 87 59 32 11  1  2 15 37 62 85101108107101 92 85 8319 5 8HN 4 01331822109999999999999991123  02248 8399999999999999
 88 98111124133132122103 78 51 27 10  3  8 22 43 65 84 97102101 96 90 8719 5 9HN 42913419151029999999999999912 6  32313 8799999999999999
 88 95105117127132128116 96 72 48 27 14 10 16 29 47 66 82 92 96 96 92 8919 510HN 5 41322020 96999999999999991255 102344 8899999999999999
 89 91 98108117125126121109 91 70 50 33 22 19 24 35 50 65 78 88 92 93 9119 511HN 5461272141 93999999999999991355 19999999999999999999999
 89 89 92 97104111117118114104 90 74 57 42 32 28 31 39 51 65 77 86 91 9219 512HN 6441182256 9299999999999999 035 8915 8 2899999999999999
 91 89 87 87 90 94100105108107102 93 80 67 53 42 37 37 43 54 67 79 89 9419 513HN 8171082342 9599999999999999 229 871628 3699999999999999
 94 92 87 81 78 77 79 85 92 99103103 98 89 77 63 51 44 43 48 59 73 86 9519 514HN1031103999999999999999999999 443 771739 4299999999999999
 99 98 91 81 71 63 60 62 69 80 92101106105 98 86 71 58 50 49 56 68 83 9619 515HN 013 99122110699999999999999 6 7 601836 4999999999999999
104106100 88 72 57 46 41 44 55 71 87102110111105 92 77 64 57 58 66 80 9619 516HN 042106133811299999999999999 7 5 411923 5699999999999999
109114111100 82 60 41 28 24 30 45 65 87104114116108 95 80 68 64 67 79 9519 517HN 111114143811699999999999999 754 2420 3 6499999999999999
110121123114 97 72 47 25 13 11 21 40 65 89107117117108 95 81 72 71 78 9219 518HN 141123153011899999999999999 839 102040 7099999999999999
109124131128113 90 61 34 13  2  4 18 41 68 92109117115106 93 82 76 79 8919 519HN 212131161711899999999999999 921  12113 7699999999999999
105122134137128108 81 50 23  4 -3  4 21 46 73 96110115111102 90 82 80 8619 520HN 24513717 21159999999999999910 2 -32146 8099999999999999
 99115131140138124100 70 40 16  1 -1  9 29 55 79 98109111106 97 88 83 8419 521HN 3201401744111999999999999991041 -22219 8399999999999999
 93107123136140133116 90 61 34 14  4  6 19 40 63 84 99106106100 92 86 8419 522HN 3551401826107999999999999991120  32252 8499999999999999
 88 98112126136136126106 81 54 31 16 11 16 30 50 71 88 98102101 95 89 8519 523HN 43213719 91039999999999999912 0 112328 8599999999999999
 85 91101114126131128116 96 73 51 33 22 20 28 42 59 76 89 97 99 96 92 8719 524HN 5101311955 99999999999999991240 20999999999999999999999
 85 86 92102112121123118106 88 69 51 37 30 31 39 51 66 79 89 95 96 94 9019 525HN 5521232047 9699999999999999 0 9 851324 3099999999999999
 86 85 86 91 99107113114108 98 83 68 54 44 39 41 48 58 70 81 90 94 95 9319 526HN 6401142144 9599999999999999 1 4 851415 3999999999999999
 89 86 84 84 87 92 98103104100 92 82 70 59 51 48 49 54 63 74 84 92 96 9619 527HN 7441042238 9699999999999999 225 831516 4799999999999999
 94 89 84 80 78 79 83 88 94 96 96 91 83 74 65 58 54 55 60 68 79 88 95 9919 528HN 917 972322 9999999999999999 4 9 781624 5499999999999999
 98 94 87 79 72 68 68 72 78 86 92 95 93 88 80 71 64 59 60 65 74 85 9510119 529HN11 8 95235710499999999999999 533 671727 5999999999999999
104101 93 83 71 60 55 55 61 70 82 91 97 98 94 86 76 68 64 65 71 81 9310319 530HN1239 98999999999999999999999 630 541819 6399999999999999
108108102 89 74 58 46 40 42 51 66 81 94103104 99 90 80 72 68 71 79 9110319 531HN 028109134410499999999999999 715 4019 4 6899999999999999
112116111 99 82 61 43 30 26 32 46 65 84100109110103 93 82 75 74 79 8910219 6 1HN 057116143611099999999999999 755 261944 7399999999999999
114122121111 94 70 46 26 15 15 25 44 67 89106114113105 94 84 79 80 8810019 6 2HN 126122152411599999999999999 833 132020 7999999999999999
114125129123108 84 57 31 12  4  7 23 46 72 95111117114105 94 86 84 88 9819 6 3HN 15612916 911799999999999999 912  32054 8499999999999999
112126134134122101 73 44 18  1 -3  5 24 51 78100113117112103 94 88 89 9619 6 4HN 227135165411799999999999999 952 -32127 8899999999999999
108122135140134119 93 63 33  9 -4 -5  7 30 57 82102112114108100 93 90 9319 6 5HN 3 11401740114999999999999991033 -62159 9099999999999999
102116130140141132113 85 55 26  6 -4 -1 14 37 63 86102109109103 96 91 9119 6 6HN 3381421826110999999999999991116 -42234 9099999999999999
 96107121134141139127106 79 50 25  8  2  7 23 45 68 87100105104 98 92 8919 6 7HN 41914119131059999999999999912 2  22315 8999999999999999
 90 97108121132137133120100 75 49 28 15 11 18 33 53 73 89 98101 99 94 8819 6 8HN 5 513720 0101999999999999991250 11999999999999999999999
 86 88 94105116125129125113 95 74 53 36 26 24 30 44 61 78 91 98 99 96 9019 6 9HN 559129204410099999999999999 0 6 861342 2399999999999999
 84 81 82 88 97106114118115107 93 77 60 46 38 37 43 55 70 84 94100100 9519 610HN 7 7118212710099999999999999 116 811440 3799999999999999
 88 80 75 74 77 84 93101106107103 94 82 69 58 51 50 55 65 79 9110010410219 611HN 83810722 810499999999999999 247 741541 4999999999999999
 95 86 76 67 63 64 69 77 87 95100101 96 88 78 69 62 61 66 76 8810010811019 612HN1035101225011099999999999999 424 631642 6199999999999999
106 96 83 69 57 50 48 53 63 75 87 97101101 96 87 78 72 71 76 86 9911011719 613HN1225102233211899999999999999 544 481740 7199999999999999
117110 97 80 61 45 35 33 39 51 67 83 96104106102 93 85 79 79 85 9610912019 614HN1346106999999999999999999999 647 331831 7899999999999999
125123113 96 74 51 33 22 20 28 44 64 83 99108111106 97 89 84 85 9310511919 615HN 015126144711199999999999999 739 201919 8499999999999999
129133128114 92 66 41 21 11 12 23 42 65 87103112113107 98 91 87 90 9911319 616HN 058133153711499999999999999 826 1020 3 8799999999999999
127137138130111 86 57 31 12  4  8 23 46 70 92108115113106 97 91 89 9410519 617HN 140139162011599999999999999 910  42045 8999999999999999
120134142140128106 77 48 23  7  3 11 29 53 78 98111115111103 95 89 90 9719 618HN 22114317 011599999999999999 951  22126 8999999999999999
110126139144139123 98 68 40 18  6  6 18 38 63 86103112113107 99 91 88 9019 619HN 3 11441736113999999999999991029  422 5 8899999999999999
100115130141143134114 88 60 34 16  9 14 28 50 73 93106111109102 93 87 8619 620HN 34114318101119999999999999911 7  92243 8699999999999999
 91103117131139137125105 79 53 31 19 16 24 41 62 82 98107108104 96 89 8419 621HN 4201401843108999999999999991143 162322 8499999999999999
 85 92104118129134129115 94 71 49 32 24 26 37 54 73 90101106105 99 91 8519 622HN 5 01341915106999999999999991218 24999999999999999999999
 82 84 92104116124126119105 86 65 48 36 33 38 50 66 82 95103105101 95 8719 623HN 542126194910599999999999999 0 4 821253 3399999999999999
 82 80 83 90101111117116109 96 80 63 50 43 43 50 62 76 89 99104104 99 9219 624HN 629117202410599999999999999 053 801331 4399999999999999
 84 79 77 80 86 95103107107101 90 77 65 56 52 54 61 72 84 95103106104 9819 625HN 72510821 210699999999999999 155 771412 5299999999999999
 90 82 75 73 74 78 86 93 98 99 95 88 79 70 64 62 64 71 81 9210110710810419 626HN 840 99214210899999999999999 314 7215 0 6299999999999999
 97 88 78 70 65 64 68 75 84 91 94 94 90 84 78 73 71 73 80 89 9910711111119 627HN1022 94222511299999999999999 437 641558 7199999999999999
106 96 84 72 61 54 52 56 65 76 86 93 96 95 91 86 81 79 81 88 9710611411719 628HN1214 9623 811799999999999999 545 5217 0 7999999999999999
115107 94 79 62 48 40 39 45 57 71 85 96101102 99 93 88 86 89 9510411412119 629HN1338102235112399999999999999 639 381758 8699999999999999
123119108 91 70 50 34 25 26 35 51 70 87101108109105 99 93 92 9510211312319 630HN1438109999999999999999999999 727 241851 9299999999999999
129129122107 85 60 37 20 12 15 28 49 71 92107114114108102 97 9610111012119 7 1HN 033130152811599999999999999 812 121938 9699999999999999
131137135124104 77 49 24  7  2  9 26 50 75 97111117115109102 98 9910511619 7 2HN 116138161311799999999999999 857  22022 9899999999999999
129140144139124 99 69 39 14 -1 -4  7 28 55 81102114118114107100 97 9910819 7 3HN 2 0144165611899999999999999 941 -421 4 9799999999999999
121135146148140122 94 62 31  8 -4 -3 11 34 62 87105114115109101 95 93 9819 7 4HN 2461491735116999999999999991026 -62147 9399999999999999
109124139149149139118 89 57 28  7 -1  3 20 44 70 92107113111103 94 89 8919 7 5HN 3331501811113999999999999991110 -22232 8899999999999999
 95108124139147146134112 84 54 29 12  7 15 33 56 79 98108110105 96 87 8219 7 6HN 4231481844110999999999999991153  72321 8199999999999999
 83 91104121134141139126106 80 54 34 22 21 30 48 70 89103109107 99 89 7919 7 7HN 5151411915109999999999999991236 20999999999999999999999
 74 76 84 98113125131128117100 78 58 43 35 37 48 65 83 99109110105 95 8319 7 8HN 613131194511199999999999999 015 741318 3599999999999999
 73 68 69 77 89102113118117109 95 79 65 54 50 54 65 80 96108114112104 9219 7 9HN 718119201711499999999999999 119 681359 5099999999999999
 79 68 62 61 67 77 88 99105106102 93 83 73 67 66 70 81 9410711611911510519 710HN 840106205411999999999999999 234 611443 6599999999999999
 91 77 64 56 53 56 64 75 85 93 98 98 94 89 83 79 79 84 9310411512212311819 711HN1032 98213912499999999999999 358 531532 7899999999999999
107 92 75 60 49 43 44 51 62 74 85 93 98 98 96 92 89 89 9310111212212812819 712HN1239 99223212999999999999999 521 431631 8899999999999999
122109 93 74 55 41 34 33 41 53 68 82 94101104102 99 95 95 9810611712613219 713HN14 6104233113399999999999999 631 331738 9499999999999999
132125112 92 70 49 33 24 25 33 48 66 83 98107109107102 98 9710110912013019 714HN15 0109999999999999999999999 728 231843 9799999999999999
137137129112 90 65 42 25 17 19 31 49 69 89104112113109102 97 9610111012319 715HN 029138154111499999999999999 817 171941 9699999999999999
134141140130110 85 58 34 18 13 18 33 54 77 96110116114107100 94 9410011219 716HN 122142161511699999999999999 9 1 132031 9499999999999999
126139145141128105 78 50 27 14 12 21 40 63 86104114116111103 94 90 9210019 717HN 210145164611699999999999999 940 112116 9099999999999999
114130142146139122 97 69 42 23 14 16 30 51 75 96110116114106 96 88 85 9019 718HN 2541461714116999999999999991017 132155 8599999999999999
101117133143144134114 88 60 36 21 17 25 42 64 86104113114109 99 89 82 8219 719HN 3351451739115999999999999991050 172232 8199999999999999
 89103120134142139125103 77 52 33 24 25 37 56 78 97109114111102 91 81 7719 720HN 41414218 3114999999999999991122 2323 9 7799999999999999
 80 89105121133137130114 92 68 48 34 31 37 52 71 91105113113106 95 83 7619 721HN 4531371827114999999999999991151 312348 7399999999999999
 74 79 90105119128128120103 83 63 47 40 41 51 67 85101111114110100 88 7819 722HN 5331291852114999999999999991219 39999999999999999999999
 71 71 78 89103115120118109 93 76 61 51 49 54 66 82 97109115113106 95 8319 723HN 616121191811599999999999999 030 711247 4999999999999999
 73 68 69 76 86 98107111108100 87 74 64 59 61 68 80 94106114116112102 9019 724HN 7 5111194711699999999999999 120 681316 5999999999999999
 78 70 65 66 71 80 90 98102100 94 85 77 71 70 74 81 92104113118117110 9919 725HN 810102201911899999999999999 222 651346 7099999999999999
 87 75 66 60 60 64 72 81 89 94 95 92 88 84 81 82 86 9310211111812011711019 726HN 943 95205712099999999999999 337 591423 8199999999999999
 98 85 71 60 53 50 53 61 71 81 89 94 96 95 93 92 92 9610210911712212312019 727HN12 7 96214512499999999999999 456 501516 9299999999999999
111 98 83 67 52 42 38 41 50 62 76 88 9710210310210110110310811512212712819 728HN14 1103224412899999999999999 6 5 38163810099999999999999
124114 99 80 60 42 30 25 29 40 56 74 9010210911110910610510611111812613219 729HN1457111235013499999999999999 7 4 2518 210599999999999999
134130118100 77 53 32 18 13 19 33 54 75 9410811511511210710510611212113119 730HN1535116999999999999999999999 756 13191010599999999999999
139141136122100 73 45 22  7  4 13 32 56 8010011311811611010410110311112219 731HN 05314116 911899999999999999 845  420 610199999999999999
135145148142125 99 68 38 14  1  1 13 36 62 87106116117112103 96 94 9810819 8 1HN 151148163911899999999999999 931 -12055 9499999999999999
123139150153144125 96 63 33 11  1  4 21 45 73 96111117114104 94 86 84 9119 8 2HN 24515317 6117999999999999991015  02142 8499999999999999
104123140152153143121 92 60 32 13  7 15 34 60 85105115115107 94 82 74 7519 8 3HN 3381541732116999999999999991056  72229 7399999999999999
 83100120138149149137115 87 58 34 21 20 32 53 77 99113117112 99 83 70 6419 8 4HN 4301501755117999999999999991134 192317 6399999999999999
 66 77 95115132141140128107 82 59 42 34 38 52 73 95111119117107 91 74 6119 8 5HN 52314218191209999999999999912 9 34999999999999999999999
 56 59 71 88107122129128117100 80 63 52 51 58 74 93110121123117102 85 6719 8 6HN 617130184512499999999999999 0 8 551241 5099999999999999
 55 50 54 65 81 97110116114106 94 80 70 65 68 77 92108121128126115 99 8119 8 7HN 718116191512899999999999999 1 4 501310 6599999999999999
 64 53 48 50 59 72 86 96102102 98 91 84 79 79 84 93106119128131126114 9819 8 8HN 834103195113199999999999999 2 9 481337 7899999999999999
 81 65 53 47 47 53 63 74 84 91 94 94 93 91 89 91 9510411412413113212611519 8 9HN1037 95203713299999999999999 328 4614 5 8999999999999999
100 83 67 54 45 42 46 54 64 75 84 91 96 98 98 98 9910210911712513113212719 810HN2139132999999999999999999999 456 42999999999999999999999
117103 86 69 53 42 37 38 46 57 70 83 9310110410510310210410911612413013219 811HN1435105225813299999999999999 615 37165710299999999999999
129121107 88 68 50 37 31 32 41 55 71 86 9910711010810410110110511312213019 812HN15 3110999999999999999999999 718 30183110199999999999999
135133124109 88 65 45 31 25 29 40 57 76 94107113113108101 96 9610111012219 813HN 016135152811499999999999999 8 7 251937 9699999999999999
132138136126108 84 59 38 25 22 29 44 65 85102113116112103 95 89 90 9710919 814HN 117139155211699999999999999 849 222026 8999999999999999
124136142138124103 77 51 32 22 23 34 53 76 96110117115106 95 86 82 85 9519 815HN 2 7142161511799999999999999 925 2121 7 8299999999999999
111128140144136119 95 68 44 28 22 28 44 66 88106116117110 98 85 77 75 8219 816HN 251144163611799999999999999 958 222143 7599999999999999
 96114132142142131110 84 59 38 28 28 39 59 81101114118113101 87 75 69 7019 817HN 3301431656118999999999999991027 262217 6899999999999999
 81 99118134141136122 99 74 52 37 32 39 54 75 96111118116106 91 76 66 6319 818HN 4 81411715119999999999999991054 322251 6399999999999999
 69 83102120133136128110 88 66 49 40 42 53 72 92109119119111 97 81 67 5919 819HN 4451361735120999999999999991119 402326 5899999999999999
 60 69 85104120128127117 99 79 61 51 49 56 70 89106118122117104 88 72 6019 820HN 5231291755122999999999999991143 48999999999999999999999
 56 59 71 87104116121117106 90 74 62 58 61 72 87103116123121111 96 79 6519 821HN 6 4121181712399999999999999 0 3 5612 5 5899999999999999
 56 54 60 71 86100110112107 97 85 74 68 69 76 87101114123124118105 89 7319 822HN 650112184112499999999999999 045 541226 6899999999999999
 61 54 53 59 69 82 94101103 99 92 85 79 78 82 90101112121125123114100 8419 823HN 74910319 712599999999999999 135 521244 7899999999999999
 70 58 52 51 55 64 75 85 92 95 95 92 89 88 90 95102111119125126121111 9819 824HN 920 95194012699999999999999 241 501256 8899999999999999
 83 69 57 49 46 48 55 65 75 84 90 94 96 97 9810110511011712212612612111219 825HN2027126999999999999999999999 4 6 46999999999999999999999
100 85 70 55 44 38 38 44 54 66 79 89 9710310510710811011311812312612712419 826HN2145127999999999999999999999 532 37999999999999999999999
117105 89 71 53 38 28 27 33 45 61 77 9210310911211110910911111512112713119 827HN15 9112232613199999999999999 643 26174310999999999999999
130124112 93 71 48 30 19 17 25 40 60 81 9810911411310910510210411011912919 828HN1520115999999999999999999999 741 1619 810299999999999999
136139133119 97 70 44 23 11 11 22 42 65 88105114115110102 94 91 9410311619 829HN 049139153911699999999999999 831 1020 4 9199999999999999
131143146140123 98 68 39 19  9 12 27 51 76 98112116112101 89 80 77 83 9619 830HN 154146155911699999999999999 915  92051 7799999999999999
115134147151143124 96 65 37 19 13 21 40 65 90109117115105 89 74 64 63 7219 831HN 251151161911899999999999999 956 132135 6299999999999999
 90113134148151141120 92 62 39 25 25 37 59 84106118120111 94 74 58 50 5219 9 1HN 3441511639121999999999999991032 232220 4999999999999999
 64 85110132144145134113 87 62 44 37 42 58 81104120125120104 83 61 45 3919 9 2HN 43514617 01259999999999999911 5 3723 5 3999999999999999
 44 59 82106126136135123104 83 64 54 53 63 81102120130129117 97 73 52 3819 9 3HN 5251371723131999999999999991133 522352 3499999999999999
 34 41 57 79100116124122112 97 81 70 66 71 83101119132135128112 90 66 4719 9 4HN 6171241749135999999999999991158 66999999999999999999999
 35 34 41 56 75 93105111109101 91 83 78 79 87100116130137136125107 85 6419 9 5HN 714111182013899999999999999 042 331218 7899999999999999
 48 38 37 43 55 70 84 94 98 98 95 90 87 87 91100112124133137132121104 8519 9 6HN 828 99185713799999999999999 140 361233 8799999999999999
 67 52 43 41 45 53 64 75 84 90 92 93 93 94 9610010711612513113212811710319 9 7HN1944132999999999999999999999 252 41999999999999999999999
 87 72 58 49 44 45 50 58 68 77 85 92 96 9910010210410811412012512712411719 9 8HN2053127999999999999999999999 423 44999999999999999999999
106 93 78 64 52 44 42 45 53 64 76 87 9610210510510310310410811311912312319 9 9HN1427105223712399999999999999 552 42165810399999999999999
119111 98 82 66 51 41 38 41 51 64 79 92103108109105100 97 9610010611512219 910HN1437109999999999999999999999 659 381838 9699999999999999
126124116101 83 64 47 37 34 40 52 69 86100110112109101 93 87 87 9210211419 911HN 012126145411299999999999999 748 341936 8699999999999999
124130128118101 80 58 42 33 33 43 59 78 96109114112104 92 82 77 78 8710119 912HN 116130151311599999999999999 827 322018 7699999999999999
117129135131117 97 73 52 37 32 37 51 70 90107115115107 94 80 70 67 72 8519 913HN 2 5135153011699999999999999 9 1 322053 6799999999999999
104122134137129112 89 65 46 35 35 45 64 85103115118112 98 81 67 58 59 6919 914HN 247137154811899999999999999 930 342126 5799999999999999
 87108127137136124104 80 58 43 38 44 59 80100115121117104 86 68 54 50 5519 915HN 32613816 512199999999999999 957 382158 5099999999999999
 70 92114130136131115 94 71 54 45 47 58 76 97114123121110 92 72 55 45 4519 916HN 4 21361623123999999999999991022 442230 4399999999999999
 55 74 97117130131122105 84 66 54 52 59 75 94112124126117101 80 59 45 3919 917HN 4391321641126999999999999991044 5223 3 3999999999999999
 44 58 79101118126124112 95 78 65 60 64 75 92110123128123109 89 67 49 3819 918HN 51712717 11289999999999999911 5 602337 3799999999999999
 37 46 63 83102115120115103 89 76 69 70 78 92108122129128117 99 78 58 4319 919HN 5571201721130999999999999991125 69999999999999999999999
 36 39 50 66 85100110111106 96 86 79 78 83 93106119128130123109 90 70 5219 920HN 642111174313099999999999999 014 361142 7899999999999999
 41 37 41 52 67 82 94101103 99 93 88 86 89 96106117126130127118102 84 6619 921HN 74110318 813099999999999999 059 371154 8699999999999999
 51 42 39 43 51 63 76 86 93 96 95 94 93 95100106114122127128123113 99 8319 922HN 920 96183912899999999999999 158 391147 9399999999999999
 67 54 45 40 41 47 56 67 77 86 92 96 9810110310711211712212512512011210119 923HN1928125999999999999999999999 321 40999999999999999999999
 87 73 59 47 39 36 39 47 58 71 82 92 9910410710810911011311611912112011619 924HN2111121999999999999999999999 5 0 36999999999999999999999
107 95 80 64 48 36 30 31 39 53 68 84 9610510910910610310210310711311912319 925HN1428109232912499999999999999 620 3018 310299999999999999
123117105 88 67 48 32 25 26 36 53 72 90103110111106 98 91 88 90 9710711919 926HN1433111999999999999999999999 720 241911 8899999999999999
128132127114 93 69 46 30 22 26 40 60 82100111113108 96 84 74 71 75 8610319 927HN 058132144711499999999999999 8 9 221959 7199999999999999
121134140135119 96 69 45 30 26 34 51 74 96111117113100 82 66 55 53 61 7819 928HN 2 214015 511799999999999999 851 262042 5299999999999999
101123138144137120 95 68 47 35 36 48 69 93112122120108 88 66 47 37 38 5119 929HN 258144152312399999999999999 928 342124 3699999999999999
 73 99123139143135116 92 68 52 46 52 68 90112126129120100 74 49 31 23 2819 930HN 34914315441299999999999999910 0 4622 7 2399999999999999
 45 71 99122135137127109 88 70 60 60 71 90111129136131115 90 62 37 21 161910 1HN 43913816 8136999999999999991029 582249 1699999999999999
 25 45 71 97118128127117102 85 74 70 76 90109128140140129108 80 52 30 171910 2HN 5271291634142999999999999991054 702333 1599999999999999
 16 28 48 72 95111118116107 96 85 80 82 91106124138144139123100 72 47 291910 3HN 61711817 3144999999999999991116 80999999999999999999999
 20 22 34 52 73 91103107106100 92 87 87 92103117131141141133115 93 69 481910 4HN 712107173614299999999999999 019 201135 8799999999999999
 34 28 31 41 56 72 86 95 98 98 96 93 92 94100110122131136134124108 89 701910 5HN 824 99181313799999999999999 110 281150 9299999999999999
 53 42 37 39 47 58 70 80 88 93 95 96 96 97100104111119125128125117104 891910 6HN19 0128999999999999999999999 212 37999999999999999999999
 74 61 51 46 45 50 57 67 76 85 91 96 991001011021031071121161181171121041910 7HN2012118999999999999999999999 335 45999999999999999999999
 93 81 69 58 51 48 50 56 65 75 85 94100104104102 99 97 981011061101121121910 8HN1332104221611299999999999999 5 8 481711 9799999999999999
107 99 88 75 62 52 47 48 54 65 78 90100106108104 98 92 87 87 91 981051121910 9HN1346108999999999999999999999 621 471835 8799999999999999
115112104 92 76 62 50 45 47 56 69 84 98107111108100 90 80 75 76 82 93105191010HN 0 411514 311199999999999999 713 451924 7499999999999999
115120117108 93 75 59 48 45 50 62 78 95107114113104 91 77 66 62 66 77 93191011HN 111120142011499999999999999 753 4520 1 6299999999999999
109121125120108 90 71 55 47 48 57 73 91106116117109 95 77 61 52 51 60 76191012HN 2 0125143711899999999999999 826 462035 5099999999999999
 96115126128120104 84 66 53 49 55 69 87105118122116101 81 61 46 40 44 58191013HN 242129145512299999999999999 855 4921 7 4099999999999999
 80102120130128116 98 79 63 55 56 67 84103118126123109 89 66 45 33 31 42191014HN 321130151312699999999999999 921 542138 3199999999999999
 61 86109125130124110 91 74 63 61 68 82101118128129118 99 74 50 32 24 28191015HN 359130153213099999999999999 946 602210 2499999999999999
 44 67 93114126127118103 86 73 67 71 82 99116129133126109 85 59 37 23 21191016HN 43612815521339999999999999910 9 672242 2099999999999999
 30 50 74 98116123121110 96 83 76 76 83 97114128135132119 97 71 46 28 19191017HN 5151241613135999999999999991030 752316 1999999999999999
 22 36 57 80101114118114103 92 84 82 86 97111126135136127109 85 60 38 24191018HN 5561181635136999999999999991050 822353 2099999999999999
 20 27 42 62 83100109111106 99 92 88 90 98109122132136132119 99 76 53 36191019HN 64411117 01369999999999999911 8 88999999999999999999999
 26 25 32 47 65 82 95102104101 97 94 95 99107118127133133125111 92 71 52191020HN 746104172813499999999999999 037 241121 9499999999999999
 38 31 30 37 49 63 77 89 96 98 99 98 98101106112120126129127119106 90 73191021HN 932 9918 512999999999999999 132 301118 9899999999999999
 57 45 37 35 39 48 59 72 83 91 96 99101102104107111116119121120114105 93191022HN19 5121999999999999999999999 249 35999999999999999999999
 79 66 53 43 39 39 45 55 68 80 91 98102104104103102103105108111113113109191023HN1315104211811499999999999999 424 3816 510299999999999999
101 90 76 61 48 40 38 43 54 68 83 95103107105101 95 90 88 89 94102110115191024HN1314107234111699999999999999 546 3818 5 8899999999999999
116111100 85 68 52 42 39 45 58 74 90103110110103 92 81 72 69 72 81 94108191025HN1328110999999999999999999999 648 3919 2 6999999999999999
119124121109 92 72 55 45 44 52 68 86103114116110 96 78 62 51 48 55 70 89191026HN 1 7124134611699999999999999 736 431948 4899999999999999
109124131127115 95 75 59 51 53 65 83103117124120106 84 61 42 31 31 42 63191027HN 21113114 712499999999999999 817 502030 3099999999999999
 88111128134130115 96 77 64 60 66 82102120131131119 98 70 44 24 15 19 35191028HN 3 6134143013299999999999999 852 602112 1599999999999999
 60 88113129134128113 94 79 70 72 82100120136141134115 87 56 29 11  6 14191029HN 356134145614199999999999999 924 702154  599999999999999
 34 62 90113127129122108 93 82 79 84 99118136146145131107 76 44 19  5  4191030HN 444130152514799999999999999 952 782235  299999999999999
 16 38 66 93112122122114103 92 86 87 97113131145150143125 97 66 37 16  6191031HN 5311231556150999999999999991019 852317  599999999999999
  9 23 46 72 94109116114107 98 92 90 95107123138148147136115 88 59 35 181911 1HN 6181161630149999999999999991045 902359 1399999999999999
 13 19 34 55 76 94105109107102 96 93 95102113127139144140126105 81 57 371911 2HN 7 910917 6144999999999999991113 93999999999999999999999
 26 24 31 44 62 79 92100103102 99 96 95 98105115125133135129116 98 77 581911 3HN 810103174513599999999999999 044 231145 9599999999999999
 44 36 35 42 53 67 80 90 97100100 99 98 98100105112119124124118107 93 781911 4HN 936100183212499999999999999 135 351235 9799999999999999
 64 53 46 46 50 59 69 80 89 96100101101 99 98 98100104109112113110102 931911 5HN1114101194011399999999999999 238 451429 9899999999999999
 81 70 61 55 53 55 62 71 81 90 98103104103100 96 92 92 93 971011041051021911 6HN12 4104213610599999999999999 358 531651 9299999999999999
 96 87 77 68 60 57 58 64 73 84 95103107107104 97 89 82 79 81 86 931001041911 7HN1234108233910599999999999999 516 571812 7999999999999999
104101 93 83 72 63 59 60 67 78 90102109112109101 89 77 69 66 69 77 88 991911 8HN1257112999999999999999999999 616 5919 0 6699999999999999
107110106 98 86 73 64 61 64 73 86100111116115107 93 77 62 53 52 59 72 881911 9HN 057110131911799999999999999 7 1 611939 5299999999999999
103113115111100 86 73 65 64 71 83 98112120122115100 80 61 46 39 42 54 72191110HN 152115134012299999999999999 739 642013 3999999999999999
 92109119120113 99 85 73 68 71 81 95111123128123109 88 65 44 30 27 35 53191111HN 23712014 112899999999999999 811 682046 2799999999999999
 76 99116123122112 97 84 75 74 80 93110124133132120 99 73 48 28 18 20 34191112HN 318124142413499999999999999 841 732119 1799999999999999
 57 83106121125120109 95 84 79 82 92107124135138130112 86 57 32 16 11 19191113HN 358126144713899999999999999 9 9 792152 1199999999999999
 38 64 91111123124117105 93 85 85 92105121135142139124100 71 43 20  9  9191114HN 438125151214299999999999999 935 842227  799999999999999
 22 45 72 97114122121112101 93 89 93103117132142144134115 88 58 32 14  7191115HN 51912315381449999999999999910 0 8923 3  799999999999999
 13 29 53 79100114118115107 99 94 95101113127139145141127104 76 49 27 13191116HN 6 311816 7145999999999999991025 942343 1099999999999999
 11 19 37 60 83100110113110103 98 97100109120132141142134118 95 69 45 27191117HN 6521131639142999999999999991050 97999999999999999999999
 17 18 28 45 65 84 98106108105101 99 99104113123132137135126110 89 67 47191118HN 751108171613799999999999999 027 161119 9999999999999999
 32 25 27 36 51 67 83 95102104103101 99101105111119126129126118104 87 70191119HN 9 310418 512999999999999999 120 2512 5 9999999999999999
 53 41 35 36 43 55 69 83 94101103103101 99 98100104109114117117112103 91191120HN1018103192211899999999999999 224 351343 9899999999999999
 77 63 52 46 44 49 59 72 85 96103105104100 96 92 90 91 94 99105108108105191121HN11 9105213310999999999999999 341 441611 9099999999999999
 97 87 75 63 55 52 56 65 78 91102108109106 98 88 80 74 73 76 84 93102108191122HN1144110234711099999999999999 457 521745 7299999999999999
110106 97 85 73 63 60 63 73 87101111116114106 92 77 63 55 53 58 70 85 99191123HN1214116999999999999999999999 6 0 601845 5299999999999999
110116114106 93 80 71 68 73 84 99114123125118103 83 62 45 35 34 43 59 80191124HN 116116124312599999999999999 652 681935 3399999999999999
 99114121120111 98 85 78 77 84 98114128134132119 98 72 46 27 18 20 33 54191125HN 221122131413599999999999999 735 762020 1799999999999999
 79102118125123113100 89 84 86 96112129141143135116 89 59 32 13  6 12 29191126HN 316126134714499999999999999 813 8421 3  699999999999999
 55 82105121126123113101 92 90 95108125141150148135110 79 47 20  4  1 11191127HN 4 5126142115199999999999999 848 892144  099999999999999
 32 59 87109122125120109 99 94 95103118136150155148129101 68 37 13  1  2191128HN 450125145715599999999999999 922 932225  099999999999999
 16 40 67 93111120121115105 98 95 99110126143153154143121 91 59 31 12  5191129HN 533122153415599999999999999 956 9523 4  599999999999999
 10 27 51 76 97112117116109102 96 96103115131145152148134110 82 53 30 16191130HN 6151181612152999999999999991031 952343 1399999999999999
 13 22 40 62 84101111114111105 98 95 97105117131142145138123100 74 50 321912 1HN 6561141651145999999999999991110 95999999999999999999999
 24 25 35 52 72 90103109110107101 96 95 98105116128135135127111 91 70 511912 2HN 738110173213699999999999999 023 231153 9599999999999999
 39 34 38 48 64 80 94103108107104 99 95 94 97103112120125123115102 85 691912 3HN 824108181812599999999999999 1 3 341249 9499999999999999
 55 47 45 50 59 72 86 97104107106103 98 94 92 94 98104110113112106 96 841912 4HN 914107191711399999999999999 148 4514 8 9299999999999999
 72 62 56 56 60 68 79 91100106108107103 98 92 88 87 89 93 98102103100 941912 5HN10 6108204410399999999999999 240 551555 8799999999999999
 86 77 70 65 64 68 75 85 96104110111109103 95 87 80 76 76 81 87 93 97 981912 6HN10531112248 9899999999999999 343 641726 7699999999999999
 96 91 84 78 73 71 74 82 91102110115115111102 90 78 68 63 63 69 78 88 961912 7HN1132116999999999999999999999 450 711825 6299999999999999
101101 97 91 84 79 77 81 88 99110118121119110 97 81 65 53 48 50 60 73 871912 8HN 03510112 712199999999999999 549 771910 4899999999999999
 99106108104 96 89 83 82 87 96108119126127121107 88 67 49 37 34 40 54 731912 9HN 144108123812899999999999999 638 821949 3499999999999999
 91105113114108100 92 87 88 95106119129134131119100 76 52 33 23 23 35 54191210HN 23611413 913499999999999999 721 872026 2299999999999999
 76 97112119118111102 94 91 95104117130139140132114 89 61 36 18 11 17 34191211HN 320120134014199999999999999 758 9121 2 1199999999999999
 57 83104118123119111102 96 96102113127140146143129106 76 46 22  7  5 16191212HN 4 2123141114699999999999999 833 952140  499999999999999
 37 64 90110122124118109101 98100109123137148150142123 95 63 34 12  1  4191213HN 443124144515199999999999999 9 6 982218  199999999999999
 20 44 72 96114122121115107101100105116131144152150137114 84 53 25  7  1191214HN 525123152015399999999999999 939 992257  199999999999999
  8 27 53 79101115120117110103 99101109121136148152146130105 75 46 22  8191215HN 6 61201558152999999999999991014 992339  699999999999999
  7 17 37 62 85103114116112105100 98101110123137146148139122 97 70 44 25191216HN 6491161639148999999999999991052 98999999999999999999999
 15 17 29 48 70 90105112112107101 96 95100109121133139139130114 92 68 47191217HN 730113172714099999999999999 022 141139 9599999999999999
 32 26 29 42 59 79 95106111109103 97 92 91 95103114123129128120107 89 70191218HN 811111182512999999999999999 1 8 261240 9199999999999999
 54 43 40 44 55 71 87100109111107101 93 87 85 87 93101109115116112102 90191219HN 851111194211699999999999999 157 4014 2 8599999999999999
 76 65 57 54 58 68 82 96107113113108100 90 82 76 75 79 85 93101105105101191220HN 932114213410699999999999999 252 541544 7599999999999999
 94 85 76 70 68 72 81 93105114119117110 99 86 74 65 60 62 68 77 88 97102191221HN1014119235010399999999999999 352 681717 6099999999999999
103101 95 88 82 80 83 92103115123126123113 98 81 64 51 44 45 52 64 79 92191222HN1058126999999999999999999999 454 801827 4399999999999999
102108108104 97 91 89 93101113125133134128115 96 74 53 37 29 30 39 55 74191223HN 132109114513499999999999999 553 891923 2899999999999999
 92106113115110103 97 96100109122134142142133116 92 65 41 23 16 19 32 52191224HN 240115123114399999999999999 647 962012 1699999999999999
 75 95111119119113106100100105116130142149147135113 85 55 30 13  8 14 31191225HN 331120131715099999999999999 737 992057  899999999999999
 55 80101116122120113105101101109121137149155149133108 77 46 21  7  5 16191226HN 41412214 215599999999999999 8231002139  499999999999999
 37 62 88108120123118110102 99102111126142154156148128 99 67 38 16  6  8191227HN 452123144515799999999999999 9 7 992217  599999999999999
 23 47 73 96113121121114105 98 96101113130145155154142119 89 58 32 15  9191228HN 527122152615699999999999999 948 962254  999999999999999
 17 35 59 84104116120116108 99 94 94102115132146152148132108 79 51 29 18191229HN 55812016 6152999999999999991028 932329 1699999999999999
 18 30 49 73 94110117117111102 94 90 93102116132143146138120 96 70 47 31191230HN 62811816461469999999999999911 8 90999999999999999999999
 25 30 44 63 84101112116112105 96 90 88 93103117129137136126109 87 65 47191231HN 7 0116172513899999999999999 0 3 251147 8899999999999999
