 99112119119112102 91 84 82 88 99114128138141135120100 77 57 43 38 43 5819 1 1I4 229120135014199999999999999 742 822058 3899999999999999
 78 99117127129123111 99 90 87 91103118132142143135116 92 65 42 28 25 3519 1 2I4 342130143914499999999999999 853 872144 2599999999999999
 54 80106127138139130116101 90 87 93106123138147145132109 80 51 27 15 1719 1 3I4 434140152314899999999999999 951 872223 1499999999999999
 32 58 88117138148145133115 98 87 86 95111130145151145127 98 65 35 14  619 1 4I4 51614916 3151999999999999991037 852259  699999999999999
 14 36 68101130149154146129109 92 83 86 99118138151153141116 83 49 20  419 1 5I4 5521551639154999999999999991116 832333  199999999999999
  3 18 47 82116143156155141120 99 85 81 89106127146155151132102 67 33  919 1 6I4 6251571713155999999999999991150 81999999999999999999999
 -1  6 28 61 98130151158150131109 89 79 81 94115136151155144120 86 51 2119 1 7I4 656158174515599999999999999 0 5 -11222 7899999999999999
  3  1 16 44 79114141155154140119 97 81 76 84101123142153150133104 70 3719 1 8I4 726156181815399999999999999 037  01253 7699999999999999
 13  3  9 30 61 96126147153145127105 86 76 77 89109129144149140119 89 5619 1 9I4 756153185114999999999999999 1 8  31324 7599999999999999
 29 12 10 23 48 80111135148147134115 94 79 74 80 94114131141141127104 7519 110I4 826149192614399999999999999 138  91358 7499999999999999
 47 26 17 22 40 66 96122139145138123104 86 75 74 82 97115128134129114 9119 111I4 85714520 413499999999999999 2 9 171437 7399999999999999
 66 44 31 28 38 58 83108128139139130113 96 81 73 74 83 9711112112411810319 112I4 930141205012499999999999999 241 281523 7399999999999999
 84 64 48 40 43 54 74 96116131137133122106 90 78 71 72 80 9110311111410919 113I410 7137215011499999999999999 317 401622 7199999999999999
 98 83 68 58 54 58 69 86104120130133128117102 86 74 67 66 72 82 9310210719 114I41051133231810799999999999999 4 0 541735 6699999999999999
105 99 89 79 71 68 71 81 94109121129131126114 99 82 68 58 55 60 70 83 9519 115I41145131999999999999999999999 458 681852 5599999999999999
104108107100 92 85 80 81 87 98110122129132126114 96 76 58 45 40 45 57 7419 116I4 111108124813299999999999999 623 8020 0 4099999999999999
 93108117119115106 97 89 86 89 98110123132135129114 92 67 44 28 23 29 4619 117I4 249120135113599999999999999 758 862057 2399999999999999
 70 95117130135130118104 92 87 88 98112127139142134114 86 55 28  9  5 1619 118I4 356135144714299999999999999 916 862148  599999999999999
 39 70102129145149141125106 91 83 86 98116135147149137112 78 41 10 -8-1019 119I4 4471491539150999999999999991015 832235-1199999999999999
  6 37 75112142159159147125103 85 79 84100122144157156139108 68 27 -5-2219 120I4 53316116281589999999999999911 4 782321-2399999999999999
-19  3 40 84125154168164146120 95 78 74 83104130152164160138101 57 15-1619 121I4 6161681715165999999999999991148 73999999999999999999999
-29-20  8 50 96136163171162138110 85 70 70 84109136158167159132 93 48  719 122I4 65717118 216799999999999999 0 6-291231 6899999999999999
-20-27-12 20 64109146167169153127 98 75 64 68 86113140159165152124 84 4119 123I4 736170184916599999999999999 050-271313 6499999999999999
  6-15-16  3 38 81122152165160141113 86 66 60 68 88114139154156142113 7619 124I4 814166193715799999999999999 133-181356 6099999999999999
 39 11 -2  3 25 60 98132153159149126100 76 61 58 68 8811113214414312910319 125I4 850159202714599999999999999 214 -31442 5799999999999999
 72 43 24 17 27 50 80112137150149136113 89 69 58 57 67 8410412113012811619 126I4 926152212313099999999999999 254 171532 5699999999999999
 96 73 53 41 41 52 72 98121138144139124103 83 66 57 56 64 78 9310711511519 127I410 2144223211699999999999999 333 391633 5599999999999999
108 95 80 67 61 63 74 90109125135137130116 98 80 65 56 53 58 68 81 9310219 128I41042137999999999999999999999 416 611748 5399999999999999
106105 99 91 84 80 82 89100113124130130124112 96 79 64 53 48 49 57 69 8319 129I4 013106113213199999999999999 512 801914 4799999999999999
 95104109108104 99 95 94 97103112120126127122111 96 78 61 47 39 39 47 6019 130I4 222109124212799999999999999 645 932030 3899999999999999
 78 95109118120116109102 97 97101108117125128124113 96 75 54 37 28 29 3919 131I4 349120135912899999999999999 837 962127 2799999999999999
 57 80102119129130124113102 94 92 96106118128132128114 93 68 44 26 18 2119 2 1I4 43713115 213299999999999999 949 922211 1799999999999999
 37 61 88114132140137125110 95 87 86 94107123134138130112 86 56 31 14  919 2 2I4 5121401550138999999999999991035 852249  999999999999999
 19 41 71102128144146137120100 85 78 82 95113131142142129105 74 42 17  419 2 3I4 5421471631144999999999999991110 782322  399999999999999
  6 23 52 86118141151146130108 88 74 72 82101123140148143123 93 59 27  619 2 4I4 61015117 6148999999999999991140 722353  099999999999999
  0 10 35 69104133150152140118 93 74 66 71 87111133148151138112 78 43 1519 2 5I4 63715317401529999999999999912 8 66999999999999999999999
  0  2 21 52 88122145154147127102 78 64 62 74 96121142152147128 97 61 2919 2 6I4 7 2154181215299999999999999 022 -11236 6199999999999999
  8  2 13 39 73108136151150135111 85 65 57 63 81105130146150139114 81 4719 2 7I4 727153184515099999999999999 051  213 5 5799999999999999
 21  8 11 30 60 94125145151141120 94 71 56 55 67 88113134145143126 98 6719 2 8I4 752151191914699999999999999 118  71336 5499999999999999
 38 20 16 27 51 82113136148145129105 79 60 52 56 72 95117134139132112 8519 2 9I4 817148195513999999999999999 146 1514 9 5299999999999999
 58 36 26 30 47 72101126142144134114 90 68 54 51 59 76 9711612813012010019 210I4 843145203613199999999999999 214 261446 5199999999999999
 77 56 42 40 49 67 91115133140137122102 80 61 51 51 61 77 9511112011911019 211I4 910141212712199999999999999 244 391531 5099999999999999
 94 77 62 55 57 67 85105122133135127112 93 73 58 50 50 59 73 8910211011119 212I4 942135223711299999999999999 318 541627 4999999999999999
105 95 83 75 71 74 83 97111123129128120106 88 71 56 48 46 52 64 78 9210219 213I41023130999999999999999999999 4 3 711741 4699999999999999
107107103 96 90 87 88 93102111120124124117105 89 71 54 42 37 40 50 65 8219 214I4 027108112512599999999999999 517 8719 9 3799999999999999
 98109116116112106100 96 96100107115122124120110 93 72 51 33 24 24 35 5319 215I4 234116125712499999999999999 728 962027 2399999999999999
 76 99118129132127117106 96 92 94102113124130129118 98 71 44 21  8  8 2119 216I4 351132142313199999999999999 912 922131  699999999999999
 45 76106130144146137121104 90 83 86 97114130141141127102 68 34  7 -8 -619 217I4 4401471529142999999999999991013 832224 -999999999999999
 13 44 82118145158156140118 95 78 72 79 96119141153152134102 62 23 -6-1919 218I4 5211591624155999999999999991058 722311-2099999999999999
-13 12 51 94132158167158135107 80 64 62 74 99127152164159136 99 54 14-1419 219I4 5591671715165999999999999991139 612355-2399999999999999
-23-11 21 65110147168169152123 90 64 51 54 74104135160170160133 91 46  819 220I4 63417118 2170999999999999991217 50999999999999999999999
-15-17  2 39 84127158170163139105 73 49 42 52 76109141163168155124 83 4119 221I4 7 8171184816999999999999999 036-191256 4299999999999999
  8 -7 -1 24 62104141163166150121 87 57 39 38 53 80113141159160143112 7519 222I4 739167193316299999999999999 115 -81335 3699999999999999
 40 17 10 22 50 87123150161155133102 70 46 35 39 57 8411313714914612910119 223I4 8 9162202015099999999999999 151 101415 3499999999999999
 71 46 32 33 49 77108135151153140116 86 60 41 35 43 61 8510912713413011519 224I4 83715421 913599999999999999 225 311457 3599999999999999
 94 73 57 52 58 75 98122139146141124101 76 55 42 40 47 63 8210011411911619 225I4 9 514622 911999999999999999 258 521544 3999999999999999
106 93 81 73 73 81 95112127136136128112 92 72 56 47 45 51 62 76 9010110719 226I4 933137233810899999999999999 331 721644 4599999999999999
108104 98 92 89 91 97106116124127125117105 89 74 61 52 48 50 57 67 80 9119 227I410 9127999999999999999999999 413 8918 9 4899999999999999
100106108108105103102104107112116118117113104 92 79 65 54 47 45 49 59 7219 228I4 210109111711899999999999999 5531021948 4599999999999999
 87101112118119116110105102101103107112115114109 98 83 67 52 41 37 41 5219 3 1I4 342119132111599999999999999 84510121 2 3799999999999999
 70 90108122129128121110100 93 91 94102111119121115103 84 63 44 32 28 3519 3 2I4 422130144912199999999999999 952 912152 2899999999999999
 51 74 99121134138132119103 89 81 82 90103117127129121104 80 54 33 21 2119 3 3I4 4511381543130999999999999991027 802230 2099999999999999
 34 57 86113135145142129109 89 75 70 77 91111128138136123 99 70 42 22 1319 3 4I4 5171451624139999999999999991056 7023 3 1399999999999999
 20 40 70102130147149139118 94 73 62 64 78 99122140146139119 89 56 29 1319 3 5I4 5421501659146999999999999991122 612333 1099999999999999
 12 27 54 88121144153147128101 75 58 53 63 85111135150151136108 74 42 1819 3 6I4 6 61541733152999999999999991148 53999999999999999999999
 10 18 41 74109138154153137111 81 58 46 50 68 96124146155149127 94 60 3119 3 7I4 62815618 515599999999999999 0 1 101215 4699999999999999
 14 15 32 62 97129150156145121 90 62 44 40 53 78108135153155141113 79 4719 3 8I4 650156183815699999999999999 028 121242 4099999999999999
 25 18 28 52 85118144156151131101 70 46 35 40 60 88119142153148128 99 6719 3 9I4 713156191215499999999999999 055 181311 3599999999999999
 41 28 30 47 75107135151153139112 81 53 36 33 45 69 98125144148138115 8719 310I4 735154194814899999999999999 122 271342 3299999999999999
 61 43 38 48 69 97124144151143122 94 65 42 31 35 51 7710412713913912610519 311I4 758151202814199999999999999 149 381415 3199999999999999
 81 62 52 54 68 90114134145143129106 79 54 37 32 39 57 8110512313112911719 312I4 822146211613299999999999999 219 521454 3299999999999999
 99 82 70 67 73 87105123136139132116 93 70 50 38 35 43 59 79 9911412112019 313I4 849139222112299999999999999 252 671543 3599999999999999
112101 90 84 83 89100113124131130121106 88 68 52 41 38 43 56 72 8910311319 314I4 924131999999999999999999999 334 831651 3899999999999999
116114109103 99 98100106112119122121116105 90 73 57 45 38 39 46 60 77 9419 315I4 0 6116102112299999999999999 450 981825 3799999999999999
108118123122118112106103102105109114118117111 99 83 64 46 33 29 33 47 6719 316I4 220123122411899999999999999 73810220 0 2999999999999999
 89111127136136129118106 96 92 93100110120126124112 93 68 43 25 16 20 3619 317I4 333137141512699999999999999 916 912112 1699999999999999
 62 91119140150147135116 97 82 76 81 94112129140139125100 69 37 14  4 1019 318I4 41815015271419999999999999910 5 7622 7  499999999999999
 32 65101133154161152131105 80 64 61 71 93119142155153135103 65 30  5 -219 319I4 4551611623156999999999999991044 602254 -399999999999999
  9 38 76116149166166148119 87 60 46 49 67 97129155167162138101 59 23  219 320I4 5281681712168999999999999991121 452336 -299999999999999
 -1 18 52 94134162172162136100 66 41 32 42 68104139164174163134 95 53 2119 321I4 6 01721758174999999999999991157 32999999999999999999999
  6 11 36 74115150170170151117 78 45 26 25 42 74112146168172157126 87 5119 322I4 630173184317399999999999999 015  51234 2399999999999999
 26 19 31 60 98135161170160133 95 58 30 18 24 47 82118148165164145115 8119 323I4 658170192616799999999999999 052 181310 1899999999999999
 53 37 38 56 86120148164162143112 75 43 23 18 30 56 8912114515615113210619 324I4 725165201015699999999999999 126 351346 1899999999999999
 79 60 53 61 81108135153158148124 93 61 36 23 25 40 65 9411913714313612019 325I4 750158205714399999999999999 158 531424 2299999999999999
100 82 72 72 83102123141149146131107 79 54 37 30 35 50 71 9411412612912419 326I4 814149215112999999999999999 229 7115 4 3099999999999999
113100 90 86 90100114128138139131115 95 73 55 43 40 45 57 74 9110611511919 327I4 83913923 711999999999999999 3 1 861552 4099999999999999
117111105100 99102109118125128126118105 90 74 61 52 49 52 60 72 85 9710719 328I4 9 7128999999999999999999999 345 9917 0 4999999999999999
114116116113110108108110112115116115110102 92 81 70 60 55 54 58 67 78 9219 329I4 116116 95911699999999999999 5341081841 5499999999999999
105115122124121116110105102102103106109109106100 89 77 65 55 51 52 61 7419 330I4 256124124010999999999999999 8421022015 5199999999999999
 91108122131132126116105 96 90 90 94102110115115109 96 80 63 50 44 46 5719 331I4 340132143011699999999999999 934 892115 4499999999999999
 76 97118133140137125109 93 81 77 80 91105118126126116 99 77 57 42 37 4319 4 1I4 41114015281279999999999999910 4 772158 3799999999999999
 60 83109131144146136117 96 77 66 66 76 94114130138134119 96 70 47 34 3319 4 2I4 4371471610138999999999999991030 652233 3299999999999999
 46 69 98125145153146127102 77 59 53 61 79104128144148138116 87 59 38 3019 4 3I4 5 21531647148999999999999991056 5323 5 3099999999999999
 36 56 85116142156154138111 81 57 44 46 62 89118142155153135107 76 49 3319 4 4I4 5251571721156999999999999991122 432334 3099999999999999
 32 46 73105135155160148122 90 59 39 33 45 70102133154161151128 96 65 4219 4 5I4 5471601755161999999999999991149 33999999999999999999999
 33 41 63 94126151162156134102 67 39 26 30 50 82116145162161145117 85 5719 4 6I4 6 9162182916499999999999999 0 2 331216 2599999999999999
 42 42 57 84116144160161144114 79 46 25 20 33 60 95129154163156135105 7619 4 7I4 63216319 416399999999999999 030 401246 2099999999999999
 56 48 56 77105134154161151127 93 58 31 18 21 41 72107137155159147124 9719 4 8I4 655161194215999999999999999 059 481317 1799999999999999
 74 61 61 74 97123145156154136107 74 43 23 17 27 51 8211413915215013711619 4 9I4 719157202515399999999999999 129 591352 1799999999999999
 94 77 71 77 92113134148151141120 91 61 36 23 22 36 59 8811513514314112919 410I4 744151211514499999999999999 2 2 711431 2199999999999999
112 96 86 85 92106123136143140127106 81 56 37 28 30 43 63 8811012613413319 411I4 814144222113599999999999999 239 841520 2799999999999999
125114104 98 98104113124131134129117100 79 60 44 36 37 46 62 8210111712719 412I4 851134999999999999999999999 331 971626 3599999999999999
130127121114109107108112117121123121114102 86 69 54 44 40 44 56 73 9211019 413I4 0 013010 012399999999999999 5111071758 4099999999999999
124133135131124115108103102104109115118118111 99 82 64 49 39 39 48 65 8719 414I4 149135122411999999999999999 7481021933 3899999999999999
109128141145140129114100 90 86 90 99112123129126114 94 71 50 35 32 41 6119 415I4 256145141312999999999999999 9 0 862047 3299999999999999
 87115138152155145126104 84 71 68 77 94115133144142128103 74 48 31 27 3919 416I4 340155152314599999999999999 944 682144 2799999999999999
 63 95127152163160142116 87 63 51 53 69 94123147159155137107 73 45 28 2819 417I4 4171641618159999999999999991022 502231 2699999999999999
 45 74110143164170158132 98 65 41 33 42 67100134159170163140106 71 43 3019 418I4 44917017 6170999999999999991058 332312 3099999999999999
 36 58 92128158173170149114 76 43 23 22 39 71109145169176164137102 68 4519 419I4 5201741752176999999999999991134 202351 3999999999999999
 39 51 78112146169175162132 93 54 25 12 19 43 79119153172174158129 96 6819 420I4 5491751836176999999999999991210 12999999999999999999999
 52 53 70 99132159172168146111 72 36 14  9 23 52 90127156170167148121 9319 421I4 617173191917199999999999999 027 511245  999999999999999
 72 64 71 91119146164168155127 91 54 26 12 15 34 6410013215516315613711419 422I4 64316920 116399999999999999 1 1 641320 1199999999999999
 92 79 78 89110133153162157138108 74 44 24 17 26 47 7610713314915214412819 423I4 7 9162204615399999999999999 134 771356 1799999999999999
109 95 88 92105123140151152141120 92 64 41 29 28 39 60 8511013014114113419 424I4 735153213514299999999999999 2 8 881433 2799999999999999
121109100 98103114128139143139126106 83 62 46 38 40 52 69 9011012413213319 425I4 8 3143223713499999999999999 246 981516 3899999999999999
128120112107106110117125131131126114 98 81 66 54 50 52 61 75 9110611912619 426I4 836132999999999999999999999 3381051611 4999999999999999
129127122116112109110113116119119116108 98 86 74 64 59 59 65 75 8810211519 427I4 0 2129 93211999999999999999 5171091729 5999999999999999
125130130127120113107103103105108111111109103 94 83 73 65 62 65 73 8610119 428I4 134131114911299999999999999 74210319 3 6299999999999999
116129136136130120108 98 91 90 93100108114116112103 91 77 66 61 62 71 8619 429I4 234137135111699999999999999 848 902018 6099999999999999
105123137143141130114 98 84 77 77 86 99112123127123111 94 77 64 57 60 7319 430I4 31414315 012799999999999999 924 762111 5799999999999999
 92114134147149141124102 81 67 62 69 84104122135138131114 93 73 59 55 6219 5 1I4 345150154813999999999999999 954 622153 5499999999999999
 79103128147156152135110 84 61 50 51 66 89115136148148135113 89 67 55 5519 5 2I4 4121561628150999999999999991023 492228 5499999999999999
 69 91119143158160147122 91 62 42 36 46 70100129151160153135108 82 62 5519 5 3I4 43716117 5160999999999999991051 3623 2 5599999999999999
 62 81108136157166158135103 68 40 26 29 48 79114144163166154130101 76 6119 5 4I4 5 21661742167999999999999991120 252334 5899999999999999
 60 73 98126152167166148117 80 46 22 16 28 55 92128157171168150123 94 7319 5 5I4 5271681819171999999999999991151 16999999999999999999999
 64 70 89115143163169158132 96 58 27 11 13 33 67105140164172164142115 9019 5 6I4 553169185817299999999999999 0 6 641223 1099999999999999
 74 72 83105132154167164145114 76 41 16  8 17 43 7811614716616915613411019 5 7I4 620168194016999999999999999 040 711258  899999999999999
 90 80 84 98120143159164153130 96 61 31 13 11 25 53 8812214916216114812819 5 8I4 649164202616399999999999999 116 801337  999999999999999
108 94 90 96111130147157155140115 84 53 29 16 19 35 62 9412314515515314219 5 9I4 722157211915699999999999999 155 891421 1699999999999999
125110101 99105118133144149143128105 78 53 34 25 29 44 68 9512013914814719 510I4 759149222414899999999999999 242 991513 2599999999999999
139126115108106110118128135138133121102 81 60 44 36 38 50 70 9311513314319 511I4 851138234414599999999999999 3471061617 3699999999999999
144139130120112107107111117123127126119107 90 72 56 47 46 54 69 9011113019 512I41021127999999999999999999999 5311061738 4599999999999999
142147144135123111101 97 97103111120125124117103 85 68 55 50 55 68 8911119 513I4 1 5147122512699999999999999 721 9619 2 5099999999999999
132146152149137120103 88 80 80 89102118130135130117 98 77 61 53 56 69 9119 514I4 2 715214 313599999999999999 828 792015 5299999999999999
116139155159152135111 88 70 61 64 78 98121139147144129107 83 64 55 58 7419 515I4 253159151414899999999999999 915 612114 5499999999999999
 99126150164164151126 97 69 49 43 51 72100128150160155138112 86 66 58 6419 516I4 332166161016099999999999999 956 4322 3 5899999999999999
 84111140161171165143112 77 48 31 29 44 72106139161170162141113 86 68 6419 517I4 4 717117 0170999999999999991035 282247 6499999999999999
 75 97126153171173159130 93 57 29 17 23 45 79116149170174163139111 86 7219 518I4 4391741746175999999999999991112 172328 7199999999999999
 73 88113141164175169147113 74 39 16 11 23 52 89127157174174159134107 8719 519I4 5101751829176999999999999991148 10999999999999999999999
 79 85103128154170173160131 94 56 26 10 12 31 6310113716217316815112710419 520I4 540174191117499999999999999 0 5 791224  999999999999999
 89 87 97117141161170165145113 77 43 20 12 20 44 7711314316316816014112019 521I4 610170195216899999999999999 041 861259 1299999999999999
102 93 96109128148162164153129 97 64 36 21 20 33 59 9012214616016015013319 522I4 640165203316199999999999999 117 931334 1899999999999999
115102 98104118135150157153138113 84 57 36 27 31 48 7310112714515415114119 523I4 711157211615499999999999999 154 981411 2799999999999999
126112104103110123136146148141124102 77 56 41 38 45 61 8410812814214714419 524I4 74414822 414799999999999999 2341031451 3799999999999999
134122112106107113122132137137129114 95 76 60 50 49 57 72 9111112813914219 525I4 82513823 114299999999999999 3261061537 4999999999999999
139131121113107107110117123127126120109 95 80 68 61 60 67 79 9611212713719 526I4 923127999999999999999999999 4381061633 5999999999999999
141138131122112105102103107112117119117110 99 88 77 70 68 73 84 9811412819 527I4 0 7141105811999999999999999 6161021745 6899999999999999
138142140132121109 98 92 91 96103111117119116108 97 85 77 73 77 8610011719 528I4 110142125211999999999999999 738 9119 2 7399999999999999
132143147143132116100 86 78 78 85 97110121127125117105 91 80 75 78 8910519 529I4 2 1147141712799999999999999 831 7720 9 7599999999999999
123139150152144127106 85 70 63 66 79 97116131138136126110 94 81 76 80 9319 530I4 241152151713899999999999999 910 6321 3 7699999999999999
112133149157155140117 91 67 51 48 58 77102126144150146132112 93 80 77 8519 531I4 31515816 515099999999999999 945 482148 7799999999999999
101123145159163153131101 71 46 34 37 55 82113140157161152134111 91 80 8019 6 1I4 3471631648162999999999999991018 342229 7899999999999999
 92112136157168164146117 82 49 27 21 32 57 91126154169169155132108 89 8119 6 2I4 4171681729171999999999999991052 2123 8 8199999999999999
 86102126150167172161135 99 61 30 13 13 32 64103139165176171153129105 8919 6 3I4 4491721811177999999999999991128 112347 8499999999999999
 85 94114139161173170152120 81 43 15  4 12 37 7411414917217917014912410219 6 4I4 52117418541799999999999999912 6  4999999999999999999999
 90 91104125149167173164140105 65 30  8  3 16 46 8412415617417616414312019 6 5I4 556173193917799999999999999 027 891246  299999999999999
102 94 98113134155168169155128 92 55 24  7  7 25 56 9313015717217115713719 6 6I4 634170202617399999999999999 1 9 941330  599999999999999
117103 98105120139155164161145117 84 51 26 13 17 36 6610013315616616415119 6 7I4 716164211716799999999999999 154 981417 1399999999999999
133116104102108121137150156151135111 82 54 33 24 29 47 7510513315316115819 6 8I4 8 5156221316199999999999999 24710115 9 2499999999999999
146130115105102107117130140145142129109 85 62 45 38 43 59 8210913315015719 6 9I4 9 8145231215799999999999999 35310216 7 3899999999999999
154143129114103 98100108118128135135128113 94 75 60 53 56 69 8911213314919 610I41032136999999999999999999999 514 981712 5299999999999999
155153143127111 98 90 88 94105117127133131121106 89 74 66 67 77 9511613619 611I4 013156121413399999999999999 640 881824 6599999999999999
151157154142124105 87 76 73 79 92108124135137131118102 86 77 76 8410112119 612I4 110157134913899999999999999 750 731936 7599999999999999
141155160155140118 94 73 60 57 65 82104125141147143130112 95 84 83 9110719 613I4 2 016015 514799999999999999 845 572041 8299999999999999
128148161164155135108 80 57 44 43 56 78106131150157153138119101 89 88 9719 614I4 24516416 615899999999999999 932 422138 8799999999999999
115137156167166152126 95 64 41 30 34 52 80112141160166159142121102 92 9319 615I4 3261681657166999999999999991014 292227 9199999999999999
104124146164171165145114 79 48 27 21 30 54 87122151169172161141119102 9419 616I4 4 41711742172999999999999991054 202310 9499999999999999
 98113134155170172160134 99 64 34 18 17 34 63 9913416117417215813611510019 617I4 4401731823175999999999999991131 152350 9699999999999999
 96104122144163172169150120 84 50 25 14 21 43 7611214516717516815112910919 618I4 51417319 11759999999999999912 7 14999999999999999999999
 98 99111131151167171161138105 70 39 20 17 30 56 9012515316917116014112019 619I4 548171193817299999999999999 027 971243 1699999999999999
104 98104118138156167165150123 90 58 34 22 25 43 7210513615816816415013119 620I4 622168201316899999999999999 1 2 981317 2199999999999999
113101100109125143157162155137109 79 52 34 29 37 58 8711714315916315514019 621I4 657162204916399999999999999 138 991352 2899999999999999
122107100102113128144153154144124 98 72 50 39 39 52 7410112714715715614619 622I4 734155212615899999999999999 2161001428 3799999999999999
131115104100104114128140146144133114 91 70 54 48 52 67 8811213314815415019 623I4 81614622 715499999999999999 3 010015 6 4899999999999999
139125111102 99103112123133137134124108 90 73 62 60 66 80 9911913614715019 624I4 9 7137225215199999999999999 354 991548 5999999999999999
146135121109100 96 99106116124128127119107 93 81 73 72 78 9110712413914719 625I41016128234314999999999999999 5 3 961639 7199999999999999
149143132119105 94 89 91 97106116122124120112101 91 84 82 87 9811312814119 626I41149124999999999999999999999 619 891743 8299999999999999
148149143130114 98 86 79 79 86 98111121127127121111101 93 90 9410311713219 627I4 037150132612899999999999999 726 781857 9099999999999999
144151151143127107 88 72 65 66 76 92110126135137132121109 99 95 9710712119 628I4 128152144513899999999999999 819 6420 9 9599999999999999
137150156154141121 96 73 56 49 54 69 91115135147150143130115102 97 9911019 629I4 215157154415099999999999999 9 5 492110 9699999999999999
126144157162155138111 82 55 38 34 44 66 95124148161161151134116102 9710219 630I4 257162163416399999999999999 947 3422 3 9799999999999999
115134152165167155131 99 65 37 22 22 39 67102136160172170156135115101 9719 7 1I4 3381681720173999999999999991028 202250 9799999999999999
104121143162172170152122 84 48 21  9 15 38 73112147172181174156133111 9819 7 2I4 41917318 4181999999999999991110  82335 9699999999999999
 98109129152170177170146111 71 34  9  1 13 42 8112315717918417315212710719 7 3I4 5 11771848184999999999999991154  1999999999999999999999
 96 99114136159175179167139101 59 24  3  1 17 50 9113216518218316814512119 7 4I4 544179193218499999999999999 018 961238 -199999999999999
102 95101118141163176176160130 92 52 21  5  7 27 6210314116818117716013719 7 5I4 630178201518299999999999999 1 3 951324  399999999999999
114 98 94103121143162173170152123 86 51 25 13 19 42 7611314716917716915119 7 6I4 719173205917799999999999999 149 941410 1399999999999999
128108 95 93102120140157165161144117 85 55 34 27 36 59 9012315116717016119 7 7I4 812165214317199999999999999 239 921457 2799999999999999
142121102 92 91 99115132147154151137114 88 65 49 46 56 7610413115316416419 7 8I4 912154222816699999999999999 336 901546 4599999999999999
153135115 98 88 86 93106122135143142132116 96 78 67 65 74 9211513615316119 7 9I41025144231616199999999999999 441 861639 6599999999999999
158147130110 93 82 79 83 94109123133137132121107 94 85 83 9010412214015319 710I41156137999999999999999999999 555 791741 8399999999999999
158155143126106 88 75 69 72 82 97114128136137131120109100 9710211212714219 711I4 0 8158133713799999999999999 710 691854 9799999999999999
153158154142123101 81 65 58 60 71 8910912714014514213212011010610811612919 712I4 1 415815 414599999999999999 816 57201310599999999999999
143155159154141119 95 71 54 46 49 63 8511013314815515214112711510810911819 713I4 2 115916 815599999999999999 912 46212310899999999999999
132147158162155138113 85 60 42 36 43 61 8811714215916415814412811410710919 714I4 253162165716499999999999999 959 36221810699999999999999
119135152163165155134105 74 48 31 29 41 65 9612815416817016014212310910419 715I4 3401651737171999999999999991041 2823 210499999999999999
109122141158168166151125 93 61 36 24 27 45 7410914116417417115513511510319 716I4 4221691813175999999999999991119 23233910099999999999999
101110128148165171164144114 80 49 28 21 31 55 8912415317217616614612410619 717I4 5 11711845176999999999999991154 21999999999999999999999
 97101115136156169171158133100 66 39 24 24 41 7010513816317517115613411219 718I4 537172191617599999999999999 013 971227 2299999999999999
 98 95104122144162171167149120 86 55 33 25 33 56 8812215116917216214312019 719I4 612171194617399999999999999 045 941259 2599999999999999
102 92 95109129150164168158136106 74 48 33 33 48 7410613615916916615113019 720I4 647168201517099999999999999 117 921330 3199999999999999
109 94 90 97114134152162160147123 94 66 47 40 46 65 9312214716316615713919 721I4 723163204416699999999999999 151 9014 1 4099999999999999
118100 90 90100117136150156150134111 86 64 52 51 63 8411013515416215914719 722I4 8 2156211416399999999999999 228 891433 5099999999999999
128109 94 87 90102117133144147140124104 84 69 62 66 8010112314315615915219 723I4 847147214715999999999999999 311 8715 7 6299999999999999
137119102 90 86 89100114127136138131119103 88 78 76 82 9611413214715515419 724I4 942138222515599999999999999 4 2 861546 7599999999999999
145131113 98 87 82 86 95107120128131128119108 97 90 90 9610812213714715219 725I41056131231115299999999999999 5 4 821636 8999999999999999
150141126109 94 82 76 78 86 9911212312913012511710910310210611512613814719 726I41236130999999999999999999999 615 76174710299999999999999
151148139124106 88 73 66 67 75 8910612213313813613012211411011111712713819 727I4 0 8151141613899999999999999 725 65192011099999999999999
147152150140123101 79 62 52 53 64 8210412514115015014313212111311111612619 728I4 113152153015199999999999999 826 51204511199999999999999
139151157154142121 95 68 47 37 39 53 7710613315316316215213712211110811419 729I4 215157162416499999999999999 920 36215010899999999999999
127143157164161145118 86 55 31 21 27 47 7811214416617617115713611810610419 730I4 3121651710176999999999999991010 21224110399999999999999
112129150166173167146114 76 41 17  9 19 45 83122157178184175155131110 9819 731I4 4 31731752185999999999999991057  92326 9799999999999999
 99112134158175181171145107 66 29  7  2 18 50 9213516818718817314812110019 8 1I4 4531811833190999999999999991143  1999999999999999999999
 90 96114140165183185171141100 57 22  3  4 25 6210614717719018516413610819 8 2I4 541186191219199999999999999 0 8 901227  099999999999999
 89 84 94116144170185185167134 92 52 21  7 14 39 7812115818218817715212219 8 3I4 629187195018899999999999999 050 841311  799999999999999
 96 81 80 94118146170182179159126 87 52 27 20 32 60 9713516618218116413819 8 4I4 719183202618499999999999999 133 791353 2099999999999999
109 87 75 78 94118144165174169149119 86 58 41 40 55 8211614716917717015119 8 5I4 81017421 117799999999999999 218 751435 3899999999999999
124 99 80 72 77 93115138155162157140116 90 70 60 63 7910313115416816915919 8 6I4 9 5162213717099999999999999 3 7 721516 5999999999999999
138114 92 77 71 76 90108127142148145133116 99 86 81 8610012014015516316019 8 7I41011149221516399999999999999 4 2 7116 0 8199999999999999
148130109 90 76 71 74 84 9911512913713813212211110310110511512914315315719 8 8I4113713823 115799999999999999 5 8 70165410199999999999999
153142125107 89 76 69 69 76 8910411913013613613212511911611712213114114819 8 9I41332137999999999999999999999 627 68181511599999999999999
151149140125108 89 74 64 62 67 79 9611413014014514313712912312012212813719 810I4 0 4151151114599999999999999 748 6220 512099999999999999
145149149141127108 88 69 57 53 59 73 9311613614915515214413312311711712419 811I4 124150161015599999999999999 855 53212611699999999999999
134144152152145129106 82 62 48 45 53 72 9712414616016415714412911611011119 812I4 236153165016499999999999999 946 45221710999999999999999
121135149158158147127101 73 51 39 39 53 7710713615917016815613811910610219 813I4 3311591723171999999999999991028 37225410299999999999999
108122140156165162146121 91 62 41 32 38 59 89122151170175166148126106 9619 814I4 41616517521759999999999999911 5 322326 9599999999999999
 97109128149165170162141110 78 49 32 30 44 71105138164176174158134111 9419 815I4 4541701819177999999999999991138 292355 8899999999999999
 88 96114138159172172157130 97 64 40 29 35 57 89124154173177166144118 9619 816I4 52917418451779999999999999912 8 29999999999999999999999
 84 86100123148168175168147116 82 53 35 33 48 7510914216617617115312710119 817I4 6 3175191017799999999999999 023 831237 3299999999999999
 84 79 87107133157172173160134102 70 47 38 45 66 9612915617217316013711019 818I4 636174193417599999999999999 052 7813 5 3899999999999999
 88 76 78 92116141161170166147120 89 64 49 48 62 8711714616617216514612019 819I4 711170195817299999999999999 122 751333 4699999999999999
 95 78 73 80 99122145160164155134108 82 64 57 63 8210813515716816715313019 820I4 747164202316999999999999999 155 7314 1 5799999999999999
106 85 73 73 84104126145155155143123101 82 71 71 8210212514716116515714019 821I4 827157204916599999999999999 230 711430 6999999999999999
117 95 79 72 75 87106125140147145134118101 88 83 8710011813615115915714619 822I4 915148211815999999999999999 312 7115 3 8399999999999999
128108 89 76 71 75 87103120133139138130118107100 9810311412814115115414919 823I41019139215515499999999999999 4 2 711544 9899999999999999
138121103 87 75 70 73 83 9611112413213513212611911411211512213114014614819 824I41155135224914899999999999999 5 9 70165111299999999999999
144134120103 87 74 66 66 73 8610211713013814013813212612212112312913514219 825I41356140999999999999999999999 631 65185112199999999999999
145144137124106 87 69 58 54 60 74 9311413314715315114513512511911812213119 826I4 017146151915399999999999999 752 54204311899999999999999
140148150145131109 85 62 45 40 46 63 8911614215916716415213612111110911519 827I4 150150161116799999999999999 859 40214610999999999999999
128143156161156138111 80 51 31 25 34 57 90124154173179171153130111 99 9919 828I4 3 1161165317999999999999999 955 252232 9899999999999999
110129151168174166144110 73 39 18 14 29 59 98137168185186170145118 96 8619 829I4 3581741731188999999999999991043 132312 8599999999999999
 90108134161180186174145106 64 30 10 11 32 68111152181193185162131101 8019 830I4 45018618 6193999999999999991128  82351 7499999999999999
 74 85109141170190192175142 99 57 25 10 17 44 85129167190193177148113 8319 831I4 5381931841194999999999999991211 10999999999999999999999
 66 66 83113147177193192171136 93 54 27 20 33 65105146177192186163130 9519 9 1I4 626195191319299999999999999 030 641251 2099999999999999
 69 57 63 85117151177190185162127 89 57 38 38 57 8912716118218717314511119 9 2I4 713191194418799999999999999 110 571330 3699999999999999
 80 59 54 64 88119150172180173151120 89 66 56 62 8311314416818017615712819 9 3I4 8 1180201418099999999999999 151 5314 7 5699999999999999
 97 71 56 55 68 91119144162167159140117 95 80 78 8710713115416917216214119 9 4I4 853167204317299999999999999 234 541444 7799999999999999
114 88 68 58 60 72 92115135148152146134118105 98 9910912414215616216014819 9 5I4 954152211416399999999999999 321 581522 9799999999999999
129107 86 71 64 66 75 9010812313514013913312511811511612313314315015314819 9 6I41118140215215399999999999999 420 64161111499999999999999
138123106 90 77 70 69 74 85 9911312513413813813513012712612813213714114319 9 7I41326138225814399999999999999 538 69175112699999999999999
141134124110 96 83 73 69 70 78 9010612113414314614413913212712412412813319 9 8I415 6146999999999999999999999 714 68202212499999999999999
137139137129117101 85 72 64 63 71 8510512414115215515114113012011411412019 9 9I4 1 0139155315599999999999999 834 62213111499999999999999
128138144144136122102 82 65 56 56 67 8611013415216216215213612010810210619 910I4 231145162616399999999999999 929 5522 810299999999999999
116130144152152141122 98 74 56 48 52 68 93122147164169162145125106 94 9319 911I4 3271531654169999999999999991010 482238 9299999999999999
102119139155162158142117 88 63 46 43 54 77107137161173171155132108 90 8219 912I4 4101621720174999999999999991045 4223 5 8299999999999999
 88105128150166170159137107 76 52 40 44 63 92125154173176165142114 90 7619 913I4 4461701744177999999999999991116 402331 7499999999999999
 76 89113140163175172155126 93 63 44 40 53 79112144168178172152123 94 7319 914I4 52017618 7178999999999999991144 402357 6699999999999999
 66 75 96125153173179169145112 80 55 43 48 69 99133161177177160133102 7619 915I4 5521791829179999999999999991211 43999999999999999999999
 62 63 80107138164178176159131 98 70 52 50 64 90122152172178167143112 8219 916I4 625179185117899999999999999 024 601238 4999999999999999
 62 56 66 89119148169177168147117 88 66 57 64 84112141165175171152123 9319 917I4 658177191317699999999999999 052 5613 4 5799999999999999
 68 54 56 73 99129155170170157134106 83 69 69 8210513115517017115813410519 918I4 733172193517299999999999999 122 531331 6899999999999999
 78 59 53 61 81108135155164160145123101 85 79 8510112314516116716014311719 919I4 812165195816799999999999999 155 5314 0 7999999999999999
 91 69 56 56 68 88113135151156150136119103 94 9410211813515116015914812819 920I4 857156202416099999999999999 232 551432 9299999999999999
105 83 66 58 61 72 9111213014314614213212111110610811612814014915214813719 921I4 957146205615299999999999999 317 58151210699999999999999
120100 82 69 62 64 73 8810512113313913913512912312012012413113714214414019 922I41130140214714499999999999999 419 62162311999999999999999
131118103 87 74 65 63 68 79 9511112613714314314013512912512412512913313719 923I41338144234313899999999999999 547 63185912499999999999999
138134125112 95 78 64 57 58 67 8310412414115215615214313212211511411812619 924I41459156999999999999999999999 724 56204611499999999999999
135142144138123103 80 60 47 45 55 7510112815116516816014512711110110010819 925I4 144144154616899999999999999 840 442136 9999999999999999
123140154159153134107 77 51 35 33 47 73106139165178177162139113 93 83 8619 926I4 259159162417999999999999999 937 322216 8299999999999999
102125150169175166142108 72 42 26 27 47 79118154179187178155124 94 73 6619 927I4 3561751659187999999999999991026 242253 6699999999999999
 76101132162183188174144105 66 36 23 30 56 94135170189190171139103 72 5419 928I4 44618817311929999999999999911 9 232330 5199999999999999
 54 72104141174193194176141100 61 36 29 43 74114154182193184157119 81 5219 929I4 53319618 2193999999999999991150 28999999999999999999999
 40 48 73110149181197193170135 95 61 43 43 63 97135169189189171137 97 6219 930I4 619198183219299999999999999 0 7 401228 4099999999999999
 39 34 49 79117154182193185161127 92 67 57 64 87120153178187178152116 791910 1I4 7 519319 118799999999999999 044 3413 5 5799999999999999
 49 34 36 55 87123155176182172149120 94 78 75 87111139164178177161133 991910 2I4 751182192818099999999999999 122 331340 7599999999999999
 67 45 37 44 64 94125151166168158139118101 93 951091291501651701631431171910 3I4 840169195517099999999999999 2 2 371415 9299999999999999
 88 64 49 46 55 74 981231421531541471341201101081121241381511591571471291910 4I4 937155202215999999999999999 244 45145310899999999999999
107 85 67 58 57 65 80 991171321411441401331261211201231301381451471441341910 5I41053144205414799999999999999 335 56154412099999999999999
120104 89 76 68 67 72 82 951101231331391401381341291271261281311331341331910 6I41249140215613499999999999999 443 67174112699999999999999
128119109 97 86 77 73 73 79 901031181301401441441401331261211181191211251910 7I41426145999999999999999999999 622 72202111899999999999999
128128125117106 93 81 73 70 74 851001181341461521501421301181091051071131910 8I4 036129151415299999999999999 755 70211310599999999999999
122131136134126112 96 80 68 65 70 83103125144156159152138120104 94 92 981910 9I4 219136154715999999999999999 857 652144 9199999999999999
111126140146144132114 93 73 61 59 68 87112137156165161147126104 87 79 83191010I4 316147161416599999999999999 941 592212 7999999999999999
 96116137152157151134110 85 65 55 58 73 98126151167169157135109 85 70 68191011I4 3581571639170999999999999991017 542238 6799999999999999
 80102128151164165153129101 74 57 53 63 85115144165174167146117 87 65 57191012I4 43416717 3174999999999999991048 5223 3 5799999999999999
 64 84113142164174168148120 89 65 54 57 75103134160175173156127 94 66 50191013I4 5 71741725176999999999999991117 532330 4799999999999999
 50 66 94127157175178165139108 79 61 57 69 93124153172177165139105 72 48191014I4 5401791747178999999999999991144 562357 4099999999999999
 40 50 74108142168180176156127 96 73 62 67 86113143167177171150117 82 52191015I4 61318118 9177999999999999991212 62999999999999999999999
 37 38 56 87122154174179168144115 89 72 70 82105133158173174158130 95 62191016I4 647180183217599999999999999 025 351240 6999999999999999
 40 33 42 67100134161174173157133107 87 78 83100123148166171163141109 77191017I4 723176185517199999999999999 055 3313 9 7899999999999999
 50 35 36 51 78111140161169163146124104 91 89 98116137155165163148123 93191018I4 8 3169191916699999999999999 128 331339 8899999999999999
 65 45 37 43 61 87116141156160153138120107100102112128144155158150133110191019I4 849160194715899999999999999 2 5 37141510099999999999999
 84 62 47 43 51 68 91116136148151145135123114111113122132142148147138123191020I4 949151202214899999999999999 250 4315 211199999999999999
104 83 66 54 51 57 71 90110127139144143137130123120120123129134137136131191021I41117144212113799999999999999 351 51162911999999999999999
121106 90 75 63 57 59 68 83101119133143146144139131124118116118121126130191022I413 6146234013199999999999999 517 5719 611699999999999999
130126117103 86 71 60 56 61 74 93114133148155154146133120108102102108119191023I41422155999999999999999999999 656 56202910199999999999999
130137139132117 96 75 58 50 53 67 89116140158165161147128107 91 83 85 98191024I4 14013915 916599999999999999 815 502115 8299999999999999
116136150155148129103 76 54 44 48 66 93124152170174163141114 87 69 63 72191025I4 254155154717499999999999999 914 442154 6399999999999999
 92120147165171161137105 74 50 41 49 72104138166180178158128 93 64 47 47191026I4 35117116211819999999999999910 3 412231 4499999999999999
 63 93128159179183168140104 71 49 44 57 85121155179186174145108 70 41 29191027I4 4411841653186999999999999991047 4423 8 2999999999999999
 37 62 98138171189188169137101 70 53 54 72104139169186184162127 85 48 24191028I4 5281911723187999999999999991127 512344 1999999999999999
 20 35 66107147178192187164131 98 72 62 69 92124156179186174145105 65 32191029I4 61319217531869999999999999912 6 62999999999999999999999
 16 18 40 75117154179188179155125 97 79 75 88112141167180178158125 86 50191030I4 658188182218299999999999999 021 141242 7599999999999999
 24 16 25 51 86124156175179167145119 98 88 91106128152169174164140107 71191031I4 743179185017499999999999999 059 161318 8799999999999999
 42 25 24 37 64 96129154167166155136117103 99105120139155164162147123 931911 1I4 829168191816599999999999999 136 221354 9999999999999999
 64 43 33 36 51 761031291471561541441301171091091161281411511531471311101911 2I4 919157194815499999999999999 216 33143410899999999999999
 86 65 50 45 50 64 841061261401461451381291201151151201281361411401331201911 3I41020146202314199999999999999 3 0 45152911599999999999999
103 86 71 61 58 62 73 891051211331391401361301241191171181211251281271231911 4I41141140212212899999999999999 355 5817 711799999999999999
115104 92 81 72 68 70 77 891031171291371401391331261181121101101121161191911 5I413 9140234312099999999999999 511 68192510999999999999999
120117110101 90 81 74 73 77 87101116130140145143135124111102 96 961011091911 6I41411145999999999999999999999 646 732031 9599999999999999
117123124120110 98 85 76 72 75 86101120136147150145132115 99 86 81 84 941911 7I4 144124145315099999999999999 8 3 7221 8 8199999999999999
108122132135129117101 85 73 69 74 88107128146155154143123101 81 69 67 761911 8I4 251135152515699999999999999 857 692139 6799999999999999
 93114133144146137120 99 80 69 67 76 95118141157162153134108 81 61 53 581911 9I4 338146155316299999999999999 939 6622 7 5399999999999999
 75100126146156154139117 94 75 66 69 84107133155166163146118 87 59 43 42191110I4 4181571618166999999999999991015 652235 4099999999999999
 56 81112141160166157137111 87 70 66 76 97124149166169157131 97 63 39 29191111I4 4541661643170999999999999991047 6623 3 2999999999999999
 37 60 93127155171170155130103 80 69 72 88113141162172166144110 73 42 23191112I4 52917317 7172999999999999991118 682333 2199999999999999
 22 39 70107142167176169149121 95 77 73 82104130155170171155125 88 51 25191113I4 6 41761732173999999999999991149 73999999999999999999999
 15 23 48 83122154173176163139113 90 79 81 96120145164171163139105 67 35191114I4 640177175917199999999999999 0 4 151220 7899999999999999
 16 14 29 59 97133160173170154130106 90 85 92110133154166166150122 86 52191115I4 718174182616899999999999999 037 121254 8599999999999999
 26 14 19 40 71107139161168162144123104 93 93104122141157162155135106 73191116I4 8 0168185716299999999999999 113 141330 9299999999999999
 44 24 19 28 50 81113140157160153137120106100102113128143152152142122 95191117I4 848161193215399999999999999 153 191412 9999999999999999
 68 44 30 28 38 59 86114136150152146134120110106108116127137142141131114191118I4 946153201714399999999999999 240 2715 810699999999999999
 92 70 51 40 38 47 65 88111131143147143134124115109109113119126131131125191119I41059147213213199999999999999 339 37163710899999999999999
113 97 79 63 51 48 53 67 86107126140146145138127116107102101105112119124191120I41220146233612599999999999999 454 48183510199999999999999
125119108 92 76 62 55 56 66 84105125141150150142128112 97 87 84 88 99112191121I41330151999999999999999999999 621 541955 8499999999999999
124131131122106 88 70 59 57 66 84106129147157155143124101 81 68 65 72 89191122I4 128132142215799999999999999 740 572047 6499999999999999
109129142145137119 97 76 62 59 68 88113138157164158140113 84 60 46 46 60191123I4 24614515 416499999999999999 845 582131 4499999999999999
 84112138155159149128102 78 63 61 73 96124150167169156130 97 63 38 27 32191124I4 346159154117099999999999999 938 612211 2799999999999999
 53 85120149167169156132103 79 66 67 83109138162174170149115 77 42 19 13191125I4 4381711615174999999999999991025 652249 1399999999999999
 26 54 91130160176175158131102 80 71 76 96123151171176164136 97 57 24  6191126I4 52617816491769999999999999911 8 702327  499999999999999
  7 27 61101140168180174154126100 82 77 88110137161175172152119 78 40 12191127I4 6101801721176999999999999991148 77999999999999999999999
  1  9 35 72112148171178168146120 97 85 86100123148166172162137101 62 28191128I4 653178175317299999999999999 0 5  11226 8499999999999999
  8  4 18 47 85122153170171158137114 96 90 95112133154165164148120 85 50191129I4 735172182416699999999999999 042  313 2 9099999999999999
 24 11 14 32 62 97130153164161147127109 97 95104120139153158151132104 73191130I4 816164185715899999999999999 119 101339 9599999999999999
 44 26 20 28 48 77107133150156150136120106 99100110124138147147137117 921912 1I4 858156193114899999999999999 156 201419 9899999999999999
 66 45 33 32 43 63 881131331451471401281151051011031121221321371341231061912 2I4 943147201013799999999999999 234 3115 710199999999999999
 86 66 51 44 46 57 75 961161311391401341241141051011031081161221251221141912 3I4103514121 312599999999999999 317 43161410199999999999999
101 86 71 60 56 58 68 83100116129136137132123113104 99 971001051101141141912 4I41137137223211499999999999999 4 8 561749 9799999999999999
109101 91 80 71 67 68 75 87102116128135137132123111100 91 87 88 921001071912 5I41242137999999999999999999999 516 661920 8799999999999999
111111107 99 89 80 75 74 79 89103118131138139133121106 90 78 73 74 82 931912 6I4 035112133914099999999999999 637 732019 7299999999999999
105115119117109 98 87 79 76 81 92107123136144143133115 95 76 62 57 62 751912 7I4 210119142314499999999999999 752 7621 0 5799999999999999
 92110124130127118104 90 80 77 83 96113131144149144128104 79 57 44 43 541912 8I4 313130145914999999999999999 851 772135 4299999999999999
 74 98121136142137123106 89 79 78 86103123141153153141117 88 59 37 28 331912 9I4 4 1142153115499999999999999 937 7722 7 2899999999999999
 52 80109134149152142124103 86 77 80 93113135152159152132101 67 37 19 16191210I4 44115316 2159999999999999991018 772240 1599999999999999
 30 56 90123148161158143121 99 83 78 85102125147161161146118 82 46 18  5191211I4 5191611633163999999999999991055 782313  499999999999999
 10 32 66104138160167159140115 94 81 80 93114138157165158136101 62 27  3191212I4 55716717 4165999999999999991132 792349 -399999999999999
 -3 10 39 78117149167169156133108 89 81 86102125148163165151122 84 44 13191213I4 63617017371669999999999999912 8 81999999999999999999999
 -5 -3 16 50 90128156169165149125102 87 84 93112134154164159139107 69 32191214I4 716170181216499999999999999 026 -61246 8499999999999999
  6 -5  2 26 62101135158166159140118 98 88 88100119139154159150127 95 59191215I4 759166185115999999999999999 1 6 -51327 8699999999999999
 27  6  0 12 38 73109138156160150132112 97 89 92104121138149150139116 86191216I4 845160193515199999999999999 149  01413 8999999999999999
 55 29 13 11 25 50 82114138152153143126109 96 90 93104118131139139129109191217I4 935154202914099999999999999 236 1015 9 9099999999999999
 84 58 37 25 26 39 61 89116136147147138123107 95 89 90 97108119127128122191218I41029148214012999999999999999 328 241621 8899999999999999
107 88 67 50 40 41 52 71 94117135144144135121105 92 83 81 85 94105115120191219I41128145231912199999999999999 427 391749 8199999999999999
119111 96 80 65 56 55 63 78 98119135143143134119102 85 73 67 70 79 92106191220I41228144999999999999999999999 537 541913 6799999999999999
117122119109 95 80 70 66 71 84102121137145145135117 95 74 58 50 52 64 81191221I4 1 8122132614699999999999999 655 662017 5099999999999999
101118129130123109 93 80 74 77 89107126142150147134112 85 60 41 32 37 52191222I4 238131141715099999999999999 810 742110 3299999999999999
 76102125139143135119101 86 79 81 93112132148155149131103 71 43 23 17 25191223I4 34714315 315599999999999999 915 782155 1799999999999999
 47 77108135151153143125104 88 81 85 99120141155159148124 91 56 26  8  6191224I4 44115415451599999999999999910 9 812237  599999999999999
 20 48 83118146160160146125103 87 82 89106128149161159143113 76 40 12 -2191225I4 5281621624162999999999999991056 822317 -399999999999999
  2 23 56 94130155166161143120 98 85 83 94114137156163156133 99 60 25  2191226I4 61016617 1163999999999999991137 822355 -699999999999999
 -6  5 32 69108141161166156135111 92 83 86101123145159161147120 83 46 15191227I4 6481661737162999999999999991215 82999999999999999999999
 -2 -2 15 46 84121149163161146124102 86 82 90108130149158154135104 68 34191228I4 724164181215999999999999999 031 -41250 8299999999999999
 10  0  7 30 63 99131152159152134112 93 83 84 96115135149153143120 89 56191229I4 758159184615399999999999999 1 5  01324 8299999999999999
 28 11  9 22 48 80112138152152140122102 87 82 87101119136145143129106 76191230I4 831153192114699999999999999 138  814 0 8299999999999999
 48 27 18 22 39 65 94121139147142129111 95 85 83 91104120132136131115 93191231I4 9 7147195813699999999999999 212 171440 8399999999999999
