 54 64 79 91 96 98100 99 95 92 93 97 99104112119117109100 88 72 54 42 3819 1 1IO 619100152011999999999999999 912 922333 3899999999999999
 39 47 63 83 99105108109107102 98100104106110117121116104 90 75 55 36 2619 1 2IO 7 610915581219999999999999910 6 982327 2599999999999999
 26 32 46 68 94110116117116110103100104108111115123124113 97 80 60 38 2019 1 3IO 7 711716371259999999999999910511002357 1499999999999999
 14 19 30 50 80108123125122117108100 99106112116122128125109 88 68 45 2119 1 4IO 6441251716129999999999999991132 98999999999999999999999
  6  6 16 34 61 94122133130123114102 95 98108115121128132123102 78 55 3019 1 5IO 711133175413299999999999999 031  41211 9599999999999999
  8 -2  4 20 43 75110134138130119107 95 91 99111119126133133118 92 67 4219 1 6IO 744139182913499999999999999 1 7 -21249 9199999999999999
 18  0 -3  8 28 56 91124140137125112 99 89 90101113122129134128107 80 5519 1 7IO 81814119 313499999999999999 142 -41325 8899999999999999
 32 11 -1  2 18 41 71106132139131117104 92 86 92104115123129130117 94 6819 1 8IO 852139193613199999999999999 216 -214 2 8699999999999999
 45 25  9  4 14 32 56 86116134133122110 98 88 86 94105114120125121104 8019 1 9IO 927136201012599999999999999 248  41440 8699999999999999
 58 39 22 13 15 28 47 71 99122130125115104 94 87 88 96103109114116108 9019 110IO10 2130204811699999999999999 319 121523 8699999999999999
 69 52 37 25 22 29 43 61 83107122124117109100 91 86 88 93 97101105105 9519 111IO1038125213110699999999999999 348 221614 8699999999999999
 79 63 51 40 33 35 45 58 74 92110119117111105 97 89 85 85 87 88 91 95 9419 112IO11171192224 9599999999999999 419 331722 8499999999999999
 85 72 62 54 47 45 50 59 71 83 98110115111106101 94 86 80 78 77 77 80 8519 113IO11581152334 8599999999999999 452 452031 7799999999999999
 85 79 72 66 62 59 59 64 72 81 91101109110107102 96 88 79 72 67 65 66 7019 114IO1241111999999999999999999999 530 582123 6599999999999999
 77 80 80 77 75 74 73 73 77 83 89 96103108107103 97 90 80 69 59 54 52 5419 115IO 117 81132710899999999999999 625 722157 5299999999999999
 62 72 82 86 87 88 88 86 84 86 91 95100105108107100 91 81 69 54 43 37 3819 116IO 521 88141510899999999999999 758 842222 3799999999999999
 44 56 73 89 98101103101 96 92 92 96100103108112109 98 85 71 54 36 23 2019 117IO 55910315 711299999999999999 926 912252 2099999999999999
 25 36 55 79101114117115110101 94 94 99104108115119113 98 79 60 38 16  319 118IO 6 811716 1119999999999999991030 932328  299999999999999
  3 13 31 58 91118130130124114101 91 93101108115124128119 97 72 47 20 -419 119IO 6261311655128999999999999991121 91999999999999999999999
-15-10  6 31 67107136144138127112 94 85 90102112122134138124 95 64 35  319 120IO 656144174613999999999999999 0 8-1512 7 8599999999999999
-22-29-17  6 37 80124150151139123104 85 79 89103115129144145124 90 56 2419 121IO 731153183614799999999999999 049-291251 7999999999999999
 -9-32-33-15 11 48 95139157150134116 94 76 74 88103116133148146119 83 5019 122IO 8 8157192415099999999999999 131-361335 7299999999999999
 17-15-33-27 -6 22 61110147156143125107 85 69 72 87100113132146138109 7619 123IO 847156201214699999999999999 214-331421 6899999999999999
 47 16-12-22-11 10 38 76120146146131115 97 77 66 71 84 94107125135124 9819 124IO 92814921 113599999999999999 257-2215 9 6699999999999999
 71 47 21  1 -2 11 30 55 89123139133119106 90 73 66 70 78 86 9711311910819 125IO1010139215111999999999999999 339 -316 3 6699999999999999
 87 69 51 33 21 23 35 51 71 98121127120109 98 85 71 65 67 70 75 85 9710119 126IO1052128224810199999999999999 421 201710 6599999999999999
 93 81 70 60 50 45 49 59 70 84102115116109100 92 81 70 63 61 61 63 71 8119 127IO1135117999999999999999999999 5 0 451942 6099999999999999
 85 83 78 75 72 68 68 72 79 85 94102108106100 94 86 77 66 58 52 50 52 5919 128IO 0 4 85121610899999999999999 534 6821 6 5099999999999999
 68 75 79 81 83 85 86 87 90 93 96 99101102100 95 89 81 72 60 50 42 40 4219 129IO125710299999999999999999999922 5 40999999999999999999999
 49 60 72 82 89 94 98100100100101102101100100 98 93 85 77 66 52 39 32 3019 130IO10381029999999999999999999992246 30999999999999999999999
 34 43 59 77 91 99105108108106104104103101100101100 93 83 71 58 42 27 2119 131IO 7291099999999999999999999992319 20999999999999999999999
 22 29 43 64 87103111113113110104102103103102102105103 94 80 65 48 30 1519 2 1IO 73311412391031619105999999911 210214201012351 119999999
 11 17 29 49 76102116119117112104 97 96100102103107112108 93 75 57 37 1619 2 2IO 65111917 9112999999999999991137 95999999999999999999999
  4  5 16 33 60 92117125122115105 94 87 90 98103107115118109 89 68 47 2519 2 3IO 7 3125175111999999999999999 023  31210 8799999999999999
  5 -2  5 21 44 76110129128119107 94 81 79 87 97105113122122105 81 59 3619 2 4IO 727130182912499999999999999 056 -21243 7899999999999999
 12 -3 -2 11 31 59 95124133124110 96 80 70 73 86 98108119127119 97 71 4819 2 5IO 75413319 412799999999999999 127 -51316 7099999999999999
 24  4 -4  5 22 46 78112131129115 99 83 68 63 72 86 98111124126110 85 6019 2 6IO 822132193912799999999999999 156 -41349 6399999999999999
 37 15  1  3 17 36 63 95123130120104 88 71 59 61 73 86 98113124119 97 7219 2 7IO 850130201412499999999999999 223  01424 5899999999999999
 50 29 12  6 15 32 52 80109125123109 94 78 63 56 61 73 85 98112118107 8419 2 8IO 919127205211899999999999999 251  615 2 5699999999999999
 63 44 27 15 18 31 48 68 93115121112 98 85 71 58 55 62 72 82 95107108 9419 2 9IO 949121213311099999999999999 319 151545 5599999999999999
 74 57 43 30 26 34 48 63 81102115113101 89 78 65 56 55 61 68 77 89 99 9719 210IO1021116222010099999999999999 350 261635 5499999999999999
 83 69 57 48 41 42 51 64 76 90104109103 91 81 72 62 54 53 57 62 71 82 8919 211IO10541092317 9099999999999999 424 401736 5399999999999999
 87 78 69 63 58 56 59 68 78 87 96103102 94 83 75 67 58 51 49 51 55 63 7319 212IO1126104999999999999999999999 459 561852 4999999999999999
 81 81 78 75 74 73 72 76 82 89 94 98100 96 88 78 70 62 52 44 41 42 45 5319 213IO 037 82115710099999999999999 541 722016 4199999999999999
 64 75 81 84 86 88 88 87 89 93 96 97 98 98 94 86 76 67 57 45 35 30 30 3419 214IO 527 881224 9899999999999999 7 0 872130 2999999999999999
 43 58 74 87 96101102101 98 96 97 98 99 99 99 96 89 77 65 51 36 22 15 1519 215IO 6 41021247 9999999999999999 9 6 962226 1499999999999999
 22 36 56 80100111115114108101 95 95 97 99101104104 97 81 63 44 24  6 -219 216IO 6131151537105999999999999991033 942312 -399999999999999
  1 13 32 60 92117127125119108 95 87 88 94 99105114117107 84 60 37 11-1119 217IO 6171271649118999999999999991120 862354-1899999999999999
-18 -9  8 34 70110134138129117100 82 73 80 91100112127131115 86 57 28 -319 218IO 63913817441329999999999999912 1 73999999999999999999999
-26-28-13 10 42 87129147141126108 85 64 60 72 87100120140141117 84 53 2019 219IO 7 9147183414499999999999999 035-291242 5999999999999999
-14-33-28 -8 19 57106144151135116 94 67 48 50 67 83101127148143114 80 4919 220IO 742152192015099999999999999 115-341323 4699999999999999
 14-18-29-17  5 34 76123149144124103 78 51 37 45 62 79101130147135105 7519 221IO 81715120 614799999999999999 155-2914 6 3699999999999999
 45 13-12-14  2 24 53 94132144130109 88 63 40 32 43 59 75 99127137121 9419 222IO 853144205213799999999999999 234-161450 3299999999999999
 70 45 19  4 10 26 45 72106130130113 94 75 53 36 34 43 55 71 9411611910419 223IO 929134213912199999999999999 312  41536 3299999999999999
 85 68 50 33 28 37 51 66 87110121113 97 81 66 48 37 37 43 52 66 8510010019 224IO10 3121223110299999999999999 348 281630 3599999999999999
 90 79 70 60 53 54 63 73 83 96107108 98 84 72 60 48 40 39 42 48 59 74 8419 225IO10321092339 8699999999999999 420 521741 3999999999999999
 85 82 78 76 74 73 77 83 89 94 99100 95 86 76 68 59 49 42 39 39 43 52 6219 226IO1046100999999999999999999999 436 731927 3999999999999999
 71 76 80 83 86 88 91 94 97 99 98 97 93 87 80 73 66 59 51 43 37 35 38 4419 227IO 925 999999999999999999999992057 35999999999999999999999
 53 64 75 84 92 97101103103103101 97 92 87 83 79 74 67 59 50 41 33 29 3119 228IO 74710399999999999999999999922 5 29999999999999999999999
 38 49 64 80 94102106108108104101 98 94 88 85 84 83 77 68 59 48 36 26 2219 3 1IO 7171099999999999999999999992254 22999999999999999999999
 26 35 49 70 92105110111110105 98 94 92 90 87 87 90 89 80 69 57 43 28 1719 3 2IO 7 11111621 91999999999999991424 862332 1699999999999999
 17 24 36 56 83105115114111105 95 86 84 87 87 88 94100 95 82 67 53 35 1819 3 3IO 62311517 7100999999999999991142 84999999999999999999999
 11 15 25 42 69 99117119113104 93 79 73 76 82 87 94105108 98 80 63 46 2519 3 4IO 636120174610999999999999999 0 5 1112 4 7399999999999999
  9  8 17 32 55 87114123117105 92 75 62 62 71 80 90104116113 96 75 56 3519 3 5IO 658123182111799999999999999 035  71231 6099999999999999
 14  5 11 24 43 72105124122108 93 75 56 48 55 69 81 97115123112 89 68 4619 3 6IO 721126185512399999999999999 1 3  51259 4899999999999999
 23  7  7 19 36 60 92120126114 96 78 57 41 40 53 68 85106124124105 80 5819 3 7IO 745126192912799999999999999 128  51330 3899999999999999
 35 14  7 15 31 50 79110126119101 82 62 41 31 38 54 70 91115127118 94 7119 3 8IO 81012620 412899999999999999 154  714 3 3199999999999999
 49 27 12 15 29 45 67 96119122107 87 69 48 31 28 40 55 73 97119123107 8419 3 9IO 837124204112499999999999999 221 111438 2799999999999999
 64 44 25 19 29 44 61 83107120112 93 75 57 38 27 30 42 56 75 99116114 9619 310IO 9 5120212211899999999999999 251 191517 2699999999999999
 77 60 44 32 34 46 61 76 94111112 98 79 64 48 34 27 32 44 57 76 9710910319 311IO 93411422 810999999999999999 323 3116 1 2799999999999999
 88 74 62 51 47 52 64 76 87100107101 85 69 56 43 33 29 34 44 57 74 91 9819 312IO10 310723 3 9899999999999999 358 471651 2999999999999999
 93 84 76 70 65 65 71 81 88 95100100 90 75 61 51 41 33 30 34 42 53 68 8119 313IO1027101999999999999999999999 434 641752 3099999999999999
 89 88 85 83 82 81 82 87 93 96 98 97 93 82 69 59 50 41 33 30 32 37 46 5919 314IO 022 891024 9899999999999999 514 8119 6 3099999999999999
 72 83 88 92 95 96 96 96 97 99 99 97 93 88 80 70 61 51 41 32 26 25 29 3819 315IO 922 999999999999999999999992038 25999999999999999999999
 50 66 82 95103107108105102 99 98 96 93 91 89 85 77 66 54 41 28 18 15 1919 316IO 5411089999999999999999999992156 15999999999999999999999
 29 44 66 89107116117114107 98 91 89 90 90 91 96 97 89 73 56 40 22  8  319 317IO 5421171541 97999999999999991155 892250  399999999999999
 10 23 43 72103123126121113100 85 76 77 83 87 96109113101 79 59 37 13 -519 318IO 5461271647113999999999999991116 752333 -799999999999999
 -6  6 23 49 86121136131119105 84 63 57 65 75 86105125129110 83 59 32  319 319IO 6 81361738130999999999999991150 57999999999999999999999
-13 -8  8 29 62106138142127110 89 61 40 41 55 70 88117141138113 85 58 2619 320IO 637144182514399999999999999 013-141227 3899999999999999
 -5-14 -2 17 42 81125147138117 95 68 37 22 30 48 67 93128149139110 83 5419 321IO 7 9148191015099999999999999 052-1413 6 2299999999999999
 20 -4 -4 12 33 60101138145126102 77 47 19 12 26 45 66 99135148131104 7919 322IO 743147195414899999999999999 129 -81346 1199999999999999
 51 21  6 14 32 52 80117140133109 85 60 30  9 10 26 44 68103133137119 9619 323IO 816141203813999999999999999 2 6  61427  799999999999999
 75 51 30 26 38 54 72 97123130115 91 69 46 22 10 15 28 46 7110212212110619 324IO 847131212512499999999999999 241 251510  999999999999999
 90 74 57 47 50 62 75 88106119114 96 76 58 39 22 16 21 32 48 71 9510810519 325IO 916119221710899999999999999 315 471558 1699999999999999
 96 87 78 70 68 74 83 91 99107108 97 81 65 51 38 27 24 28 36 50 68 85 9319 326IO 9351092330 9499999999999999 344 671655 2499999999999999
 94 91 88 86 84 87 92 97100102101 95 83 71 60 51 41 34 31 33 39 49 63 7519 327IO 918102999999999999999999999 359 841810 3199999999999999
 83 88 92 94 96 98101103104102 99 92 84 75 68 61 54 47 40 36 36 39 47 5719 328IO 7521049999999999999999999991942 35999999999999999999999
 68 79 89 98103106107108106103 98 92 84 78 74 70 65 58 52 45 39 36 38 4419 329IO 6371089999999999999999999992110 36999999999999999999999
 53 66 81 96106110111110107101 96 91 85 79 77 77 76 70 63 56 48 39 34 3619 330IO 6131119999999999999999999992214 34999999999999999999999
 42 53 68 88105113113111107 99 90 85 83 79 78 81 85 83 75 66 58 47 36 3119 331IO 5361141614 86999999999999991349 7823 1 3199999999999999
 35 43 56 76 99114116112106 96 84 76 75 76 77 82 91 95 89 78 68 57 42 3119 4 1IO 5421161656 95999999999999991140 742336 2999999999999999
 30 36 47 64 89111119114105 94 79 65 62 66 71 78 91104104 93 80 67 52 3519 4 2IO 6 01191732106999999999999991150 62999999999999999999999
 28 31 41 55 78105120118107 94 77 58 48 51 60 71 86105116109 93 78 62 4219 4 3IO 62012118 611699999999999999 0 6 281212 4899999999999999
 28 28 36 49 68 96119123111 95 77 55 37 35 45 58 75 99120124109 91 73 5219 4 4IO 641124183912599999999999999 031 261238 3499999999999999
 33 26 33 45 60 85113126117 99 80 58 34 22 28 43 61 85114131125106 86 6619 4 5IO 7 3126191313299999999999999 055 2513 7 2299999999999999
 42 27 30 42 56 76103125124106 85 63 38 17 14 27 45 67 98127135121100 8019 4 6IO 728127194913699999999999999 121 261339 1399999999999999
 58 37 30 40 55 70 92117127114 91 70 47 23  9 14 29 49 75109133132114 9419 4 7IO 755127202813699999999999999 151 301413  899999999999999
 75 54 39 41 55 69 85106123120100 76 56 34 14  8 17 34 54 8311513012410719 4 8IO 824124211013199999999999999 223 381452  899999999999999
 90 73 57 51 58 71 84 97113119107 85 64 45 27 13 12 22 38 60 8811312211519 4 9IO 852119215912299999999999999 257 511534 1199999999999999
101 89 78 68 67 76 87 96105113110 94 73 55 40 25 16 18 28 42 62 8610611219 410IO 918113225811299999999999999 334 661623 1699999999999999
107100 93 87 83 85 92 99104107107 99 83 65 51 39 29 22 23 32 44 61 80 9619 411IO 932108999999999999999999999 414 831720 2199999999999999
104104102101100 98 99103106105103 99 90 77 64 53 43 34 27 27 33 43 57 7319 412IO 028104 82110699999999999999 5 9 981831 2799999999999999
 89 99105109111111108107106105101 97 92 86 78 69 59 49 40 32 29 32 40 5119 413IO 4201119999999999999999999991959 29999999999999999999999
 67 85101112118119117112105100 96 93 90 89 89 87 79 68 56 45 34 28 28 3619 414IO 4521199999999999999999999992124 27999999999999999999999
 48 65 88109122125122116106 93 85 83 83 84 90 98100 91 77 63 49 33 24 2519 415IO 45112515401019999999999999912 7 832221 2399999999999999
 34 48 69 97122131127119108 90 73 66 69 74 81 96113115102 85 69 50 30 1919 416IO 5 513116381179999999999999911 5 6623 6 1999999999999999
 25 37 53 79112135136124110 92 67 49 47 56 67 82108129129110 91 72 48 2519 417IO 5311381727132999999999999991134 462346 1999999999999999
 19 30 44 63 95129144134115 96 70 41 26 33 47 63 89123143136114 94 72 4419 418IO 6 114418131449999999999999912 9 26999999999999999999999
 24 26 40 56 78113142144124101 77 46 18 11 24 42 64 99136150137114 94 6919 419IO 633147185715099999999999999 024 221246 1199999999999999
 41 29 39 55 71 96129147136110 84 57 25  3  5 22 42 70109143148132111 9119 420IO 7 6147194115099999999999999 1 0 291325  199999999999999
 66 45 43 57 72 88113137140120 93 68 40 12 -1  7 24 46 7811614114012410719 421IO 738142202614399999999999999 136 4114 5 -199999999999999
 89 68 57 62 76 89103123134126102 77 54 29  9  3 13 30 53 8511713312911619 422IO 8 7135211413399999999999999 211 561448  399999999999999
103 89 76 73 81 93102113123123108 86 65 46 27 14 13 22 37 60 8811212211819 423IO 831125221012299999999999999 244 731534 1299999999999999
111102 94 89 91 98105111116116109 93 75 58 44 30 23 23 31 45 65 8710411219 424IO 840117232811299999999999999 316 881626 2299999999999999
112109105102102104109112113111105 95 81 69 57 47 38 33 33 40 52 67 84 9719 425IO 749113999999999999999999999 3451011725 3299999999999999
105109111111111111112113111108102 94 85 76 68 61 53 46 43 42 47 56 68 8119 426IO 6541139999999999999999999991833 42999999999999999999999
 93104111116117117115113110105 99 92 86 80 76 72 66 60 55 51 49 52 58 6819 427IO 4 91179999999999999999999991959 49999999999999999999999
 80 93106116120120117113107100 94 89 84 81 81 81 78 73 67 62 57 54 55 6119 428IO 4211209999999999999999999992119 53999999999999999999999
 70 82 97112121122118113105 95 87 83 81 80 82 87 89 85 79 73 67 60 56 5719 429IO 4371221552 89999999999999991256 802215 5599999999999999
 64 73 86104118123119112102 90 78 73 73 75 79 88 97 98 92 85 78 69 60 5719 430IO 4561231636 99999999999999991127 722255 5799999999999999
 60 68 78 95114123121112101 87 71 61 60 65 72 85100109106 97 89 79 66 5819 5 1IO 5151241713110999999999999991131 592326 5799999999999999
 58 65 73 87107123124114101 86 66 50 45 51 61 76 97116121112101 90 75 6119 5 2IO 5341251747121999999999999991150 452352 5699999999999999
 56 62 71 82101121128120104 87 66 43 31 35 46 62 85114131129116103 87 6819 5 3IO 5551281822132999999999999991214 31999999999999999999999
 56 59 68 79 94116131128110 90 69 44 23 19 30 46 68100131142133117101 8119 5 4IO 619132185714299999999999999 019 561242 1899999999999999
 62 57 66 78 90109129135120 97 75 50 24  9 13 29 49 79117144147133116 9719 5 5IO 646136193614899999999999999 048 561315  899999999999999
 76 61 63 76 89103123137131108 82 59 33 10  3 13 32 57 9212914914513011319 5 6IO 715138201715099999999999999 121 601351  399999999999999
 94 75 67 76 90102116132136121 94 69 46 22  5  4 18 38 6510213514714012519 5 7IO 74613721 314799999999999999 156 671431  299999999999999
111 94 81 80 90103113124133129108 82 59 38 18  7 10 24 45 7310613314113419 5 8IO 816133215514199999999999999 234 781516  699999999999999
122111100 92 95104113119125127117 96 73 54 36 21 14 18 32 51 7710512613219 5 9IO 844128225813299999999999999 316 9216 7 1499999999999999
128122116109105108114118120120117106 88 70 55 41 29 23 28 39 56 7710111819 510IO 853120999999999999999999999 4 810517 4 2399999999999999
126126125122118115115117116114111107 99 86 72 61 50 39 34 37 45 59 76 9619 511IO 028127 72611799999999999999 5301141810 3499999999999999
113124128129128124118114111108104101100 97 89 80 70 60 50 44 44 50 61 7519 512IO 3 51299999999999999999999991929 43999999999999999999999
 94112126132132130123114105 99 95 92 92 97100 98 90 80 71 61 52 50 55 6419 513IO 3381321410100999999999999991124 922048 4999999999999999
 77 96117131135132126116101 88 82 80 81 87 99109109101 90 81 69 57 54 6019 514IO 35513615311119999999999999911 3 802148 5499999999999999
 70 82103125138137128117102 82 67 63 67 73 86106122121110100 89 73 60 5919 515IO 4201391627123999999999999991049 632235 5799999999999999
 67 77 91114136143133119103 82 58 45 48 56 68 90118135131118107 93 74 6219 516IO 4501441716136999999999999991116 452315 6199999999999999
 65 76 87103127146143125106 86 59 35 28 37 50 69100132146138124111 94 7419 517IO 52314818 2146999999999999991150 282354 6699999999999999
 66 75 87 98117140151138114 92 67 37 17 17 31 48 75112144152141126112 9219 518IO 5561511848152999999999999991228 15999999999999999999999
 75 74 87 99111130148148127101 76 49 21  8 14 31 52 8512415115214012610919 519IO 629151193315499999999999999 031 7213 7  799999999999999
 90 80 86 99111123140149139113 87 62 35 13  7 17 35 61 9613315114913612319 520IO 7 1149202015399999999999999 1 8 801348  699999999999999
107 93 89 99111121132142142125 99 75 52 28 13 12 24 44 7110513514714313219 521IO 73014421 914799999999999999 144 891432 1099999999999999
120108100101111121128134137130110 87 66 46 29 19 22 35 54 8111113314113719 522IO 75313822 314199999999999999 221 991517 1999999999999999
128120112109112120126129131127116 98 79 62 47 35 30 34 46 65 8811212913419 523IO 75613123 613499999999999999 25910916 4 3099999999999999
132127122118117120124126125122115104 89 75 63 52 44 41 46 58 74 9311212519 524IO 712126999999999999999999999 3471171651 4199999999999999
130130128125123121122122120116111104 95 85 76 67 59 54 53 58 67 81 9611119 525IO 0331319999999999999999999991738 53999999999999999999999
122128131130127124120118114110106102 97 92 86 80 74 68 64 65 68 76 86 9919 526IO 2161319999999999999999999991829 64999999999999999999999
112122129132130126120114108103 99 96 95 94 93 90 86 81 77 74 74 76 82 9219 527IO 3 61329999999999999999999991942 74999999999999999999999
102114124131131127120112103 94 89 88 89 92 96 98 97 93 89 85 82 81 82 8819 528IO 3381321517 989999999999999911 4 8821 3 8199999999999999
 96106118128131128121111 99 87 79 77 79 85 94103107106101 97 92 87 85 8819 529IO 4 11311612108999999999999991055 772156 8599999999999999
 94101112124131130122111 97 82 69 64 67 74 86102114118115110103 95 88 8819 530IO 42013116551189999999999999911 5 642235 8799999999999999
 93 99107120131133124112 98 79 61 51 52 60 73 93115129130124116106 94 8819 531IO 4401331732131999999999999991123 5123 9 8899999999999999
 91 98105116130137131116100 81 59 41 37 44 57 77105132143139131120105 9119 6 1IO 5 413718 9143999999999999991148 362343 8899999999999999
 89 96105113127140141126105 85 62 38 24 26 39 58 8612214815414613411910119 6 2IO 5331431848155999999999999991219 23999999999999999999999
 89 92103113124139148140117 93 69 43 20 12 21 39 6410013816116014913411719 6 3IO 6 5148192816399999999999999 018 891254 1299999999999999
 98 91 99112123135149152135107 80 54 28  8  7 21 43 7311315016616214813219 6 4IO 640153201216799999999999999 056 911333  599999999999999
114 99 97108121132143153149126 96 69 44 19  5  9 25 49 8312315516615814519 6 5IO 717154205916699999999999999 136 961417  499999999999999
130115104106118129137147151141116 88 63 39 18  9 16 33 58 9112815516115319 6 6IO 755151215016199999999999999 21910315 4  999999999999999
142130118111115125132137143144131107 83 62 42 25 19 26 43 66 9612815015419 6 7IO 836145224715599999999999999 3 91111555 1999999999999999
148141133124118121126130131134133122102 83 67 50 37 32 40 54 74 9912614419 6 8IO 925135235414999999999999999 4101181650 3299999999999999
149145141135127121120121121120122123115101 88 75 62 51 48 54 65 8110212419 6 9IO 7 5121103412399999999999999 538120 8411201750 489999999
140145144141135127118114110108107111114112105 95 86 76 67 64 67 76 8810519 610IO 113145121111499999999999999 9361071857 6499999999999999
124138144143139132121109101 96 93 95102110114111104 98 90 82 78 80 87 9719 611IO 21614414 1114999999999999991010 9320 9 7899999999999999
110127140144140133124110 94 84 80 80 85 97111120119114109102 94 89 91 9819 612IO 2571441523121999999999999991022 792112 8899999999999999
105116132144144135125112 94 76 66 65 70 79 97117129128124119112102 9710019 613IO 3321451624130999999999999991033 6522 2 9799999999999999
108114124139148142128114 98 76 57 50 54 62 7710212713913713212711710510219 614IO 4 714817161399999999999999911 1 50224510299999999999999
109116122133147150138119102 81 57 40 38 47 60 8111213914914513813111810719 615IO 44315118 3149999999999999991136 37232710599999999999999
107116124131142153150132110 89 65 40 27 31 44 62 9012515115715014113011619 616IO 5201541848157999999999999991215 27999999999999999999999
107112123131139150156146123 99 76 51 28 21 29 45 6910213816016015114012719 617IO 556156193216299999999999999 0 71071255 2199999999999999
113110118130138146155155139113 88 65 40 23 21 33 52 8011514816316014913619 618IO 632157201516499999999999999 0471091337 1999999999999999
123113114124135142149154148128102 79 56 35 23 26 41 63 9212715416215614419 619IO 7 5154205816299999999999999 1261121418 2399999999999999
132121115119130139144149149138116 93 72 53 36 30 37 53 7510413415415815019 620IO 735150214215899999999999999 2 61151459 3099999999999999
140130121119124133139142143140126106 86 69 54 42 41 50 66 8811413815115119 621IO 8 1143222815399999999999999 2491191538 4099999999999999
144137129123122127132134135135129115 98 83 70 58 52 54 64 79 9912113914719 622IO 824135231814799999999999999 3381211616 5199999999999999
146141135128123122125126126126125118107 94 84 74 66 64 68 78 9110812513819 623IO 817126999999999999999999999 4401221652 6399999999999999
143142139133127121119118117116117116111103 95 88 81 76 76 81 9010111512819 624IO 0131439999999999999999999991727 75999999999999999999999
137140140136130122116111107105106108109107103 99 94 89 87 88 9310010912019 625IO 114141115310999999999999999 91810518 9 8799999999999999
130137139137132125115106 99 95 94 97102107109108106103100 98 9910210811519 626IO 2 2139141210999999999999999 945 941910 9899999999999999
124132137137133126116104 93 86 82 84 9110011011611711611311010710711011519 627IO 2331381554117999999999999991010 82203410699999999999999
121128135138135128118105 91 78 71 71 77 8810311812612812712311811311211519 628IO 3 11381654128999999999999991031 70214011199999999999999
120126132139139132120107 91 74 61 57 61 72 8911113014014013713112211511519 629IO 3331401735141999999999999991055 57223011499999999999999
120126131139144141127111 94 74 55 44 45 54 70 9512414615415114513512211519 630IO 4101441810154999999999999991124 43231411499999999999999
117125132139147151142122101 80 56 36 29 35 50 7310513916216615914913412019 7 1IO 4501511845166999999999999991159 29235711499999999999999
114120130138147157157141116 90 65 39 20 18 30 50 7911815517417316214813119 7 2IO 5331591924176999999999999991238 16999999999999999999999
116113123135145155165161139109 80 53 26 10 13 30 54 8913216818117416014419 7 3IO 61816620 418199999999999999 0401121321  999999999999999
126113114127140150161169160134101 73 45 19  7 15 35 6210014317518117115619 7 4IO 7 5169204618299999999999999 12411114 5  799999999999999
140122112117130141150162168155127 96 69 43 20 13 24 45 7211015017517616419 7 5IO 754168213117899999999999999 2111121452 1399999999999999
151136120113119130138146157161147120 94 71 48 29 26 38 58 8411815317016819 7 6IO 845162221917199999999999999 3 21131539 2599999999999999
157146133119113118125130137148150137115 96 78 58 45 45 56 73 9512415116319 7 7IO 940151231016399999999999999 4 01131629 4399999999999999
159151142130118112113115118125135138128114101 88 74 65 66 75 8810612914819 7 8IO1043138999999999999999999999 5131121721 6499999999999999
155152145138126114107104103105112122127123116108100 91 85 87 9310211513219 7 9IO 0 415512 212799999999999999 8 51031818 8599999999999999
145149146140132121108 98 92 90 9210011212012212011711310810410410911512419 710IO 1 0149135112399999999999999 9 4 90192410399999999999999
134143146142134125113 98 86 79 78 82 9110611912612712712612211811812112619 711IO 15114616 712799999999999999 945 78203411799999999999999
130137143144138128117103 87 73 67 68 74 8610512313313613713613212712713019 712IO 2381451819137999999999999991019 66213612699999999999999
133135140145144134121108 92 73 60 56 60 70 8711013214314514514313613013119 713IO 3221461823145999999999999991053 56222813099999999999999
135138140144149145131115 99 80 60 48 47 56 69 9212114415415315014513512919 714IO 4 71491823154999999999999991129 46231312999999999999999
131138141144150153145127107 89 67 47 38 43 55 7410213515716215815114113019 715IO 45315318511629999999999999912 7 38235612699999999999999
126131140144148155156143121 99 78 56 37 33 42 59 8311614916716615714713519 716IO 5371571925169999999999999991246 33999999999999999999999
124122131141147153159156138114 91 69 46 32 34 48 68 9613116117216415214019 717IO 619160195917299999999999999 0361211324 3199999999999999
126118121133143149156161152130105 83 61 41 33 40 57 8011114516816915814519 718IO 658161203417199999999999999 11511714 0 3399999999999999
132119114122134143149157158143119 96 76 56 41 40 52 71 9512515416716215019 719IO 73615921 916899999999999999 1531141435 3999999999999999
137124114114123133141148154149132109 89 72 56 47 52 66 8510913715816215319 720IO 812154214416399999999999999 23211215 7 4799999999999999
142130119112114123130136143147138120101 86 71 60 59 67 81 9912214415615419 721IO 851147221915799999999999999 3141111539 5899999999999999
145136125115110113119124130137137127112 98 86 75 69 73 82 9511113114715219 722IO 935138225415299999999999999 4 31101610 6999999999999999
147139131121112108109112116122129128119108 99 91 84 82 87 9610712113614619 723IO1026130233114799999999999999 5 71081644 8299999999999999
146140134126116108103102103107114121121115109104 99 95 9510110911712813819 724IO1130122999999999999999999999 6541021723 9499999999999999
143141135129121111101 96 93 94 9910711511811711511311010810911311912513219 725IO 0 814313 211899999999999999 821 93181510799999999999999
139140136130123114103 93 86 83 85 9110211312012312412412212012012312713119 726IO 047140163012599999999999999 9 9 83193011999999999999999
135139139134126117106 93 81 74 72 76 8510011612713413713713312912712913219 727IO 128139173013799999999999999 948 72205812799999999999999
135138141139133122110 96 80 67 60 60 68 8110112313914714914714113413013219 728IO 2171411756149999999999999991025 5922 913099999999999999
135139142145143134119102 85 66 51 45 49 61 8010713515416116015314313312819 729IO 31814518131629999999999999911 3 4523 212899999999999999
131138143148152151137116 94 72 50 34 31 40 58 8311715117017316515414012619 730IO 4211531838173999999999999991143 30234712299999999999999
123130140147155163160140113 86 61 35 19 20 36 59 9113216818317816515013119 731IO 5201631910183999999999999991225 17999999999999999999999
117116128141150163173167141109 80 50 23  9 17 38 6510214818118817615914119 8 1IO 613173194518999999999999999 03111413 7  999999999999999
120106111127140152169180169138104 75 44 17  9 22 46 7511616218818516815019 8 2IO 7 3180202319099999999999999 1141061350  999999999999999
130108 99108124137152172181164132101 73 43 20 19 35 58 8913017018617615819 8 3IO 75318121 218699999999999999 159 991433 1799999999999999
140120100 94105119131148169174155126101 75 49 33 38 54 7510314117117616319 8 4IO 842175214217799999999999999 246 941516 3399999999999999
147131111 95 93102111122141159160143121103 83 63 54 61 75 9211714716516419 8 5IO 934162222416799999999999999 338 9216 0 5499999999999999
151137123106 93 91 96102113130145145133120108 94 82 79 86 9610912714715619 8 6IO103014723 515699999999999999 439 911644 7999999999999999
151140130117103 92 88 89 9310211712913112612111610910310310811412213414419 8 7IO1142132234714799999999999999 6 8 88173010299999999999999
147141132123113100 89 83 81 84 9210511712312512612612412212212512813213619 8 8IO1532126999999999999999999999 8 0 81182612299999999999999
140140135127119109 97 85 77 73 76 83 9611012112913413713713613513613613719 8 9IO 027140174913723571379999999 9 7 73201513599999999999999
137137136132124115105 92 79 69 66 69 77 9110912613714314614714414114014019 810IO183814799999999999999999999910 0 66999999999999999999999
138136136136132123112100 86 71 60 59 64 75 9211513614715215315014514013819 811IO18521539999999999999999999991043 58999999999999999999999
139138137138140135123109 94 78 61 52 53 62 76 9912714915715715414813913319 812IO 352140182315899999999999999 2 41371121 5123191339999999
134137138139143146138121104 87 68 51 45 51 64 8311114216116315715014012819 813IO 4481461838164999999999999991157 45235312499999999999999
124129136139143151151138117 98 79 58 43 42 53 70 9412715716916315214112719 814IO 53415319 4169999999999999991231 41999999999999999999999
116116126135141150158154134111 91 70 49 39 45 61 8111014416816915714312819 815IO 615159193217199999999999999 02711413 4 3999999999999999
113105112125135144156162150126103 83 61 44 42 54 72 9512715817016214613119 816IO 65216220 117099999999999999 1 11051336 4099999999999999
114100 99111124135148161160141116 95 74 54 45 51 67 8611214316516515113519 817IO 728163203016899999999999999 134 9714 5 4599999999999999
118102 92 97110123135151160152130107 88 69 54 53 65 8110112815416415513919 818IO 8 4160205816499999999999999 2 9 921433 5299999999999999
124107 93 89 97109121135151154140119100 83 68 61 67 80 9611614015615614319 819IO 842155212715899999999999999 247 8915 2 6199999999999999
129115100 89 89 97107118134146144129111 97 84 73 73 82 9510912714515314519 820IO 922147215815399999999999999 329 871533 7199999999999999
132120108 95 87 89 95103114129138133121109 99 90 85 88 9810812013414514519 821IO10 9138222914799999999999999 418 8716 7 8499999999999999
135124114103 92 86 87 91 98110123130126118111106101 9910411211912813714119 822IO11 513023 114199999999999999 520 861646 9999999999999999
137126117109 99 89 83 83 86 9210411612312212011911711511411812412813213619 823IO1225123233113799999999999999 634 82173611499999999999999
136130120112104 94 84 78 77 79 86 9711012012412713013012812712913213313419 824IO1637130235613599999999999999 749 77185212799999999999999
135133126117109100 89 78 70 68 70 78 9110712113213914214213913613513513519 825IO1726143999999999999999999999 857 68999999999999999999999
135135133127119108 96 82 69 59 57 60 71 8710812814415215415014413713313319 826IO1748154999999999999999999999 955 57222713399999999999999
135136137138134124108 91 74 58 46 44 51 65 8711414215916416015314213112619 827IO 2471381757164999999999999991043 4323 412699999999999999
129133137142148145130108 87 66 44 31 32 44 64 9112715917317116114813111719 828IO 4191481816174999999999999991126 29234111399999999999999
114122131139151162158136108 82 56 31 18 25 43 6710214417618217015513611419 829IO 51916318441839999999999999912 7 18999999999999999999999
 99102116129143162176167138107 78 47 20 12 26 49 7711816318718216314312019 830IO 610176191718899999999999999 020 981248 1299999999999999
 94 82 92110126146173185169136105 74 41 17 17 36 60 9113617618817315012819 831IO 657185195118999999999999999 1 0 821328 1499999999999999
101 76 71 86105123150178186164131103 73 41 25 33 53 7610915118118015813619 9 1IO 744187202718499999999999999 141 7014 8 2599999999999999
112 85 65 67 83100120150176176153126102 75 50 43 56 74 9512515917516414219 9 2IO 83018021 217599999999999999 225 631447 4399999999999999
121 99 75 62 67 80 95116145164160141122103 83 68 69 81 9511213715816114619 9 3IO 919166213716399999999999999 312 611526 6699999999999999
127110 91 72 64 68 78 90110134148143131120109 97 91 9510511412614115014519 9 4IO1013148221015099999999999999 4 5 6416 4 9199999999999999
131116103 88 74 68 70 75 8510312113113012612311911411411812312813313813919 9 5IO1123131223314099999999999999 513 68163911399999999999999
131120110100 88 78 71 70 72 80 9410811812312612913113113213313513513413319 9 6IO2030135999999999999999999999 652 70999999999999999999999
129122115108100 90 80 72 68 69 75 86 9911212313213814214314314113913513119 9 7IO18 4143999999999999999999999 822 68999999999999999999999
127123119115109101 91 81 71 65 65 70 81 9611313014114715014914514013613219 9 8IO1819150999999999999999999999 931 64999999999999999999999
127123121121118111102 91 79 67 60 61 68 80 9812114015015315214814013212919 9 9IO18131539999999999999999999991023 59999999999999999999999
127124122125128124113101 89 75 61 55 59 68 8410713415115615314813912812119 910IO 4 1128175615699999999999999 15312211 3 5523271209999999
121122122125133136127113 99 85 68 54 52 60 72 9212114815915614813812511219 911IO 4481361810159999999999999991138 51234610899999999999999
108114119123132143142128111 96 78 59 49 53 65 8110613715916015013712310619 912IO 5281451833162999999999999991210 49999999999999999999999
 96 99109118128143152145125106 89 68 51 49 59 74 9412315216315413912310419 913IO 6 5153185816399999999999999 013 951239 4899999999999999
 87 83 94107119136154157141119100 80 59 49 55 69 8611014116115914312410519 914IO 639158192316399999999999999 042 8313 6 4999999999999999
 85 72 77 92107124146161155134111 92 70 54 53 65 8110112815416114812810919 915IO 714161194816299999999999999 113 721333 5199999999999999
 88 69 65 76 92109131154161147124104 84 64 56 64 79 9511714315915313411419 916IO 749161201415999999999999999 145 641359 5699999999999999
 95 74 61 64 77 93112137156155136116 98 79 65 66 78 9310913015015413912019 917IO 825158204115599999999999999 219 601428 6499999999999999
102 84 66 59 66 79 94116140152144127110 95 81 74 81 9410712113814914312519 918IO 9 615221 914999999999999999 257 5915 0 7499999999999999
107 92 76 63 61 69 80 95117137143134121109 99 90 89 9810911812914014112919 919IO 951143213614299999999999999 340 611534 8899999999999999
112 98 86 73 64 64 71 80 9511413013312711911410810410611412112713213613119 920IO104513422 013699999999999999 431 63161210499999999999999
118103 92 83 73 66 65 70 79 9210812112612412312212112012212613013113112919 921IO12 5126215413199999999999999 532 6517 012099999999999999
122110 99 90 82 72 66 64 68 75 8610111412312713113413413313213313313112819 922IO1628134202013399999999999999 643 64183413299999999999999
124117108 99 91 82 72 64 61 62 69 80 9511112513514214514414013613313012719 923IO17 9145999999999999999999999 8 7 61999999999999999999999
124122118113104 94 82 70 59 53 54 61 74 9211313414715315214713913012512319 924IO1721153999999999999999999999 925 53999999999999999999999
122122124126123113 97 82 67 52 43 45 55 71 9412214716015915314312911511019 925IO 3 8126172516199999999999999 0401221020 4223 21109999999
113117122131140138122101 82 62 42 32 38 53 73102137163168159147130109 9419 926IO 42114117451699999999999999911 5 322330 9299999999999999
 94103112125144158151128104 81 55 31 26 38 57 81117156176169152134110 8419 927IO 5131581812176999999999999991145 25999999999999999999999
 71 79 94109131159173160132105 78 47 25 27 45 66 95136172180162139115 8619 928IO 6 1173184318199999999999999 0 4 711224 2399999999999999
 59 53 69 88108140172181161131104 74 43 28 38 59 81113154180173148122 9519 929IO 646182191618199999999999999 042 5213 2 2899999999999999
 62 40 44 63 84110148179179155128102 72 46 42 57 77 9913116517615813010419 930IO 731183195017799999999999999 121 391340 4099999999999999
 75 46 32 42 61 82113151175169146123101 75 59 63 80 971161441661621391121910 1IO 816176202216899999999999999 2 3 321417 5899999999999999
 89 62 39 33 45 62 83115148162154136120103 86 80 881021141301481561431201910 2IO 9 4162205215699999999999999 246 331452 8099999999999999
 98 78 57 42 40 50 64 841121371461391291201101021031111201271361431401241910 3IO 958146211514399999999999999 335 39152610199999999999999
106 90 75 60 50 49 55 67 841061241311291271241211201231281311331341321231910 4IO111313121 313499999999999999 433 48155312099999999999999
110 98 87 76 66 59 57 60 68 82 981121211261291321341351361361351311261201910 5IO1851136999999999999999999999 551 57999999999999999999999
111103 96 89 81 73 66 62 63 68 79 911051171281361411431431411371311241171910 6IO1726143999999999999999999999 724 62999999999999999999999
110105102 99 94 87 79 71 65 64 68 76 881041211351431471471431371291221161910 7IO1731147999999999999999999999 848 64999999999999999999999
109105106107105 99 91 83 74 66 63 67 76 891081291431481471441361251161111910 8IO 259107171814899999999999999 123105 951 6399999999999999
107105106112115111102 94 85 73 64 63 68 78 951171391491481421341221081021910 9IO 358115172014999999999999999 1161041036 6223361019999999
101102104112122123115105 95 83 69 61 64 72 85105130148149142132118102 90191010IO 4401241736150999999999999991112 612335 8899999999999999
 88 93 99108123133130117105 93 78 64 61 68 79 95119143151144131116 98 80191011IO 5161341757152999999999999991142 612356 7399999999999999
 73 79 89100117136142132117103 87 70 61 65 75 89109135152148133116 97 74191012IO 55114218191539999999999999912 9 60999999999999999999999
 60 62 74 88107131148147131114 98 78 63 62 72 85102126148153139119 98 75191013IO 624150184215499999999999999 022 591234 6099999999999999
 53 47 57 73 92118145156146127109 89 70 61 69 83 97117141154146124103 80191014IO 65815619 515599999999999999 050 471259 6199999999999999
 55 39 42 56 75100131155157140121102 82 66 67 80 95110132151151132108 86191015IO 733159193115499999999999999 121 381327 6599999999999999
 63 41 33 42 59 80110141158151133115 97 79 71 79 94108123142151140116 93191016IO 810158195815199999999999999 154 331358 7199999999999999
 72 50 34 34 47 64 87118145154143127111 96 83 83 95108119133144143124100191017IO 851154202514699999999999999 230 321430 8199999999999999
 80 62 45 35 39 52 69 93122142145135123112101 95 99110120128136139129109191018IO 938146204913999999999999999 311 3515 6 9599999999999999
 88 72 58 45 40 45 57 73 95119135136129123117112110115123129131133129116191019IO1035137205813399999999999999 357 40154511099999999999999
 98 81 69 58 49 45 50 61 75 94113126129128127126125124127131131129125119191020IO12 0129193713299999999999999 452 45163812499999999999999
107 92 80 71 62 54 50 53 61 73 89106120127132135137135133132131127122117191021IO16 1137999999999999999999999 6 0 50999999999999999999999
111103 93 84 76 67 58 53 54 60 69 84101118131139143144140134128123118113191022IO1635144999999999999999999999 722 53999999999999999999999
110108107101 93 83 72 62 54 52 56 66 81100122139148149145137126115108105191023IO1639149999999999999999999999 849 52999999999999999999999
104106112117114103 90 78 64 52 48 54 65 82106132150154148139125107 93 89191024IO 312117164515499999999999999 0 2104 952 482255 899999999
 92 96106122132128113 97 82 63 47 45 55 69 88117147160154141126105 81 69191025IO 41413317 7160999999999999991039 442315 6899999999999999
 71 80 92111136149140121103 83 59 44 47 61 77100134161164148128107 79 53191026IO 5 41491736166999999999999991119 432348 4699999999999999
 46 57 72 91121152162147125106 81 55 45 55 72 89117151170160135111 84 51191027IO 55016218 8170999999999999991158 45999999999999999999999
 29 31 48 68 95134165168149127106 78 55 53 68 86105134163169148119 92 61191028IO 635171184117199999999999999 024 271235 5199999999999999
 29 15 24 44 68102145171166146125103 77 62 68 86102121148167159131101 74191029IO 720172191316799999999999999 1 3 141312 6299999999999999
 42 16 11 24 45 72111150167158140122102 82 76 88104117135154159141112 85191030IO 8 6167194416099999999999999 143 101347 7699999999999999
 59 32 14 15 30 50 79116147157148134120104 93 95107119129141149144122 96191031IO 855157201115099999999999999 226 121423 9299999999999999
 73 52 31 21 25 38 58 851161391441381291201121081131221291341381371251051911 1IO 950145202313999999999999999 312 21145710899999999999999
 85 68 52 38 32 36 48 65 881121281341321281251221231271311331321291211091911 2IO11 513419 113399999999999999 4 4 32152912299999999999999
 93 79 68 57 48 44 47 56 70 881061201271301311321321321331331291231161071911 3IO1818133999999999999999999999 5 4 44999999999999999999999
 97 88 80 72 65 59 56 57 63 73 871021151251321361381371351321261191111031911 4IO1614138999999999999999999999 613 55999999999999999999999
 97 92 89 84 79 74 68 65 64 68 76 871001151281361401391361301221141061001911 5IO1623140999999999999999999999 738 64999999999999999999999
 94 93 94 94 91 86 81 76 71 69 72 78 89103119133139139135128118107 99 931911 6IO 233 94162614099999999999999 059 93 859 6999999999999999
 90 90 94100101 98 92 88 81 74 72 75 82 93108126137139134126115100 88 831911 7IO 343102163914099999999999999 034 90 956 722339 839999999
 83 85 91102110109104 98 92 83 75 74 80 88100117134139134124112 95 79 701911 8IO 4271111657139999999999999991037 742325 6999999999999999
 70 75 84 98113120117109102 92 81 75 78 85 95110128139136125110 93 72 581911 9IO 5 512017161409999999999999911 8 752341 5599999999999999
 55 62 72 89111127129122112102 88 77 76 83 92104123139140128112 93 70 49191110IO 5391301736142999999999999991134 75999999999999999999999
 40 45 57 75100126139136124112 97 82 75 80 90101117136145135116 96 72 47191111IO 613140175914599999999999999 0 4 4012 0 7599999999999999
 30 29 41 58 83116142148138124109 90 76 77 87 99112131146144125101 78 52191112IO 647148182414799999999999999 031 281228 7599999999999999
 27 18 25 42 64 97132152150137121103 84 76 84 98110125142149136110 85 60191113IO 723154185114999999999999999 1 0 181259 7699999999999999
 34 15 13 26 46 74111144156148133117 98 84 83 95109121136147144122 94 69191114IO 8 1156192014999999999999999 134 121332 8199999999999999
 45 22 10 15 31 54 85121148154143129114 98 90 95108120130141145133107 80191115IO 844154194914599999999999999 210 1014 8 9099999999999999
 57 36 18 13 21 39 62 93126146147137126114104101108120128134139135119 93191116IO 932149201413999999999999999 251 12144710199999999999999
 70 51 34 21 20 29 46 69 97124140140133126119114113120127131132130123106191117IO103014120 813299999999999999 338 19153311399999999999999
 84 66 51 38 29 29 38 53 73 96119132135132130127123123125128126123119111191118IO114513519 612899999999999999 430 27164212299999999999999
 97 81 67 56 46 38 38 46 58 74 94114127133134135133129125123120115110107191119IO1452135999999999999999999999 531 37999999999999999999999
103 95 84 74 65 56 49 47 52 62 75 92111126135138138134127119112106101 97191120IO1531138999999999999999999999 643 472320 9799999999999999
 98100 99 93 84 76 67 59 55 57 65 77 93112130139140137130118104 93 88 85191121IO 115100153814099999999999999 8 7 552317 8599999999999999
 86 93103108104 95 87 77 66 60 62 70 81 97119137144139130118101 82 71 69191122IO 3 1108155914499999999999999 916 592247 6999999999999999
 71 79 94112121116106 97 85 71 63 67 77 88106129146145133119101 78 56 48191123IO 4 512116271489999999999999910 7 6323 3 4899999999999999
 52 61 75100125134126115105 89 72 67 75 86 98118142152142123104 80 51 31191124IO 4561341659152999999999999991051 662334 2899999999999999
 30 40 54 78112139145134122109 89 73 72 84 97110132153154134110 86 57 27191125IO 5441461733156999999999999991130 70999999999999999999999
 12 18 33 53 86125151151139125108 87 75 81 96108123145158149122 95 67 36191126IO 63015418 715899999999999999 010 1212 9 7599999999999999
  9  1 13 32 58 97137157153139124106 87 82 93108120135152156137108 79 51191127IO 716158184115799999999999999 049  11247 8199999999999999
 20  0 -1 14 36 67108144157150136121104 91 92105119129142152146122 92 65191128IO 8 2157191215299999999999999 130 -31325 8999999999999999
 38 13  0  5 21 45 78117145152144131118105 99104117127135142144131106 79191129IO 851152193914499999999999999 213  014 2 9999999999999999
 55 33 14  8 15 32 56 88120141144137127118110108115125131134135130114 91191130IO 942145195013599999999999999 257  8144210899999999999999
 69 51 34 22 20 28 45 67 94119134136132126120117117122127128126123114 991912 1IO1040137184612899999999999999 342 19152611699999999999999
 81 65 52 41 33 34 43 57 76 971171281301291261241211211231231201151091001912 2IO1153130183212399999999999999 426 32163212199999999999999
 88 76 66 57 50 46 48 56 67 82 99114123127128128125122120117113107101 961912 3IO14 3128999999999999999999999 510 46999999999999999999999
 90 83 76 70 65 60 59 61 67 76 88101113122127128127123117112105 99 93 891912 4IO1458128999999999999999999999 555 59999999999999999999999
 87 85 83 80 77 73 71 70 72 76 83 92103114122127127123116107 98 89 83 801912 5IO1526128999999999999999999999 654 702332 8099999999999999
 80 82 86 88 88 85 83 81 80 79 82 88 96106117124126122115104 92 80 72 691912 6IO 316 88154812799999999999999 835 7923 7 6999999999999999
 70 76 84 92 97 96 94 92 89 85 84 88 93101111121126123115103 89 73 61 561912 7IO 422 9716 712699999999999999 940 842312 5599999999999999
 57 64 76 91103107106103 98 92 87 88 92 98107118126125117104 88 69 52 421912 8IO 5 71071626127999999999999991023 872328 4299999999999999
 43 50 63 84104116118115109101 91 88 91 97104115126129122107 90 70 48 321912 9IO 5431181648130999999999999991057 882349 2899999999999999
 28 34 47 69 97120129127121111 98 89 89 96103112125134130114 95 74 49 26191210IO 6141291715134999999999999991129 87999999999999999999999
 15 18 30 50 80113135139133123109 93 86 92102111122135139127104 80 55 28191211IO 646140174514099999999999999 015 1412 2 8699999999999999
  8  4 13 31 59 96130147145135121104 89 87 97109120133143140119 91 65 37191212IO 721148181914499999999999999 045  31237 8699999999999999
 11 -4 -1 14 37 71111143153146133117 99 88 92105118129141146135108 78 50191213IO 759153185414699999999999999 120 -51315 8899999999999999
 23  0 -9  0 19 46 83123150153143129113 98 92100114125134143143125 95 66191214IO 840154193114599999999999999 158 -91355 9299999999999999
 40 15 -3 -6  6 28 57 93129150149137125112100 98107119127134139134113 84191215IO 926151201013999999999999999 241 -71440 9899999999999999
 58 36 15  1  2 17 38 66100130145142132123113105104112120124127129122102191216IO1016145205412999999999999999 326  0153310399999999999999
 77 56 38 22 12 15 30 49 73102127138135129123116109107111114114115116110191217IO1112138214811699999999999999 415 12164110799999999999999
 94 75 60 46 33 27 31 43 59 79103123132131127123116108104103102 99100102191218IO121813223 910399999999999999 5 7 272118 9999999999999999
100 90 78 68 58 49 44 47 56 68 84103120128128125121113103 95 89 85 83 86191219IO1330129999999999999999999999 6 5 4422 0 8399999999999999
 92 95 91 85 78 72 65 60 62 68 78 90105120127127122115105 91 79 71 68 68191220IO 1 0 95142412899999999999999 716 602227 6799999999999999
 74 85 95 97 94 90 86 80 74 74 79 87 96109123129125117107 93 75 59 52 51191221IO 249 9715 612999999999999999 832 732237 5199999999999999
 55 66 84100106105102 98 91 83 83 89 95103115128131122109 95 77 55 38 34191222IO 4 8106154413199999999999999 933 822256 3499999999999999
 37 46 64 89110117115113107 97 89 90 97103110123134132117100 82 58 34 19191223IO 5 81171622135999999999999991023 882327 1899999999999999
 20 28 42 68100122128125120111 98 90 94103110119132140131111 89 66 39 14191224IO 55612817 11409999999999999911 8 90999999999999999999999
  5 10 23 44 77113135137131123110 96 91 99109117127140142127102 77 51 22191225IO 638138174014399999999999999 0 4  51150 9199999999999999
  0 -4  6 25 52 91127144142133121106 93 93104115123134144140119 91 64 36191226IO 720145181914599999999999999 043 -51232 9199999999999999
  9 -8 -6  9 32 65105138149142130116101 92 96109120128138143133107 78 52191227IO 8 0149185614399999999999999 123 -91312 9299999999999999
 26  2 -8 -1 18 44 79117143147137124111 98 93101114123130137136120 94 67191228IO 841148193013899999999999999 2 3 -81352 9399999999999999
 43 20  2 -1 11 31 58 92125142140129118106 97 97106116123127130124105 80191229IO 92214320 113099999999999999 242 -21433 9699999999999999
 58 38 20  9 12 26 46 72102127137132122113104 98100108115118120119110 91191230IO10 4137202812099999999999999 319  81516 9899999999999999
 70 52 37 25 20 27 41 60 83107125129124117110103100102107110110110107 96191231IO1050129204111099999999999999 354 2016 510099999999999999
