 64 75 86 97104106105103100 98 98102108114121126125117104 88 71 54 44 4219 1 1J2 511106152212799999999999999 920 972248 4299999999999999
 46 56 71 89104113116116114110107107111115120126129124111 94 75 55 38 3019 1 2J2 64111615561299999999999999910171062321 2999999999999999
 31 39 53 74 98115122124124119113110112116119125132132121104 84 63 40 2419 1 3J2 71812516341339999999999999911 01102355 1999999999999999
 19 24 36 56 84111127131130127119111110114119123131138134118 96 74 49 2619 1 4J2 7171311713138999999999999991138109999999999999999999999
 12 12 22 39 66100126137137133124113106108115121128139144134112 88 63 3619 1 5J2 724138175414499999999999999 029 11121510699999999999999
 14  5 11 25 48 82118140144139130118105101107116124134145146130104 78 5219 1 6J2 747145183414899999999999999 1 3  5125210199999999999999
 25  6  4 15 34 62100134149147137125110 98 98108118127139148143121 94 6819 1 7J2 817150191414999999999999999 139  21331 9799999999999999
 42 17  4  8 24 47 79117145152144133119104 95 99110120129141146135110 8319 1 8J2 850152195214699999999999999 214  41411 9599999999999999
 59 34 15  9 19 38 63 96130150149139127114101 96102112120129139139122 9719 1 9J2 927152203014199999999999999 248  91453 9699999999999999
 74 52 32 19 21 34 54 79110138148143133123111100 9810511211812613212710819 110J210 514821 913299999999999999 322 181538 9899999999999999
 86 67 50 35 29 37 52 70 9312013914213612811910810010010510911311912211419 111J21045143214912299999999999999 355 291630 9999999999999999
 96 79 65 52 44 44 55 69 85105125136135129123115105 98 9810010210611111119 112J21125137223311299999999999999 426 431733 9799999999999999
103 89 77 67 60 57 61 72 84 98113126131129123117108 99 93 91 91 93 9810219 113J212 4131233010399999999999999 454 571913 9199999999999999
102 96 88 80 74 70 71 78 87 97108119126127123117109 99 89 82 79 80 83 8919 114J21241127999999999999999999999 520 702027 7999999999999999
 95 97 96 92 88 84 83 86 92 99108116122124124119111 99 87 76 68 64 66 7319 115J2 1 2 97131712599999999999999 548 832110 6499999999999999
 82 91 98102102 99 96 96 98102108115120123125123116104 89 74 60 51 47 5319 116J2 32910214 412599999999999999 636 962152 4799999999999999
 63 76 90104113114111108106105107112119123126127125115 97 77 59 43 31 3019 117J2 441115151012799999999999999 9 71052236 2999999999999999
 40 55 73 95116128128123118112107107114121126130133130114 91 67 45 24 1219 118J2 53212916101339999999999999910291062321 1199999999999999
 14 28 49 74105131143140132122112104105114122129137142135113 84 57 30  619 119J2 61514317 3142999999999999991124103999999999999999999999
 -5  2 21 47 81119147155148136122107 98102113124134146151139111 78 47 1619 120J2 656155175215199999999999999 0 7 -51212 9899999999999999
 -9-17 -5 19 52 93134160162150134116 99 92 99113127140154157139107 72 3819 121J2 735164183915899999999999999 052-171257 9299999999999999
  4-18-21 -4 24 62107148167162147128108 91 88 99114129145159157134100 6619 122J2 815167192516199999999999999 136-231340 8799999999999999
 31 -1-19-15  6 36 76122156166156139120 99 85 86 99114129147158151126 9319 123J2 854166201115999999999999999 219-201425 8499999999999999
 61 29  1-10  0 22 52 92132157159146130111 93 82 86 9811112614215013911519 124J2 934161205715099999999999999 3 1-101512 8299999999999999
 87 60 33 13  9 21 43 71105137152148136121104 88 81 85 9410411713213612519 125J21014152214613699999999999999 341  816 4 8199999999999999
105 85 64 44 32 34 46 64 88115137143136126114 99 85 79 81 86 9310511711919 126J21053143224012099999999999999 420 3117 8 7999999999999999
110 98 86 72 60 56 61 71 84102121132133126118107 93 82 75 74 75 80 9110119 127J21131134234910399999999999999 457 5619 9 7499999999999999
103100 96 91 85 80 80 85 92100111122126124119112101 88 77 69 64 63 67 7719 128J212 6127999999999999999999999 527 792044 6299999999999999
 86 92 95 98 99 99 99101104108112117121121119114106 96 83 70 59 52 50 5519 129J212381219999999999999999999992146 50999999999999999999999
 64 75 86 96104109112115116117117118119119118116111102 90 76 61 48 41 4019 130J212451199999999999999999999992237 39999999999999999999999
 45 56 72 88103113119123124123122121120118118119117110 98 85 69 51 37 3119 131J2 7521249999999999999999999992320 30999999999999999999999
 32 39 54 75 97113122128130127123120120118117120122120109 95 79 60 40 2619 2 1J2 75613016 81239999999999999913531172356 2299999999999999
 22 26 38 59 87111125131132130122116115116117119125129123109 91 72 49 2819 2 2J2 7581321658129999999999999991143115999999999999999999999
 17 17 26 44 72104127136136132124113107109113116124134136125106 86 62 3619 2 3J2 734136174313799999999999999 026 15121010799999999999999
 16 10 16 31 56 91124141142137127113101 98104111119132143141124101 77 5019 2 4J2 735143182414499999999999999 056 101243 9899999999999999
 24  9 10 22 43 75113142150144133118101 90 93102113125140149141119 93 6619 2 5J2 75715019 414999999999999999 125  71318 9099999999999999
 38 15  7 16 34 60 96133153152140125108 91 85 92104116131146150135109 8219 2 6J2 825154194315199999999999999 156  71355 8499999999999999
 56 30 13 14 29 51 81116146156147132116 98 84 83 94107120135148144124 9719 2 7J2 856156202114999999999999999 226 111433 8299999999999999
 72 48 27 20 29 48 71100131151150137122106 91 82 85 9710912113514313311019 2 8J2 927153205914399999999999999 256 201512 8199999999999999
 86 65 46 33 35 49 69 90116138147140125112 98 86 81 87 9810811913113312019 2 9J2 959147213913499999999999999 325 321553 8199999999999999
 99 79 64 51 46 55 71 88106125138138127114102 91 82 81 87 9510311412212119 210J21028140222312399999999999999 352 461638 8099999999999999
108 92 78 68 62 65 76 91104117128133126115104 94 84 77 77 82 88 9610611219 211J21054133231611399999999999999 417 621730 7699999999999999
110101 91 83 79 78 84 95107115123127125116105 95 86 76 70 69 72 78 86 9619 212J21112127999999999999999999999 437 771840 6999999999999999
103103100 96 93 92 94101109117122125124118109 99 89 78 68 61 58 60 66 7619 213J2 036104111812599999999999999 454 922010 5899999999999999
 87 96103106106105106108112117121124124120115107 97 84 71 59 49 44 45 5319 214J211241249999999999999999999992121 43999999999999999999999
 65 80 95108116118118117117117118121123122119117110 98 81 64 49 35 27 2919 215J2 5 211812 612399999999999999 8461172218 2799999999999999
 40 56 76 99119130131128124118114114118120121123124117101 80 59 38 20 1119 216J2 538131154312499999999999999103011323 9 1199999999999999
 16 30 52 79110134143140133124113105106113118124131135126104 79 53 26  519 217J2 61014316511359999999999999911211052356 -399999999999999
 -3  6 25 53 89126149153145133117101 94 98108118130143147134107 77 46 1519 218J2 64415417451489999999999999912 5 94999999999999999999999
 -7-11  3 28 62105143160157143125104 87 83 92105120139155157137107 74 3919 219J2 717161183415999999999999999 040-121246 8299999999999999
  6-13-10  9 38 78123156165154135113 89 74 74 87104124147164160136103 6919 220J2 751165192116599999999999999 122-151327 7299999999999999
 33  3 -9  0 23 56 97139163162145123 99 75 64 70 85104127151164155129 9819 221J2 82516520 616599999999999999 2 2 -914 9 6499999999999999
 65 32  9  5 20 45 77116149161151131109 85 65 59 68 8410312614915714411919 222J2 859161205215799999999999999 240  41451 5999999999999999
 92 65 39 24 29 46 69 97129150151136117 97 76 60 58 68 82 9912114014312919 223J2 931153213914499999999999999 315 241537 5799999999999999
109 90 69 52 48 57 72 91113135144137121105 88 70 59 59 67 77 9211112512519 224J210 2144223012799999999999999 349 471628 5899999999999999
115103 92 80 72 74 84 96108122133133122109 96 82 68 60 60 63 70 82 9810819 225J21029135233410999999999999999 418 711733 5999999999999999
109105101 98 94 93 99106112118124127121110100 91 79 68 61 58 58 61 71 8419 226J21049127999999999999999999999 436 931939 5799999999999999
 93 97101104107109112117120121121121118111103 96 88 79 69 60 54 51 53 6119 227J210231229999999999999999999992111 51999999999999999999999
 72 83 93102111117122125127126123119115110105101 95 88 79 68 57 48 43 4519 228J2 8 91279999999999999999999992215 43999999999999999999999
 53 65 80 96109119126130130128124120114109107105103 97 89 79 66 52 41 3719 3 1J2 73813199999999999999999999923 6 37999999999999999999999
 39 49 65 86105119127132132127122117113109107108110107100 90 77 60 43 3319 3 2J2 73113216 11109999999999999914 01072344 3199999999999999
 31 37 50 73 99118129133132127117111108106105109116119113102 89 71 51 3419 3 3J2 7261331653119999999999999991351105999999999999999999999
 27 29 39 59 88116132137134127115103 98 99102106116127128118102 84 62 3919 3 4J2 7 2137173612999999999999999 012 271211 9899999999999999
 25 23 32 48 76109135143140130117100 88 88 94101113128139135119 99 76 5119 3 5J2 7 5143181614099999999999999 036 231232 8799999999999999
 29 20 26 41 64 97130149148136121102 84 76 82 93106123141149138115 91 6519 3 6J2 725150185414999999999999999 1 2 2013 2 7699999999999999
 39 22 22 36 56 84119147155144127108 87 71 70 81 96113134151152133107 8119 3 7J2 750155193115499999999999999 129 201334 6899999999999999
 55 32 24 33 52 76106138156152134113 93 73 63 69 84102121143155148124 9719 3 8J2 81815720 915699999999999999 158 2414 8 6399999999999999
 72 49 34 35 51 72 97124148153140118 98 79 64 60 71 8910712714615213811319 3 9J2 846154204815299999999999999 226 321443 6099999999999999
 89 68 50 44 53 73 93114135148142123102 85 69 59 61 75 9210912814314212519 310J2 912148212914599999999999999 254 441519 5899999999999999
103 84 69 60 62 76 94111125138139126105 88 74 62 57 63 76 9110612313413019 311J2 937141221413499999999999999 322 591558 5799999999999999
115 98 86 78 75 83 98112122130133126109 91 77 66 57 55 62 74 8610011512319 312J2 95513323 912399999999999999 348 751642 5599999999999999
119109100 94 91 93102114122126128124113 97 82 71 61 54 53 58 67 77 9110519 313J2 957128999999999999999999999 410 911738 5399999999999999
112112109106105105109116123126126123115103 90 78 68 58 52 49 51 57 67 8119 314J2 028113 92612699999999999999 42810519 3 4999999999999999
 95105112115116116117120122124124121116109100 90 80 68 57 48 42 40 45 5619 315J2 9211249999999999999999999992046 40999999999999999999999
 72 88105117125127126124122120118117115112108104 96 85 71 57 44 33 29 3419 316J2 5 61279999999999999999999992156 29999999999999999999999
 47 65 87110128135135131124117110109109110111113114107 92 75 56 37 23 1819 317J2 52513615381149999999999999910571082251 1899999999999999
 26 42 65 93122140144139129117103 96 97101107115125128119100 78 54 30 1319 318J2 5501441648128999999999999991122 952339 1099999999999999
 11 22 42 71106137151148137121102 86 80 85 95107124139142129106 80 50 2319 319J2 6181521741143999999999999991156 80999999999999999999999
  7  9 25 50 85123151157147128106 83 67 66 77 92112135154154135108 78 4619 320J2 648158183015699999999999999 022  61232 6499999999999999
 18  8 16 36 66104141160156138114 88 63 51 56 72 93119147164158135107 7519 321J2 718161191516499999999999999 1 2  81310 5099999999999999
 43 20 17 31 55 86123154162147123 97 69 46 40 51 71 9512515416615513010319 322J2 74816220 016699999999999999 139 161349 4099999999999999
 73 45 30 35 53 77107139158154132106 80 54 37 37 51 72 9812815415914512219 323J2 819159204416099999999999999 213 291429 3499999999999999
 98 74 53 48 59 78 99124146153139114 90 67 45 34 39 54 73 9812614614613219 324J2 848153213014999999999999999 247 481510 3499999999999999
115 97 80 69 72 85100116133144140120 98 78 59 43 37 44 56 73 9511913213019 325J2 915145222013399999999999999 317 681555 3799999999999999
120110100 91 88 95107116125133134123104 87 72 58 46 44 49 57 70 8910811719 326J2 937135232111799999999999999 345 881645 4399999999999999
116113110107105107115121124125126120107 92 81 71 60 52 50 52 56 66 81 9519 327J2 945126999999999999999999999 4 61051754 5099999999999999
104107111114116118122126126123120116107 96 87 80 74 66 59 55 53 54 61 7319 328J2 7331279999999999999999999992017 53999999999999999999999
 86 96105114121125127129128123117111105 98 91 87 83 78 71 63 56 51 51 5719 329J2 7131299999999999999999999992135 50999999999999999999999
 68 82 96109120127130130127122115108102 97 95 93 92 88 83 74 64 54 48 4819 330J2 6301319999999999999999999992230 47999999999999999999999
 55 67 84103118127131131126118111104 99 96 96 98100 99 93 86 75 61 50 4519 331J2 62413216 4101999999999999991333 9523 9 4599999999999999
 47 56 72 94115128133132126115104 97 94 93 94100108111106 97 86 71 55 4519 4 1J2 6141331649111999999999999991311 932338 4399999999999999
 44 50 63 84110130137134127114 99 88 85 87 91 99112122121111 99 83 64 4819 4 2J2 6 91371727123999999999999991157 85999999999999999999999
 41 45 56 75101128142140130116 98 81 73 75 83 94109127135129114 96 76 5519 4 3J2 62214318 413599999999999999 0 3 411211 7299999999999999
 41 41 52 69 92121144148137120100 79 63 61 71 85102124142146132112 90 6819 4 4J2 644149184114799999999999999 029 401238 6099999999999999
 48 40 48 65 85112139153146127104 82 60 50 56 72 91113138155151130106 8319 4 5J2 7 9154191815699999999999999 057 4013 8 5099999999999999
 60 45 46 62 82104130151153135110 86 63 46 42 55 76 9912515016014812410019 4 6J2 736155195716099999999999999 126 431341 4199999999999999
 77 58 51 60 80100121142153143118 91 68 48 36 41 59 8210613315515814111619 4 7J2 8 3153203715999999999999999 156 511415 3699999999999999
 95 76 63 64 80 99117133146145126 98 74 54 38 33 44 64 8611113615214913119 4 8J2 828148212015499999999999999 226 621451 3399999999999999
110 94 81 75 83100116127137141130106 80 61 45 34 34 48 67 8711013314413819 4 9J2 85014122 814499999999999999 257 751529 3399999999999999
123109 98 91 91102116126131134129113 89 68 53 41 34 38 50 66 8410612513319 410J2 9 313423 413399999999999999 328 901613 3499999999999999
128119112107104107117125129128126116 98 79 63 52 42 37 40 50 62 78 9811519 411J2 824129999999999999999999999 4 210417 7 3799999999999999
123123121119117116119124126125121115105 90 76 64 54 45 40 41 46 56 71 9019 412J2 027124 8 212699999999999999 4471161823 4099999999999999
106117123126126125123122122120116112107 99 89 80 70 60 50 43 39 41 50 6519 413J2 33812799999999999999999999920 9 39999999999999999999999
 84102118128133132128123117112108106104102 99 96 89 79 67 55 44 36 37 4619 414J2 4211339999999999999999999992128 35999999999999999999999
 62 82104123136138134126115104 97 95 96 98102107108102 89 75 59 43 33 3419 415J2 44813815421089999999999999911 6 952226 3299999999999999
 45 62 85111133143140130116100 86 79 81 87 95108119123114 99 81 61 42 3219 416J2 5141431647123999999999999991113 792315 3199999999999999
 35 48 68 95124144147137120100 80 65 63 70 82 98118135137125107 85 61 4019 417J2 5411481738138999999999999991141 622357 3399999999999999
 33 41 57 80110139152146128105 80 57 45 49 62 80105132149148132111 86 6019 418J2 6101521825151999999999999991214 45999999999999999999999
 41 40 52 71 97127151155138114 87 59 37 30 40 59 83114145159153134111 8519 419J2 63915619 916099999999999999 036 381250 3099999999999999
 60 47 52 68 89115143157149125 97 68 40 22 22 38 60 8912415316215113010819 420J2 7 9158195216299999999999999 111 471328 2099999999999999
 83 63 59 70 88108131152155136108 79 51 26 15 22 40 65 9613115515814312519 421J2 738156203515999999999999999 145 5814 6 1599999999999999
105 85 72 76 90106123141152144119 91 65 40 21 16 27 46 7010113215014713419 422J2 8 7152212015199999999999999 218 721446 1699999999999999
119104 90 86 94108120131142143127101 77 56 37 24 24 36 52 7410212813913419 423J2 83514422 713999999999999999 250 861528 2299999999999999
125117107100102111120126131135128109 87 69 54 40 32 35 44 57 7610011912619 424J2 85813523 512699999999999999 322 991614 3299999999999999
124121118114111115122125125125122111 94 79 68 57 47 43 45 51 60 75 9511019 425J2 8 6125999999999999999999999 35511117 7 4399999999999999
117119121122121120123124122117114108 98 85 77 71 63 56 53 53 55 61 74 9119 426J2 253122 65112499999999999999 4361201830 5299999999999999
104112119124127126125123119113107102 97 90 84 80 76 71 65 60 57 57 63 7419 427J2 4 81279999999999999999999992033 57999999999999999999999
 89102114123129130127122116109102 97 93 90 88 87 86 83 77 71 64 59 59 6519 428J2 4411309999999999999999999992133 59999999999999999999999
 76 91106120129131129122113104 96 91 89 89 91 94 95 93 88 82 73 65 60 6219 429J2 4561311552 95999999999999991236 882216 6099999999999999
 69 81 98115128133130122111 98 88 83 83 85 90 98104105100 93 84 73 63 6119 430J2 5 21331634106999999999999991140 832248 6199999999999999
 66 75 90109127136133124111 95 81 73 73 78 86 97111118115106 95 83 70 6219 5 1J2 5141361711118999999999999991123 722318 6199999999999999
 63 72 85102123138140129113 95 76 62 59 67 78 92110127131123109 95 79 6519 5 2J2 5341411748132999999999999991142 592349 6199999999999999
 61 69 82 97117137146137118 97 75 55 45 50 64 82103127143142127110 92 7419 5 3J2 55914618261459999999999999912 9 45999999999999999999999
 63 65 78 94112132148146127102 78 54 36 33 46 66 89116143156147128107 8819 5 4J2 62615019 515699999999999999 021 621241 3299999999999999
 71 65 74 91108126144152139112 83 58 35 22 27 47 71 9913015616214712510419 5 5J2 654152194516299999999999999 054 651315 2299999999999999
 85 72 72 87106122138150147124 93 65 41 21 15 27 50 7710814016116014212119 5 6J2 722151202716499999999999999 128 701352 1599999999999999
102 86 78 85103120132143148135106 75 50 29 14 14 30 55 8211414415915313519 5 7J2 750148211216099999999999999 2 3 781430 1299999999999999
118103 92 90101117129136142138118 89 61 40 23 13 18 36 59 8511514115114419 5 8J2 81514222 115199999999999999 239 891512 1399999999999999
130118108101103114125131134134125102 76 55 38 24 18 25 41 60 8411213414119 5 9J2 836135225814199999999999999 3181001559 1899999999999999
136128121115111114121126127127123111 90 70 54 41 30 26 31 44 60 8210712619 510J2 744127999999999999999999999 4 61111654 2699999999999999
133132130126121117118121120118116111100 85 72 60 48 38 34 37 46 60 8010219 511J2 019133 71912199999999999999 51411718 2 3499999999999999
119128132133130124118115112108106105102 96 87 79 69 58 48 42 42 48 60 7919 512J2 2401339999999999999999999991933 42999999999999999999999
 99117129135135129121111103 97 94 94 96 97 97 95 89 80 69 58 50 47 51 6319 513J2 3311361330 98999999999999991030 942056 4799999999999999
 81101119133138134124111 98 86 80 80 84 90 98105106101 91 79 66 56 52 5719 514J2 4 31381544106999999999999991032 792156 5299999999999999
 69 86106126138138129114 96 79 66 63 67 76 88104116119113101 88 73 60 5719 515J2 4311391647119999999999999991052 632246 5799999999999999
 65 78 95116135142135119 99 77 57 46 48 57 72 92114130131123110 94 76 6519 516J2 4591421737132999999999999991121 462329 6399999999999999
 65 75 89107128144143128105 81 56 36 30 37 52 73100127142141129114 96 7819 517J2 5281461822144999999999999991155 30999999999999999999999
 70 74 86101120140149139116 90 63 36 19 18 31 51 78112140152145132115 9519 518J2 55914919 415299999999999999 0 7 691231 1699999999999999
 79 76 86 99115134149149130102 74 45 20  8 14 31 55 8712415015514513011319 519J2 630152194515699999999999999 042 7613 9  899999999999999
 94 82 85 98112127143153143117 87 59 32 10  5 16 36 63 9813315315214012619 520J2 7 2153202515599999999999999 117 821348  499999999999999
109 94 89 97110122135147148130102 74 49 24  9  9 23 44 7110613815014513419 521J2 73415021 715199999999999999 151 881427  799999999999999
121108 97 98108120128137144137115 88 65 43 24 14 19 33 53 8011213614313719 522J2 8 6144215314399999999999999 227 9615 9 1499999999999999
128119109103107117123128133134122100 78 61 44 29 25 31 44 61 8611313113419 523J2 837135224413499999999999999 3 61031552 2599999999999999
130126120113110115120121122124120106 88 73 61 49 39 37 43 53 68 8911212519 524J2 9 6124999999999999999999999 3511101639 3799999999999999
128127126122117115117117114112112107 95 82 73 65 56 50 49 53 61 73 9211019 525J2 0 1128 62911799999999999999 4541151732 4999999999999999
120125128128124119115112108104102101 96 88 82 77 71 64 60 59 62 67 79 9519 526J2 2381289999999999999999999991841 59999999999999999999999
110120126130129123116109103 97 93 93 93 91 88 86 83 78 72 68 67 68 74 8519 527J2 32013099999999999999999999920 7 67999999999999999999999
 99112123129130126118107 98 90 85 85 87 90 92 94 93 89 84 79 75 72 74 8119 528J2 34313115 6 94999999999999991039 8521 5 7299999999999999
 92104117128131128119107 94 82 76 76 79 85 92100103101 96 90 84 78 77 8119 529J2 4 013116 6103999999999999991033 752149 7699999999999999
 89 99112125133131121107 91 76 65 63 68 77 87101112115110102 94 86 80 8019 530J2 4201331649115999999999999991044 632228 7999999999999999
 87 97108121133136126109 91 73 57 49 53 64 78 95114127127118107 97 86 8019 531J2 44413617301299999999999999911 9 4923 7 8099999999999999
 84 95106118131140135117 94 73 52 37 34 45 62 82106130142137124110 97 8519 6 1J2 5131401811142999999999999991140 332346 8199999999999999
 81 90104116128141144130104 78 54 32 20 24 41 64 90121146154143126110 9519 6 2J2 5431451852154999999999999991216 19999999999999999999999
 83 85 98113126138148143120 89 61 35 15  7 18 41 6810013515816014512610919 6 3J2 616148193416299999999999999 025 821254  799999999999999
 93 85 91107122134146150137107 74 45 21  3  1 18 44 7411014516416014212419 6 4J2 649150201716599999999999999 1 4 851335 -199999999999999
107 93 89100117130140149147126 93 61 34 11 -3  1 21 49 8111815016315413819 6 5J2 72415021 216399999999999999 144 891418 -399999999999999
122107 96 97110124133141146137112 81 53 29  9  0  8 28 54 8612114815614719 6 6J2 8 0146215115699999999999999 226 9515 3  099999999999999
134121109102105116125131137138125100 73 50 30 13  8 17 36 59 8912114314719 6 7J2 838138224514799999999999999 3121011551  899999999999999
140132122112107110117121124127126113 92 71 54 36 23 20 29 44 64 9111913619 6 8J2 923128235113999999999999999 4 61071643 2099999999999999
139136131123114108109110111113116114103 89 75 61 47 36 34 40 52 70 9411619 6 9J21018116999999999999999999999 5231081743 3499999999999999
130134134130122112104100 98 97100104104 99 91 83 72 60 51 49 52 61 77 9719 610J2 125135113310599999999999999 846 971855 4999999999999999
115127133133127117104 94 86 82 82 87 94 98100 98 92 84 74 66 62 64 71 8519 611J2 233134135510099999999999999 925 812017 6299999999999999
101116127133130121107 92 78 69 65 69 77 87 97105107103 96 87 79 74 75 8219 612J2 313133155010799999999999999 958 652124 7499999999999999
 93107120130133125111 94 76 60 51 51 58 70 85102114117114107 98 89 83 8519 613J2 3441331654117999999999999991030 502217 8399999999999999
 92102113126134131118 99 79 58 41 35 39 50 66 88111124127122115105 95 9019 614J2 41513417451279999999999999911 4 3523 1 9099999999999999
 94101110122133137127108 86 63 40 25 22 31 46 69 97122135135129119107 9719 615J2 4481371826136999999999999991139 222340 9499999999999999
 95101109119131141138121 97 73 47 24 12 15 28 48 7610913514313913111910519 616J2 52214219 2143999999999999991217 11999999999999999999999
 96 99108117127139146136113 86 60 34 12  5 13 30 54 8812314514713912911519 617J2 558146193814899999999999999 017 961255  599999999999999
101 96103113123134146147130103 76 49 23  5  4 17 36 6510213515014713612419 618J2 635148201415099999999999999 053 961334  299999999999999
109 98 97107118128139148142120 92 66 41 17  5  9 25 47 7811514214914213119 619J2 713148205215099999999999999 131 961413  599999999999999
119105 97101112121129140144133108 82 60 37 18 11 20 36 59 9012414414513619 620J2 751144213314699999999999999 210 971453 1199999999999999
127115104 99105115121128135135120 96 75 56 37 23 23 33 49 7110012814113919 621J2 830137221714199999999999999 252 991533 2199999999999999
132124114105103108114117122127123107 88 72 57 42 34 37 47 61 8110712813619 622J2 91012723 713699999999999999 3411021613 3399999999999999
133129123114106105107109110114116110 96 83 72 60 50 46 51 60 72 9111212719 623J2 953117999999999999999999999 4421051654 4699999999999999
131130128122113106103102100101105106100 91 82 75 67 60 60 64 72 83 9811419 624J2 0 7131104310699999999999999 8191001734 5999999999999999
125128128126119109101 96 93 91 93 97 99 95 90 85 80 74 71 72 76 82 9210519 625J2 1291291149 9999999999999999 9 0 911817 7199999999999999
117124127126121112101 92 85 81 82 86 92 95 96 95 92 87 83 81 82 86 9210119 626J2 2191271349 9699999999999999 922 811911 8199999999999999
110119125126122113101 89 78 71 70 74 82 90 98103103 99 95 92 90 90 9310019 627J2 249126153510399999999999999 940 702029 8999999999999999
108115122126125115102 87 73 61 56 60 69 80 92105113113108103 99 95 9510019 628J2 31712716301149999999999999910 5 562137 9499999999999999
108115121126129122106 88 71 55 43 42 51 64 81 99117127125117110103 97 9719 629J2 3491291716127999999999999991037 412231 9699999999999999
104113120126132131118 96 74 54 36 26 29 44 63 85111132140134123113103 9619 630J2 4251331759140999999999999991115 252318 9699999999999999
 98108119126134139133112 85 59 36 17 10 19 39 63 9312514715114112711310019 7 1J2 5 51391841152999999999999991156 10999999999999999999999
 94 99113124133142145132104 74 46 20  2 -1 14 38 6810313915915714312611019 7 2J2 546146192316199999999999999 0 3 941239 -299999999999999
 96 92102117129140149148128 96 64 34  8 -9 -6 13 41 7511515016515714012319 7 3J2 62815120 516599999999999999 046 921323-1099999999999999
106 93 93106121133145153147122 88 56 26  1-12 -4 18 47 8412515616415213619 7 4J2 711153204916499999999999999 129 9114 7-1299999999999999
119102 92 96109123134146152141113 81 51 23  0 -7  4 27 57 9413215615714519 7 5J2 756152213315999999999999999 214 911452 -799999999999999
130115100 93 98110121131142145130104 77 51 26  8  6 18 39 6710213415014819 7 6J2 842145222015199999999999999 3 2 931539  599999999999999
138126112 98 93 98106114123133133119 98 77 56 36 23 24 35 53 7810713214219 7 7J2 932135231014299999999999999 356 931626 2199999999999999
139131122109 97 92 94 97103112121120110 95 81 65 50 42 44 53 67 8811112919 7 8J21029122999999999999999999999 5 5 921716 4199999999999999
134132126117104 92 86 84 84 89 98107109104 97 88 78 67 62 64 70 81 9711419 7 9J2 0 5134114210999999999999999 720 841811 6299999999999999
125129127122111 97 84 75 70 70 75 85 95101103102 98 91 85 82 82 85 9310419 710J2 1 6129141110399999999999999 838 691924 8199999999999999
115123125123116103 88 73 62 55 56 63 74 87 98106109108105100 97 96 9810319 711J2 2 3125161410999999999999999 928 552056 9699999999999999
110117122124119109 94 77 60 47 42 44 53 67 8410111211711811611210710510619 712J2 2491241735118999999999999991011 4122 110599999999999999
110114119124124116101 84 65 47 34 30 35 47 65 8710812112612612311711110919 713J2 3291251831126999999999999991051 30224810999999999999999
112115118123128124111 93 74 53 34 22 22 30 45 68 9611913013213012511611019 714J2 4101281852132999999999999991130 20232510999999999999999
110114117122129133125107 86 65 42 22 13 17 29 49 7811013113813613012111019 715J2 45313319 71389999999999999912 8 13999999999999999999999
105109115120127136137124102 79 55 30 12  9 17 33 59 9312514114213512611319 716J2 535138193014399999999999999 0 01051245  899999999999999
102101108115123133143139120 96 72 46 21  7  9 22 42 7311013914714213211919 717J2 618143195914799999999999999 0371001322  699999999999999
104 95 98108117126139146137114 89 64 38 16  8 15 32 56 9012614714813812619 718J2 7 0146203115099999999999999 115 941358  899999999999999
111 96 91 97108118129142145130105 81 57 33 16 15 27 46 7210713715014413219 719J2 74114621 615099999999999999 154 911433 1399999999999999
120104 92 90 99109118130141138120 96 74 53 32 22 27 42 61 8811914214613819 720J2 822142214314799999999999999 236 8915 9 2299999999999999
126114100 91 92100108116127134127108 88 70 52 38 35 44 58 7710112714113919 721J2 9 3134222114299999999999999 322 901543 3499999999999999
130121110 98 91 94 99105112121125115 98 83 70 57 49 51 61 74 9111112913519 722J2 94612523 013599999999999999 412 911617 4899999999999999
131124116106 96 91 92 95 99106114114105 93 83 73 65 63 68 78 8910211712719 723J21034115233812999999999999999 512 901648 6399999999999999
129124118111101 91 86 86 87 91 99106106100 93 86 81 77 78 84 9210011011919 724J21131107999999999999999999999 637 861718 7699999999999999
124122118111103 92 83 78 77 78 84 93100102100 97 93 90 89 91 9710210911519 725J2 014124125810299999999999999 8 0 771749 8999999999999999
120120118112104 93 82 72 66 65 69 77 88 9710310610510210010010210511011519 726J2 044121151510699999999999999 846 65183710099999999999999
118120119115107 95 82 69 58 51 52 59 71 85 9811011611511210910810710911419 727J2 110120162311699999999999999 927 51205110799999999999999
118120121120115103 87 70 55 42 36 39 51 67 8510512112812612011611110811019 728J2 2131211710128999999999999991010 3622 910799999999999999
116121123125125117100 79 59 40 25 20 28 44 64 8911613514013412611710810419 729J2 3371251751140999999999999991055 2023 210499999999999999
108116122127132132121 97 72 48 26  9  6 19 40 66 9813014914913912711410219 730J2 4351331830151999999999999991140  52349 9899999999999999
 98105116125133142141123 95 65 38 12 -4 -3 14 40 7211114515915413912310619 731J2 52814319 9160999999999999991225 -6999999999999999999999
 93 92103117129141151147124 92 60 29  1-12 -6 16 46 8412615716415213411519 8 1J2 617152194816499999999999999 033 901310-1399999999999999
 96 84 88102118132149158149121 87 55 23 -4-12  0 24 57 9713816216114612619 8 2J2 7 4158202716499999999999999 116 841354-1299999999999999
106 87 79 86102118134152159145116 83 52 21  0 -3 13 38 7111114616015313619 8 3J2 75215921 616099999999999999 2 0 791437 -499999999999999
117 97 80 76 85100115133149153136109 81 53 27 12 16 32 56 8612114715214119 8 4J2 840154214515399999999999999 246 751519 1199999999999999
125108 90 76 74 83 95108126141141125104 82 60 40 32 39 54 74 9912614214119 8 5J2 930143222414399999999999999 337 7316 1 3299999999999999
129116101 85 73 72 78 86 98115127126115101 87 72 59 57 64 75 9010912713419 8 6J2102612923 313499999999999999 435 711642 5699999999999999
129120109 95 80 70 68 69 75 86101112113109103 95 86 80 81 86 9310211412419 8 7J21137114233912699999999999999 556 681724 8099999999999999
125120112103 90 76 66 60 59 63 73 88 9910410710810610210010110310511011619 8 8J21455108999999999999999999999 751 5918 910099999999999999
119118113107 98 85 71 59 51 48 52 62 76 8910010911411611611511411311311419 8 9J2 012119171111699999999999999 9 1 48214611399999999999999
115115114110104 93 80 65 51 42 38 43 54 69 8610311512212512512312011811619 810J2 037115183912699999999999999 956 38999999999999999999999
115114114114110101 89 75 58 43 33 31 37 49 68 9011012212813112912411911619 811J219 81319999999999999999999991043 30999999999999999999999
115114113116117111100 86 69 51 34 25 26 34 50 7410112013013313212611811319 812J2 345117191613399999999999999 1361131124 2499999999999999
112112113116121122114 99 82 63 42 25 20 24 36 57 8711513213613412811810719 813J2 43812319 313699999999999999 03711212 0 2023561049999999
104107110114122130129115 97 78 55 32 18 18 27 43 7110413114113813112010519 814J2 5251311911141999999999999991233 16999999999999999999999
 95 96102109118130139133115 93 71 46 24 15 20 34 57 8912414414513612410819 815J2 6 8139193314799999999999999 025 9413 5 1599999999999999
 92 85 91101111124139145133111 87 63 37 19 17 29 47 7411014015114413011419 816J2 64914520 115199999999999999 1 0 851336 1699999999999999
 96 81 80 90102115131146146128103 79 55 32 21 27 43 64 9412714915013712119 817J2 730148203215299999999999999 137 7914 8 2199999999999999
104 86 75 79 91104119136147140119 95 72 50 33 30 42 60 8311113815014312719 818J2 81014721 415099999999999999 215 751439 2999999999999999
111 95 80 74 81 93106121136142130108 87 68 51 41 46 61 79 9912314114313119 819J2 850142213614599999999999999 255 741510 4199999999999999
116102 88 76 75 83 94105119132133119100 84 69 58 56 66 81 9511212813713219 820J2 93213522 613799999999999999 337 741540 5699999999999999
118106 94 83 75 76 83 92102115124122109 96 85 76 71 75 86 9710811812812819 821J21019125223312999999999999999 422 7416 8 7199999999999999
119107 97 87 77 72 74 80 86 96108116113105 97 91 87 86 9310210911512112319 822J21113116225112399999999999999 513 721634 8699999999999999
118108 98 89 80 71 67 68 72 79 90101108109106103100 9910110711311611912019 823J21232109225112099999999999999 617 6717 0 9999999999999999
117110101 92 82 72 64 59 58 62 70 82 9510511011211211111011211511711911919 824J21525112224011999999999999999 739 58174211099999999999999
117113106 98 88 76 65 55 48 46 51 62 76 9210611612112212011811711611711919 825J21629122232811999999999999999 849 46205911699999999999999
118116113108100 87 72 57 45 35 33 40 54 72 9211212713213012612011511211319 826J217 5132999999999999999999999 945 33221311299999999999999
116117117117115105 87 68 50 33 21 20 31 49 71 9812414014213512711710710319 827J2 2 11171738142999999999999991036 19225710399999999999999
107113117122127125111 89 66 43 22  8 10 25 47 76109138151147136122106 9419 828J2 4221281812151999999999999991124  72339 9299999999999999
 93101111120131140137118 91 63 35 11 -1  5 24 51 86124152158147130111 9219 829J2 5191411847159999999999999991210 -2999999999999999999999
 80 83 95110125142153146122 91 60 29  3 -5  7 31 62101140161159141120 9719 830J2 610153192216399999999999999 019 801253 -599999999999999
 77 68 76 92110131152162150122 90 57 25  3  1 18 44 7811815216315213010719 831J2 658162195716399999999999999 1 0 681335 -199999999999999
 82 63 59 71 90111135158164147119 87 56 27 11 16 36 63 9613215715714011619 9 1J2 746164203116099999999999999 142 581415 1099999999999999
 93 69 54 55 70 88110136157158140113 86 59 36 29 39 58 8211214015314512419 9 2J2 83416021 515399999999999999 226 521453 2899999999999999
103 81 61 50 54 68 85106131148146129109 88 68 53 53 65 8110012214014212919 9 3J2 923149213714499999999999999 312 501531 5199999999999999
110 92 74 57 50 54 65 79 99121134131120107 95 81 75 79 89 9911212613312819 9 4J2101713522 713499999999999999 4 3 5016 7 7499999999999999
114 99 85 70 56 51 54 60 71 89108118118114110104 98 9710110711211712312319 9 5J21126119223212499999999999999 5 4 511640 9699999999999999
115103 93 82 69 58 52 51 54 62 78 9410410911311511511411511711811711711719 9 6J21523115194111899999999999999 645 5117 711499999999999999
113105 97 90 81 70 59 51 47 47 54 68 83 9610611612212512512612412111611319 9 7J21844126999999999999999999999 831 46999999999999999999999
110105100 96 90 82 71 59 49 42 41 48 61 77 9410912112813113112812311711219 9 8J21824131999999999999999999999 936 41999999999999999999999
108104103101 98 92 83 71 57 45 37 37 45 59 7910011712713213312912211611019 9 9J218381339999999999999999999991029 36999999999999999999999
106103103106106102 94 83 69 53 39 33 36 46 63 8711112613213312912011110519 910J2 344107183913399999999999999 1341031111 3399999999999999
103101102107113114107 96 82 65 46 34 32 38 51 74102125135135130120107 9619 911J2 436115182813699999999999999 1201011144 312353 949999999
 94 96 99105116124122111 96 78 58 39 30 33 44 63 91120138140133121106 9019 912J2 5191251837141999999999999991212 30999999999999999999999
 83 85 92100113128135128111 93 72 49 33 30 39 55 79111138147140126109 9019 913J2 559135185914799999999999999 012 821239 2999999999999999
 75 72 81 92106124140143129108 87 63 41 31 36 51 71 99130150148133115 9519 914J2 638144192515299999999999999 041 7213 8 3199999999999999
 75 63 67 81 96114135150145125102 79 56 38 36 48 67 9011814415314212110119 915J2 717150195315399999999999999 114 631337 3599999999999999
 80 63 58 68 84102123144152141118 94 73 53 42 49 66 8610813314914712810619 916J2 756153202215199999999999999 149 5714 7 4299999999999999
 87 69 56 57 71 89107129147149132109 89 71 57 55 67 8510312113914513311119 917J2 836150205014599999999999999 224 551437 5499999999999999
 92 75 61 54 60 76 92110130143140122103 87 75 68 73 8810311612813713311519 918J2 918144211513799999999999999 3 1 5415 6 6899999999999999
 95 80 67 56 55 64 78 92109127135129114101 91 84 84 9210611612212812811719 919J210 4135213312999999999999999 340 541535 8399999999999999
 99 83 71 61 55 56 64 76 89104120126121111105100 9710010911812212312311719 920J21058126212712399999999999999 424 5416 4 9799999999999999
103 87 75 66 58 53 54 61 70 82 9811211811711411211011011411912312212011619 921J21215118202112399999999999999 517 53163711099999999999999
107 94 82 72 64 55 50 50 54 62 75 9110511411812012112011912012212111911519 922J21537121201512299999999999999 632 50174711999999999999999
110102 92 83 73 63 53 46 43 45 53 68 8510211612512912812612211911711511319 923J21619129999999999999999999999 8 8 43999999999999999999999
111107103 97 88 76 63 51 40 34 36 46 62 8210412313413613212611811110710619 924J21646137999999999999999999999 920 34223210699999999999999
108108109110107 97 81 64 48 33 25 28 41 61 85111133143141132120107 97 9319 925J2 2561101714144999999999999991015 242253 9399999999999999
 97103109117123120107 87 66 44 26 17 23 40 64 93124145150140125108 90 7919 926J2 41812317451509999999999999911 4 172326 7899999999999999
 80 89100113128138134116 91 66 40 20 14 25 45 73106138155151134113 91 7119 927J2 5141391816156999999999999991149 14999999999999999999999
 62 68 83100120142153144121 94 65 37 18 17 33 57 87123151159146122 97 7119 928J2 6 5153184915999999999999999 0 3 621232 1599999999999999
 52 48 60 80102129154162149123 94 64 36 22 28 48 73105138159155134107 7919 929J2 652163192116099999999999999 042 471311 2299999999999999
 53 37 39 56 79106137161165148121 93 65 41 35 46 67 92122149158144117 9019 930J2 739166195315899999999999999 122 351349 3599999999999999
 63 39 28 36 56 79108140161160141117 93 69 53 54 69 881101331501481271001910 1J2 826163202315299999999999999 2 4 281426 5299999999999999
 75 51 32 27 38 57 79108138153148132114 96 79 71 78 921061211371441321091910 2J2 914154205314499999999999999 247 2715 1 7199999999999999
 86 66 46 32 31 42 58 78104129140135124114102 93 921001101171261331301151910 3J210 6140211913499999999999999 333 301535 9199999999999999
 95 78 62 47 37 38 46 57 74 971171251231201171121081101161201211231231151910 4J21111125213512499999999999999 425 3716 810899999999999999
100 86 75 64 52 45 44 48 55 69 881051131161201221211211231241211181151111910 5J215 7122185112499999999999999 534 44164312199999999999999
102 91 83 77 68 59 52 49 48 52 64 81 961061161231281291281271231161101061910 6J21645129999999999999999999999 745 48999999999999999999999
101 94 89 86 81 74 65 57 50 47 51 61 76 921071191281321311281221151071011910 7J21719132999999999999999999999 9 4 47999999999999999999999
 97 95 93 93 91 87 79 69 59 50 47 51 61 77 96113126132132128120111103 971910 8J2173513399999999999999999999910 0 47999999999999999999999
 94 93 95 98100 97 91 82 70 58 49 47 53 65 84105123132132128119107 96 911910 9J2 354100173713399999999999999 051 931042 4799999999999999
 89 89 93101108109103 94 83 68 54 48 50 59 74 96119133135129119105 90 81191010J2 435109174013599999999999999 018 891113 482336 809999999
 80 84 89100113120117107 95 80 63 51 49 56 68 88113134140134121105 87 72191011J2 5121201756140999999999999991140 482351 6899999999999999
 68 74 82 94111127131123108 93 74 57 49 53 65 82105130145142127108 88 68191012J2 54913218191469999999999999912 7 49999999999999999999999
 57 60 71 86104126141140125107 88 68 53 51 62 78 98122144149136114 92 70191013J2 626143184515099999999999999 018 561235 5099999999999999
 52 47 57 74 93116140151143123102 82 63 53 60 76 94114137151145123 98 75191014J2 7 3151191315199999999999999 049 4613 5 5399999999999999
 54 40 42 59 79102129151155140118 97 78 63 61 74 92110128145148132105 80191015J2 742156194014999999999999999 122 391336 6099999999999999
 59 41 34 44 64 86111138155153134112 94 78 69 75 92108122136144137113 86191016J2 82215720 614599999999999999 156 3414 8 6999999999999999
 65 47 34 34 48 69 91116141153145126109 95 84 82 92108121129136136120 94191017J2 9 5153202813899999999999999 232 321440 8199999999999999
 71 54 40 33 38 53 73 94117138145136121109100 94 97109121127130130122102191018J2 952145204013199999999999999 310 331513 9499999999999999
 79 61 48 38 35 42 56 73 92114132136129120114109107111120126126125120108191019J21046136193212799999999999999 352 35155110699999999999999
 89 70 57 48 40 38 44 56 70 88108123128126123120118117120124124121117110191020J212 0128193012599999999999999 444 38164311699999999999999
 98 82 69 59 50 43 40 44 52 65 83102117125128129127124121121119116113109191021J21453129999999999999999999999 551 40999999999999999999999
103 94 83 74 64 54 46 41 42 48 60 79 98115126133134130124118113109106104191022J21541134999999999999999999999 724 41999999999999999999999
103101 97 91 83 72 60 49 41 39 45 58 77 98118132138136128118107 99 94 94191023J21611139999999999999999999999 848 392227 9499999999999999
 97100104106103 94 80 65 51 40 37 44 59 80103125140142134121105 90 80 79191024J2 3 3106164014399999999999999 949 362240 7899999999999999
 84 92101112120117105 88 70 52 39 37 47 64 87113136147142127108 87 69 61191025J2 41712017 9147999999999999991040 362311 6199999999999999
 64 75 89107125135130115 95 74 53 40 41 54 74 98126146150136114 90 66 48191026J2 5121351740151999999999999991126 382346 4399999999999999
 43 53 70 90116139149141122100 76 54 43 49 66 87113139154147125 98 71 45191027J2 6 114918121549999999999999912 7 43999999999999999999999
 29 30 46 68 95126152158146125102 77 56 52 62 81102128150155138110 81 52191028J2 648159184315699999999999999 024 271246 5199999999999999
 26 16 24 44 69101136160161146124101 78 63 65 79 97118140154149124 93 64191029J2 733164191515599999999999999 1 4 151323 6299999999999999
 36 15 10 23 46 73108143161157141122101 82 74 82 97113129146151135107 78191030J2 818162194615199999999999999 144  91359 7499999999999999
 52 27 11 12 28 50 78112143155148134119103 90 89 99112123134144139118 91191031J2 9 4155201614499999999999999 226 101435 8899999999999999
 67 45 26 16 20 35 55 811131371441371281181081011041141211261321341231011911 1J2 953144204313599999999999999 3 9 15151110199999999999999
 80 62 45 31 25 31 43 59 821091281321291251211141121161221231231241201071911 2J2105113221 212499999999999999 357 25155011299999999999999
 89 74 63 51 40 37 41 49 61 811041181231241261251211201221211171141121061911 3J21410126182412299999999999999 451 37164512099999999999999
 95 83 75 68 59 51 48 49 53 63 81 991111191251291281251221191141081031001911 4J21523129999999999999999999999 6 9 48999999999999999999999
 95 88 83 80 75 67 61 57 55 57 66 81 97110120128131129124117110102 96 931911 5J216 4131999999999999999999999 8 6 55999999999999999999999
 92 90 89 88 86 82 75 68 62 59 61 70 84 99114125131131125116106 97 90 861911 6J21626132999999999999999999999 910 592336 8699999999999999
 86 88 91 94 95 93 88 81 72 65 63 66 76 90106122131132126116104 91 82 781911 7J2 347 95163813299999999999999 954 632314 7899999999999999
 79 83 90 98104104 99 92 83 73 67 67 73 84 99117131135129117103 87 74 681911 8J2 4261051651135999999999999991028 6623 8 6899999999999999
 70 76 85 98110115112104 94 83 73 68 73 82 94111129138134121104 86 68 571911 9J2 5 11151711138999999999999991058 682326 5699999999999999
 58 66 77 92111125126118107 94 81 71 71 80 92106124140141128108 88 67 49191110J2 5361271736143999999999999991129 702353 4399999999999999
 44 51 66 83104127139135121107 92 78 71 77 90104119137146138116 92 69 47191111J2 61313918 41469999999999999912 1 71999999999999999999999
 33 35 49 69 92119143150139122105 89 76 74 86102116132146146128100 74 50191112J2 651150183314899999999999999 024 321235 7399999999999999
 30 22 31 52 76103134155155139120102 86 77 82 98114127141148139112 82 57191113J2 73115819 114899999999999999 058 2213 9 7799999999999999
 35 18 17 33 57 83114145160154136117101 87 84 94111125135144143125 94 66191114J2 812161192914699999999999999 134 151344 8399999999999999
 43 24 13 18 38 63 90122150159149131115102 92 94108122131138141132108 78191115J2 855159195614199999999999999 212 121421 9199999999999999
 53 34 19 13 23 43 67 95126148153141127116106101106119128132134132118 93191116J2 942153201713599999999999999 253 1315 110199999999999999
 67 47 31 19 18 30 48 70 96124142144136127119112110116124127127127121105191117J21035145192612799999999999999 337 17154711099999999999999
 82 62 47 34 25 25 36 52 71 96120135137133129123117115118121120118117110191118J21140138191312199999999999999 427 24165011599999999999999
 95 78 64 52 40 33 33 41 54 72 95116129134134131126119115113111109108107191119J21330134999999999999999999999 526 32999999999999999999999
102 92 81 71 60 49 42 41 46 56 73 94114127134136132124114106101 97 96 97191120J21448136999999999999999999999 640 412152 9699999999999999
 99 99 95 90 81 71 60 51 48 51 60 77 96115129137136129117103 92 83 81 83191121J2 021 99152713899999999999999 8 6 4822 0 8199999999999999
 89 95101104101 93 82 70 60 54 57 67 83101120134139134121104 87 72 64 65191122J2 3 3104155913999999999999999 916 542223 6399999999999999
 72 82 95108116114105 92 79 67 61 64 75 91108127140140127109 88 67 51 45191123J2 4181161630142999999999999991011 612256 4599999999999999
 51 63 80100119129126115102 87 73 67 73 85100118136145137117 94 69 45 30191124J2 51312917 2145999999999999991059 672332 2899999999999999
 30 41 58 81109132141136123108 91 77 74 83 96111129145146130104 77 50 26191125J2 6 21411734148999999999999991142 73999999999999999999999
 14 19 35 58 87121145150142127111 92 80 82 94107123140151143119 90 61 32191126J2 64715118 815199999999999999 010 141222 7999999999999999
 10  4 14 35 62 97133154154143128110 92 85 92105118133148151135106 76 47191127J2 730156184215299999999999999 050  31259 8599999999999999
 19  1  1 16 38 69108142157153140125107 93 92102115126140150145122 92 64191128J2 812157191615199999999999999 130 -21336 9199999999999999
 37 12  0  5 22 46 78117146154146134121106 97100112122131141146134108 80191129J2 854154195114699999999999999 211 -11414 9799999999999999
 56 32 13  6 15 32 55 87122144147139130119107103109118124130137135119 95191130J2 939147202513899999999999999 253  6145310399999999999999
 72 53 34 19 18 27 43 64 941231381381331271191111091151201211241271211041912 1J2102813921 012799999999999999 337 17153910999999999999999
 85 69 55 40 30 32 40 53 72 981211311311301271201141131151151131141141071912 2J21130132182511521361159999999 422 30163911320 81139999999
 93 80 70 60 49 44 46 52 62 791011181261291291271211151121091051031031021912 3J21357129999999999999999999999 511 44999999999999999999999
 96 87 80 74 67 60 57 58 62 71 86104117125129130127119111105 99 94 92 931912 4J214491302334 9399999999999999 6 6 572158 9299999999999999
 93 90 87 84 80 75 70 68 68 72 80 93107119126130129123113102 93 86 82 831912 5J21519131999999999999999999999 719 682220 8299999999999999
 86 89 91 91 90 87 83 79 77 77 80 89100112122129130125114102 89 78 73 731912 6J2 256 91153813199999999999999 832 762227 7299999999999999
 77 83 90 97 99 98 94 90 86 83 84 89 97107118128132127116102 87 72 63 621912 7J2 4 5 99155913299999999999999 924 832239 6199999999999999
 67 74 85 98107109106101 96 91 87 90 97105114125133132120104 87 69 54 481912 8J2 44711016241349999999999999910 7 8723 1 4899999999999999
 53 63 76 93110121120114107 99 92 90 95104113122133137128110 89 69 50 371912 9J2 5251221653137999999999999991048 892331 3599999999999999
 36 47 62 81105126135130120110100 91 92101112121131140138121 96 73 50 30191210J2 6 41351724141999999999999991128 90999999999999999999999
 21 28 44 65 91120142146136123110 98 90 95108119129140145135110 81 56 32191211J2 642147175714599999999999999 0 5 2112 8 9099999999999999
 14 10 23 45 72104136155153138123108 95 91101115127137146146128 97 66 40191212J2 722156183114899999999999999 042  91247 9199999999999999
 16  1  5 23 50 80117149162154137121105 94 95108123134143149142116 83 53191213J2 8 316219 614999999999999999 120  01327 9399999999999999
 27  5 -4  5 28 56 90128156162150134118104 96101116129137145147133103 71191214J2 846163194214799999999999999 2 1 -414 7 9699999999999999
 44 20  1 -3 11 35 64 98134157157145130117105101108121130136142139121 91191215J2 931159202014299999999999999 243 -4145110099999999999999
 63 40 18  4  5 20 43 71105136152150139128117107105112120126130134128108191216J2101915321 213499999999999999 327  2154110499999999999999
 83 61 41 23 13 17 32 52 78109134145142135127117108106110114116120122116191217J21113145215212299999999999999 414 13164410699999999999999
 99 80 64 48 34 27 32 44 62 85111131139138133125115106102101102103108110191218J21216139225611099999999999999 5 4 27184010199999999999999
106 95 83 71 59 48 44 47 57 71 91113128135135130122109 98 91 87 86 89 95191219J21331135999999999999999999999 559 442048 8699999999999999
100100 96 90 82 72 64 60 62 69 82 98115127133133126114100 86 76 70 70 75191220J2 029100142813499999999999999 7 7 602130 6999999999999999
 84 93 99101100 94 86 80 76 76 81 92105118128133130120104 87 70 57 52 55191221J2 3 5101151013399999999999999 829 7522 8 5299999999999999
 63 76 90103110111106100 93 88 87 92101111122131134126111 91 71 52 38 36191222J2 431111154713499999999999999 940 862246 3599999999999999
 42 54 72 93112121122118111103 96 95101108117127136134121100 78 55 34 22191223J2 5321231623137999999999999991035 942325 2199999999999999
 23 33 49 73101123133132126118107100101107115123134141133114 90 65 39 17191224J2 62013317 1141999999999999991122 99999999999999999999999
  8 14 28 50 81114136142138131119106101105113121131142144130105 79 52 24191225J2 658142174014599999999999999 0 4  812 310199999999999999
  4  0 10 29 56 93128146147140130115103100108117126138148145124 96 68 40191226J2 733148181914999999999999999 044  0124110099999999999999
 12 -3 -2 13 35 68108140152147138125109 99101111121131144151140115 86 59191227J2 8 7152185815199999999999999 123 -51319 9899999999999999
 30  6 -4  3 21 47 83122148152144133118104 97104115124134146147131104 77191228J2 843152193714999999999999999 2 2 -41358 9799999999999999
 51 25  5  2 14 33 61 98133149147138127113100 99107116124134143139119 93191229J2 920150201714399999999999999 240  11439 9899999999999999
 70 47 25 12 15 28 48 76111138146141132122110100101108115121129134126106191230J210 0146205713499999999999999 318 111524 9999999999999999
 84 65 46 29 23 30 44 62 89118137140135129120109103104108111115121122112191231J21045141213712399999999999999 356 23161810299999999999999
