 58 57 57 56 57 60 65 72 79 84 86 84 79 71 61 50 40 34 33 36 42 48 52 5619 1 1KE10 1 86999999999999999999999 3 2 561741 3399999999999999
 59 62 63 64 63 64 66 72 79 85 89 90 87 81 71 58 43 32 25 25 29 36 43 5019 1 2KE1044 909999999999999999999991834 24999999999999999999999
 56 62 67 69 69 68 68 71 77 84 90 94 94 90 82 69 53 36 24 18 19 24 33 4219 1 3KE 325 691134 9499999999999999 529 681920 1799999999999999
 51 60 67 71 73 72 70 70 75 81 88 94 98 98 92 81 65 47 29 17 12 15 23 3319 1 4KE 358 731226 9899999999999999 621 7020 5 1299999999999999
 44 55 64 71 74 74 72 71 72 77 84 92 98102100 92 79 60 40 23 12  9 14 2419 1 5KE 429 75131510299999999999999 7 7 712048  999999999999999
 36 49 60 68 73 75 74 71 70 73 79 87 95102104101 91 74 54 33 17  8  8 1619 1 6KE 5 0 7514 010499999999999999 749 702128  799999999999999
 28 41 54 65 71 74 74 72 70 70 74 81 89 98104105 99 86 68 47 27 12  7 1019 1 7KE 528 74144110599999999999999 829 6922 5  799999999999999
 21 34 48 60 68 72 73 72 70 68 70 75 83 92 99104103 94 79 59 39 21 10  919 1 8KE 551 73151910499999999999999 9 7 682239  899999999999999
 16 28 42 55 65 70 71 71 69 67 67 70 76 84 92 99101 97 86 70 51 32 17 1119 1 9KE 6 7 71155610199999999999999 942 672310 1199999999999999
 14 24 37 51 61 68 71 70 69 67 65 66 70 76 84 91 95 95 89 77 60 42 27 1719 110KE 620 711631 96999999999999991017 652337 1599999999999999
 16 23 34 47 58 67 71 71 69 66 64 63 65 69 75 82 87 89 87 79 66 51 36 2519 111KE 635 7117 6 89999999999999991055 63999999999999999999999
 21 25 34 45 56 65 71 72 71 67 64 61 61 63 67 72 77 80 81 78 70 58 45 3419 112KE 654 721747 8199999999999999 0 2 211141 6199999999999999
 29 29 35 45 55 64 71 74 73 70 65 61 58 58 59 62 66 70 73 73 69 62 52 4419 113KE 715 741836 7399999999999999 025 281240 5899999999999999
 38 36 39 46 55 64 71 75 76 73 68 62 58 54 53 54 55 58 62 65 65 62 57 5219 114KE 740 761940 6599999999999999 048 361413 5399999999999999
 47 45 46 50 56 64 71 77 79 78 73 67 60 54 50 46 45 46 49 53 57 59 58 5719 115KE 8 8 792115 5999999999999999 111 4516 4 4599999999999999
 55 54 54 56 59 65 71 77 82 82 79 73 66 58 50 43 38 35 36 40 45 51 55 5719 116KE 841 82999999999999999999999 127 541714 3599999999999999
 59 61 62 62 64 67 71 78 83 86 86 82 75 67 56 46 35 28 25 26 31 38 46 5319 117KE 923 879999999999999999999991810 25999999999999999999999
 59 64 67 69 69 69 72 77 84 89 91 91 86 79 68 55 40 27 18 15 17 23 33 4319 118KE1015 9299999999999999999999919 3 14999999999999999999999
 53 62 69 72 73 72 72 76 82 89 94 97 96 92 83 69 52 34 19  9  6  9 18 2919 119KE 341 731121 9799999999999999 522 721955  699999999999999
 42 55 65 72 75 74 72 73 77 85 92 99103103 97 86 70 50 29 11  1 -1  4 1519 120KE 411 75122910399999999999999 618 722045 -199999999999999
 29 44 58 68 73 74 72 71 72 77 86 95103108108101 88 69 46 24  6 -4 -4  319 121KE 443 74133310899999999999999 712 712132 -599999999999999
 16 32 48 62 70 73 72 69 67 69 75 85 95105110110103 87 66 42 19  2 -5 -319 122KE 513 73143011199999999999999 8 9 672214 -699999999999999
  7 22 39 54 65 71 72 69 65 62 64 71 82 94104109109100 83 62 38 17  2 -219 123KE 539 72152411099999999999999 9 8 622253 -299999999999999
  4 16 32 48 61 69 72 70 65 59 56 58 67 78 90 99104103 93 77 56 35 17  719 124KE 6 2 7216161059999999999999910 6 562327  699999999999999
  7 16 29 44 58 68 73 73 68 61 54 50 53 61 72 83 92 96 93 83 68 50 33 2019 125KE 623 7417 7 969999999999999911 4 502358 1699999999999999
 16 20 31 43 56 68 75 76 72 66 57 49 45 48 55 65 74 82 84 81 72 60 47 3519 126KE 644 761758 849999999999999912 4 45999999999999999999999
 28 29 36 46 57 68 76 80 78 72 63 53 45 41 43 49 56 64 70 72 69 62 54 4619 127KE 7 7 801849 7299999999999999 025 2813 9 4199999999999999
 41 39 43 50 59 69 77 82 82 78 71 61 51 42 38 38 42 48 55 59 60 58 55 5219 128KE 732 831947 6099999999999999 046 391425 3899999999999999
 49 49 51 55 62 69 77 83 85 83 78 70 60 50 40 35 33 36 41 46 50 51 52 5219 129KE 8 3 85999999999999999999999 049 491550 3399999999999999
 54 55 58 60 64 70 76 82 86 87 84 78 70 60 49 38 31 29 30 34 39 43 46 5019 130KE 842 8799999999999999999999917 6 29999999999999999999999
 54 58 62 65 67 70 74 79 84 88 88 85 80 71 60 47 35 27 24 25 29 34 40 4519 131KE 936 889999999999999999999991810 23999999999999999999999
 52 58 64 67 69 70 72 75 81 85 88 89 87 82 73 60 45 31 22 19 21 26 32 4019 2 1KE1050 8999999999999999999999919 6 19999999999999999999999
 48 56 63 68 70 70 70 71 75 81 86 90 92 90 84 73 58 41 26 17 14 17 24 3319 2 2KE12 6 929999999999999999999991954 14999999999999999999999
 43 53 62 68 70 70 69 68 70 74 81 87 93 95 93 85 71 53 35 20 12 11 16 2619 2 3KE 425 7113 7 9599999999999999 651 682037 1199999999999999
 37 49 59 66 70 70 68 66 65 68 74 81 89 96 98 94 83 67 47 29 15  9 10 1919 2 4KE 438 701356 9899999999999999 743 652114  899999999999999
 30 43 55 64 69 69 68 65 62 62 66 74 82 91 97 98 92 78 60 40 22 10  8 1319 2 5KE 448 701439 9999999999999999 829 622148  899999999999999
 24 38 51 62 68 69 68 64 61 59 60 65 74 84 92 97 96 87 71 51 32 16  9 1119 2 6KE 455 691518 9899999999999999 910 582218  999999999999999
 20 33 47 59 67 70 68 64 60 56 55 58 65 74 84 92 94 90 78 61 42 25 14 1219 2 7KE 5 4 701556 9499999999999999 949 552244 1299999999999999
 18 30 44 57 67 71 70 66 60 55 51 52 56 64 74 83 88 89 81 68 51 35 22 1619 2 8KE 516 711632 89999999999999991026 5123 8 1699999999999999
 19 29 43 56 66 72 72 68 61 55 49 47 49 55 63 72 79 83 81 72 58 44 31 2319 2 9KE 532 7317 8 839999999999999911 3 472330 2299999999999999
 23 31 42 55 66 73 75 71 64 56 49 44 43 47 53 61 69 75 76 72 63 51 40 3219 210KE 549 751747 76999999999999991143 432351 3099999999999999
 30 34 43 55 65 73 77 75 68 60 51 44 40 40 44 50 57 64 68 68 64 56 48 4119 211KE 6 9 771831 69999999999999991228 40999999999999999999999
 38 40 46 56 65 73 78 78 73 65 55 47 40 36 37 40 45 52 57 61 61 57 53 4919 212KE 630 791926 6199999999999999 0 9 381325 3699999999999999
 46 47 51 58 66 74 79 81 78 71 62 53 44 37 33 32 35 39 45 50 53 54 54 5319 213KE 655 8121 5 5499999999999999 021 461442 322335 539999999
 53 54 57 61 67 74 79 83 83 78 71 62 52 43 35 29 27 28 31 36 42 46 49 5319 214KE 727 839999999999999999999991614 27999999999999999999999
 56 59 62 64 68 73 79 83 85 84 80 72 64 54 43 33 25 20 20 23 28 34 41 4819 215KE 811 869999999999999999999991738 19999999999999999999999
 54 60 64 67 69 72 76 81 85 88 87 83 77 68 57 44 30 19 13 11 14 20 29 3819 216KE 916 889999999999999999999991849 11999999999999999999999
 48 57 64 68 69 70 72 76 81 86 90 91 89 83 74 60 44 27 14  5  4  7 16 2719 217KE1050 919999999999999999999991947  4999999999999999999999
 39 51 61 67 68 68 67 68 73 79 86 92 95 95 89 78 62 43 23  8  0 -1  5 1519 218KE 4 1 681225 9599999999999999 6 0 672036 -299999999999999
 29 44 56 64 68 66 63 61 62 68 76 85 93 99 99 94 81 62 40 20  4 -3 -2  719 219KE 411 68133810099999999999999 713 612118 -499999999999999
 21 36 51 62 67 67 62 57 53 54 61 71 82 93100101 94 80 60 37 17  3 -1  419 220KE 425 68143910199999999999999 817 532155 -199999999999999
 15 31 47 60 68 69 64 57 49 44 46 54 66 79 90 98 98 90 75 55 34 16  6  619 221KE 440 691534 9999999999999999 916 442228  599999999999999
 14 28 44 59 69 72 69 61 50 40 35 38 47 60 73 85 92 92 83 68 50 32 18 1319 222KE 458 721624 93999999999999991011 352259 1399999999999999
 18 29 43 58 70 76 75 67 56 44 33 28 32 41 54 68 79 84 82 73 60 45 32 2419 223KE 518 761712 849999999999999911 4 282325 2499999999999999
 25 33 45 59 71 79 80 74 64 51 38 27 24 28 38 49 61 70 73 70 63 53 44 3619 224KE 540 801758 73999999999999991156 242348 3499999999999999
 34 39 48 60 71 80 83 80 72 60 47 34 25 22 27 35 45 55 61 62 59 55 49 4519 225KE 6 3 831844 63999999999999991250 22999999999999999999999
 43 45 52 61 71 79 84 84 78 69 57 44 32 25 23 26 33 41 48 52 53 51 50 4919 226KE 629 851938 5399999999999999 0 0 431348 232319 499999999
 50 51 56 62 70 77 82 84 82 75 66 55 44 33 26 24 26 31 37 42 45 46 47 4919 227KE 658 849999999999999999999991457 24999999999999999999999
 52 56 59 63 69 74 79 82 82 79 73 65 56 45 35 28 25 25 29 33 37 40 43 4719 228KE 736 839999999999999999999991617 24999999999999999999999
 52 57 61 64 67 70 74 77 80 80 78 73 67 58 47 36 28 23 23 25 29 33 38 4419 3 1KE 836 809999999999999999999991739 23999999999999999999999
 50 57 62 65 66 67 69 71 75 77 79 78 75 69 60 48 36 26 20 19 22 26 33 4019 3 2KE1020 799999999999999999999991847 19999999999999999999999
 48 55 61 64 65 64 64 65 68 72 76 79 81 78 72 61 47 33 22 16 16 19 26 3519 3 3KE 351 651155 8199999999999999 558 641937 1599999999999999
 44 53 60 64 65 63 60 59 60 64 70 76 82 84 81 73 60 44 29 17 12 14 20 3019 3 4KE 347 6513 1 8499999999999999 7 5 592016 1299999999999999
 40 51 59 63 64 62 59 55 54 56 62 70 78 84 86 82 71 56 39 23 13 10 15 2419 3 5KE 347 641352 8699999999999999 752 542050 1099999999999999
 36 48 58 64 65 62 58 52 49 48 53 60 70 79 86 86 80 66 49 32 18 11 12 2019 3 6KE 348 651436 8799999999999999 833 482120 1199999999999999
 32 46 57 64 66 64 58 51 45 42 44 50 60 71 81 86 84 75 59 42 26 15 13 1819 3 7KE 354 661516 8699999999999999 911 422148 1399999999999999
 30 43 56 65 69 66 60 52 44 38 37 41 49 60 72 81 84 79 67 52 36 23 17 1919 3 8KE 4 5 691554 8499999999999999 947 362213 1699999999999999
 29 42 55 66 71 70 63 54 44 36 31 32 39 49 61 72 79 79 72 59 45 32 23 2219 3 9KE 419 711632 80999999999999991021 312236 2299999999999999
 29 41 54 66 73 74 68 58 47 36 29 26 29 38 49 61 70 75 73 64 53 41 32 2819 310KE 436 7417 9 75999999999999991055 262258 2899999999999999
 32 42 54 66 74 77 73 63 51 39 29 23 23 28 38 49 60 67 69 65 57 48 40 3619 311KE 454 771749 69999999999999991132 222318 3599999999999999
 37 44 55 65 74 78 77 69 57 44 33 24 19 21 28 37 48 56 62 62 58 53 47 4319 312KE 513 791833 62999999999999991211 192335 4399999999999999
 43 48 56 66 74 79 79 74 64 52 39 28 21 18 21 27 36 44 51 55 55 53 51 4919 313KE 534 801934 55999999999999991258 182334 4999999999999999
 49 52 58 66 74 79 81 78 71 60 49 37 27 20 18 20 25 32 38 44 47 49 50 5219 314KE 557 819999999999999999999991359 18999999999999999999999
 54 56 60 66 72 78 81 81 77 69 59 49 38 28 21 18 18 21 26 31 36 41 45 5019 315KE 628 829999999999999999999991526 18999999999999999999999
 55 58 62 65 70 75 79 81 80 76 70 61 52 42 31 23 17 15 15 19 24 30 37 4519 316KE 716 819999999999999999999991711 15999999999999999999999
 52 58 62 64 66 69 73 76 79 79 77 73 66 57 46 34 23 14 10 10 13 19 28 3819 317KE 840 799999999999999999999991835  9999999999999999999999
 47 55 61 63 63 63 64 67 72 76 79 80 78 72 63 51 36 22 11  5  5 10 19 3019 318KE1050 809999999999999999999991931  5999999999999999999999
 42 52 59 62 61 57 55 55 59 66 72 78 82 82 78 68 54 37 20  8  3  5 13 2419 319KE 3 7 621235 8399999999999999 622 552014  399999999999999
 37 50 59 63 61 56 49 45 45 50 58 68 77 84 86 81 70 54 36 19  8  5 10 2019 320KE 312 631349 8699999999999999 728 442051  599999999999999
 34 48 59 65 64 58 48 39 33 33 40 52 64 76 84 87 81 69 52 34 19 10 11 1919 321KE 323 661449 8799999999999999 825 322124 1099999999999999
 32 47 60 69 70 64 53 40 28 22 23 32 45 60 73 82 84 78 65 49 33 21 17 2219 322KE 339 701542 8499999999999999 917 212156 1799999999999999
 33 47 61 72 75 72 61 47 31 18 13 16 27 41 57 70 78 78 71 60 47 34 26 2719 323KE 4 0 751631 799999999999999910 6 122224 2699999999999999
 35 48 61 73 80 79 70 56 40 23 11  7 12 24 39 54 66 71 70 64 55 45 37 3419 324KE 422 801717 72999999999999991054  72250 3499999999999999
 39 49 62 73 81 84 78 66 51 34 18  7  6 13 24 38 51 60 63 61 57 51 45 4219 325KE 447 8418 2 63999999999999991140  52310 4299999999999999
 44 51 62 72 81 85 83 74 61 46 29 15  8  8 15 26 38 48 54 55 54 52 50 4819 326KE 511 851850 55999999999999991226  72317 4899999999999999
 49 54 61 70 78 83 84 79 69 56 42 28 16 11 13 20 29 38 44 48 49 49 50 5119 327KE 537 849999999999999999999991314 11999999999999999999999
 52 56 61 68 74 79 81 79 73 64 53 41 29 20 16 18 23 30 36 40 43 45 47 5019 328KE 6 5 819999999999999999999991410 16999999999999999999999
 54 57 61 65 70 73 76 77 74 69 62 52 42 32 24 21 21 24 29 33 37 40 44 4919 329KE 641 779999999999999999999991521 20999999999999999999999
 53 57 61 63 65 67 70 71 71 70 67 61 53 44 35 27 23 22 23 27 31 36 41 4619 330KE 747 719999999999999999999991652 22999999999999999999999
 52 57 60 62 62 62 62 64 66 67 68 67 63 56 47 37 29 23 20 21 25 31 37 4419 331KE 954 689999999999999999999991811 20999999999999999999999
 51 56 60 61 60 58 56 56 58 61 65 68 68 65 58 49 38 28 21 18 20 26 33 4219 4 1KE 257 611137 6999999999999999 631 5619 3 1899999999999999
 50 56 60 61 59 55 50 48 49 53 59 65 70 71 68 60 48 36 25 18 17 21 29 3919 4 2KE 246 611248 7199999999999999 716 481941 1799999999999999
 49 56 61 61 58 53 47 42 40 43 49 58 66 72 73 68 59 46 32 22 17 19 26 3719 4 3KE 239 611344 7399999999999999 752 402013 1799999999999999
 48 57 63 63 60 53 45 37 33 33 39 48 58 68 74 74 67 56 42 29 21 19 25 3519 4 4KE 241 641431 7599999999999999 826 322042 1999999999999999
 47 58 65 67 63 55 45 35 28 25 28 36 47 60 70 75 73 64 52 38 27 22 25 3419 4 5KE 251 671514 7599999999999999 859 2521 9 2299999999999999
 46 58 67 71 68 60 48 36 25 19 18 25 35 49 62 71 74 70 60 48 36 28 28 3419 4 6KE 3 6 711554 7499999999999999 932 182135 2799999999999999
 45 57 68 74 73 66 54 39 26 16 12 15 23 36 51 63 71 71 65 56 45 36 33 3619 4 7KE 325 751634 729999999999999910 6 1222 0 3399999999999999
 45 57 68 76 78 72 60 46 30 17  9  7 13 24 38 52 63 68 67 61 52 44 39 4019 4 8KE 345 781714 68999999999999991041  72224 3999999999999999
 46 57 68 77 80 77 68 54 38 23 11  5  6 14 26 40 53 61 63 61 56 51 46 4519 4 9KE 4 6 801759 63999999999999991118  42246 4599999999999999
 49 57 67 76 82 81 74 62 47 31 17  7  4  7 17 28 40 50 56 57 56 54 51 5019 410KE 427 821857 57999999999999991158  423 0 5099999999999999
 52 58 67 75 81 83 79 70 56 42 28 15  7  5 10 19 28 38 45 50 52 53 53 5319 411KE 449 839999999999999999999991243  5999999999999999999999
 55 59 66 73 79 82 81 75 65 53 40 27 16  9  9 13 19 26 34 39 44 48 51 5419 412KE 515 829999999999999999999991338  8999999999999999999999
 56 59 64 69 75 79 80 78 72 63 52 41 29 20 14 12 14 18 23 29 35 41 47 5219 413KE 550 809999999999999999999991454 12999999999999999999999
 56 59 61 65 69 72 75 75 74 69 63 54 44 34 25 18 14 13 16 20 26 33 41 4819 414KE 648 759999999999999999999991641 13999999999999999999999
 54 58 59 60 61 63 65 68 70 70 69 65 58 50 40 30 21 15 13 14 19 27 36 4519 415KE 847 7099999999999999999999918 5 13999999999999999999999
 53 58 59 57 55 53 53 55 59 64 67 69 67 63 55 45 33 23 15 13 16 23 33 4319 416KE 156 5911 5 6999999999999999 530 521857 1399999999999999
 52 59 61 58 52 45 41 40 44 50 58 65 69 71 67 60 49 36 24 17 16 21 31 4219 417KE 155 611248 7199999999999999 639 401937 1699999999999999
 53 61 64 62 55 44 34 27 27 33 42 53 63 70 73 70 62 50 37 26 21 23 31 4219 418KE 2 5 6414 2 7399999999999999 732 262012 2099999999999999
 54 64 70 69 61 49 34 21 14 15 23 35 49 61 70 74 71 63 51 38 29 27 32 4319 419KE 221 7015 2 7499999999999999 821 142045 2799999999999999
 55 67 75 76 70 58 41 24 10  4  7 17 31 47 61 70 72 69 61 50 40 34 36 4419 420KE 243 771554 7299999999999999 9 8  42116 3499999999999999
 56 68 78 82 79 69 52 33 15  2 -2  3 15 30 46 60 67 69 65 58 50 43 41 4619 421KE 3 8 821643 6999999999999999 954 -32146 4199999999999999
 56 67 78 85 86 78 64 46 26  8 -3 -4  3 16 32 47 58 64 64 61 56 50 47 4819 422KE 335 861731 64999999999999991038 -52213 4799999999999999
 56 66 76 85 88 85 74 58 40 21  5 -3 -2  7 20 35 48 56 59 59 57 54 52 5219 423KE 4 3 881824 59999999999999991121 -42234 5199999999999999
 56 64 73 82 87 87 80 68 52 35 18  5  0  4 13 26 38 47 52 54 54 55 54 5419 424KE 431 8899999999999999999999912 3  0999999999999999999999
 56 62 70 77 83 85 82 74 62 48 32 17  8  6 11 20 30 39 45 49 50 52 54 5519 425KE 459 859999999999999999999991245  6999999999999999999999
 57 61 66 72 77 80 80 76 68 57 44 31 19 13 13 18 25 32 39 43 46 49 52 5519 426KE 528 809999999999999999999991332 12999999999999999999999
 57 60 63 67 70 73 74 73 69 63 54 43 32 23 19 19 22 28 33 38 42 46 50 5419 427KE 6 4 749999999999999999999991428 18999999999999999999999
 57 60 61 63 64 65 66 67 67 64 60 52 43 35 28 24 23 25 29 33 39 44 49 5319 428KE 716 679999999999999999999991544 23999999999999999999999
 57 59 60 60 59 58 58 59 61 62 61 58 53 46 38 31 27 25 26 29 35 42 48 5319 429KE 221 60 919 6299999999999999 541 5817 9 2599999999999999
 57 59 60 58 55 52 50 50 52 56 59 60 59 55 48 41 34 28 26 27 32 39 47 5419 430KE 144 6011 2 6099999999999999 630 4918 7 2599999999999999
 58 61 60 58 53 47 42 40 42 46 52 58 61 61 57 51 43 34 28 27 30 37 46 5519 5 1KE 123 611228 6299999999999999 7 3 401849 2799999999999999
 61 64 63 59 52 44 36 31 31 35 43 51 59 63 64 60 52 43 34 30 30 36 45 5519 5 2KE 119 641335 6499999999999999 733 311923 2999999999999999
 63 67 67 63 54 44 33 25 22 24 31 41 52 61 66 66 61 52 43 35 33 37 45 5519 5 3KE 129 681428 6799999999999999 8 4 221954 3399999999999999
 65 71 73 68 59 47 33 21 14 13 19 29 42 55 64 69 67 61 52 43 38 38 45 5519 5 4KE 147 731514 6999999999999999 836 132023 3799999999999999
 65 74 78 75 66 53 37 22 11  6  8 17 30 44 58 67 70 67 60 51 44 42 46 5519 5 5KE 2 9 781557 7099999999999999 911  62052 4299999999999999
 65 75 81 82 75 62 45 28 12  2  0  5 17 32 47 60 68 69 65 58 51 47 48 5519 5 6KE 233 821641 6999999999999999 947  02120 4799999999999999
 65 75 83 86 82 72 56 37 20  5 -3 -2  6 19 34 49 60 66 66 62 57 53 51 5519 5 7KE 3 0 861730 66999999999999991026 -42146 5199999999999999
 64 74 83 88 88 80 67 49 31 13  0 -5 -2  8 22 37 49 58 62 62 60 57 55 5719 5 8KE 327 891833 629999999999999911 6 -52211 5599999999999999
 63 72 81 88 90 86 76 61 44 26 10 -1 -3  2 12 25 37 48 54 58 59 59 58 5819 5 9KE 355 902020 59999999999999991149 -42229 5799999999999999
 61 69 77 84 89 88 82 71 57 40 24 10  2  1  7 16 26 36 45 50 54 57 58 5919 510KE 425 899999999999999999999991234  0999999999999999999999
 60 65 72 79 84 86 84 77 67 54 39 24 13  7  7 12 19 27 35 42 48 53 57 5819 511KE 5 0 869999999999999999999991325  6999999999999999999999
 59 61 66 71 76 79 80 77 72 63 52 40 27 18 13 13 17 22 28 35 43 49 54 5819 512KE 548 809999999999999999999991429 13999999999999999999999
 59 59 60 62 65 68 70 72 71 67 61 52 42 33 25 20 19 20 24 31 38 46 53 5819 513KE 712 729999999999999999999991554 19999999999999999999999
 60 59 57 55 54 55 57 60 63 65 64 60 54 47 39 32 26 24 25 29 36 45 53 5919 514KE 018 60 911 6599999999999999 4 6 541714 2499999999999999
 62 62 58 52 46 42 42 45 50 55 60 62 61 58 53 45 38 31 29 30 36 45 54 6219 515KE 024 621114 6299999999999999 540 4218 8 2999999999999999
 66 67 63 55 45 35 29 28 33 40 49 56 61 63 62 58 50 42 36 34 38 46 56 6519 516KE 036 671310 6399999999999999 636 281849 3499999999999999
 71 74 70 62 49 35 22 16 17 23 33 44 54 62 66 65 61 54 46 41 41 47 57 6719 517KE 056 741428 6699999999999999 723 151925 4099999999999999
 75 80 79 72 59 42 24 11  5  8 17 29 42 54 63 67 67 63 56 49 46 49 57 6719 518KE 122 801526 6899999999999999 8 9  520 0 4699999999999999
 77 84 87 82 70 54 34 15  2 -2  3 14 28 43 56 64 68 67 63 57 52 52 57 6619 519KE 152 871618 6899999999999999 854 -22033 5199999999999999
 76 85 91 90 82 67 47 27  8 -3 -5  2 15 30 45 57 64 67 66 62 58 55 57 6419 520KE 225 9117 8 6799999999999999 939 -521 6 5599999999999999
 74 83 91 94 90 79 62 41 21  4 -5 -4  5 19 34 48 58 63 64 64 61 58 58 6219 521KE 258 9418 5 64999999999999991022 -62136 5899999999999999
 70 80 88 94 94 87 73 56 36 17  2 -3  1 11 25 39 50 57 61 62 62 61 60 6119 522KE 332 941924 629999999999999911 3 -322 1 6099999999999999
 67 75 83 90 93 90 81 67 50 31 14  3  1  8 19 32 43 51 56 59 60 61 60 6119 523KE 4 5 939999999999999999999991142  1999999999999999999999
 64 70 77 84 88 88 84 74 61 45 28 14  7  8 16 26 37 46 52 55 57 59 60 6119 524KE 438 899999999999999999999991221  7999999999999999999999
 63 66 71 77 81 83 82 77 67 55 40 26 17 13 16 24 33 41 47 52 55 58 59 6119 525KE 513 839999999999999999999991259 13999999999999999999999
 62 64 67 70 73 75 76 74 70 61 50 38 27 21 20 24 30 37 44 50 54 57 59 6019 526KE 555 769999999999999999999991340 20999999999999999999999
 61 62 63 64 65 66 68 68 67 63 56 47 38 31 27 27 30 35 41 47 53 57 60 6119 527KE 7 4 689999999999999999999991430 26999999999999999999999
 61 61 60 59 58 57 58 60 61 62 59 54 47 41 36 33 32 35 39 45 52 58 62 6319 528KE 0 8 61 837 622322 639999999 5 7 571537 3299999999999999
 63 62 59 56 52 49 48 49 53 56 58 57 54 50 45 41 38 37 39 44 51 59 64 6719 529KE1014 582327 6799999999999999 556 481648 3799999999999999
 66 64 60 54 48 42 38 38 42 47 53 57 58 57 54 50 45 42 41 44 51 59 66 7019 530KE12 4 582346 7199999999999999 630 381741 4199999999999999
 71 69 63 56 46 37 30 28 30 36 44 52 58 61 62 59 54 49 45 46 51 59 67 7419 531KE1333 62999999999999999999999 7 1 281822 4599999999999999
 77 75 70 60 48 36 25 19 18 24 33 43 53 61 66 66 62 57 51 49 52 59 68 7619 6 1KE 012 771432 6699999999999999 734 181857 4999999999999999
 81 82 78 69 55 40 25 14  9 11 19 31 44 56 65 69 68 64 58 54 54 59 68 7719 6 2KE 042 821521 6999999999999999 810  91931 5499999999999999
 84 88 86 79 65 49 31 15  5  2  7 18 31 46 59 68 71 69 65 60 57 60 67 7619 6 3KE 115 8816 7 7199999999999999 849  220 3 5799999999999999
 85 91 93 89 78 61 42 23  7 -2 -2  5 18 33 48 61 68 70 69 65 61 61 65 7419 6 4KE 150 931657 7099999999999999 931 -32035 6099999999999999
 83 92 97 96 89 75 56 36 16  1 -6 -3  6 20 36 50 61 67 69 67 64 62 64 7019 6 5KE 226 971756 69999999999999991015 -621 7 6299999999999999
 80 89 97100 97 87 71 52 31 12 -2 -6 -2  9 23 38 51 60 65 66 65 64 63 6719 6 6KE 3 410019 7 66999999999999991058 -62141 6399999999999999
 74 84 92 98 99 94 83 67 48 27 10 -1 -3  3 14 27 40 51 59 63 64 64 63 6319 6 7KE 3431002017 65999999999999991141 -32221 6399999999999999
 68 76 85 92 96 95 89 78 62 44 26 11  3  4 11 21 32 43 52 58 62 64 63 6219 6 8KE 425 9621 9 64999999999999991224  32312 6299999999999999
 63 67 74 82 87 90 89 83 72 58 42 27 15 11 13 19 28 37 46 54 60 63 63 6219 6 9KE 516 902143 639999999999999913 9 11999999999999999999999
 60 61 64 69 74 79 81 80 75 67 55 42 30 23 20 23 28 35 43 52 59 63 65 6419 610KE 620 8122 6 6599999999999999 023 601356 2099999999999999
 61 58 56 57 60 64 68 71 71 68 62 54 45 37 32 30 32 37 43 51 59 65 68 6719 611KE 741 722225 6899999999999999 2 5 561454 3099999999999999
 64 59 53 49 47 48 52 56 61 63 62 59 55 49 45 41 39 41 45 52 60 67 72 7319 612KE 914 632247 7399999999999999 4 9 4716 2 3999999999999999
 70 65 56 47 39 35 36 40 46 52 57 59 59 58 56 52 49 47 49 54 61 70 76 7919 613KE1140 592316 7999999999999999 525 3517 4 4799999999999999
 78 73 64 52 39 29 24 25 30 38 46 53 58 61 62 61 58 55 53 56 62 71 78 8419 614KE14 6 622351 8599999999999999 619 231752 5399999999999999
 85 82 74 62 46 30 19 14 16 24 33 43 52 59 65 67 66 62 59 58 63 70 79 8619 615KE1510 67999999999999999999999 7 7 141834 5899999999999999
 90 90 85 74 58 39 22 10  7 11 20 32 43 54 62 68 69 68 64 62 63 69 77 8519 616KE 031 911559 6999999999999999 754  71914 6199999999999999
 92 96 94 86 72 53 33 15  5  3  9 20 33 46 57 65 70 70 68 65 64 67 73 8219 617KE 113 961644 7099999999999999 840  31952 6499999999999999
 91 97 99 96 85 68 48 27 10  2  2 11 23 37 50 60 67 70 70 68 65 65 70 7719 618KE 156 991729 7099999999999999 924  12030 6599999999999999
 86 94100101 94 81 63 42 22  7  1  5 15 28 42 54 63 67 69 68 67 65 67 7219 619KE 2371011817 699999999999999910 6  121 6 6599999999999999
 80 89 97101 99 91 76 57 36 18  6  4 10 21 35 48 58 64 67 67 67 66 65 6819 620KE 31710119 8 67999999999999991046  32141 6599999999999999
 74 82 90 96 98 95 85 69 50 31 16  8  9 17 29 42 53 60 64 66 66 66 65 6619 621KE 355 991952 66999999999999991122  72213 6599999999999999
 69 76 83 89 93 93 88 77 61 44 27 16 12 16 26 38 48 57 62 65 65 65 65 6419 622KE 432 942012 65999999999999991155 122247 6499999999999999
 66 70 75 81 85 88 86 80 68 54 39 26 19 19 26 35 45 54 61 64 66 65 64 6319 623KE 511 882013 66999999999999991227 182333 6399999999999999
 63 65 68 72 76 79 80 78 71 61 48 36 28 25 28 35 44 52 60 65 67 67 65 6319 624KE 555 802024 67999999999999991256 25999999999999999999999
 62 62 63 64 67 69 72 72 70 64 55 45 37 33 33 37 44 51 59 65 68 69 68 6519 625KE 650 722044 6999999999999999 047 621327 3299999999999999
 62 60 58 57 57 59 61 64 65 64 59 53 46 42 40 42 45 51 58 65 70 72 71 6819 626KE 8 0 652110 7299999999999999 328 5714 2 4099999999999999
 64 60 56 52 49 48 50 53 57 60 60 57 54 51 49 48 49 53 58 65 72 76 76 7419 627KE 928 602140 7699999999999999 454 481454 4899999999999999
 69 63 56 49 43 39 39 42 47 52 57 59 59 59 57 56 55 56 59 65 72 78 81 8019 628KE1152 592215 8199999999999999 541 3916 9 5599999999999999
 76 69 60 51 41 33 29 30 34 42 49 56 61 64 65 64 61 60 61 65 72 79 84 8619 629KE1354 652256 8699999999999999 621 291710 6099999999999999
 84 78 69 57 43 31 22 19 22 29 38 48 57 64 69 70 68 65 64 66 72 79 86 9119 630KE1450 702341 9299999999999999 7 2 191757 6499999999999999
 92 88 80 67 52 36 22 13 11 15 24 36 48 59 68 72 73 70 68 67 71 78 86 9319 7 1KE1535 73999999999999999999999 746 111836 6799999999999999
 97 97 92 81 65 47 28 13  5  5 11 22 36 50 62 70 74 73 71 69 70 75 83 9219 7 2KE 030 981620 7499999999999999 833  41915 6899999999999999
 99103102 95 81 63 42 22  7 -1  1  9 22 37 52 64 71 73 72 70 69 71 78 8719 7 3KE 12010317 7 7399999999999999 920 -11955 6999999999999999
 96104107105 96 80 60 37 17  2 -3  0 10 25 40 55 65 71 72 71 68 68 71 7919 7 4KE 2 91071754 729999999999999910 6 -32041 6799999999999999
 89 99106109105 94 77 56 33 14  1 -2  4 15 30 45 58 66 70 70 68 66 65 7019 7 5KE 2581091836 71999999999999991049 -22134 6599999999999999
 79 89 98105107102 90 73 52 30 13  3  3 11 23 37 50 61 67 70 69 65 62 6219 7 6KE 3481071910 70999999999999991129  22232 6299999999999999
 67 76 86 94100101 96 84 67 48 29 16 10 13 22 33 46 57 65 69 70 67 63 5919 7 7KE 4411011936 709999999999999912 7 102334 5899999999999999
 58 63 71 79 87 92 92 87 76 62 46 31 22 21 26 34 44 55 64 70 72 70 66 6019 7 8KE 536 931959 72999999999999991242 20999999999999999999999
 55 54 57 63 70 77 81 82 77 68 57 46 37 32 33 39 47 56 65 72 75 75 71 6419 7 9KE 636 822022 7599999999999999 043 541316 3299999999999999
 57 51 48 49 54 59 66 70 71 68 62 55 49 45 43 46 51 58 66 73 79 80 77 7219 710KE 743 712048 8099999999999999 2 9 481349 4399999999999999
 64 55 47 42 41 44 49 55 60 62 61 59 57 55 54 54 56 61 67 75 81 84 84 8019 711KE 9 9 622122 8599999999999999 344 411424 5499999999999999
 73 63 52 42 35 32 35 40 47 52 55 58 60 61 62 62 62 64 68 75 82 87 89 8719 712KE22 4 89999999999999999999999 459 32999999999999999999999
 82 74 62 49 36 27 25 27 33 41 47 53 58 63 67 68 67 67 69 74 80 87 91 9319 713KE2257 93999999999999999999999 558 25999999999999999999999
 91 85 75 61 45 30 21 19 22 29 37 46 54 61 67 71 72 70 70 72 77 84 91 9519 714KE1542 722356 9799999999999999 651 191748 7099999999999999
 97 94 87 74 58 40 25 16 15 19 28 37 48 57 65 71 73 73 71 70 73 79 87 9419 715KE1613 73999999999999999999999 740 141839 7099999999999999
 99100 97 88 73 54 35 20 12 12 19 29 40 52 62 69 73 74 72 70 70 74 81 8919 716KE 0531001643 7499999999999999 827 111927 7099999999999999
 96102103 98 87 69 49 30 16 10 12 21 32 45 57 66 71 73 73 70 69 70 75 8219 717KE 1441031711 7399999999999999 911 102013 6999999999999999
 91 99104104 97 83 64 43 25 13  9 15 25 39 52 62 69 72 72 71 68 67 69 7519 718KE 2301051733 7299999999999999 950  92057 6799999999999999
 83 92100104102 92 77 57 37 20 12 12 20 33 46 58 67 71 72 70 68 66 65 6919 719KE 3121041748 72999999999999991026 112139 6599999999999999
 75 84 93 99101 97 85 68 49 31 18 14 19 29 42 55 64 70 72 71 68 65 63 6419 720KE 3511011759 72999999999999991058 142220 6399999999999999
 68 76 84 91 96 96 89 76 59 42 28 20 20 28 40 52 63 70 73 72 69 65 62 6119 721KE 429 971812 73999999999999991126 1923 0 6199999999999999
 63 68 74 81 87 90 88 80 67 52 37 28 25 30 39 51 61 70 74 74 71 66 62 5919 722KE 5 7 901829 74999999999999991151 252345 5899999999999999
 59 61 66 71 77 81 83 79 70 59 47 37 32 34 41 51 61 69 75 76 74 69 64 5919 723KE 548 831849 76999999999999991214 32999999999999999999999
 56 56 58 62 66 71 75 75 71 63 54 46 41 40 44 52 61 69 76 79 78 73 67 6119 724KE 635 751913 7999999999999999 038 561235 4099999999999999
 56 53 52 53 56 60 65 68 68 65 59 54 49 48 50 55 62 69 76 81 81 78 72 6519 725KE 733 681941 8299999999999999 152 521255 4899999999999999
 58 52 48 46 46 49 53 58 61 63 61 59 57 56 57 59 64 69 76 81 84 83 79 7219 726KE 855 632015 8499999999999999 326 461311 5699999999999999
 64 56 49 43 39 38 41 46 52 56 59 61 62 63 64 65 67 70 76 82 86 88 86 8019 727KE2056 88999999999999999999999 441 38999999999999999999999
 73 64 54 44 36 31 30 33 39 46 53 59 63 67 69 70 70 72 75 81 87 91 92 8919 728KE2147 92999999999999999999999 541 30999999999999999999999
 84 75 64 52 39 28 22 22 26 33 42 51 60 67 72 74 74 73 75 79 85 91 95 9719 729KE2252 97999999999999999999999 637 21999999999999999999999
 94 88 78 65 49 33 21 14 14 19 28 39 51 62 70 75 76 74 74 76 81 88 9510019 730KE1548 76999999999999999999999 730 131751 7499999999999999
102100 93 81 64 45 27 14  7  8 15 26 40 53 65 72 75 75 73 72 75 81 90 9819 731KE 0 31021616 7699999999999999 822  71846 7299999999999999
104107105 97 83 63 42 22  8  3  5 14 28 43 57 68 74 75 72 69 69 72 80 9019 8 1KE 1 81071644 7599999999999999 9 9  31942 6999999999999999
100107111108 99 82 61 38 18  5  2  7 18 33 49 62 71 74 73 69 65 64 68 7719 8 2KE 2 811117 9 7499999999999999 952  22042 6399999999999999
 88 99107111108 97 79 57 34 16  6  6 14 27 42 57 68 73 74 70 64 59 58 6319 8 3KE 3 41111731 74999999999999991031  52141 5799999999999999
 72 84 96104108103 91 74 53 33 17 11 15 25 39 53 66 74 76 73 66 59 52 5119 8 4KE 3581081752 769999999999999911 6 112240 5199999999999999
 57 67 79 90 98100 95 84 67 49 33 23 22 28 39 52 65 74 79 77 72 63 53 4719 8 5KE 4511001814 79999999999999991138 212338 4599999999999999
 46 51 60 71 81 89 90 85 75 62 48 37 33 35 43 54 65 75 82 82 78 70 60 4919 8 6KE 543 901837 839999999999999912 7 33999999999999999999999
 42 41 46 54 63 72 78 79 74 67 58 50 45 45 50 58 67 76 83 86 84 78 68 5719 8 7KE 637 7919 3 8699999999999999 040 411231 4499999999999999
 47 39 38 41 47 55 63 67 68 65 62 58 55 54 57 62 69 77 84 89 89 85 77 6719 8 8KE 737 681933 8999999999999999 149 381246 5499999999999999
 56 46 38 35 36 41 48 54 58 59 60 60 61 62 63 67 71 77 83 88 91 90 85 7819 8 9KE2012 91999999999999999999999 3 8 35999999999999999999999
 68 57 45 37 32 32 36 42 47 51 55 58 62 66 68 70 72 76 81 86 90 92 91 8619 810KE21 5 92999999999999999999999 427 32999999999999999999999
 79 70 57 45 35 29 28 32 37 43 48 54 60 66 71 73 74 75 77 82 87 91 93 9219 811KE2221 93999999999999999999999 536 28999999999999999999999
 89 82 71 58 43 32 26 25 28 34 41 49 57 65 71 74 75 74 74 76 81 86 91 9519 812KE1545 752344 9599999999999999 637 251729 7499999999999999
 95 92 84 72 56 41 28 22 22 26 34 43 53 62 69 74 75 74 72 72 74 80 86 9219 813KE1555 75999999999999999999999 729 211835 7199999999999999
 97 99 95 85 71 53 36 24 18 20 27 36 47 58 67 73 75 74 71 68 69 72 79 8719 814KE 049 9916 8 7599999999999999 814 181929 6899999999999999
 95100101 96 84 67 48 31 20 16 21 30 42 54 64 71 74 74 71 67 65 66 71 7919 815KE 1411011618 7599999999999999 854 162016 6499999999999999
 88 97102102 94 79 61 42 26 17 17 25 37 50 62 70 74 74 71 67 63 61 63 7019 816KE 2271031626 7599999999999999 929 162059 6199999999999999
 79 89 98102 99 88 72 53 35 23 18 22 33 46 59 69 75 75 72 67 62 58 57 6119 817KE 3 81021636 769999999999999910 0 182140 5799999999999999
 69 79 89 97 99 93 80 64 46 31 23 23 31 43 57 68 75 77 74 69 62 57 53 5419 818KE 347 991649 77999999999999991028 222218 5399999999999999
 60 69 79 88 93 93 85 71 55 40 30 27 32 43 56 68 76 79 77 71 64 57 51 5019 819KE 424 9417 5 79999999999999991052 272255 5099999999999999
 52 59 68 77 85 88 85 76 63 49 39 33 35 44 55 67 76 81 81 75 67 59 51 4719 820KE 5 1 881723 82999999999999991114 332333 4699999999999999
 47 51 58 67 75 81 81 77 68 57 47 41 41 46 56 67 76 83 84 79 71 62 53 4719 821KE 540 821742 84999999999999991134 40999999999999999999999
 43 44 49 56 64 71 75 74 69 62 55 49 48 51 58 67 76 83 86 83 77 67 58 4919 822KE 623 7518 4 8699999999999999 015 431152 4899999999999999
 43 41 42 47 53 60 65 68 68 64 60 57 55 57 61 69 76 83 87 87 82 74 64 5519 823KE 716 681829 8799999999999999 1 6 4112 3 5599999999999999
 47 41 38 39 43 48 54 59 62 62 62 62 62 63 66 71 76 82 87 89 87 81 73 6319 824KE 853 6219 0 8999999999999999 213 381129 6199999999999999
 54 46 39 36 35 37 42 47 52 56 60 63 65 68 70 73 77 81 86 89 90 87 82 7419 825KE1944 90999999999999999999999 339 35999999999999999999999
 65 55 46 37 31 29 30 35 40 46 53 59 65 70 73 75 76 79 83 88 91 92 90 8519 826KE2049 92999999999999999999999 5 7 29999999999999999999999
 78 69 58 45 34 26 22 23 27 34 43 52 61 68 73 75 76 77 79 83 88 92 94 9419 827KE2222 95999999999999999999999 620 22999999999999999999999
 91 84 73 60 45 30 20 15 16 22 31 42 54 64 71 75 75 74 73 76 81 87 93 9819 828KE1530 752357 9999999999999999 720 151741 7399999999999999
 99 97 90 77 61 43 26 15 10 12 20 32 45 58 68 74 74 72 68 67 70 76 85 9319 829KE1539 75999999999999999999999 8 9 101850 6799999999999999
100104102 94 79 60 40 22 11  8 13 23 37 52 65 72 74 72 66 61 59 62 71 8219 830KE 1131041552 7499999999999999 852  81951 5999999999999999
 92101106104 95 79 58 37 20 11 11 19 32 47 61 72 76 74 67 59 52 49 54 6419 831KE 21510616 8 7699999999999999 929 102049 4999999999999999
 77 90100105103 92 75 55 36 21 16 19 30 44 59 72 79 78 72 62 51 42 40 4619 9 1KE 3121051626 799999999999999910 4 162145 4099999999999999
 58 72 85 96101 97 86 70 52 36 26 25 32 45 59 72 81 83 78 69 56 43 34 3319 9 2KE 4 51011647 84999999999999991035 242238 3399999999999999
 40 52 66 80 90 93 89 79 65 51 39 35 38 48 60 73 83 88 86 77 65 50 37 2919 9 3KE 455 931710 889999999999999911 4 352331 2899999999999999
 29 36 48 61 73 81 83 79 71 61 52 46 46 53 63 74 84 90 91 85 74 61 46 3419 9 4KE 544 831735 92999999999999991128 45999999999999999999999
 27 27 34 45 56 66 72 73 69 65 60 56 54 58 66 75 84 91 93 91 83 72 58 4519 9 5KE 635 7318 1 9399999999999999 024 261146 5499999999999999
 33 27 28 34 43 52 59 63 63 63 62 61 61 63 68 75 82 89 93 93 88 80 70 5819 9 6KE 741 641832 9399999999999999 121 271131 6199999999999999
 45 35 30 30 34 41 48 53 56 57 59 62 65 67 71 75 80 85 89 91 90 86 79 7019 9 7KE1912 91999999999999999999999 228 29999999999999999999999
 59 48 38 33 31 34 38 43 48 51 55 60 65 69 72 75 77 80 84 87 88 88 85 7919 9 8KE2016 88999999999999999999999 346 31999999999999999999999
 72 62 51 41 34 31 32 36 40 45 51 57 63 69 73 75 75 76 77 80 83 86 87 8619 9 9KE22 5 87999999999999999999999 511 31999999999999999999999
 82 75 65 53 41 33 29 30 33 39 46 53 61 68 73 75 74 72 71 73 76 80 85 8819 910KE15 9 752341 8999999999999999 622 291756 7199999999999999
 88 85 77 66 52 39 30 26 28 33 40 49 59 66 72 74 73 70 67 66 68 72 79 8519 911KE1511 74999999999999999999999 713 261855 6699999999999999
 90 91 88 78 65 49 35 26 24 27 35 45 56 65 72 74 73 70 64 60 60 63 70 7919 912KE 047 921514 7499999999999999 754 241940 6099999999999999
 87 93 94 88 76 61 45 31 24 24 31 41 53 64 72 75 74 70 64 57 54 55 60 6919 913KE 138 941517 7599999999999999 828 232020 5499999999999999
 80 89 94 94 86 72 55 39 28 24 28 38 50 62 72 77 76 71 64 56 50 48 51 5919 914KE 223 951524 7799999999999999 859 242057 4899999999999999
 70 81 90 94 91 80 65 49 35 28 28 36 48 61 72 79 79 74 66 57 48 43 43 4819 915KE 3 4 941536 8099999999999999 927 272132 4299999999999999
 58 70 82 90 92 86 74 59 44 34 31 36 47 60 72 80 83 78 70 59 49 41 37 4019 916KE 343 921551 8399999999999999 952 3122 6 3799999999999999
 48 59 71 82 88 87 79 66 53 42 37 39 47 59 72 81 85 83 75 63 51 41 35 3419 917KE 420 8816 8 85999999999999991016 362240 3399999999999999
 39 48 60 72 81 84 80 72 61 51 44 43 49 59 71 81 87 87 80 69 56 44 35 3019 918KE 457 841627 88999999999999991037 432315 3099999999999999
 32 39 49 61 71 78 78 74 66 58 52 49 52 61 71 81 88 89 85 75 62 49 38 3119 919KE 536 791647 89999999999999991057 492352 2899999999999999
 29 32 40 50 60 69 72 72 68 63 58 56 57 63 72 80 87 90 88 80 69 57 45 3519 920KE 619 7317 7 90999999999999991112 56999999999999999999999
 29 29 33 41 49 58 64 66 66 64 62 61 62 66 72 80 86 90 90 85 76 65 54 4319 921KE 720 661729 9199999999999999 036 281112 6199999999999999
 34 29 29 33 39 46 52 57 60 61 63 64 66 69 74 79 85 89 91 88 83 74 64 5419 922KE1757 91999999999999999999999 131 29999999999999999999999
 44 36 31 29 31 36 41 46 51 55 60 64 68 71 74 78 82 86 89 89 87 82 75 6619 923KE1841 89999999999999999999999 249 29999999999999999999999
 57 47 38 31 28 28 30 34 40 46 53 60 67 71 74 76 78 81 84 86 87 86 83 7819 924KE20 6 87999999999999999999999 436 28999999999999999999999
 71 62 51 40 31 25 23 24 29 36 45 55 63 70 73 74 74 74 75 78 82 85 87 8719 925KE2220 87999999999999999999999 6 5 23999999999999999999999
 83 77 67 55 41 29 22 19 21 27 37 48 59 68 72 73 70 67 65 67 71 77 84 8919 926KE1437 73999999999999999999999 7 3 1918 4 6599999999999999
 91 89 83 71 57 41 27 19 17 22 31 43 55 66 72 73 70 63 57 54 56 63 72 8219 927KE 0 6 911441 7499999999999999 746 1719 5 5499999999999999
 90 94 93 86 74 57 40 26 19 20 28 39 53 65 74 76 72 64 53 45 42 45 54 6619 928KE 123 941452 7699999999999999 824 191959 4299999999999999
 79 90 96 95 87 74 57 40 28 24 28 38 52 66 76 81 78 69 56 43 33 30 35 4719 929KE 225 9615 8 8199999999999999 857 242050 3099999999999999
 61 76 88 94 93 85 71 55 41 32 32 40 52 66 78 86 86 78 64 48 33 22 21 2819 930KE 321 951529 8799999999999999 929 312139 2099999999999999
 42 57 73 85 91 88 80 68 55 44 40 44 54 67 80 89 92 87 75 59 41 25 15 161910 1KE 412 911552 9299999999999999 959 402228 1499999999999999
 25 39 55 70 80 84 81 74 65 55 49 50 57 68 80 90 96 94 85 70 53 35 20 131910 2KE 5 1 841618 96999999999999991026 492316 1299999999999999
 15 25 39 53 66 74 76 73 69 63 58 56 60 69 79 89 96 98 92 81 66 49 32 191910 3KE 550 761645 98999999999999991049 56999999999999999999999
 14 18 28 40 52 62 67 68 67 65 63 62 64 70 78 86 93 97 95 88 76 62 47 321910 4KE 648 681712 9799999999999999 0 3 1411 2 6299999999999999
 22 19 23 32 42 51 57 61 62 63 64 65 67 70 76 83 89 93 93 90 83 72 60 471910 5KE1742 94999999999999999999999 052 19999999999999999999999
 35 27 25 29 35 42 49 53 56 59 62 65 68 71 75 79 83 86 88 88 85 79 70 601910 6KE1821 88999999999999999999999 148 25999999999999999999999
 49 39 33 31 33 37 42 46 50 54 59 64 68 72 74 76 78 79 81 82 82 81 77 711910 7KE1935 82999999999999999999999 257 31999999999999999999999
 62 53 44 37 34 34 36 40 45 50 56 62 67 71 73 74 73 73 73 74 76 78 79 771910 8KE1440 742149 7999999999999999 428 341713 7399999999999999
 72 65 56 47 39 34 33 35 40 46 53 60 66 71 73 73 70 67 65 65 68 72 76 791910 9KE1419 732327 7999999999999999 549 331825 6599999999999999
 79 75 68 58 48 39 33 32 36 42 50 59 66 71 74 73 69 63 59 57 58 63 70 76191010KE1414 74999999999999999999999 641 3219 4 5799999999999999
 81 81 77 69 58 46 37 32 33 39 48 57 66 72 75 74 69 62 54 49 49 53 60 69191011KE 037 821410 7599999999999999 719 311938 4899999999999999
 78 83 83 78 68 56 43 35 32 36 45 56 66 74 77 76 70 62 52 44 40 42 49 59191012KE 133 841412 7799999999999999 751 322011 4099999999999999
 71 80 85 84 77 65 52 41 35 36 44 55 66 76 80 80 74 64 53 42 35 33 38 48191013KE 220 851423 8199999999999999 821 352043 3399999999999999
 60 73 82 86 83 74 62 49 41 39 44 54 66 77 83 84 79 68 55 42 32 27 28 36191014KE 3 2 861439 8599999999999999 848 382116 2799999999999999
 49 62 75 83 85 79 69 58 48 43 45 54 65 77 85 89 85 75 61 46 33 24 22 26191015KE 342 851458 8999999999999999 913 432149 2199999999999999
 37 51 65 77 83 82 75 66 56 50 49 54 65 76 86 91 90 81 68 52 37 25 18 19191016KE 420 831519 9299999999999999 938 482222 1899999999999999
 27 40 54 68 77 80 77 71 63 56 54 57 65 75 86 92 94 88 76 60 44 30 19 16191017KE 459 801541 949999999999999910 1 542257 1699999999999999
 20 30 43 57 68 74 75 72 67 62 59 60 66 75 84 92 95 92 83 69 53 38 25 17191018KE 541 7616 2 95999999999999991021 592335 1699999999999999
 17 23 33 45 57 66 70 70 68 66 64 64 67 74 83 91 95 94 88 77 63 48 34 23191019KE 636 701624 95999999999999991035 63999999999999999999999
 18 19 26 36 46 55 61 64 65 66 66 67 69 74 81 88 93 94 91 83 72 59 46 34191020KE1646 94999999999999999999999 017 18999999999999999999999
 25 21 23 29 36 44 50 55 59 63 66 68 70 74 79 85 89 92 91 86 79 69 58 47191021KE1715 92999999999999999999999 1 8 21999999999999999999999
 36 28 25 26 30 34 40 46 51 57 62 67 70 73 76 79 83 86 87 86 83 77 69 60191022KE18 3 87999999999999999999999 214 25999999999999999999999
 50 40 33 29 27 29 32 37 43 50 58 64 69 72 73 74 75 77 78 80 81 80 77 72191023KE20 3 81999999999999999999999 356 27999999999999999999999
 64 55 46 38 31 28 28 31 37 45 54 62 68 71 71 69 67 65 66 69 72 76 78 78191024KE1332 722230 7999999999999999 534 271713 6599999999999999
 75 70 61 51 41 33 28 28 33 41 51 61 68 72 72 68 62 56 52 53 58 65 72 78191025KE1328 73999999999999999999999 630 281819 5299999999999999
 80 80 75 66 55 44 35 30 32 39 50 61 70 76 76 71 62 51 42 38 40 48 58 68191026KE 019 811335 7799999999999999 710 3019 8 3899999999999999
 77 83 83 79 70 58 46 37 35 40 50 61 72 80 82 78 68 53 39 28 24 29 39 52191027KE 139 841351 8299999999999999 746 351956 2499999999999999
 66 77 84 85 80 71 59 48 42 44 51 62 74 84 89 87 77 62 44 27 16 14 21 33191028KE 242 851413 8999999999999999 818 422042 1399999999999999
 49 64 77 84 85 80 70 60 51 49 54 63 75 86 94 95 88 74 55 35 17  7  7 17191029KE 336 851439 9699999999999999 850 492129  699999999999999
 31 48 64 76 82 82 77 69 61 56 57 64 75 87 96100 97 86 69 49 28 11  3  6191030KE 427 8215 810099999999999999 921 552214  399999999999999
 17 32 49 64 74 78 77 73 68 63 61 65 74 85 95101102 95 82 64 43 24  9  4191031KE 517 78153810399999999999999 949 612259  499999999999999
  9 21 36 51 63 70 73 72 70 67 65 66 72 82 91 99102100 91 76 58 39 22 111911 1KE 617 7316 9102999999999999991013 652343  899999999999999
  9 15 27 40 52 61 66 68 68 68 68 68 71 78 86 93 98 99 94 84 70 54 38 231911 2KE 830 691639 99999999999999991025 68999999999999999999999
 16 16 23 33 44 53 59 62 64 67 68 69 71 75 81 87 91 94 92 87 78 66 52 381911 3KE1711 94999999999999999999999 026 15999999999999999999999
 27 22 24 31 39 46 53 57 60 64 67 69 71 73 77 80 84 86 86 85 80 73 63 511911 4KE1749 86999999999999999999999 112 22999999999999999999999
 40 32 29 31 36 42 47 52 57 61 65 68 71 73 74 75 76 77 78 78 78 75 69 621911 5KE19 5 79999999999999999999999 2 5 29999999999999999999999
 52 44 38 35 36 39 43 49 54 59 64 68 71 72 72 71 70 69 68 70 71 73 72 681911 6KE1334 7321 8 7399999999999999 315 351738 6899999999999999
 62 55 48 43 39 39 41 45 51 58 64 68 71 73 72 69 65 61 59 59 62 66 69 701911 7KE1311 732252 7099999999999999 442 391821 5999999999999999
 69 64 59 52 46 42 41 43 49 57 64 70 73 74 73 69 62 56 51 49 52 57 63 691911 8KE1255 74999999999999999999999 545 401853 4999999999999999
 71 71 67 61 54 47 43 43 48 55 64 71 76 77 75 70 62 52 44 40 40 46 54 631911 9KE 022 721252 7799999999999999 628 421922 3999999999999999
 70 74 74 70 63 55 48 45 47 55 64 73 79 82 80 73 63 52 41 33 30 34 43 53191110KE 131 7513 3 8299999999999999 7 3 451952 3099999999999999
 64 73 77 77 71 63 55 49 49 54 63 73 82 86 85 79 68 54 40 29 23 24 31 42191111KE 222 781322 8799999999999999 734 482023 2299999999999999
 55 67 76 80 78 71 63 55 52 55 63 73 83 90 91 86 75 60 44 29 19 16 20 30191112KE 3 6 801345 9199999999999999 8 3 522056 1699999999999999
 44 58 71 79 81 77 70 62 57 57 63 72 83 91 95 93 84 69 52 34 20 12 12 19191113KE 346 811411 9699999999999999 830 562131 1199999999999999
 32 47 62 74 80 79 75 68 63 60 63 71 82 91 98 98 92 79 62 43 26 13  8 11191114KE 427 801438 9999999999999999 857 6022 7  899999999999999
 21 35 51 65 74 78 77 73 68 64 65 71 80 90 98101 98 88 73 55 36 20  9  7191115KE 511 7815 610199999999999999 923 642246  799999999999999
 13 24 39 53 65 72 74 73 71 68 67 70 78 87 96101101 95 83 66 48 31 16  8191116KE 6 6 74153310299999999999999 947 672325  899999999999999
  9 17 29 42 54 63 69 71 71 70 69 70 75 84 92 98101 98 90 77 61 44 28 16191117KE 737 7116 11019999999999999910 5 69999999999999999999999
 11 14 22 33 44 53 60 65 68 69 70 70 73 79 87 93 97 97 93 84 72 57 42 28191118KE1632 98999999999999999999999 0 7 11999999999999999999999
 19 16 20 27 35 44 52 58 63 67 69 70 71 75 80 85 90 92 91 86 79 68 56 43191119KE1712 92999999999999999999999 053 16999999999999999999999
 31 24 23 26 31 37 44 52 58 64 68 70 70 71 73 76 79 82 83 83 80 74 66 56191120KE1822 83999999999999999999999 147 23999999999999999999999
 46 37 32 30 31 35 40 47 54 61 67 70 71 70 68 67 67 69 71 73 75 75 71 66191121KE1152 712023 7599999999999999 259 301517 6799999999999999
 59 51 45 39 37 37 39 45 52 60 67 71 73 71 67 61 57 54 55 58 63 68 70 70191122KE1155 732231 7199999999999999 430 361717 5499999999999999
 68 64 58 52 46 42 42 46 52 61 69 75 77 76 70 61 51 43 40 41 47 54 62 67191123KE12 6 77999999999999999999999 535 421813 4099999999999999
 71 71 69 65 58 52 48 48 54 62 71 79 83 83 77 67 53 39 29 26 29 37 47 58191124KE 046 711226 8499999999999999 621 4719 0 2699999999999999
 66 72 75 74 69 62 56 53 56 64 73 82 89 91 87 77 62 44 27 17 14 20 30 43191125KE 214 751252 9199999999999999 659 531946 1499999999999999
 56 67 75 78 77 72 65 60 59 65 74 84 92 97 97 89 75 56 35 17  7  7 15 27191126KE 314 781325 9899999999999999 734 592032  699999999999999
 42 57 69 76 79 78 73 67 64 66 73 83 92100103 99 88 70 49 27 10  2  4 14191127KE 4 6 7914 010399999999999999 8 9 632117  199999999999999
 28 44 59 70 76 78 76 72 68 67 71 80 90 99105106 99 85 65 43 22  6  0  5191128KE 456 78143610799999999999999 842 6722 2  099999999999999
 16 32 47 61 70 75 76 74 71 69 70 76 85 95103107105 96 80 59 38 18  5  3191129KE 551 76151310799999999999999 915 692244  399999999999999
 10 22 37 52 63 70 73 73 73 71 70 73 80 89 97104105101 90 73 54 34 17  8191130KE 658 73154910699999999999999 946 702325  799999999999999
  9 17 30 44 55 64 68 70 71 71 70 71 75 82 90 97101100 94 82 67 49 31 181912 1KE 822 711625101999999999999991012 70999999999999999999999
 13 17 26 38 49 58 64 67 69 70 70 71 72 77 83 88 93 94 92 86 75 60 45 311912 2KE17 2 94999999999999999999999 0 3 13999999999999999999999
 22 21 26 35 45 53 60 64 67 69 70 70 71 73 76 80 83 86 86 84 77 67 55 431912 3KE1743 86999999999999999999999 040 20999999999999999999999
 33 28 29 35 42 50 57 62 66 68 70 70 71 71 72 73 74 76 77 77 75 70 62 521912 4KE1845 77999999999999999999999 117 28999999999999999999999
 44 38 35 37 42 48 55 61 66 69 71 71 71 70 69 67 66 66 66 68 69 69 65 591912 5KE1059 712012 6999999999999999 158 351651 6699999999999999
 53 47 44 43 44 48 54 60 66 71 73 73 72 70 67 63 59 56 55 57 60 63 64 631912 6KE1040 732153 6499999999999999 252 431748 5599999999999999
 60 56 53 50 49 50 53 59 66 72 76 77 76 72 68 61 55 49 45 46 49 55 60 631912 7KE1053 77999999999999999999999 4 7 491822 4599999999999999
 64 63 61 58 55 54 55 59 66 73 79 81 81 77 71 62 53 43 37 35 38 44 52 591912 8KE 0 3 641117 8199999999999999 512 531854 3599999999999999
 64 68 68 66 63 59 57 60 65 73 81 85 86 83 77 67 55 42 32 26 26 32 41 511912 9KE 143 681147 8699999999999999 559 571926 2599999999999999
 61 68 72 73 70 65 62 61 65 73 81 88 91 91 85 75 61 45 31 21 17 20 29 40191210KE 236 731220 9299999999999999 637 6120 0 1799999999999999
 53 64 73 76 76 72 67 64 66 72 80 89 95 97 94 85 70 53 35 20 12 11 17 28191211KE 319 771256 9799999999999999 711 642038 1099999999999999
 42 56 68 76 78 76 72 68 67 71 78 88 96101101 95 82 65 45 26 12  5  7 16191212KE 4 0 78133210299999999999999 743 672117  599999999999999
 29 45 60 71 77 78 76 72 69 70 76 85 94102105103 94 78 58 38 19  6  2  6191213KE 443 7814 910699999999999999 815 692158  299999999999999
 17 32 48 62 72 76 76 74 71 70 73 81 91100106108102 90 73 52 31 14  3  2191214KE 533 77144610899999999999999 847 702238  199999999999999
  9 21 36 51 63 71 74 74 72 71 71 76 85 94103107107 99 85 67 47 26 11  3191215KE 630 75152410899999999999999 921 702318  399999999999999
  5 14 26 41 54 64 70 72 72 71 70 72 78 87 95102105102 94 79 62 42 24 11191216KE 732 7316 31059999999999999910 0 702358  799999999999999
  7 11 21 33 45 56 64 69 71 71 69 68 71 77 85 93 97 99 95 86 73 57 39 25191217KE 823 711648 99999999999999991048 68999999999999999999999
 16 15 21 29 40 50 59 66 69 70 69 67 66 69 74 80 85 89 90 86 79 67 53 40191218KE 859 701744 9099999999999999 037 151151 6699999999999999
 29 24 25 31 38 47 56 63 69 71 71 68 65 63 64 67 71 75 78 80 77 71 62 53191219KE 923 711855 8099999999999999 117 241316 6399999999999999
 43 37 35 36 41 47 55 63 69 73 74 72 67 62 58 56 56 59 62 67 69 69 65 60191220KE 943 742023 6999999999999999 2 1 351519 5599999999999999
 55 50 47 45 47 51 56 64 71 76 78 77 73 66 58 50 45 43 45 50 56 60 62 62191221KE10 6 782231 6399999999999999 256 451655 4399999999999999
 61 60 58 56 55 56 59 65 73 79 83 84 81 74 64 52 41 33 31 34 40 47 54 59191222KE1037 84999999999999999999999 4 9 551756 3199999999999999
 62 65 66 65 63 62 63 67 74 81 87 90 89 84 74 61 45 31 22 20 24 32 41 50191223KE 2 8 661116 9099999999999999 513 621847 2099999999999999
 58 65 70 72 71 68 66 68 74 81 89 94 96 94 86 74 56 38 22 13 12 18 28 39191224KE 310 7212 1 9699999999999999 6 4 661936 1299999999999999
 50 60 68 74 75 73 70 69 72 79 87 95100102 98 88 71 51 31 15  7  8 15 26191225KE 356 75124910299999999999999 648 692023  699999999999999
 39 52 64 72 76 76 74 71 71 76 83 92100105106100 86 68 46 25  9  3  6 16191226KE 437 76133710699999999999999 730 7121 8  399999999999999
 29 43 57 67 73 76 76 73 71 72 78 86 95103108107 99 83 63 40 20  6  3  8191227KE 518 76142210899999999999999 812 712151  299999999999999
 20 34 49 61 69 74 75 74 71 70 73 79 88 97105108105 95 77 56 34 16  5  5191228KE 558 7515 410899999999999999 855 702231  499999999999999
 13 26 41 55 65 71 73 73 72 70 70 73 80 89 98104106100 88 70 49 29 14  8191229KE 635 74154510699999999999999 936 6923 7  799999999999999
 11 22 35 49 60 68 71 72 72 70 68 69 74 81 89 96100100 92 79 61 42 25 15191230KE 7 3 721623101999999999999991017 682349 1399999999999999
 13 19 31 44 55 64 69 71 71 70 68 67 69 74 81 87 92 94 92 83 70 53 37 25191231KE 731 7117 1 94999999999999991052 67999999999999999999999
