 95108116117112102 91 83 81 85 96110124135139135122102 80 59 43 37 41 5419 1 1KN 237118135913999999999999999 750 8121 8 3799999999999999
 72 94112124127122111 99 89 86 89100115129140143136119 95 68 44 28 24 3119 1 2KN 351127144714399999999999999 9 1 862154 2399999999999999
 49 73 99121134136129116102 91 87 91103120136145145134112 84 54 29 15 1419 1 3KN 445137153114799999999999999 958 872234 1399999999999999
 27 51 81109132143143132116 99 88 86 93108127143150146129102 69 39 16  519 1 4KN 5271441610150999999999999991044 852310  599999999999999
 11 30 60 93122142150144129110 93 84 85 97116135149153143120 88 54 24  519 1 5KN 6 41501647153999999999999991123 832343  199999999999999
  1 14 40 73107135150152141122101 86 81 87104124143154152136107 72 38 1219 1 6KN 6371531721155999999999999991157 81999999999999999999999
 -1  3 23 54 89121144153148132111 91 80 81 92112133149155146124 92 56 2519 1 7KN 7 8153175515599999999999999 015 -11229 7999999999999999
  5  0 12 37 71105133149151140120 99 83 77 83 99120140152151136109 76 4219 1 8KN 737152182815399999999999999 047 -113 0 7799999999999999
 16  4  7 25 55 88119140149144128107 88 77 77 87106126143149143123 94 6119 1 9KN 8 714919 114999999999999999 118  31332 7599999999999999
 33 14  9 20 42 73104129143145134116 96 81 74 79 92111129141142131109 8019 110KN 836146193614399999999999999 148  914 6 7499999999999999
 52 29 18 20 36 60 89116134142137124105 88 76 74 81 95112127134131117 9619 111KN 9 7142201413499999999999999 220 171445 7499999999999999
 71 48 32 28 35 53 77103123136138129114 97 82 74 74 81 9510912012411910619 112KN 940138205812499999999999999 252 281531 7399999999999999
 87 67 50 41 41 51 69 91112127134132122108 92 79 72 72 79 9010211111411019 113KN1016135215711499999999999999 328 401629 7199999999999999
100 85 70 59 53 56 66 82100116128132128118103 88 75 67 66 71 81 9210110619 114KN11 0132232510799999999999999 411 531742 6699999999999999
106100 90 79 71 67 69 78 91105118127130126115101 84 69 59 56 59 68 81 9319 115KN1154130999999999999999999999 5 9 6719 0 5699999999999999
103107106101 92 84 80 80 85 95107119128131127116 99 79 60 47 41 44 55 7119 116KN 119108125713199999999999999 630 7920 9 4199999999999999
 89105115118115106 96 89 85 88 96108121131135131117 96 71 47 30 23 28 4319 117KN 256118135913599999999999999 8 4 8521 7 2399999999999999
 65 90112127133129118105 93 86 87 96110126138142136118 91 60 31 12  5 1319 118KN 4 4133145514299999999999999 922 862157  599999999999999
 34 64 96123141147140125107 92 84 85 97114133147151141117 84 47 15 -6-1119 119KN 4571471547151999999999999991021 832245-1199999999999999
  3 31 67105136154157147127105 87 79 83 99121142157158144114 75 34 -1-2019 120KN 5431581636159999999999999991110 792331-2399999999999999
-20 -1 33 75116147163162147123 98 80 75 83103128151164162143108 65 22-1119 121KN 6261651723166999999999999991154 75999999999999999999999
-27-22  3 42 87128156167161140113 88 73 71 84107134157168162138100 56 1419 122KN 7 7167181116899999999999999 016-281237 7099999999999999
-15-26-15 14 56100137161166154129101 78 66 69 85111138158166156130 91 4919 123KN 747166185816699999999999999 1 0-261319 6599999999999999
 12-11-16  0 32 73113144160159142116 89 69 62 68 86112137154158146119 8319 124KN 824162194615899999999999999 142-1714 3 6299999999999999
 46 16  1  2 22 53 90124148156148129103 79 63 59 68 8610913014414513310919 125KN 9 0156203614699999999999999 224 -11449 5999999999999999
 78 49 28 19 26 46 75106132146148136116 92 72 60 58 66 8310211913013011919 126KN 935149213113199999999999999 3 4 191541 5799999999999999
100 78 57 44 41 50 69 93117134142139125106 86 68 58 56 63 76 9210511411619 127KN1011142224111699999999999999 344 411642 5699999999999999
109 97 83 70 63 63 72 87105122133136130118100 82 67 57 54 57 67 79 9110119 128KN1051136999999999999999999999 427 621757 5499999999999999
106105100 92 85 81 82 88 99111122129130125114 99 82 66 54 48 49 56 67 8019 129KN 023106114313199999999999999 521 811924 4899999999999999
 93102108108104 99 95 94 96102111119126128124114 99 81 63 49 40 39 45 5719 130KN 233108125312899999999999999 652 942041 3899999999999999
 74 92106115118116110103 98 97101108117125129126116 99 79 57 40 29 28 3719 131KN 35911814 812999999999999999 843 972138 2799999999999999
 54 75 97115126129124114103 95 93 96106117128133130117 97 72 48 28 19 2019 2 1KN 44812915 913399999999999999 955 932221 1899999999999999
 34 56 83109128137136126111 97 88 87 94107122134139133116 91 62 35 16 1019 2 2KN 5221371557139999999999999991040 862258 1099999999999999
 17 37 66 96122139144137121103 87 80 82 94112130142144133110 80 48 21  619 2 3KN 5521441638145999999999999991115 792331  499999999999999
  6 21 48 80112136147145131110 90 76 73 82100121140149145128 99 65 33 1019 2 4KN 6201481714150999999999999991145 73999999999999999999999
  1  9 31 63 98127146150140119 96 77 68 71 86109132148152142118 84 49 2019 2 5KN 646150174815399999999999999 0 2  11214 6799999999999999
  3  3 19 48 83116140150146128104 81 66 63 73 94119141152150133103 68 3519 2 6KN 711151182115399999999999999 031  11242 6299999999999999
 12  3 12 35 68102131147149136113 88 68 58 63 79103128146151142119 87 5319 2 7KN 736150185415199999999999999 059  31312 5899999999999999
 26 11 11 28 56 89120141149142122 97 74 58 56 66 86111133145145130104 7319 2 8KN 8 0149192814799999999999999 127  91343 5599999999999999
 44 24 17 26 48 78108133145144130107 83 63 53 56 70 92115133140134117 9119 2 9KN 82514720 414099999999999999 155 171416 5399999999999999
 63 41 29 30 45 69 97122139143135117 93 71 56 52 58 74 9511512813112310519 210KN 850144204513199999999999999 223 281454 5199999999999999
 82 61 45 41 48 65 88112130139137124105 83 64 53 51 60 75 9411012012111319 211KN 918140213512199999999999999 254 411539 5199999999999999
 98 80 65 57 57 66 83102120132135129115 96 76 61 51 51 58 71 8710111011219 212KN 950135224611299999999999999 329 561636 5099999999999999
107 97 86 76 72 74 82 95110122129129122109 92 74 59 49 47 52 62 76 9010119 213KN1032130999999999999999999999 413 721750 4799999999999999
107108104 98 91 88 88 93101111119125125120109 93 75 58 45 38 40 49 63 8019 214KN 037108113612699999999999999 526 871918 3899999999999999
 96108115116113106100 96 96100107116123126124114 97 77 55 37 26 25 33 5119 215KN 24211613 712699999999999999 731 962037 2499999999999999
 73 96115127131127118107 98 93 95102113125133132123103 77 49 25 10  8 1919 216KN 358131143013499999999999999 915 932140  799999999999999
 42 71101126141145138123106 92 85 87 98114132143144132108 75 41 12 -5 -619 217KN 4481451536145999999999999991017 842233 -899999999999999
 10 39 76112140155155142120 98 80 74 79 96119141155156140110 70 31 -1-1719 218KN 53015716311579999999999999911 3 742320-1899999999999999
-14  8 45 87126153164158138110 84 67 63 75 98127152166163143107 63 21-1019 219KN 6 81641722167999999999999991144 63999999999999999999999
-22-12 17 58102140163167153126 95 68 54 56 73102134160171165139100 55 1519 220KN 643168181017299999999999999 0 3-221223 5299999999999999
-11-16  0 34 77119152167162141109 77 53 44 52 75107139162170159131 91 4919 221KN 716168185617099999999999999 045-1713 2 4499999999999999
 15 -3 -1 21 57 98135158164151124 91 61 42 39 52 78110139158162148119 8319 222KN 748164194216399999999999999 123 -51341 3899999999999999
 47 22 13 22 47 81117145159155136106 75 50 37 39 55 8111013514914813310719 223KN 817159202815099999999999999 2 0 131422 3699999999999999
 78 52 36 35 49 73103131148152141119 91 64 44 37 42 58 8210612513413211919 224KN 845153211813599999999999999 234 3415 5 3799999999999999
 99 78 62 55 59 74 96119137145142127105 80 59 45 41 47 61 79 9811211911719 225KN 913145221911999999999999999 3 7 551554 4199999999999999
109 96 84 76 74 81 94110125135137130115 96 76 60 49 46 50 60 74 88 9910619 226KN 942137235110899999999999999 340 741656 4699999999999999
108105100 94 91 92 97105115124128127120108 94 78 64 54 49 50 56 66 77 8919 227KN1020128999999999999999999999 421 911821 4999999999999999
 99105108108106104103104108112117119119116108 96 83 69 57 49 46 49 57 6919 228KN 224108113112099999999999999 55710320 0 4699999999999999
 84 98110117118116111106103102104108113117117112102 87 71 55 43 38 40 5019 3 1KN 354118133111899999999999999 8471022113 3899999999999999
 67 86105119127127121112102 95 93 96103113121123119107 89 68 48 34 29 3419 3 2KN 432128145512399999999999999 955 9322 1 2999999999999999
 49 71 95117131136132120105 91 83 83 91104118129132125108 85 59 37 24 2219 3 3KN 5 01361549132999999999999991032 822239 2199999999999999
 32 54 81109130142141129111 92 78 72 77 92111128139139127104 76 47 25 1519 3 4KN 52614316301419999999999999911 1 722312 1599999999999999
 20 38 66 97125143147139120 97 76 64 65 78 98122140148142123 95 62 34 1619 3 5KN 55014717 6148999999999999991128 632341 1299999999999999
 13 25 51 84116140150146129104 79 60 55 63 83109134150152140114 81 48 2319 3 6KN 6131511740153999999999999991154 55999999999999999999999
 12 18 39 70104133150152138113 85 61 48 50 67 93122145156151131101 66 3619 3 7KN 636153181315699999999999999 0 9 121221 4799999999999999
 18 16 31 58 92124146154146123 94 65 46 41 52 75105133152156144119 86 5319 3 8KN 658154184615699999999999999 036 151249 4199999999999999
 30 21 28 50 81114140153151133105 74 49 37 40 57 85115140153150133105 7319 3 9KN 720154192115499999999999999 1 3 211318 3699999999999999
 46 31 31 46 72103131149152140116 85 57 38 33 43 65 94122142148140120 9319 310KN 743153195714899999999999999 130 291349 3399999999999999
 66 47 40 48 67 94121141150144125 98 69 45 33 35 49 7310012413814012910919 311KN 8 6150203714199999999999999 158 401424 3299999999999999
 86 66 55 55 67 88111132144144132110 83 58 40 33 39 55 7710112013012911919 312KN 830146212613199999999999999 227 5415 3 3399999999999999
103 86 73 68 73 86104122135140134119 98 74 54 40 36 42 57 76 9611212012019 313KN 858140223212199999999999999 3 1 681554 3699999999999999
114103 93 85 84 89 99112124131132125111 92 73 56 44 39 43 54 69 8610111119 314KN 934132999999999999999999999 343 8417 3 3999999999999999
116115110105100 98100105113119124124119109 95 78 61 48 39 38 45 57 74 9119 315KN 020116103412499999999999999 459 981838 3899999999999999
106117122122118113107103103106111116120121116104 88 68 50 35 29 32 44 6319 316KN 231123123612199999999999999 7371032012 2999999999999999
 85107124134136130119108 98 93 94101112123129128117 98 73 48 27 17 18 3319 317KN 342136142213099999999999999 918 932123 1699999999999999
 57 86114136147147136118 99 85 78 82 95113131142143130106 75 43 17  5  919 318KN 42614815331449999999999999910 9 782217  499999999999999
 28 59 95127150158152133108 84 67 63 72 92118142157156140110 72 35  9 -219 319KN 5 31581629158999999999999991049 6223 3 -299999999999999
  7 33 70109143162164149122 91 64 49 49 66 95127154168165143108 66 29  519 320KN 5371651719169999999999999991127 472345 -199999999999999
  0 15 47 88127156169162138104 70 44 34 42 66101136163174166140102 60 2719 321KN 6 816918 61749999999999999912 3 34999999999999999999999
  9 11 33 68109144166168152120 83 49 28 25 40 70107142166173160132 94 5719 322KN 638170185117399999999999999 024  71240 2499999999999999
 30 21 30 56 92129156167160135100 63 33 19 23 44 77113144163164149120 8719 323KN 7 6167193616699999999999999 1 0 211317 1999999999999999
 58 40 39 55 82115143160161145116 80 47 25 18 28 52 8311614115415113511019 324KN 733163202015499999999999999 134 381354 1899999999999999
 84 64 56 61 79105131150157149127 97 65 39 25 24 37 60 8811413314113612219 325KN 75815721 814199999999999999 2 6 561433 2399999999999999
103 86 75 74 83100120138148147133111 84 58 39 31 33 47 67 8910912312712419 326KN 82314922 312799999999999999 237 731515 3099999999999999
114102 92 88 90 99113127137139133119 99 77 58 45 40 44 54 70 8610111211719 327KN 848139232211799999999999999 3 9 8816 6 4099999999999999
116112106101100102109117124128127121109 94 78 64 54 50 51 58 68 81 9310419 328KN 919129999999999999999999999 3521001717 4999999999999999
111115115113110108108110113115117117113106 96 84 73 62 56 53 56 63 75 8819 329KN 133115101711799999999999999 5391081857 5399999999999999
101112119122121116111106103102104107111112109103 93 80 67 56 51 51 58 7019 330KN 3 8122125311299999999999999 8421022028 5099999999999999
 87104119128130126117106 97 91 90 95103111117118112 99 83 66 52 44 45 5419 331KN 350130143611899999999999999 937 902126 4399999999999999
 71 93113129137135126111 95 83 78 80 91105118127127119102 81 60 44 37 4119 4 1KN 42013715341289999999999999910 9 7822 8 3799999999999999
 56 79104126140144135118 98 79 67 66 76 93113130138136122 99 73 50 35 3219 4 2KN 4461441617139999999999999991036 652242 3299999999999999
 43 65 92120140149144128104 79 61 54 60 77102125142148139119 91 63 40 3019 4 3KN 5 914916541489999999999999911 3 542313 3099999999999999
 34 52 80110136151152138113 84 59 45 45 60 85114139153153138111 80 52 3419 4 4KN 5321541729155999999999999991129 432342 3099999999999999
 31 44 69100130150157147124 93 62 40 33 43 66 97128151160152131100 69 4519 4 5KN 55415718 3160999999999999991156 33999999999999999999999
 34 40 60 89121146158155135104 70 42 27 28 46 76111140158161147120 89 6119 4 6KN 617159183816299999999999999 010 341224 2599999999999999
 43 41 55 80110138156159145117 82 49 27 20 30 55 89122148160156137109 8019 4 7KN 639160191416199999999999999 038 401254 1999999999999999
 58 49 55 74101129150159151129 97 62 34 18 19 37 6610013015115714712710019 4 8KN 7 3159195315799999999999999 1 7 491326 1799999999999999
 77 62 61 72 93119141154153138111 78 47 25 17 25 46 7510713214714913711819 4 9KN 727155203515099999999999999 137 6014 1 1799999999999999
 96 80 72 76 90110130146150142123 95 65 40 24 22 32 54 8110812914013912919 410KN 753150212614199999999999999 210 721441 2199999999999999
113 98 88 85 91104120134142141130110 85 60 40 29 29 39 58 8110412113013119 411KN 823143223513199999999999999 247 851532 2799999999999999
125115105 99 98103112122131134131120104 83 63 47 37 35 43 57 76 9511112219 412KN 9 2134999999999999999999999 339 971640 3599999999999999
127126121115109107107111116121124122116105 90 73 57 45 39 41 51 67 8610419 413KN 017127101312499999999999999 5191061813 3999999999999999
119129133130124116108103102104109115120120114102 86 67 50 39 36 43 58 7919 414KN 2 4133123412099999999999999 7501021947 3699999999999999
102123137142139129115101 90 86 89 99111123130128117 98 74 52 35 29 36 5419 415KN 3 8142142013099999999999999 9 5 862059 2999999999999999
 80108132148152144127106 86 72 68 75 92113132144144130107 78 50 31 25 3419 416KN 350152152914599999999999999 950 682154 2499999999999999
 56 87119145159158143117 89 65 51 51 66 91120144158156139111 77 47 28 2519 417KN 4261601625159999999999999991028 492240 2499999999999999
 39 67102135158166157133100 67 43 32 40 62 95129156168164142110 74 45 3019 418KN 45816617141699999999999999911 5 322321 2999999999999999
 33 52 84120150168167149116 79 45 23 20 35 65102138164173164139105 71 4719 419KN 52817018 1173999999999999991141 192359 3899999999999999
 38 47 72105138162171160133 96 57 26 11 15 37 72111145167172159132100 7119 420KN 5571711845172999999999999991217 10999999999999999999999
 53 52 67 93125152168166147114 75 39 14  7 18 45 81118148165164149123 9519 421KN 625169192916799999999999999 035 501253  799999999999999
 74 64 69 87114140159165155129 94 57 28 11 11 28 56 9112314715815413711519 422KN 652165201315899999999999999 1 9 641330  999999999999999
 94 80 77 87106128148158156139111 78 47 25 16 21 40 68 9812414214814212719 423KN 718159205814899999999999999 142 7714 6 1699999999999999
110 95 88 90102118136148151142122 96 68 44 29 26 34 53 7710212213413713219 424KN 745151214813799999999999999 216 881446 2599999999999999
121109100 97101111124135141139127109 86 64 47 38 38 47 63 8210211712612919 425KN 814141225212999999999999999 254 971531 3799999999999999
125118111105104107114122128130126116101 84 68 55 49 49 56 68 83 9911212119 426KN 849130999999999999999999999 3471041628 4899999999999999
125124120115110107108110114117118116109100 88 75 65 58 56 60 69 82 9510919 427KN 020125 94911899999999999999 5251071747 5699999999999999
119126127124118111105102101103106110111110104 95 84 73 64 59 61 67 79 9419 428KN 14912712 411199999999999999 7451011918 5999999999999999
110123131132128119107 97 90 88 91 98106113116112104 91 77 65 58 58 66 8019 429KN 246133135911699999999999999 853 882030 5799999999999999
 98116131138137128114 97 83 76 75 83 95109120125122111 95 77 62 54 56 6619 430KN 32313915 612599999999999999 931 742122 5499999999999999
 85106127141145138123102 81 66 61 66 80 99118132136130114 94 73 57 51 5719 5 1KN 35414515551369999999999999910 2 6122 2 5199999999999999
 72 95120140150148134110 84 62 49 49 61 83109131144145134114 89 67 53 5119 5 2KN 4201511636147999999999999991031 472237 5099999999999999
 63 84111135152155145122 92 63 42 34 42 63 92122145155151134109 82 62 5219 5 3KN 4451561714155999999999999991059 342310 5299999999999999
 57 74100128150160154134103 69 41 24 25 42 71105136156162152130102 76 5919 5 4KN 5101601751162999999999999991129 222342 5699999999999999
 56 68 91119144160161146118 82 47 22 13 22 47 82118148164164149123 95 7319 5 5KN 5351631829166999999999999991159 13999999999999999999999
 62 66 83108135156164156133 98 60 28 10  9 26 57 95130155166161142116 9119 5 6KN 6 116419 916699999999999999 015 621232  799999999999999
 74 70 79 99125148161161145115 79 43 16  5 12 34 6810513715716315413411019 5 7KN 629163195116399999999999999 048 6913 8  599999999999999
 90 79 81 93114136154160152131 99 63 32 12  7 19 44 7711113915415614612819 5 8KN 658160203815799999999999999 123 781347  799999999999999
108 93 88 93106124142153153140117 86 55 30 15 15 28 53 8311313514814813919 5 9KN 731154213214999999999999999 2 3 881432 1399999999999999
124110100 97102114128140146142129107 81 55 34 24 25 37 59 8511012914014219 510KN 8 9146223914299999999999999 250 971525 2399999999999999
135125114106104107115124132136132121104 83 62 44 34 34 44 61 8310512313519 511KN 9 2136999999999999999999999 3561041632 3399999999999999
139136128119110105104108114121125125119107 91 73 56 45 41 47 61 8010112019 512KN 0 1139103112699999999999999 5391041753 4199999999999999
134141140132121109100 94 95100108117123123117104 86 68 53 46 48 60 7910119 513KN 121141123412499999999999999 727 941916 4699999999999999
122139146145135119102 87 78 78 85 98113126132129117 98 77 59 48 49 61 8119 514KN 220147141113399999999999999 835 772027 4799999999999999
106130147153148133111 88 69 59 60 72 92115134144142129107 83 62 50 52 6519 515KN 3 4154152114599999999999999 923 582125 4999999999999999
 89116141156159148125 97 68 48 39 46 65 92121144155153137112 85 64 54 5819 516KN 34116016181569999999999999910 4 392213 5399999999999999
 75102130153164160142112 78 47 28 24 37 64 97130154164159140113 86 66 5919 517KN 41516517 9164999999999999991043 242256 5999999999999999
 68 89117144163168156130 94 57 28 13 16 36 68105139161168159138110 85 7019 518KN 4481681756168999999999999991121 122336 6799999999999999
 68 81105133156169165146113 75 39 14  6 16 42 77115147165168155132107 8619 519KN 5191691840169999999999999991157  6999999999999999999999
 76 80 96120145163168157131 95 57 25  7  6 22 52 8912415116516314812510319 520KN 549168192216699999999999999 013 751233  499999999999999
 87 83 92110133153164162144114 78 44 19  8 13 34 6510013115216015413811819 521KN 61916520 416099999999999999 049 8313 9  899999999999999
100 91 92103122141156160151129 98 65 36 19 15 25 48 7810913415015314512919 522KN 650160204515399999999999999 125 901346 1499999999999999
113100 95 99112128143152150137114 86 57 36 24 26 39 62 8911513514514513619 523KN 721153212814699999999999999 2 1 951423 2399999999999999
123109101 99105117130140144139124102 78 56 40 34 38 53 74 9711813213913819 524KN 756144221714099999999999999 243 9915 4 3499999999999999
130119109103102107116126133133127114 96 76 59 48 45 50 64 8210111813013519 525KN 838134231513599999999999999 3351021552 4599999999999999
133127118109103102105111118123123118108 94 79 66 57 55 60 71 8610211712819 526KN 936123999999999999999999999 4471021649 5599999999999999
133132127118109101 98 98102108113115114108 98 86 74 66 63 66 75 8910411819 527KN 021134111011599999999999999 623 9718 0 6399999999999999
129135134128117105 95 88 87 91 98106112115113105 94 82 73 68 69 78 9110719 528KN 12413513 211599999999999999 745 871915 6899999999999999
122134140137128113 97 83 75 74 80 91104115122121114102 88 76 70 71 80 9519 529KN 213140142512299999999999999 839 732020 6999999999999999
113130141145139124104 83 67 59 61 72 89108124132131122107 90 77 70 73 8419 530KN 251145152513399999999999999 919 582113 7099999999999999
102123140150149136115 89 65 49 43 51 69 93117135144141128109 90 76 71 7719 531KN 324151161414499999999999999 954 432158 7199999999999999
 92113135151156148128100 70 44 30 31 46 72102130148155148130108 88 75 7319 6 1KN 3551561657155999999999999991027 292238 7399999999999999
 84103127148160159143115 81 48 25 16 24 47 79114143160162151129105 86 7619 6 2KN 42616117391639999999999999911 2 162317 7599999999999999
 79 94116140159165157133 99 61 29  9  7 22 52 90126154167165149126102 8519 6 3KN 4571651822168999999999999991137  62355 7999999999999999
 79 87105130152166165150120 82 43 14  0  4 26 6110013616117016414512110019 6 4KN 53016719 5170999999999999991216 -1999999999999999999999
 86 85 97117140159168161139106 66 30  6 -2  8 34 7110914216316815914011719 6 5KN 6 5168195016899999999999999 034 841256 -399999999999999
 99 90 93106126147162164153128 93 56 24  5  2 16 44 7911514416116315213419 6 6KN 643165203816499999999999999 116 891341  199999999999999
114100 94 99113131148158157143118 85 52 25 10 11 26 53 8711914315615614619 6 7KN 725159213015899999999999999 2 1 941428  899999999999999
129113101 98103115130144151148134111 82 54 32 21 23 38 63 9212014115115019 6 8KN 815151222615299999999999999 255 981521 2099999999999999
141127113102 98102111124135141139128109 85 62 43 34 36 49 70 9612013814719 6 9KN 917141232714899999999999999 4 1 981620 3399999999999999
147139125112100 95 95102112123130131125111 93 73 57 48 48 59 7710012113819 610KN1040132999999999999999999999 523 941727 4799999999999999
146146138124109 95 86 84 88 98111121128127118104 86 71 61 59 68 8310412419 611KN 028147122312899999999999999 648 841838 5999999999999999
140148147138121102 85 72 68 73 85101117128132128115 99 83 71 68 75 9011019 612KN 124149135813299999999999999 758 681949 6899999999999999
130145152149136116 92 70 56 51 58 74 95117133141138126109 91 79 75 82 9719 613KN 212153151414199999999999999 854 512052 7599999999999999
117137152157150132106 78 54 39 36 47 68 95121141150147134115 97 84 81 8819 614KN 255157161515099999999999999 941 362147 8099999999999999
105126146159160148124 93 62 37 24 26 42 68100129150158153138117 98 86 8519 615KN 33516117 7158999999999999991024 232235 8499999999999999
 96115137155164160142113 78 46 23 14 21 43 75109139158163155137116 97 8819 616KN 41216417521639999999999999911 3 142318 8899999999999999
 91104125146162166156132 99 63 32 13 10 23 50 85120148163164152132111 9519 617KN 4481661834165999999999999991141  92357 9099999999999999
 90 97113135154165164148119 84 49 22  9 12 32 62 9813115416416114512510519 618KN 5231661913165999999999999991218  8999999999999999999999
 94 93104122143159165157136105 69 38 17 11 21 44 7711113915716215313611619 619KN 558165194916299999999999999 033 921253 1199999999999999
100 93 97111130148160160147123 91 58 32 17 18 33 59 9112214515715614412619 620KN 632162202415899999999999999 1 9 931328 1699999999999999
108 97 94102117135150156152135109 79 51 31 23 29 48 7510413014715314813419 621KN 7 815721 015399999999999999 145 9414 3 2399999999999999
117103 95 96105120136147149141123 98 71 48 35 33 43 63 8911413514614814019 622KN 745150213714899999999999999 223 941439 3299999999999999
126111 99 94 97107120133140140130112 90 68 51 43 45 57 7710012113714414219 623KN 827141221814499999999999999 3 8 941518 4299999999999999
133120107 97 93 97105116126131130121105 87 70 58 54 58 70 8810812513714119 624KN 91713223 414199999999999999 4 2 9316 1 5499999999999999
138129116104 95 91 93 99109117122122115104 90 77 68 65 70 81 9711312813719 625KN1024123235514099999999999999 510 911652 6599999999999999
140136127114100 90 84 85 90 99109116118115107 96 86 78 75 79 8910211713019 626KN1157118999999999999999999999 626 841755 7599999999999999
139141136125110 94 81 74 73 79 90103114120121115106 95 87 83 85 9410712119 627KN 049141133512199999999999999 734 7319 8 8399999999999999
134143144137123104 84 68 60 60 69 84101117127130126116103 93 87 89 9711119 628KN 139144145313099999999999999 829 592018 8799999999999999
127140148147137118 94 70 52 44 47 60 81104125138142136124109 96 89 9110119 629KN 225149155214299999999999999 914 432119 8999999999999999
117134148155150134109 80 53 34 28 36 55 83112136151153145129111 97 90 9319 630KN 3 6155164315499999999999999 957 282210 9099999999999999
106124143157161151129 98 64 35 17 15 28 55 89123148162162150130110 95 9019 7 1KN 3471611729164999999999999991038 142257 9099999999999999
 96112134153165165149121 84 47 18  3  6 26 59 98133159170166150128107 9319 7 2KN 4281671814171999999999999991120  22341 9099999999999999
 91101120143162171166145111 71 33  6 -5  4 30 6710814316617416614712310319 7 3KN 51017218581749999999999999912 4 -5999999999999999999999
 91 93106127151168174164138102 60 24  0 -6  7 37 7611715017017316214111719 7 4KN 553174194317499999999999999 024 901248 -699999999999999
 98 90 95110133155170172159131 93 53 20  1  0 17 48 8712515417016915413319 7 5KN 639173202717199999999999999 1 9 901334 -299999999999999
110 94 89 96113135155167166151123 87 51 23  9 11 31 62 9813215616616214619 7 6KN 727168211016699999999999999 155 891420  899999999999999
124104 91 88 96112132150159157142116 85 54 32 22 28 48 7710913715516115419 7 7KN 820160215516199999999999999 246 8815 8 2299999999999999
137117 99 88 86 93107125140149147134112 87 63 46 40 47 65 9111814015315519 7 8KN 920149224015699999999999999 343 851558 4099999999999999
146130112 95 84 81 86 99114128137137128113 93 75 62 59 66 8110312414215119 7 9KN1033138232815299999999999999 449 811651 5999999999999999
151141126107 90 78 73 77 87101115126130127117103 90 79 76 82 9411112914219 710KN12 5130999999999999999999999 6 4 731753 7699999999999999
150148138122103 85 71 64 65 74 89105119128130125115104 94 90 9310311713219 711KN 020150134613099999999999999 719 6319 5 9099999999999999
144150148137120 99 77 61 52 53 62 79 99117131137135126115105 9910010712019 712KN 116150151313799999999999999 826 512022 9899999999999999
134146152149137117 92 68 49 40 41 54 74 9912113814614413512210910210210919 713KN 211152161814699999999999999 922 39213010199999999999999
123138151156151135111 84 57 38 29 34 50 7610413014815515113812310910110219 714KN 3 215617 71559999999999999910 9 29222410099999999999999
111127144156159151131103 72 45 27 22 31 53 83114141157160152136118104 9819 715KN 3481601747161999999999999991051 2123 7 9799999999999999
101115133151162161149124 92 60 33 19 19 35 62 95127151163162149130110 9819 716KN 4301631823164999999999999991128 172344 9599999999999999
 95103120140157165161142113 79 47 24 15 22 44 7511014015916515814011910119 717KN 5 916618551659999999999999912 3 15999999999999999999999
 92 94108128148163166156132100 66 37 19 17 31 58 9212515016316214912910819 718KN 546167192616599999999999999 018 921237 1699999999999999
 93 89 97114135154165163147119 86 54 30 20 26 46 7510813715716315513711619 719KN 621166195516399999999999999 050 8913 9 2099999999999999
 97 87 89101121141157163155135105 73 46 29 27 39 63 9312414715915814512519 720KN 656163202416099999999999999 123 861340 2699999999999999
104 90 84 91106126144156156144121 93 65 44 34 39 56 8111013515215715013319 721KN 732158205315799999999999999 157 841411 3499999999999999
113 96 85 84 93109128143150146132110 84 62 48 45 54 74 9812314315315214119 722KN 811150212315499999999999999 235 831443 4499999999999999
123104 90 82 84 94110126138141136121101 81 65 57 59 71 9011213314615014519 723KN 855141215615099999999999999 318 821517 5699999999999999
132115 98 86 80 83 93107120130132127115 99 84 73 69 74 8610412213714614619 724KN 949132223414799999999999999 410 801557 6999999999999999
139126109 94 82 77 79 88100112121125122114103 92 84 83 88 9811312713914419 725KN11 3125232114599999999999999 512 771646 8299999999999999
143135122106 90 77 71 72 79 91104115122123119112103 97 95 9810611712913919 726KN1244123999999999999999999999 623 701756 9599999999999999
144143134120103 85 70 61 61 68 81 9711312413012912411510710310310911913019 727KN 019144142313099999999999999 734 60192510299999999999999
140146145136120 99 77 59 48 47 55 72 9411513214114213612511410610410911919 728KN 124146153714399999999999999 836 46205010499999999999999
132144151150140120 94 67 44 32 32 44 67 9412214315415414513111610510210719 729KN 224152163215599999999999999 931 30215410299999999999999
120136151160158143118 86 54 29 16 19 36 66100132155166164151132113100 9819 730KN 3201601719167999999999999991020 152245 9799999999999999
106122143160169164145114 77 41 14  3 10 34 69109143167175168150127106 9319 731KN 41116918 21759999999999999911 7  32330 9299999999999999
 93106127151170177169145109 67 29  4 -4  9 38 78120155175179167144117 9619 8 1KN 5 01771843180999999999999991152 -4999999999999999999999
 86 90107132158177182170141101 58 21 -1 -3 15 49 9113216417917715913310619 8 2KN 549182192218199999999999999 013 861237 -599999999999999
 86 80 88109137163180182166135 94 53 20  3  7 29 6510614417017817014812019 8 3KN 63718320 017899999999999999 056 801320  299999999999999
 94 78 76 88111138163177176158127 88 52 25 15 24 49 8412215317117315913419 8 4KN 726179203617499999999999999 139 7514 3 1599999999999999
107 84 72 73 87110136158169165148119 86 57 38 34 46 7110313515816816414619 8 5KN 817169211116899999999999999 225 711444 3499999999999999
122 97 77 69 72 86107130148156153137114 89 68 56 57 70 9311914315816215319 8 6KN 913156214716299999999999999 314 681526 5599999999999999
135112 90 74 67 70 82100119134142140130113 96 82 76 80 9211013014615515419 8 7KN1018142222515699999999999999 411 671610 7699999999999999
144127106 87 73 66 68 77 91107121130131127118107 99 95 9810812113414515019 8 8KN1147132231215099999999999999 518 6617 3 9599999999999999
148138123105 87 72 64 63 69 81 9511012212813012612011411011111612413414219 8 9KN1343130999999999999999999999 638 62182211099999999999999
146145137123106 87 71 60 56 60 71 8610412013213713613112411811511612213019 810KN 016146152213799999999999999 8 0 5620 911599999999999999
139145145139125107 86 67 53 47 51 64 8310512514014714513812811811211211819 811KN 134146162014799999999999999 9 6 47213011199999999999999
128139147149142127105 81 59 44 39 45 62 8611213515015515113912411210510619 812KN 24314917 015599999999999999 957 39222110599999999999999
115129144153155145126100 72 49 34 33 44 67 95124147160160150133115102 9719 813KN 3381551732161999999999999991038 322258 9799999999999999
103117135151161159145121 90 61 38 27 31 49 77110138158165159143122103 9219 814KN 42216118 1165999999999999991114 272330 9099999999999999
 92103122143160166160140111 77 48 29 25 36 61 93126152166166152131108 9019 815KN 5 11661828168999999999999991146 242359 8499999999999999
 84 91108131153167169156130 97 64 38 25 29 48 78112142162168160140115 9319 816KN 5361701854168999999999999991217 25999999999999999999999
 80 81 94116141161171166146116 82 52 32 28 40 65 98130155167164148124 9919 817KN 610171191816899999999999999 028 791245 2899999999999999
 81 74 82100125149165169158133102 70 45 34 38 57 8611814616316615513310719 818KN 644169194316799999999999999 058 741313 3499999999999999
 85 72 73 86108133154165162146119 89 62 45 43 54 7810713515616515914211819 819KN 71916520 716599999999999999 129 711341 4299999999999999
 93 75 68 74 91114137154159152133107 81 61 53 57 74 9812514816016114912819 820KN 755159203116299999999999999 2 2 6814 9 5299999999999999
104 82 70 68 78 96118137149150140121 99 79 67 65 75 9311613815315815213719 821KN 836151205715899999999999999 238 671439 6599999999999999
115 93 76 68 69 80 98117133141140131115 98 85 78 81 9210912814415315314319 822KN 923142212715499999999999999 320 671512 7899999999999999
126106 87 73 67 70 80 96112126133132126115103 95 92 9710712013414514914619 823KN102813322 414999999999999999 412 671554 9299999999999999
135120102 85 72 66 67 76 8910411712612912712111410810610911612513414114419 824KN12 512923 114499999999999999 519 66165810699999999999999
141133119102 85 71 62 61 67 78 9410912213113413212712111711511812313113819 825KN14 5134999999999999999999999 642 60185111599999999999999
142142136123105 86 67 54 49 53 66 8410512413914614513913012111511411812619 826KN 029143152714699999999999999 8 3 49204311399999999999999
136145148144130109 85 60 42 35 39 54 7810613215015915714713311810810511119 827KN 158148162016099999999999999 910 34214910599999999999999
124139153159155138112 81 51 29 20 26 48 79113143164171165149128108 96 9519 828KN 3 715917 21719999999999999910 5 202236 9499999999999999
106124146164172166144112 74 39 16  9 20 48 86125157176179166143116 94 8319 829KN 4 41721740180999999999999991053  92317 8399999999999999
 86103128156176183173147108 66 30  8  5 23 57 99139170184180160130100 7819 830KN 4561831816185999999999999991137  42357 7199999999999999
 71 80103134164185189175144102 59 25  7 11 35 73116154179186173146113 8319 831KN 5451901850186999999999999991219  6999999999999999999999
 64 63 78106140170188189171137 95 55 27 17 27 55 94134166183180160129 9519 9 1KN 633191192218499999999999999 036 6113 0 1799999999999999
 68 55 58 78109142170185182162129 90 57 37 34 50 7911615017318016914411119 9 2KN 721186195318099999999999999 117 541338 3399999999999999
 80 58 50 59 81111141165175170150120 90 65 54 57 7610413416017317115412719 9 3KN 810175202317499999999999999 158 501416 5399999999999999
 97 70 54 51 62 83110136154161155138116 94 79 74 8210012314616216715914019 9 4KN 9 2161205216799999999999999 243 501452 7499999999999999
114 88 67 55 55 65 84106126141146142131116103 95 9510311813515015815714619 9 5KN10 4146212315899999999999999 332 541530 9499999999999999
128107 86 70 61 60 68 82 9911512713413412912111511111211812813814614914619 9 6KN113113422 214999999999999999 432 59161811199999999999999
137123106 89 75 66 64 68 77 9010411712713213213012612312212412813313814019 9 7KN1342133231214099999999999999 552 64175312299999999999999
139133123110 95 81 70 64 64 70 82 9711312613614013913512912412112212513019 9 8KN1519140999999999999999999999 728 63202212199999999999999
135137136128116100 83 69 59 57 63 77 9511513314514914613812711811211211719 9 9KN 1 813816 514999999999999999 845 57213411199999999999999
126135142142135121101 81 63 52 50 59 7710112414415515614813411910610010319 910KN 235143163715699999999999999 939 50221310099999999999999
113127141150150140122 98 73 54 44 46 60 84112138155162157143123105 92 9019 911KN 33215117 4162999999999999991019 432243 9099999999999999
 98115134151159156141117 88 62 44 38 47 68 97128152165165152131107 89 8019 912KN 4151601729167999999999999991053 382310 8099999999999999
 84100122145162166158136107 76 51 37 39 55 83115144164170161140113 89 7419 913KN 4521671752170999999999999991124 362337 7199999999999999
 72 85107134157170169154126 94 63 43 37 47 71103135159171167149122 94 7219 914KN 5261721815172999999999999991152 36999999999999999999999
 64 70 90118146166174166144113 80 54 41 44 62 91124152169171158132102 7519 915KN 6 0174183717299999999999999 0 4 641219 4099999999999999
 60 59 74100130156172172158131 99 70 51 47 58 82113143164172164142112 8319 916KN 633174185917299999999999999 032 581246 4699999999999999
 61 53 60 81110140162171165146117 88 65 55 59 77104133157170167151124 9319 917KN 7 7171192117199999999999999 1 1 531312 5599999999999999
 67 52 52 66 91120146162165155133106 83 68 66 77 9812414816416715613410619 918KN 743166194316899999999999999 131 501339 6599999999999999
 78 58 50 55 73 99126147158156143123101 84 77 81 9611713915616315914211819 919KN 82215920 716399999999999999 2 4 5014 8 7799999999999999
 91 68 54 52 61 80104127143150146134117102 92 90 9811213014615615714712919 920KN 9 8150203315899999999999999 242 511440 9099999999999999
106 84 65 56 56 66 8310312213514113813011810910410511212313614615014713719 921KN10 914121 615099999999999999 329 54152010399999999999999
121101 83 68 59 59 67 80 9711312613313513112612011611712012713414014214019 922KN1145135215914299999999999999 433 58162811699999999999999
132119104 87 72 62 58 62 72 8710311813013713913713212712312112312713213619 923KN1352139235313799999999999999 6 1 58185512199999999999999
137134126112 95 77 62 53 52 60 75 9511613414615114914113012111411211612419 924KN1510151999999999999999999999 736 52204711299999999999999
134141144138124103 79 58 44 40 48 66 92119143158163157144126110100 9810619 925KN 148144155616399999999999999 850 392141 9899999999999999
120137152158152135109 78 51 32 28 39 64 96129156171172160138114 93 82 8419 926KN 3 3158163417399999999999999 947 282222 8199999999999999
 98121146165173165143110 74 42 23 22 39 70108144170181175154124 95 73 6519 927KN 4 117317 8181999999999999991034 2023 0 6599999999999999
 73 95126157178185173146108 68 36 20 25 48 84125160182185170140105 73 5319 928KN 4531851740186999999999999991117 202337 5099999999999999
 51 67 97133166188191175143102 63 36 26 37 66104144174187181157121 83 5319 929KN 5411921811188999999999999991158 26999999999999999999999
 39 44 67102140172190190170136 97 63 42 40 57 89126160182185169138100 6319 930KN 628193184118699999999999999 015 381236 3999999999999999
 39 31 43 70107144173186182160128 94 68 56 61 82112145170182176153118 811910 1KN 71518719 918299999999999999 053 311312 5599999999999999
 50 32 32 48 77112145168176169149121 96 78 74 841051321571731751611341011910 2KN 8 2176193717699999999999999 132 301348 7499999999999999
 69 45 34 38 56 83114140158163155138118101 92 931051241441611671621441191910 3KN 85316320 416799999999999999 213 341422 9199999999999999
 90 64 47 42 48 65 881121331461491431321191101061101201341481561561471301910 4KN 951149203215799999999999999 257 42145910699999999999999
108 86 67 55 52 58 71 891081231341381361311241201181211281361431461431351910 5KN111113821 614699999999999999 350 52155011899999999999999
122106 89 75 66 62 65 74 871011151261331361351311281251241261291321341331910 6KN1311136221013499999999999999 5 1 62174412499999999999999
128120109 97 84 74 68 68 73 82 951101231341401411371311251201171181201241910 7KN1442141999999999999999999999 637 67202311799999999999999
127128125117105 92 79 69 65 68 78 931101271401471471401291181091041051111910 8KN 041128152614899999999999999 8 6 65211910499999999999999
120129134133125111 94 78 65 60 64 76 95117137150154149137120105 94 91 961910 9KN 222134155715499999999999999 9 6 602151 9199999999999999
108123136144142131113 92 72 58 55 62 80104129149159158146126105 87 78 80191010KN 320144162416099999999999999 949 552219 7899999999999999
 93112132148154149132109 84 63 52 53 67 91119144161165155135110 86 70 66191011KN 4 31541648165999999999999991024 512246 6699999999999999
 76 96121144159161150128101 74 55 49 58 79107136158168164145118 89 66 55191012KN 4401621711169999999999999991055 492312 5599999999999999
 60 78106134157168164147120 90 65 52 53 69 96127153169170155128 96 67 49191013KN 5151691733171999999999999991124 502339 4699999999999999
 47 60 86118148167172162138108 80 60 54 64 87117146166173163139107 73 48191014KN 5491731755173999999999999991152 54999999999999999999999
 38 45 67 98132159173171154127 97 73 61 64 81107136160172169150119 84 54191015KN 623174181717399999999999999 0 6 381219 6099999999999999
 35 34 49 77112143166173165144116 90 72 68 78100127152168171158132 98 64191016KN 658173184017299999999999999 035 321247 6899999999999999
 40 30 37 58 89123150166168155133108 88 78 81 96118142161169162142112 79191017KN 73516919 316999999999999999 1 6 301316 7799999999999999
 51 34 31 44 69100130152162159145124104 91 88 96112133151162162149125 96191018KN 815163192816499999999999999 139 301347 8899999999999999
 67 45 35 37 53 77105131148154149137120107 99100110124140152157151135112191019KN 9 3154195715799999999999999 217 341422 9999999999999999
 87 63 46 40 45 60 82106126140145142133122114110112119130140147147139125191020KN10 5145203214899999999999999 3 4 4015 911099999999999999
106 85 66 53 48 51 63 81100118132139139135129123119119122127133137137132191021KN1136140213113799999999999999 4 6 48163611899999999999999
122108 91 75 62 54 53 61 75 92110126137143142137130123118116117121125129191022KN1325143234513199999999999999 533 5319 811699999999999999
130127117103 86 69 57 51 55 66 84106126142151151145133120109102101107117191023KN1435152999999999999999999999 7 8 51203510199999999999999
128136138131117 96 74 56 46 47 60 81107132152161159147129108 92 83 84 95191024KN 144138152016299999999999999 825 452122 8299999999999999
113132147153147129103 76 53 41 42 58 84116144164170162142116 89 70 62 69191025KN 3 0153155617099999999999999 923 4022 2 6299999999999999
 88114141161168159137106 75 50 38 43 64 96130159175175158130 96 66 47 44191026KN 3581681630177999999999999991012 382239 4399999999999999
 58 86120152173179167140106 72 49 41 52 78112147172182173147111 73 43 28191027KN 44917917 1182999999999999991055 412317 2799999999999999
 32 55 89128162182184168138103 72 53 51 67 97132162181181163129 89 51 24191028KN 5371861732183999999999999991135 492354 1699999999999999
 16 28 57 96136168185183164133100 74 62 66 87117149173182173147109 68 34191029KN 62418618 1182999999999999991213 61999999999999999999999
 14 14 32 65104142169181175155126 99 80 75 85107135161176176159128 90 52191030KN 710181183017899999999999999 032 111250 7499999999999999
 25 13 19 41 75112144166173164145121100 89 90103124147165172164142110 75191031KN 756173185917299999999999999 110 121325 8799999999999999
 44 24 19 30 53 84116143158161152136118104 99103117135152162161149126 961911 1KN 843162192816399999999999999 149 1914 1 9999999999999999
 67 44 31 31 43 65 921181381491501421301181101081141251381481521481341131911 2KN 935151195815299999999999999 230 29144210899999999999999
 88 66 50 42 45 56 75 961161311401411361281201151151191261341391401341221911 3KN1039141203514099999999999999 316 42153711499999999999999
105 88 71 60 54 57 66 80 961131261341361341291231191161171201241271271231911 4KN12 2136213512799999999999999 412 54171611699999999999999
116105 92 80 70 65 65 71 81 951091231321371371321251181121091091111151181911 5KN1327137234811999999999999999 529 64193110899999999999999
119116110100 89 78 71 68 71 80 94109124135141141134124112102 96 95 991071911 6KN1424142999999999999999999999 658 682039 9599999999999999
115121122118109 96 83 73 68 70 80 95113130143147143132116100 87 80 82 911911 7KN 14712215 314799999999999999 811 682118 8099999999999999
104118128132127115 99 83 70 65 69 82101122140151152142124102 82 69 66 731911 8KN 256132153415399999999999999 9 5 652149 6699999999999999
 89108127139142134118 98 79 67 64 72 89112135152158152134109 83 63 52 551911 9KN 34514216 115899999999999999 947 632218 5299999999999999
 70 93118139150150137117 93 74 64 65 79101127149161160145120 89 61 43 39191110KN 4261521626162999999999999991022 632246 3999999999999999
 50 74103132152160154136111 87 70 64 72 92117143161166156132 99 66 40 28191111KN 5 31601651166999999999999991054 642314 2799999999999999
 32 52 83117146163165153130104 81 68 70 84108135157168164144113 76 44 23191112KN 5391661715169999999999999991126 672343 1899999999999999
 19 33 61 96131157169165148122 96 78 72 80 99125150166169155128 91 54 26191113KN 6151701740170999999999999991156 72999999999999999999999
 13 17 39 72110143164170161140114 92 79 80 93115140160169163141108 71 37191114KN 65217018 716999999999999999 014 121228 7899999999999999
 15 10 22 49 85121150165166153131108 91 85 91107129150163165151125 90 55191115KN 732168183516699999999999999 048 1013 1 8599999999999999
 27 12 14 31 61 95128151162158144124106 94 93102119138154160155138110 77191116KN 81516219 616199999999999999 124 111337 9299999999999999
 47 25 16 22 42 70102129148155150137121107100102111125140150152144125 99191117KN 9 4155194115399999999999999 2 5 16142010099999999999999
 71 46 29 24 32 50 76103127142148144134121111107108115125136142141133117191118KN10 3148202714299999999999999 254 24151710699999999999999
 95 72 52 38 34 41 56 78102122136143141134125116110109112118125130131126191119KN1117143213913199999999999999 353 34164710999999999999999
115 98 80 63 50 44 47 59 77 98118133142143138128117108102101104111118123191120KN1238143234012599999999999999 5 8 44184310199999999999999
124119108 92 75 60 52 51 60 76 97118135146148142129114 99 88 84 87 96109191121KN1344148999999999999999999999 633 5020 4 8499999999999999
121129129121106 87 69 57 53 60 76 99122142153153143125103 83 69 64 70 85191122KN 133130143315499999999999999 750 532057 6499999999999999
105124138142135119 97 75 60 55 62 81106131151161157141115 87 62 46 44 55191123KN 253142151316199999999999999 853 552140 4399999999999999
 78105132150155147128102 78 62 58 68 90117144162167156132100 66 39 26 28191124KN 354155154916799999999999999 946 582220 2599999999999999
 47 77111141161165155132105 80 65 65 78103131156170168150118 81 45 19 10191125KN 4471661624171999999999999991033 632259 1099999999999999
 20 45 81119151169171157132104 81 70 74 91118145166173164138101 61 26  5191126KN 5361721657173999999999999991115 702338  199999999999999
  3 19 50 90128158173170154128102 83 77 85106132156171171154122 82 43 13191127KN 6221741729173999999999999991155 77999999999999999999999
 -1  3 25 60100136161171165146122 99 86 85 98119143162170163140105 66 31191128KN 7 617118 217099999999999999 016 -21233 8499999999999999
  7  1 11 37 73110141161166156137115 98 90 94109129150163163150123 89 54191129KN 749166183416599999999999999 053  01310 9099999999999999
 25  9  9 24 52 85118143157157146128110 98 95102117135150157152135108 77191130KN 83115819 715799999999999999 131  71347 9599999999999999
 47 26 17 22 40 66 96123142150147136121107 99100108121135145147139121 961912 1KN 913150194214799999999999999 2 9 171428 9899999999999999
 69 47 32 29 37 55 781031251381431381281161061011021091201301361341251091912 2KN 959143202113699999999999999 248 29151710199999999999999
 89 68 51 42 42 51 67 871081241341371331241141061011021061131201241221151912 3KN1051137211412499999999999999 332 41162510199999999999999
102 87 72 60 53 54 62 76 93109123132134130123113104 98 96 981031081121131912 4KN1153134223911399999999999999 423 531759 9699999999999999
109101 91 79 69 64 64 70 81 96110123132134131123112100 91 86 86 91 971041912 5KN1256134999999999999999999999 529 631929 8699999999999999
109110106 98 88 78 72 70 75 84 98113126135137132121107 91 79 72 73 79 891912 6KN 040110135013799999999999999 646 702029 7299999999999999
101111116114107 96 85 77 73 77 87101118132140141132116 97 77 63 56 59 711912 7KN 217116143214299999999999999 759 732110 5699999999999999
 87105118125124116102 89 78 75 79 91108126140146142128106 81 59 44 41 501912 8KN 32112615 814799999999999999 858 752145 4199999999999999
 68 91114130137133121105 89 78 75 83 98118137149151140119 90 61 38 27 301912 9KN 410137153915299999999999999 945 752218 2699999999999999
 46 72101126143147140123104 86 77 77 89108130148156151133104 70 40 19 14191210KN 4511471610156999999999999991025 762251 1399999999999999
 24 49 81114140154154142121100 83 77 82 98121143157160147121 86 49 20  4191211KN 53015616401609999999999999911 3 772324  399999999999999
  6 25 56 93127152162157140117 95 81 79 90110133153163158138105 66 30  4191212KN 6 91621712163999999999999991139 792359 -599999999999999
 -5  5 31 67106139159164154134110 91 82 85 99121144160164152126 89 49 16191213KN 6491651745164999999999999991215 81999999999999999999999
 -5 -7  9 40 79117146162162149127105 89 84 92109131151162160142112 74 37191214KN 730164182116399999999999999 037 -81253 8499999999999999
  8 -6 -2 18 51 90125150160156141120101 89 88 98116136152158151131100 64191215KN 81316119 015899999999999999 117 -71335 8799999999999999
 31  7 -1  7 30 63 98129149156149134115 99 91 92102119136148150141120 91191216KN 859156194415199999999999999 2 1 -11421 9099999999999999
 59 31 13  9 19 42 72104130146149142128111 98 91 93102116129138139131112191217KN 948150203714099999999999999 248  91518 9199999999999999
 88 61 39 25 23 33 54 81107129142144137124109 97 90 90 96107118126128123191218KN1043145214712899999999999999 340 221631 8999999999999999
109 90 69 51 39 38 46 64 87110128139141135122107 94 84 81 84 93104113119191219KN1142142232512099999999999999 440 371758 8199999999999999
119111 98 81 65 55 52 58 72 92112129139141134121104 87 74 67 68 76 89103191220KN1242142999999999999999999999 549 521921 6799999999999999
114120118109 95 80 69 64 67 79 96116132142143135119 98 76 59 50 51 60 77191221KN 115120133714499999999999999 7 5 642027 4999999999999999
 97114125128122109 93 79 72 74 85102121138147147135114 88 62 42 32 34 48191222KN 247128142614899999999999999 819 722120 3199999999999999
 70 96119135139133119102 86 78 79 90108128145153149132106 75 45 24 15 21191223KN 356139151115399999999999999 923 7722 6 1599999999999999
 41 69100127145150142125105 89 80 83 96116137152157149126 95 59 28  8  3191224KN 4521501553157999999999999991017 802248  399999999999999
 15 40 74109137154156145126105 88 82 87103125146159159144117 81 44 14 -3191225KN 53915716321619999999999999911 3 822327 -599999999999999
 -2 16 47 84120147160158143121100 86 83 92111134153162157136104 65 29  3191226KN 62116117 9162999999999999991144 82999999999999999999999
 -7  0 24 59 97131153161154136113 94 84 85 99120141157161150124 89 51 18191227KN 7 0161174616199999999999999 0 5 -71222 8399999999999999
 -2 -5  9 37 74110139156158146125104 88 83 89106127146157155138110 74 39191228KN 736159182115899999999999999 041 -61257 8399999999999999
 13  0  4 23 54 89122145154150134114 95 84 84 94112132147153145125 94 61191229KN 810154185615399999999999999 116 -11332 8299999999999999
 32 12  7 18 41 72103130146149140122103 88 82 86 98116133144144132110 81191230KN 843149193214599999999999999 149  714 8 8299999999999999
 52 30 18 19 34 58 86113133143140129113 96 86 83 89102117130136132118 97191231KN 91814320 913699999999999999 223 171448 8399999999999999
