126134135131123113106104109122137151161163157144125103 82 66 58 62 74 9219 1 1KZ 143136124816399999999999999 6471032010 5899999999999999
111129141146143134123113109114126141155165166158141118 91 66 48 43 50 6719 1 2KZ 3 3146134116799999999999999 7571092056 4399999999999999
 90115137152156152141126114110115129145160169169157136107 76 49 33 31 4419 1 3KZ 359156142917199999999999999 8551102136 3099999999999999
 67 96125149163165156141124111108117132151166174170153125 92 59 33 21 2619 1 4KZ 441165151117499999999999999 9441082214 2199999999999999
 45 73107138160171168155136117107107119138158173177167144111 75 43 21 1519 1 5KZ 51617115481789999999999999910261052250 1599999999999999
 27 52 86121151169174165147127110103108125147167179177160130 93 58 29 1419 1 6KZ 54817416221809999999999999911 41032324 1399999999999999
 16 35 66102137162174171157136116103101112133157175181172147113 76 44 2119 1 7KZ 61717516541819999999999999911381002356 1499999999999999
 14 24 49 83120150169173163145124106 98103119143166179178161132 96 62 3519 1 8KZ 6461731726180999999999999991210 98999999999999999999999
 20 21 38 67103136160171167153132113100 97108128151170177169147115 82 5219 1 9KZ 714171175817799999999999999 027 181241 9799999999999999
 32 25 34 56 88121149166169159141121105 96100114135155168169156131101 7219 110KZ 743169183317099999999999999 057 251315 9699999999999999
 49 36 37 51 77107136157166163149131113100 96103119137153161157141118 9219 111KZ 813167191116199999999999999 127 351351 9699999999999999
 68 52 47 53 71 96122146160163156141123107 98 9710511913414615014412910919 112KZ 846164195615099999999999999 157 471434 9699999999999999
 88 71 61 62 72 89111133151160159149134117104 96 9610311412613513813312119 113KZ 923161205513899999999999999 230 601530 9599999999999999
106 91 80 75 78 88104122139153158154143129113100 93 91 9510311412412912719 114KZ10 4158221512999999999999999 3 8 751647 9199999999999999
120110100 93 91 93101113128143153155151140125109 95 84 79 81 8910111412319 115KZ1051155999999999999999999999 359 911816 7999999999999999
127125120114108105105109119131144153155150138122103 85 70 62 63 73 9010819 116KZ 0 9127114815599999999999999 5281041922 6199999999999999
123132136134129121115111113121133146155157152139119 94 70 50 41 44 60 8219 117KZ 2 8136125215899999999999999 7121112014 4199999999999999
106128143150149142131120113114122135149160163157140113 82 52 29 20 28 4919 118KZ 322150135316499999999999999 82511221 2 2099999999999999
 78109137156164162150135120111112123139156168172162139106 68 33  9  3 1619 119KZ 414165144717299999999999999 9231102149  399999999999999
 43 79116149170176169153133115106110124144164178180166136 96 53 17 -6 -819 120KZ 45817615371819999999999999910131062236 -999999999999999
 10 44 86128161180183171149126108101108127151174187186166131 86 41  6-1319 121KZ 53918416241899999999999999910591012322-1599999999999999
-10 14 52 98141172187183166141116 99 96108131158181192186162123 77 34  219 122KZ 6171881710193999999999999991142 95999999999999999999999
-12 -3 26 68114154180187178155128104 91 92109135163184191181153114 71 3219 123KZ 654188175619199999999999999 0 6-121224 8999999999999999
  6 -1 14 47 89131165183183167142115 94 85 91112138164180183170143106 6919 124KZ 729185184118499999999999999 049 -113 5 8599999999999999
 37 18 19 39 72111147172181174154128104 86 82 9211313715817017015613210119 125KZ 8 2181192917299999999999999 129 161348 8299999999999999
 71 48 38 44 67 98131158174175163141117 95 82 81 9311113114715615514312319 126KZ 834177202315799999999999999 2 7 381434 8099999999999999
100 79 65 62 72 94120146164172167152131109 91 81 82 9110512013314014013219 127KZ 9 7172212814199999999999999 243 611529 8099999999999999
120105 92 85 86 97115135153165167159144125106 91 82 80 85 9410611812612919 128KZ 94216723 812999999999999999 321 841645 8099999999999999
127122115108105106114127142155162161153140123106 91 80 74 75 82 9310511619 129KZ1025162999999999999999999999 4101041823 7399999999999999
124129130127124120120123132142152157157151139124107 89 74 64 62 69 81 9619 130KZ 143130112715799999999999999 5431191941 6299999999999999
112126136141140136129124124130139148154156152142125105 83 63 51 50 59 7419 131KZ 321141125415699999999999999 7301232038 4999999999999999
 94116135148153150141130121119125135146155159156144124 98 72 50 39 40 5319 2 1KZ 4 615314 815999999999999999 8441192123 3899999999999999
 74100126147160161153139124114113120133148160165160143117 86 57 36 28 3519 2 2KZ 43816215 016599999999999999 93611222 3 2899999999999999
 53 81112140160168163149130113105107119137156169171160136105 71 42 25 2219 2 3KZ 5 616815411729999999999999910171042239 2199999999999999
 36 61 94128155170171158138117102 97105123146166177173155125 89 55 30 1819 2 4KZ 5311721617177999999999999991052 972312 1899999999999999
 23 44 77113146168175166147124103 91 93108132157176181170144109 72 41 2219 2 5KZ 5551751649181999999999999991123 902342 1899999999999999
 19 32 61 97134162175172156132108 90 85 94115143168182179160129 92 58 3319 2 6KZ 6191761722183999999999999991153 85999999999999999999999
 21 27 49 83120152172176164142116 93 81 83 99125154174181171146113 78 4919 2 7KZ 643177175418199999999999999 011 211223 8099999999999999
 31 29 43 71106141166176170152126101 83 77 86107135160174174158131 98 6819 2 8KZ 7 8176182917699999999999999 039 281254 7799999999999999
 46 37 44 65 95128156172173160137111 89 77 78 92115140160169163144117 8819 2 9KZ 73317519 616999999999999999 1 5 371326 7599999999999999
 65 51 51 64 88117145165172165146122 99 81 75 81 9711914015515915013110719 210KZ 8 0172194815999999999999999 132 4914 2 7599999999999999
 85 69 63 69 86109134155167166154133110 90 78 75 83 9911713414514713812219 211KZ 828168203814899999999999999 159 631443 7599999999999999
104 89 80 80 90106125144158163157142122102 85 76 74 81 9411012413413613019 212KZ 858163214313699999999999999 229 791538 7499999999999999
119108 99 96 99107120135148156157149134116 98 83 73 70 73 83 9711212312919 213KZ 934158232212999999999999999 3 4 961658 7099999999999999
128124119115113114120128138147152152144132116 98 81 68 60 60 68 8310011519 214KZ1024153999999999999999999999 4 21131831 5999999999999999
126133135134131127124124128135143149150146135119 99 78 58 45 42 51 68 9019 215KZ 2 5135114415099999999999999 6311241945 4299999999999999
112130143150149144135126122123130140149154154144126100 71 45 28 24 35 5719 216KZ 326150132515599999999999999 8161222045 2499999999999999
 85114140158165161150135121113115125139153164166155131 98 62 31 11  9 2419 217KZ 410165143916699999999999999 9191132137  899999999999999
 52 87124154172176167149127109102106121141162177178163133 94 52 18 -1  019 218KZ 44617715361809999999999999910 81022226 -399999999999999
 21 56 98139169184181165139113 94 89 99120148173189187167131 87 44 10 -519 219KZ 5201851625190999999999999991051 892311 -699999999999999
  2 29 69115156182190178154123 95 79 79 95124156183196190165126 80 38  919 220KZ 5521901712196999999999999991131 762353  099999999999999
  0 14 47 92136172190187168137104 78 66 73 96129163187196185157117 74 3819 221KZ 62319117571969999999999999912 9 66999999999999999999999
 16 15 37 74117157183190178151118 86 64 59 73101135165185188174145109 7219 222KZ 651190184118999999999999999 032 131246 5999999999999999
 44 32 40 66104142172187183163133100 72 57 59 7710613716217517415913310319 223KZ 718187192617799999999999999 1 7 321324 5599999999999999
 75 57 54 69 97130160179183171146116 87 65 57 63 8310813415216115814412419 224KZ 744183201416199999999999999 140 5314 4 5799999999999999
102 84 76 80 98123149169177173156131104 81 66 62 70 8610712613914514213319 225KZ 810178211014599999999999999 211 761449 6199999999999999
120107 98 97104120139157168169160142121 99 82 71 68 74 8610011412513013119 226KZ 837170223613199999999999999 241 961548 6899999999999999
128122117114115122133145156161158148134118101 87 77 73 74 80 9010211212119 227KZ 910161999999999999999999999 3161141720 7299999999999999
127130131130129128130135142148150148142132121107 93 81 72 68 71 79 9110419 228KZ 15413110 015099999999999999 44512819 4 6899999999999999
118130138142142138132129129133138141143142137127113 96 79 65 58 60 70 8519 3 1KZ 320142121014399999999999999 7251292015 5899999999999999
104123139150153148139128120119123130138145148144133115 93 71 54 47 52 6619 3 2KZ 35215314 214899999999999999 84511921 6 4799999999999999
 86111134152160158147132117108108115127141153157151135111 83 59 42 39 4819 3 3KZ 416161145715799999999999999 9311072147 3899999999999999
 68 95124149164166157139118102 95 99113132151164165154130101 70 45 33 3519 3 4KZ 43916715371669999999999999910 6 952222 3299999999999999
 51 78111142164172166147123101 87 85 97118143164174169150120 87 56 35 2819 3 5KZ 5 21721612174999999999999991037 842254 2899999999999999
 38 63 97132160175173157131104 83 74 80100129157176180167141106 72 44 3019 3 6KZ 52317616451819999999999999911 6 742323 2899999999999999
 32 50 82119153174179166142112 85 68 67 82110142169183179159127 91 59 3819 3 7KZ 5451791717184999999999999991134 662351 3299999999999999
 32 43 70106142169181174152122 91 68 59 67 90123155178184172146112 79 5319 3 8KZ 6 818117511849999999999999912 2 59999999999999999999999
 39 43 63 95131161179179162133101 73 56 56 73102135164179178161132100 7119 3 9KZ 630181182618199999999999999 018 391231 5499999999999999
 53 49 61 87120151173179169144113 82 60 51 59 82113143166175168147119 9119 310KZ 65317919 317599999999999999 044 4913 1 5199999999999999
 70 61 66 84112140164175172153125 94 68 53 52 66 9112014616216615513411119 311KZ 716176194316699999999999999 110 611333 5199999999999999
 90 77 76 87107132154168170159136108 81 61 52 57 73 9612114215415414312619 312KZ 740171203115599999999999999 136 751410 5299999999999999
109 96 90 95108126145159165160144121 96 74 60 55 61 75 9511513214214213519 313KZ 8 5165213214399999999999999 2 4 901457 5599999999999999
124114108107113124137149157157149133113 93 75 63 58 61 71 8710412013013419 314KZ 835158231013499999999999999 23510616 7 5899999999999999
133129125123123126132139145149148141129114 97 81 67 58 56 61 74 9010812219 315KZ 919150999999999999999999999 3281221748 5699999999999999
132138140139136133131130133137141142140134122107 88 69 54 46 47 59 78 9919 316KZ 2 8140105714299999999999999 6381301920 4599999999999999
120138149154152145135126120121126134141147146136119 94 68 46 33 33 47 6919 317KZ 311154132414799999999999999 8261202028 3199999999999999
 98126150164167160145127112104106116131147159162151128 97 64 36 21 23 4119 318KZ 347167144216299999999999999 9181042124 2099999999999999
 70105139165177174159136111 92 86 93110134159175177162133 96 58 28 14 2019 319KZ 418178153717899999999999999 959 862211 1499999999999999
 44 80121157180185173149118 89 71 69 84110143172189187167133 92 52 24 1519 320KZ 4481861626190999999999999991037 682254 1599999999999999
 28 59100142174190185164131 95 66 52 58 81116153183196190165128 86 50 2719 321KZ 5161911711197999999999999991113 522334 2499999999999999
 26 46 82125163187192176146108 72 47 40 55 85125162188196185158120 82 5219 322KZ 5431931755196999999999999991149 40999999999999999999999
 38 46 72110150179192185160124 85 53 35 37 59 94133166186189174146113 8219 323KZ 6 9193183819099999999999999 010 381224 3399999999999999
 61 56 71101137169187188171140102 67 42 32 42 6810313816417817616013510819 324KZ 633190192217999999999999999 043 5613 0 3299999999999999
 86 75 79 99128157178185176152120 86 57 40 38 53 7911013815716516014612719 325KZ 65718520 716599999999999999 115 741336 3799999999999999
109 95 92102122146167178175160134104 77 56 47 50 65 8811213214615014613619 326KZ 720178205915099999999999999 145 921416 4699999999999999
124114108110121137154166168160143120 97 77 63 58 62 74 9110812313313813719 327KZ 745169221813899999999999999 21610815 5 5899999999999999
133128123121124132142152157154145131114 98 84 74 69 70 77 8810111312313019 328KZ 813157999999999999999999999 2551211618 6999999999999999
134136135133131131133138142143141134126116105 93 83 76 72 74 82 9310511819 329KZ 110136 85314399999999999999 43413118 9 7299999999999999
129138143144140135130126126128131131131129123114102 89 77 69 68 74 8610219 330KZ 236144111213199999999999999 7291261937 6799999999999999
119135147152150142131120113112116122130136138133122106 88 71 61 60 69 8519 331KZ 310152135213899999999999999 8381122035 5999999999999999
106128147158159151136119104 97 99109122136146149142126104 81 62 53 55 6919 4 1KZ 336160144714999999999999999 916 972118 5299999999999999
 91117142160166160144122101 86 83 91108129148159159146123 96 71 53 47 5519 4 2KZ 359166152716099999999999999 946 832155 4799999999999999
 76104134158171169153129102 80 70 73 90115142162170164144116 86 60 46 4719 4 3KZ 42117216 3170999999999999991015 692227 4599999999999999
 63 90123153172176164139108 80 61 57 70 96128157175177163137105 75 53 4619 4 4KZ 4431771637178999999999999991042 572258 4699999999999999
 54 78111144170180173150118 84 58 46 52 75108144171183177157126 93 66 5119 4 5KZ 5 51801711183999999999999991110 462327 5099999999999999
 52 69 99133163180179161130 94 61 41 39 55 86123158180185172146115 85 6419 4 6KZ 5281821746185999999999999991138 372355 5799999999999999
 57 66 90122154176182170142106 70 43 31 39 64 99137167183180162135105 8119 4 7KZ 55018218221849999999999999912 7 31999999999999999999999
 67 69 86113143168180175153120 83 52 32 30 46 7611214717017917115112510019 4 8KZ 61318019 117999999999999999 023 661237 2899999999999999
 83 78 87108134159174175161133 98 65 40 29 35 56 8712114916717016014011919 4 9KZ 636177194317199999999999999 051 781311 2999999999999999
101 92 94107127149165171164144114 83 55 38 33 43 66 9412314615915914913319 410KZ 659171203216099999999999999 120 911348 3399999999999999
118108104110124141155164163150128102 75 54 42 41 51 71 9511813714814814219 411KZ 724164213514999999999999999 1511041436 4099999999999999
133124118118124134145153156151138119 98 78 61 51 49 56 70 8910912613814219 412KZ 754156231814299999999999999 2321181542 4899999999999999
141138133130129131135140143144140132119104 88 72 60 54 55 65 80 9911813219 413KZ 842144999999999999999999999 3511291718 5399999999999999
142147147143138132128126127130133135133128117102 84 67 55 51 56 71 9211419 414KZ 12914811 713599999999999999 7 61261855 5199999999999999
134149157157150139125115109110116126136143143133116 93 70 52 44 49 66 9119 415KZ 228158133014499999999999999 82110920 6 4499999999999999
118143161168164150130110 94 88 93106125144157160149127 99 70 48 40 47 6819 416KZ 3 5168144116099999999999999 9 3 8821 2 4099999999999999
 98130158174176163141113 87 70 68 79102130156173174160133100 68 46 40 5219 417KZ 336177153517699999999999999 940 672149 4099999999999999
 79113148173184177155123 89 61 48 52 73105140170185183165134 98 66 48 4719 418KZ 4 51841623187999999999999991016 472231 4599999999999999
 65 97134166186187170138100 64 39 31 44 74113151180192186163130 95 67 5419 419KZ 43318917 8192999999999999991051 312310 5499999999999999
 61 85120155181191181154117 76 42 23 24 46 82124161185192181156124 94 7219 420KZ 5 01911752192999999999999991126 212346 6699999999999999
 67 80109143172189188168134 93 55 27 16 26 55 94134166184186172147119 9419 421KZ 52619118351879999999999999912 1 16999999999999999999999
 81 83102131161182188177149112 74 41 21 20 37 6810614116617817516013811519 422KZ 551189191717899999999999999 021 801236 1899999999999999
 98 93102123149171183179160129 94 61 37 25 31 51 8211514316116716214813119 423KZ 61618320 116799999999999999 054 931312 2599999999999999
115106106118138159172175164141112 82 57 41 36 46 66 9311914015315615114019 424KZ 641175205015699999999999999 1281041350 3699999999999999
129119115118130146159165161147126101 79 61 51 51 60 77 9811813414314614319 425KZ 7 8165215514699999999999999 2 41151433 5099999999999999
137130125123126135144151152146133116 98 83 70 64 64 71 83 9911512813614119 426KZ 739153234214299999999999999 2511231530 6399999999999999
141139135130127128131136139138133124114103 91 82 75 73 76 84 9611012313419 427KZ 822139999999999999999999999 4211271657 7399999999999999
141145144139132126122121122125126126123119111102 91 82 76 76 82 9310812319 428KZ 116145101512699999999999999 6531211835 7599999999999999
137147151148140129118109106108114120126130128122110 97 84 74 72 79 9311019 429KZ 2 6151131813099999999999999 8 41061945 7299999999999999
129145155157149135118102 92 90 96108122134141140130115 97 81 70 69 79 9619 430KZ 239157142314199999999999999 843 892036 6899999999999999
118140156164159145124101 83 74 77 90109130146153149135115 93 75 66 69 8319 5 1KZ 3 716415 915399999999999999 915 732117 6699999999999999
106131154167168155132105 79 62 58 69 91118143160164155136111 87 70 65 7319 5 2KZ 333169154816499999999999999 944 582153 6599999999999999
 93120147167174166144113 81 55 44 48 69 99132158172171156132105 81 68 6919 5 3KZ 3571741625174999999999999991013 432227 6799999999999999
 84109138163177174156125 89 56 35 31 46 75112147172181173153125 98 78 7019 5 4KZ 42117817 2181999999999999991042 302259 7099999999999999
 78 99127156175180166138101 63 34 21 27 51 87127161180183170146118 93 7919 5 5KZ 4451801739184999999999999991112 202331 7799999999999999
 78 92117146169180175152117 77 41 19 14 29 61101140169183180163138112 9219 5 6KZ 5101811818184999999999999991143 13999999999999999999999
 84 91110136160177178163133 95 56 27 12 16 38 7311314817218017315413110919 5 7KZ 53618019 018099999999999999 0 3 841218 1199999999999999
 96 95106127150169177169147114 77 43 20 13 23 49 8512115116917316414612719 5 8KZ 6 3177194517399999999999999 036 941255 1399999999999999
111104107121140158170170157132 99 66 39 23 21 34 60 9212314816216415514119 5 9KZ 631171203716599999999999999 1111031338 2099999999999999
127116113119132147159164159144120 92 65 44 32 32 45 68 9512114215415615019 510KZ 7 3164214115699999999999999 1521131428 3099999999999999
140130123121126135144151153147134115 93 72 54 44 44 54 72 9411713614815219 511KZ 74515323 415299999999999999 2461211532 4399999999999999
149143135128124125129134138140138130118102 85 68 57 54 59 73 9211313314619 512KZ 9 0140999999999999999999999 4181241654 5499999999999999
153153147138128120115115118124130134133127116100 82 68 60 62 73 9111313419 513KZ 028154112813499999999999999 6381141821 6099999999999999
150159159150137121107 98 95100111124136143141131114 94 76 64 64 74 9411819 514KZ 127160132114399999999999999 749 951934 6299999999999999
142159167163149130107 87 75 74 85102124143155156145125102 80 67 67 8010219 515KZ 210167143315799999999999999 834 732031 6599999999999999
129153170173163143115 87 64 53 57 74100129154168168155132106 83 70 73 8919 516KZ 245174152917099999999999999 913 522120 6999999999999999
115143167179176158129 95 63 41 34 46 71105139165178176159134107 84 75 8219 517KZ 318180161917999999999999999 951 3422 4 7599999999999999
102131158178184172146111 73 41 23 23 43 75113149174184178159132106 87 8319 518KZ 34918417 5184999999999999991028 212246 8299999999999999
 94118147172185182162129 90 52 24 13 21 48 85125159180185175154128104 9119 519KZ 42018617491859999999999999911 4 132324 8999999999999999
 92109135161181186174147110 70 36 15 11 27 59 9813516518018116714612310419 520KZ 4491861830182999999999999991140 10999999999999999999999
 97104123149171183180160129 91 55 28 14 18 40 7311114416717617215713811819 521KZ 518184191017799999999999999 0 1 971216 1399999999999999
106104115136159175179168144111 76 47 27 21 31 56 8812114816516916214813119 522KZ 547179195116999999999999999 0371031252 2199999999999999
116109112126145163172169153127 97 68 46 33 33 47 7210112814916016015214019 523KZ 616172203316199999999999999 1131091329 3199999999999999
126116113119133148160163155138114 89 67 51 44 48 63 8510913114615415214519 524KZ 648163212115499999999999999 15211314 9 4499999999999999
135125118117123134145152151142126106 87 71 60 56 62 75 9411413114314914819 525KZ 725152222014999999999999999 2381171454 5699999999999999
142134125119118122129136140138131119105 91 79 71 69 73 84 9911613114214719 526KZ 816140233014899999999999999 3441181550 6999999999999999
147142134125118114114118123128128125119110 99 89 81 78 80 8810111713214319 527KZ 942129999999999999999999999 52811417 8 7899999999999999
149149144134123112104102104111118124126124118109 98 89 84 84 9010312013519 528KZ 03415012 412699999999999999 7 11021832 8399999999999999
147154153144131115100 89 86 91101114125132133128118105 94 86 85 9210712519 529KZ 123154134013499999999999999 754 861938 8499999999999999
142154159154141121100 82 70 70 80 97117133143145138124109 94 86 86 9611319 530KZ 2 1159143914599999999999999 832 692029 8499999999999999
133151162163152132106 80 60 52 57 75100125145156155145128109 93 85 8910219 531KZ 234164152715799999999999999 9 6 522113 8599999999999999
123144162169163144116 85 57 39 37 50 76107137158167163148128107 91 87 9419 6 1KZ 3 4169161016799999999999999 938 352153 8799999999999999
112135157171172158131 96 61 34 21 27 49 82119150170176167148125104 91 9119 6 2KZ 3341731651176999999999999991011 212231 8999999999999999
103124148168177170147113 74 38 15 10 24 54 92131162179180166145121101 9319 6 3KZ 4 51771733181999999999999991046  923 8 9399999999999999
 98114138161176178163133 94 53 21  3  6 27 6210314217018217916213911710119 6 4KZ 4361791815183999999999999991124  22346 9799999999999999
 98107127150170180174152117 77 38 11  0  8 35 7311414917318117415613411419 6 5KZ 5 918018591819999999999999912 4  0999999999999999999999
103104117138159174178166139103 65 31  9  4 17 46 8312115317217616614913019 6 6KZ 544178194617699999999999999 0261021247  399999999999999
114107111126145163172171155128 94 60 32 15 14 29 58 9312615316816915914319 6 7KZ 622173203517099999999999999 1 71071334 1299999999999999
127114110116130146159165161145120 91 62 39 26 28 44 7010012915116316315419 6 8KZ 7 7165212816499999999999999 1541101424 2599999999999999
140125115112117128140150154150138118 94 71 52 42 44 58 8010713115016015919 6 9KZ 8 3154222516099999999999999 2501121519 4199999999999999
150137124113109112119128137142142134120102 83 67 58 60 71 9011213415115919 610KZ 926143232215999999999999999 4 41091623 5899999999999999
158149135121109101100105113123132137136128114 98 83 74 73 81 9811813815419 611KZ1118137999999999999999999999 5421001736 7299999999999999
161159148133115 99 88 83 87 97112126137141138127112 97 86 83 9010512514419 612KZ 01616113 214199999999999999 7 3 831850 8399999999999999
159165160147128106 85 70 64 70 85104125141150149139124108 95 90 9711313319 613KZ 1 5165142215199999999999999 759 641954 9099999999999999
152165169161143119 92 67 50 47 57 77103129149160159149132114 99 9510312019 614KZ 150169152616199999999999999 845 462050 9599999999999999
141160172172159136106 75 48 33 34 49 76107136158169167154135115101 9911019 615KZ 232173161816999999999999999 927 312139 9999999999999999
128150168177172154125 91 57 32 21 27 49 8011514616717517015413311310210319 616KZ 31117717 41759999999999999910 7 21222510199999999999999
116137159175179168144111 74 41 20 15 28 55 9012615617417716815012811010219 617KZ 3481791745178999999999999991046 1423 610299999999999999
107124146167179177160131 94 59 30 14 16 35 6610313816417617516114212110719 618KZ 4231801823177999999999999991124 13234510399999999999999
103113133155173179171148115 79 47 24 15 24 47 8111714816817416815213211419 619KZ 45717918581749999999999999912 1 15999999999999999999999
104106120141162175175160133100 67 40 24 22 36 64 9713015516816915814112319 620KZ 530176193117099999999999999 0221041236 2199999999999999
109104111127148165172166147119 88 60 39 29 34 52 8111214015916616114813119 621KZ 6 317220 516699999999999999 0571041311 2999999999999999
116106105115133151163165154134107 80 58 43 40 49 70 9712414615916115313919 622KZ 639165204016199999999999999 1331041346 3999999999999999
124111105107118134148156154142122100 78 61 52 53 65 8611013315015715614719 623KZ 719157211915899999999999999 2131041422 5199999999999999
133119108104108118130141146143132115 97 80 68 64 68 80 9811913815115515219 624KZ 8 814622 215599999999999999 3 210415 2 6499999999999999
142129116106102105112122131135134126113100 87 79 77 81 9210812514115115419 625KZ 914136225015499999999999999 4 71021550 7799999999999999
149139126113102 96 96101110120127128125117107 97 90 88 9110011413014315219 626KZ1045129234215499999999999999 532 961655 8899999999999999
153148137122107 94 85 83 88 99113123129129125117108101 97 9810511813314619 627KZ1233130999999999999999999999 647 831819 9799999999999999
154154147134116 97 80 69 67 76 9110912413513813512711710810210110912213719 628KZ 03415514 113899999999999999 740 67193210199999999999999
150157156146128105 81 61 51 52 65 8711013114414914613712411110310311212719 629KZ 12315815 514999999999999999 823 50203010299999999999999
143156162158143119 90 62 41 32 39 59 8611514015616115614312611110310511619 630KZ 2 8162155716199999999999999 9 3 32212010399999999999999
133150164167159138107 73 41 21 17 30 57 9012415116817116214512510910310719 7 1KZ 250168164317199999999999999 944 1622 610399999999999999
121141159172172157130 93 55 23  6  7 26 58 9713416217717616314312210710219 7 2KZ 3321731727178999999999999991026  4225010299999999999999
110128149168178174153120 79 39  9 -4  3 28 6510614417118217716013811710319 7 3KZ 4131791810182999999999999991110 -4233410199999999999999
103114135158176182173147110 68 29  3 -6  6 35 7511715317618217315413111119 7 4KZ 4561821852182999999999999991155 -6999999999999999999999
101103119141164179182168139101 60 25  3  0 16 48 8812816017717916614512319 7 5KZ 540183193418099999999999999 0171001241 -199999999999999
105 98105122145165177176160131 95 59 28 11 12 32 6410213816417617215713619 7 6KZ 626179201517699999999999999 1 1 981327  999999999999999
115100 96105123144162171168152125 93 62 38 26 31 52 8311614616617216514819 7 7KZ 717171205517299999999999999 146 961412 2699999999999999
127107 95 94104120138153160157143121 95 71 52 46 53 7410112915216616715719 7 8KZ 815160213616899999999999999 236 931457 4699999999999999
140119102 91 91 99112127140148147137121102 83 70 67 75 9311613815616516319 7 9KZ 925148221716599999999999999 334 901546 6799999999999999
151133114 97 87 84 89100114127136139135125111 98 89 87 9410812614515816419 710KZ105513923 216499999999999999 448 841644 8799999999999999
159147129110 93 80 74 77 8610011512813613713212311310510210611813314815919 711KZ1242138235516399999999999999 613 74175810299999999999999
163158145127106 86 70 62 63 73 8910812513814314213612611711111312213615019 712KZ1419144999999999999999999999 724 61191711199999999999999
160163158144124101 77 58 48 50 63 8210512714415215314613412211411512413819 713KZ 054163153115399999999999999 820 47202511399999999999999
151162165159143120 93 66 45 36 41 57 8110813415316216115113612111211412419 714KZ 153165162216299999999999999 9 9 36212211299999999999999
139154165168159140112 81 52 33 27 36 57 8611614416316916415013211610811219 715KZ 24616817 216999999999999999 953 27221110899999999999999
124142159170170157133101 68 40 23 22 37 63 9612915517017216114312310810419 716KZ 3311721736173999999999999991033 21225310499999999999999
111128148166174170151122 88 55 30 19 24 44 7511014316517416915313311310119 717KZ 41117518 7174999999999999991112 182330 9999999999999999
101113134156172176166141108 74 44 24 19 31 57 9212715517117316114112010319 718KZ 4471771836174999999999999991147 19999999999999999999999
 96101119143164176174157128 94 62 37 24 26 45 7511114216417216615012810819 719KZ 52117719 317299999999999999 0 4 961220 2399999999999999
 95 93105127151169175167145114 82 54 35 30 40 64 9612915516916915713711519 720KZ 556175193017199999999999999 037 921252 3099999999999999
 98 90 94111133155168169156131102 73 51 40 42 58 8411514316216916214612519 721KZ 632170195816999999999999999 110 901322 3999999999999999
105 91 89 97116137155163159143119 93 70 55 50 58 7810413115316516515313519 722KZ 711163202816799999999999999 145 881352 5099999999999999
115 97 88 89100117135149154148132111 90 73 64 65 77 9612014215816415814419 723KZ 75615421 016499999999999999 224 871423 6399999999999999
125107 93 86 89100114129141144137124108 92 81 77 81 9411113114815815915119 724KZ 850144213516099999999999999 311 861457 7799999999999999
136118101 89 84 86 94107121131135131122110 99 92 91 9710712113715015615419 725KZ 957135221515799999999999999 412 841540 9199999999999999
145130113 97 84 78 78 85 9711212413013012511811110610510811512713915015419 726KZ112713023 415499999999999999 529 77164610499999999999999
151141126109 91 76 67 65 72 8610311912913413312912311711411411912914014919 727KZ1323134999999999999999999999 642 65182911399999999999999
153150140124104 83 64 51 49 58 76 9711813314214514113412511811511912914119 728KZ 0 4153145314599999999999999 742 49195411599999999999999
151156153142123 98 71 48 34 33 46 68 9512114215415815214112811711311812919 729KZ 114156155115899999999999999 834 32205811399999999999999
142155162160146122 91 58 31 17 19 36 64 9612815316716815914312511210811519 730KZ 218162163616999999999999999 923 15215110899999999999999
129147162171167149119 82 44 16  3  9 31 6410313916517717416013911810410219 731KZ 3141711717178999999999999991012  3223910299999999999999
113131153172180173150114 72 33  5 -5  5 33 72115152176183175155129107 9519 8 1KZ 4 518017561839999999999999911 0 -52323 9499999999999999
 97112135161180187176148108 65 26  1 -5 11 43 86129164183184169144117 9519 8 2KZ 4531871832186999999999999991146 -5999999999999999999999
 86 93113140167185188173143102 60 25  4  4 25 6110414517318517915813010319 8 3KZ 54118919 718599999999999999 0 6 861230  299999999999999
 84 79 91115144169184184166136 97 59 30 16 22 48 8512415817918216914411519 8 4KZ 629186194018399999999999999 047 791311 1699999999999999
 90 75 75 91116143166177174157128 95 64 42 35 47 7410914216817917415613019 8 5KZ 719178201217999999999999999 129 731351 3599999999999999
102 80 70 74 91115139157166162146122 96 73 59 60 7510012915517217516414319 8 6KZ 812166204317599999999999999 213 701429 5799999999999999
118 93 76 69 75 90110129145152149137120102 87 80 84 9912114316117016815419 8 7KZ 913152211617199999999999999 3 2 6915 8 8099999999999999
133110 89 75 69 73 8510111713113813913312311210310110511713415016216516019 8 8KZ1033139215416599999999999999 4 3 69155310199999999999999
146128107 89 76 69 69 77 9010511912913413413012511911711912713815015715919 8 9KZ1233134224415999999999999999 525 6817 511799999999999999
154142127109 91 75 65 62 67 79 9411012413514014113713112612412813614515219 810KZ1433141999999999999999999999 652 62185112499999999999999
154152143129111 91 72 58 52 57 70 8810812714215015114613612712112313013919 811KZ 0 2154153815199999999999999 8 1 52201612199999999999999
148154154147132111 87 64 48 43 49 65 8711213515216015814813412111411612419 812KZ 133155161716099999999999999 855 43211711499999999999999
137149158159150132106 78 53 38 35 45 66 9312214716316615914412511110510919 813KZ 239160164816799999999999999 941 3422 210599999999999999
122139155165164151127 97 66 42 29 31 47 74106137160171167153133112 99 9719 814KZ 3271661715171999999999999991022 282240 9699999999999999
107125146164172166147117 84 54 32 25 34 56 89123153170173162141118 98 8919 815KZ 4 61721740174999999999999991058 252313 8899999999999999
 93109133157173176163138104 71 43 27 27 43 73108142166175169150125101 8519 816KZ 44117718 4175999999999999991130 252344 8199999999999999
 82 93116144167179174155125 90 59 37 28 37 60 94130159174174159135108 8719 817KZ 51517918281769999999999999912 1 28999999999999999999999
 76 80 99126154173178167143111 78 52 37 37 53 82117149170176166145117 9219 818KZ 549179185217699999999999999 014 761229 3599999999999999
 75 72 83107136160174172156129 98 70 51 44 53 7510613816317517115412810219 819KZ 624175191617599999999999999 045 711257 4499999999999999
 80 69 73 89115142161169162143116 89 68 56 58 73 9812715316917216113911319 820KZ 7 2169194217399999999999999 116 691323 5599999999999999
 89 72 68 77 96120143157160150131108 86 72 68 76 9411814216116916414812419 821KZ 74316120 816999999999999999 150 681350 6899999999999999
100 80 69 69 81 99120139149150139122104 90 83 84 9511313315116216315313519 822KZ 830151203716499999999999999 229 681419 8299999999999999
113 92 76 68 71 81 97115131140140132119108 99 9710111212614115315915514319 823KZ 92814121 915999999999999999 316 681452 9799999999999999
125105 87 74 67 68 77 9010712213113313012311711211211512213214215015314819 824KZ1048133215115399999999999999 422 67154011199999999999999
136121103 86 72 63 61 66 79 9611212513213413312912612412312613214014614819 825KZ13 5134225514899999999999999 548 61173612399999999999999
145136123106 86 68 55 48 52 65 8410512313614314514313713012412312713514219 826KZ1452146999999999999999999999 7 8 48194212399999999999999
148148143130110 86 61 42 33 37 53 7610212614615715915314112811811512013019 827KZ 038149154315999999999999999 812 33205311599999999999999
142152158154138114 83 52 28 18 24 43 7210513615917016815613811910610411219 828KZ 2 7158162117199999999999999 9 9 18214410399999999999999
127145162171166146115 78 42 16  7 16 41 77116150173180172152127105 91 9219 829KZ 31017116561809999999999999910 0  72228 9099999999999999
105127153174183175151114 72 34  8  3 17 48 90132166184184167140111 87 7619 830KZ 4 31831728186999999999999991047  223 9 7699999999999999
 82102132162185192180150110 66 29  8  8 28 65109151179189180155123 91 6919 831KZ 45219218 0189999999999999991131  52348 6399999999999999
 63 76104138170191194177145105 63 31 16 23 50 90132168187187169138103 7319 9 1KZ 5401951829190999999999999991212 16999999999999999999999
 55 56 76108143173189188170138100 64 39 33 47 78116153179188178153119 8519 9 2KZ 627191185818899999999999999 027 531250 3299999999999999
 59 48 55 79112145170182177158129 98 70 55 56 7510614016818318216413510219 9 3KZ 714182192518599999999999999 1 6 481325 5399999999999999
 72 52 47 59 84114141161169163146123100 82 75 8210313015617418017014811919 9 4KZ 8 4169195218099999999999999 146 471359 7599999999999999
 90 66 53 53 66 87112133148154149137121106 97 9610612514516317217015713519 9 5KZ 9 1154202017399999999999999 230 511433 9599999999999999
110 86 68 59 60 70 8710512213414013913312511711311512313615016016315814519 9 6KZ1018140205216399999999999999 324 58151411399999999999999
127107 89 75 66 65 71 82 9611112213013413513312912712713113814615215214819 9 7KZ1239135213815399999999999999 440 65162812699999999999999
138126111 96 82 71 66 67 75 8710111512813714214313913513012913113614114319 9 8KZ1436143231914399999999999999 620 65185012999999999999999
142139131118103 86 71 61 60 66 79 9611413214515215114413412512012112613319 9 9KZ1523152999999999999999999999 741 59202111999999999999999
139144145138124106 85 66 53 52 60 76 9812114215616015514212611310710911819 910KZ 134145155416099999999999999 840 51211210799999999999999
130143152153144127103 77 56 45 46 58 80107134156166164151132112 98 9510119 911KZ 239154161916699999999999999 925 432150 9499999999999999
116135152162160146123 94 66 46 38 44 63 91123150168171160140116 95 84 8519 912KZ 32316316431719999999999999910 3 382222 8399999999999999
 99121145164171164143114 82 55 38 36 50 76109142166175169149123 97 78 7219 913KZ 4 017117 5175999999999999991037 352252 7299999999999999
 82104132158174176161134101 70 46 36 42 64 96131160176175159132102 77 6419 914KZ 43417717271789999999999999911 8 362321 6399999999999999
 67 85114146170181174153122 89 60 43 41 56 84119152174179168143112 82 6219 915KZ 5 71811749180999999999999991137 402349 5699999999999999
 56 68 94127158177181167141109 78 56 46 53 76108142168180174154123 91 6519 916KZ 54118118111809999999999999912 5 46999999999999999999999
 51 55 75106139166178175156128 97 72 58 57 72 99131159176177162135102 7319 917KZ 616179183417999999999999999 018 511231 5699999999999999
 53 48 60 85117147168174164143116 91 73 67 74 94122149169176167145115 8419 918KZ 653174185717699999999999999 048 481257 6799999999999999
 60 48 51 68 95125150164164152131108 90 80 81 94116140159170168152127 9819 919KZ 732166192117199999999999999 119 481323 7999999999999999
 72 55 49 57 76101127146156153141123107 96 93 9911413215016216515613711219 920KZ 817156194516599999999999999 155 491350 9299999999999999
 87 66 54 53 62 8010212313914614313412211210710811512814115215815514412519 921KZ 913146201315899999999999999 237 52142110699999999999999
103 83 67 57 56 64 78 9611412813613713212712212012112713414214815014613519 922KZ1034137205215099999999999999 337 5615 812099999999999999
120103 86 71 61 56 59 70 8510311913013613813713513213013013213614014214019 923KZ13 813822 714299999999999999 5 5 56173113099999999999999
134124111 94 77 61 52 50 57 73 9311313014214915014513813012412212513013719 924KZ1437150999999999999999999999 641 49195312299999999999999
141142136123103 80 59 43 38 45 63 8711313715416216015013612111010711212319 925KZ 036142151816299999999999999 755 38205110799999999999999
137149155151136111 81 53 33 27 36 58 89122150168173165147124104 91 9010119 926KZ 2 9155155117399999999999999 853 272134 8999999999999999
120142162171166146115 79 46 25 21 35 63100137166181178161135105 81 70 7519 927KZ 310171162118299999999999999 943 202212 7099999999999999
 94122152176185177152116 76 42 22 23 43 77118156181188176149115 82 59 5219 928KZ 4 21851651188999999999999991029 202250 5299999999999999
 65 93128163187194181152113 73 41 27 34 61 99140174190187165130 92 59 4019 929KZ 4501941719191999999999999991110 272327 3899999999999999
 41 62 97137172193195178147108 72 47 40 54 86125162186192177147108 69 4019 930KZ 5361971747193999999999999991149 40999999999999999999999
 28 38 66104144175191189169139105 75 58 60 80113149177191185162126 87 521910 1KZ 622192181319199999999999999 0 4 281225 5699999999999999
 30 27 43 74112147172183177158131104 83 74 83107137166183186171143107 721910 2KZ 7 8183183918799999999999999 041 2613 0 7499999999999999
 44 30 33 53 83116145164170163146126107 94 94106129153172180174154125 941910 3KZ 75617019 418099999999999999 120 291333 9299999999999999
 65 45 38 45 64 901171381521561501381251141081121251421591691691581381131910 4KZ 851156193117199999999999999 2 1 3814 810899999999999999
 88 67 54 50 57 73 931131291401431411361291231211251341461551591551441271910 5KZ10 614320 015999999999999999 250 50145212199999999999999
109 91 76 66 62 66 77 911061191301361391391361321301311341401441451411341910 6KZ1221139204214599999999999999 357 62161713099999999999999
124112 99 87 76 70 70 75 86 991121251361431451431381321281261281311331331910 7KZ1359145224113399999999999999 537 69185412699999999999999
131127120109 96 83 72 67 70 80 941111271421511521471381261171121141191251910 8KZ1443153999999999999999999999 7 8 67201511299999999999999
132136136129117100 83 69 62 65 77 95116136152159157146130113101 971021121910 9KZ 129137151316099999999999999 811 622056 9799999999999999
125138147147137120 98 77 62 56 63 79102127150163165155137115 95 84 84 95191010KZ 230148153816699999999999999 857 562129 8299999999999999
113133150158155140117 92 69 55 54 65 88116143164171164146120 94 75 68 76191011KZ 31315816 117199999999999999 936 522158 6899999999999999
 95120145163168158138110 83 61 51 56 75103134160174173156129 99 72 57 58191012KZ 3501681624176999999999999991010 512227 5699999999999999
 75102133160174173156130100 73 56 53 66 91123154174178166140107 75 52 45191013KZ 4251751646179999999999999991041 522255 4599999999999999
 55 81115148172180172150120 90 67 57 62 82112144170181174152119 83 54 38191014KZ 45918017 8181999999999999991111 572323 3699999999999999
 40 60 93130161179180165139109 83 66 64 77103134162179179162131 95 61 37191015KZ 5331821730181999999999999991139 632352 3199999999999999
 31 43 70107143170181175155128101 80 71 77 97124153173180169143108 73 44191016KZ 6 818117531809999999999999912 6 71999999999999999999999
 29 32 52 84120152172176165144119 97 83 83 95117143165176172153122 87 56191017KZ 646177181617699999999999999 021 281234 8199999999999999
 35 28 39 63 96129155168168154134113 98 92 98113135155169171159135103 72191018KZ 726170183917299999999999999 053 2813 2 9299999999999999
 48 34 34 48 74103131152160157144128114105105114129146160165160144119 91191019KZ 81216119 316599999999999999 129 32133210499999999999999
 66 47 38 42 57 80105128144151148139128119115118126138149156156148131110191020KZ 910151193215799999999999999 213 3814 911599999999999999
 87 67 53 46 49 61 80100120135142143139133128126127132138144146145138125191021KZ1034143201314799999999999999 311 46151212699999999999999
110 92 76 62 54 53 61 74 93112128139144145142137132129128129132134136134191022KZ1239145215813699999999999999 435 53175912899999999999999
128118104 88 72 59 53 56 67 85106126142152154150142131121115113116123131191023KZ1353154999999999999999999999 614 53194911399999999999999
137138133120101 80 61 50 49 61 81106131151162163155139121105 94 93101116191024KZ 044139143516499999999999999 731 482036 9399999999999999
133147154150134111 84 60 46 45 60 84114143165173168152128102 81 71 75 90191025KZ 2 815415 817399999999999999 831 442114 7199999999999999
114140161170164145117 85 58 44 47 66 95129159178180167141109 77 55 49 61191026KZ 3 8170153818199999999999999 921 432151 4999999999999999
 86118151175183174151119 85 58 47 55 79113148175187180157122 84 51 33 34191027KZ 35918316 81879999999999999910 5 472227 3199999999999999
 54 87127162185191178151117 84 61 56 70 99134167188190173140100 60 30 18191028KZ 4471911637191999999999999991046 5623 4 1899999999999999
 27 55 95136171190191175147114 85 69 71 90121155181192184158119 77 40 16191029KZ 53319317 5192999999999999991125 672341 1199999999999999
 12 29 63105145175189185167140112 89 80 88112142171188189171139 99 59 28191030KZ 61819017321919999999999999912 2 80999999999999999999999
 12 16 39 75114149173182175157133111 96 94107131158178186177154119 82 49191031KZ 7 3182175918699999999999999 018 111237 9399999999999999
 26 18 28 53 87121149166171163147129113105108124145165177176161135104 731911 1KZ 749171182617899999999999999 056 18131310499999999999999
 47 32 31 44 68 97124145157159152140127118114121135151164168161145121 951911 2KZ 839159185416899999999999999 136 29135111499999999999999
 71 53 44 46 59 791021231391481491451381291231221281381481551541461311121911 3KZ 942150192515599999999999999 220 44143912299999999999999
 93 77 64 58 61 70 861031201331411441431391331281261281331391411401331231911 4KZ111414420 814199999999999999 315 58155712699999999999999
111 98 86 77 71 71 77 881021161291391451461431361291241211221251271281261911 5KZ1246146214812899999999999999 431 70181812199999999999999
123116108 97 87 79 76 78 871001151301421501511461361251151081071101161221911 6KZ1340151999999999999999999999 6 7 75194310799999999999999
127129126118106 93 82 76 77 86101119136150157155145130113 99 91 91 991111911 7KZ 056129141715799999999999999 722 752026 9099999999999999
124134139136126111 95 81 73 76 88106127147160163155138117 95 79 73 79 941911 8KZ 2 8139144716399999999999999 816 732059 7399999999999999
113132146151145131112 92 77 71 77 94117140159169165149124 97 73 59 59 731911 9KZ 256151151316999999999999999 859 712129 5899999999999999
 96122145159160150131108 87 73 72 84105131155171173160135104 73 51 43 52191110KZ 337161153817499999999999999 936 712158 4399999999999999
 74105136159170166150127102 82 73 77 95120148169177170147115 79 49 32 33191111KZ 41417016 2177999999999999991010 732227 3199999999999999
 52 83119151171176167146120 95 79 76 88110138163178177159128 90 55 29 21191112KZ 4501771627180999999999999991042 762257 2199999999999999
 31 58 96134163179178162138112 91 81 85102128155175180169142105 66 34 16191113KZ 5261801651181999999999999991113 812327 1499999999999999
 17 37 70110147172181174155130106 91 87 98119145168179176155122 83 46 20191114KZ 6 31811717180999999999999991144 87999999999999999999999
 11 21 47 84123155174178166146123104 95 98113135158174177165138102 65 34191115KZ 642178174317899999999999999 0 0 111215 9499999999999999
 15 14 30 60 96131158172170157138119106103111127148165173169150121 86 54191116KZ 724173181017399999999999999 035 12124810299999999999999
 30 18 22 41 71104134156165162149134120112112122138154164166156136108 78191117KZ 812165184116699999999999999 115 17132611199999999999999
 52 34 27 33 52 79108133151158154145133123118121129141151156155144126103191118KZ 9 9158191715799999999999999 2 1 27141311899999999999999
 79 58 43 38 45 61 83107129145152151145136128123124129135141144143136123191119KZ1020152201514499999999999999 257 38152512399999999999999
106 87 70 56 50 54 66 84106126142151152148140131123119119122126131134133191120KZ1142152221613499999999999999 4 9 50173511999999999999999
127116101 84 70 61 60 68 84105126144155157152142129116106101103110119129191121KZ1249157999999999999999999999 535 59191610199999999999999
136137130116 99 82 69 64 71 87109132151162163155139120100 85 79 83 95113191122KZ 035137133716499999999999999 656 6420 8 7999999999999999
131145150145131111 90 74 68 74 92116141161171168154131104 78 61 56 66 86191123KZ 2 1150141617299999999999999 759 682049 5699999999999999
112137157164159142119 95 77 72 81102129155173179169146116 82 54 37 38 54191124KZ 3 4164145217999999999999999 852 722128 3599999999999999
 83116147169176168149123 98 81 78 91115143168183182164133 96 59 31 19 26191125KZ 358176152518499999999999999 939 7722 6 1999999999999999
 51 86125158178183172150123 98 85 87104130159180188179153116 75 38 14  9191126KZ 4461831558188999999999999991022 842245  899999999999999
 24 55 95135166184184170147120 99 90 97118146171187187169137 97 56 23  5191127KZ 53218616301899999999999999911 3 902323  499999999999999
  8 30 65106144172184180164141117101 98110133159180188180155119 79 42 16191128KZ 61518517 1188999999999999991142 97999999999999999999999
  6 15 42 79118151173179172155133114104106122145168182182167138102 65 35191129KZ 657180173218499999999999999 0 1  6122010399999999999999
 17 14 29 58 94128155170171162145127113108115132153170177171151121 88 58191130KZ 73817218 217799999999999999 038 13125710899999999999999
 36 25 28 46 75106134155164162152138123114113122139155166167156135108 811912 1KZ 819164183316899999999999999 116 24133511299999999999999
 58 42 37 45 64 891151381521571541441331221161181271401511561531411221011912 2KZ 9 415719 815799999999999999 154 37141911699999999999999
 80 63 53 52 61 791001211381491521481411311221181191251341411431391291151912 3KZ 956152195314399999999999999 236 52151811799999999999999
 99 85 73 66 67 75 891061241381471491471401311221161151181231281301281231912 4KZ105914921 613099999999999999 325 66165011599999999999999
114104 93 84 79 79 84 951101261391471501481401301191101051041081141201231912 5KZ12 4150232812399999999999999 431 78183810499999999999999
123119112104 95 89 87 90 99113128142151154150140126111 98 89 88 941041151912 6KZ1258154999999999999999999999 559 871940 8899999999999999
124129128123114104 95 90 92102117133148157158151136117 97 80 71 72 831001912 7KZ 127129134115999999999999999 715 902021 7099999999999999
117131139139133121108 97 91 94106123141156163161148126101 77 59 53 61 791912 8KZ 234140141616499999999999999 811 912056 5399999999999999
102125142151150140125109 96 91 97112132151165168159139110 80 53 39 39 551912 9KZ 322152144816899999999999999 857 912128 3799999999999999
 80110137155162157143124106 94 93103121143162172169152124 89 56 31 22 31191210KZ 4 4162151817399999999999999 937 9222 0 2299999999999999
 55 88122150167170160142121103 94 97111133156172177166140104 66 33 14 13191211KZ 4421711548177999999999999991014 932233 1199999999999999
 30 61 99136163176174159137115100 96104123146167179176157123 83 44 15  2191212KZ 5201771619180999999999999991050 9523 8  299999999999999
 10 35 72112148172180172154131111 99100114135159176182170144105 64 28  4191213KZ 5591801651182999999999999991126 982346 -299999999999999
 -1 13 44 84125157176179167147125108101107124147168180178161129 89 50 19191214KZ 63918017241819999999999999912 2101999999999999999999999
  1  3 23 57 96134162176174160140121108105115134155171178170148115 78 43191215KZ 72217718 017899999999999999 026  0124110599999999999999
 18  7 13 36 70107140163172167152134118109110122139157168170159137106 73191216KZ 8 6172183917199999999999999 1 8  6132410899999999999999
 44 24 18 28 51 83115143161167160146130117110113124139152159159148128102191217KZ 854167192716099999999999999 154 18141311099999999999999
 76 52 37 34 45 66 94122145159162155142128116110112120130140146147139124191218KZ 945162203214799999999999999 243 33151511099999999999999
105 84 65 54 52 62 80103127147158160153140126113106104108116125132136134191219KZ1039160221113699999999999999 338 51164310499999999999999
126113 97 82 72 69 76 91111132149159160152139123108 96 90 91 98108120130191220KZ1135161999999999999999999999 445 691825 9099999999999999
135133124112 99 88 84 87100118137154162162153137118 98 81 71 71 80 95113191221KZ 013135122916499999999999999 6 5 841933 7099999999999999
129140143138127114101 94 95107125144159168166153133109 83 62 51 52 65 86191222KZ 152143131916899999999999999 720 932024 4999999999999999
110133149155151140124109 99101113131151166173168152126 96 65 42 32 37 56191223KZ 3 615514 617399999999999999 822 9921 9 3199999999999999
 83113140159166161148129111102105119139159174178169147115 80 47 24 18 29191224KZ 4 4166145017899999999999999 9161022151 1899999999999999
 54 86121151169174166149128110103108125147167180180165137101 62 30 11 11191225KZ 45217415311829999999999999910 41032231  999999999999999
 28 59 96132161177178166145124107103113132155175184179157124 84 47 18  5191226KZ 53317916 91849999999999999910481032311  599999999999999
 12 35 70109144169180175159138117104105119141164181184172144108 69 35 13191227KZ 61118016441859999999999999911281032348  799999999999999
  7 20 48 85124155174178168149128110103108126150171182179160129 92 56 28191228KZ 64517817181839999999999999912 5103999999999999999999999
 14 15 35 66103137162174171157138118105103114134157174178168145113 79 49191229KZ 718174175017899999999999999 024 12124010299999999999999
 28 21 30 54 86120148165170162146127111103106120141160171169155130100 71191230KZ 749170182417299999999999999 057 21131510299999999999999
 47 34 34 48 73103132153164162152136120108104110125143157162156140116 91191231KZ 822165185916299999999999999 131 32135210499999999999999
