 88 79 9412516721225027126824521317714713213916319723426628227424319914919 1 1L0 721272191128399999999999999 052 79131213299999999999999
102 70 61 7811416321726429129026723018915213213716119623426728327123518519 1 2L0 82829420 528399999999999999 150 60141813199999999999999
132 83 51 46 6911316923028331130727923618814712713416119924027428526622319 1 3L0 922313205328599999999999999 240 44151412699999999999999
168112 63 35 38 7012118425030332631427923017713612113516821025228228525519 1 4L010 8326213528899999999999999 324 32155912199999999999999
204146 89 44 25 39 8013820527231933131026721316012411914318222626628927919 1 5L01050332221429099999999999999 4 4 25163911799999999999999
238181120 66 29 22 49 9816123029232832729524619014111612415720124528029119 1 6L01128333224929199999999999999 441 21171411599999999999999
266215154 94 45 20 29 6712318925630933031427221916412411413617622226429019 1 7L012 2330232229299999999999999 515 19174711499999999999999
285247188125 69 30 20 44 9215422028232032229324418914011311915119624127819 1 8L01234326235529299999999999999 547 19181911199999999999999
292271221159 98 49 23 31 6812418825230232230726621316012010912816721325619 1 9L013 3322999999999999999999999 617 22185110999999999999999
285284249193131 76 37 28 51 9915922328031431528523718313610911114018222619 110L0 029288133131999999999999999 647 27192410699999999999999
264281267225168110 63 38 45 8013319425329831429925920915811910411715019119 111L0 1 528114 031499999999999999 719 3720 110499999999999999
232263270247203150101 64 53 7011216522127130230427823418514011010512215519 112L0 145271143330799999999999999 754 52204410499999999999999
194230254255231190145105 79 76 9913918923727729528725721416913010610412219 113L0 232258151229699999999999999 836 74213510399999999999999
153189222243244224191154122102102123158200240271282271241200158123102 9919 114L0 33324616 028299999999999999 9301002237 9899999999999999
115144179212235242231206175147127123137165200234259269260232193151116 9219 115L0 45224217 22699999999999999910441232345 8799999999999999
 8710213116820523625224923020217214713514016119222425026325622918814410419 116L0 6212531811263999999999999991213134999999999999999999999
 77 69 8411615920524527127525822719115813613515318321724726525922918413419 117L0 739276191726699999999999999 050 69133513399999999999999
 88 56 47 6510415521026129430128224620215913012514417821725327326623017819 118L0 844302201627499999999999999 150 47144112499999999999999
121 69 34 26 49 9615522027931732329825520315312011714118022426428527322919 119L0 939325211128699999999999999 245 25153611499999999999999
169106 50 13  8 39 9315923129733633630425419614211011214318823527829827819 120L0103034122 229899999999999999 337  6162510699999999999999
225158 91 32 -4 -3 36 9616824631434934130124618312710111215019824929330719 121L01117351225130899999999999999 427 -9171110099999999999999
279218147 77 17-15 -5 41105181263329355336290230164112 9511615820926330519 122L012 2355233831599999999999999 516-171755 9599999999999999
312273207135 64  7-16  4 55123202284341352322270207142 98 9212116622027519 123L01244354999999999999999999999 6 2-161838 8999999999999999
312308262195123 55  6 -6 24 80150229303345340301244179120 86 9212617422919 124L0 025316132334899999999999999 645 -71921 8499999999999999
281310296246182114 53 16 18 55113182256316338319273214152101 80 9413117919 125L0 11131014 133899999999999999 727 1220 5 8099999999999999
233280298279231172112 62 39 51 92149213275317322293244186130 90 79 9713419 126L0 159298143832499999999999999 8 9 392051 7999999999999999
181231269281261220170121 84 72 89128179234280305299266218165117 87 81 9819 127L0 252281151830699999999999999 854 722144 8099999999999999
133176221253264250219179141114108123156197239272285275244200154113 87 8219 128L0 35526416 428599999999999999 9481072247 8199999999999999
 96126166206238253249229199169147138146169200231255265257230192151114 8819 129L0 51625417 42659999999999999911 11382359 7999999999999999
 79 8911615219322925325924822519717215615416719021623825124822719315311519 130L0 6502601820252999999999999991236153999999999999999999999
 85 71 7810314118622926327827124921718415914815617620322924724923019515219 131L0 811278193525199999999999999 111 7114 414899999999999999
110 76 59 65 9313618823928029829026322318214913514416819923125425623419319 2 1L0 911299203625899999999999999 215 5915 613599999999999999
146 99 62 46 56 9014019925630031429926321616813312313817020724326626323319 2 2L0 958314212526999999999999999 3 7 46155212299999999999999
185131 82 46 35 54 9715321727731632029424919614711711714318222426227926519 2 3L0103832322 527999999999999999 352 35162911399999999999999
223168111 61 31 31 6211317524129732431427722517012410612115720224728128719 2 4L01113325224128999999999999999 430 2717 210699999999999999
258205144 86 41 22 37 7913720326831332329725019414010610413317722627029519 2 5L01144324231429699999999999999 5 3 22173210199999999999999
284240180117 61 26 23 54107169237294321310271217160113 9511115019924928819 2 6L01212322234629999999999999999 534 2018 1 9599999999999999
298270215150 89 40 21 37 82142208271313318288238180127 93 9312317022126919 2 7L01237321999999999999999999999 6 2 211830 8899999999999999
298290247185121 65 30 29 63118182247299320303258202145 99 82 9813918924019 2 8L0 01930013 132099999999999999 631 2519 0 8299999999999999
282296272219157 98 51 33 51 98158222279314313277223166114 81 8111015520519 2 9L0 053296132731899999999999999 7 0 331931 7799999999999999
253285284249194136 85 53 51 83136195253297312292245189135 93 74 8612216919 210L0 129289135531299999999999999 732 4820 6 7499999999999999
217258279268229178128 88 69 80117169222269297295264214161114 82 74 9413119 211L0 210279142730099999999999999 8 9 682046 7499999999999999
176221255269255220176135105 95110146190234268283272238190143103 79 77 9719 212L0 25926915 628399999999999999 854 952135 7599999999999999
133176216247260250223189156132124135162196229254263251220179136101 79 7619 213L0 4 3260155726399999999999999 9561232238 7599999999999999
 94126166206238257257240213184160146147163188215236247240216179139103 7719 214L0 52925917 92479999999999999911251452355 6999999999999999
 69 8111015019323326227326524321318215714715317319822324124322519014610419 215L0 7 427318362449999999999999913 7147999999999999999999999
 71 55 61 8913218223227329529327023419315713613715718722024625724220415319 216L0 824297195625799999999999999 114 54142813499999999999999
103 60 36 38 6911817623628931831628724319214611912114718522626227826121619 217L0 92632121 127899999999999999 225 33152611699999999999999
157 97 46 16 19 5411017624630733833029224018112810111014419023928330027719 218L01017339215630099999999999999 325 13161410099999999999999
222155 89 31 -1  7 50111183261325349331285225160106 8710614820025730531719 219L011 2349224631899999999999999 418 -31658 8799999999999999
283220149 78 18 -9  8 58123201282340350319266201133 85 7810815621427732219 220L01143352233232999999999999999 5 6 -91739 7699999999999999
323279212139 66 11 -5 23 78147228305347340296237168104 68 7511416723029319 221L01220350999999999999999999999 550 -61819 6699999999999999
330318267199126 57 13 13 52111182260323344318265201133 78 58 7812318124619 222L0 016332125434499999999999999 630  71857 5899999999999999
304327303249182114 56 29 44 90151220288329327287228163101 60 56 8613519419 223L0 059327132633499999999999999 7 8 281935 5399999999999999
257304313283229168109 66 56 83131190251301320299251192131 80 55 63 9814819 224L0 143315135832099999999999999 745 552014 5499999999999999
205260293293262215162116 89 92122168219267297297267218163111 73 61 7511019 225L0 229298143030199999999999999 824 862057 6199999999999999
157208252276274248210169135120127154191230262276267237194147106 80 73 8719 226L0 32327915 727799999999999999 9101192148 7399999999999999
118158202238259261245218188163151154171196222242249241217184147114 92 8519 227L0 43426215572499999999999999910171502257 8599999999999999
 9411815218922324825825423621319017316617118420221822722521218815712810419 228L0 61125917242289999999999999912 6166999999999999999999999
 91 9210913917621424626727125923520718016215616418120021722622120117113819 3 1L0 745272191222699999999999999 025 90135315699999999999999
108 88 82 9612716821325428329127724620917214513614616919722324023821517919 3 2L0 850292202624299999999999999 147 82145613699999999999999
139101 75 68 8512116922227130230528224319615212312013917120824226125422219 3 3L0 937308211626299999999999999 248 67153811899999999999999
177129 86 57 55 8112618124029131630827322517112610511314518723126828126219 3 4L01015317215528199999999999999 334 53161210499999999999999
218163109 65 42 52 88141202264309320296251196140102 9511916121126029229219 3 5L01047321222929799999999999999 412 411642 9499999999999999
257202142 85 45 36 60107166232290320311273219160109 85 9713418423928730819 3 6L0111632223 230899999999999999 445 341710 8599999999999999
289240178115 61 33 42 81136201266312319291241182124 84 7910715521026730719 3 7L01141321233431399999999999999 515 321738 7699999999999999
309273214149 88 44 34 62113174240297321305260202142 91 68 8312517823729019 3 8L012 5322999999999999999999999 544 3318 5 6899999999999999
315297247184121 66 39 51 94152215277316316278222161104 67 65 9714620326119 3 9L0 0 6315122932199999999999999 612 381833 6199999999999999
304310276219156 98 56 49 79132193254302319294241181122 74 55 7211517022719 310L0 039313125431999999999999999 641 4719 2 5599999999999999
280308296252194135 86 61 72115171229280310304262202142 90 57 55 8613619219 311L0 113309132031399999999999999 712 601933 5199999999999999
246289302279232177127 90 80103149202252289300276226167113 71 52 6410215319 312L0 151302135030099999999999999 748 7920 8 5299999999999999
206255287291265222175134108108133175219257279277246197144 98 67 58 7411219 313L0 236293142528299999999999999 8311042051 5799999999999999
160210252278280259225187154135135155186218245258252225183139100 74 67 8119 314L0 335283151225999999999999999 9291322151 6699999999999999
113155200240267275265241211182162154162180203224237236218187150114 87 7319 315L0 45527516272389999999999999910591542314 7399999999999999
 79102139181223258278280266239208180160154162181203223234229208173133 9819 316L0 6372821815234999999999999991254154999999999999999999999
 74 67 8211516020925428830229226322518415113413916019122224725423719815119 317L0 8 4302194925599999999999999 050 67141713399999999999999
104 67 49 58 9314420125830432431127522717513111011814818923327128526521819 318L0 9 6324205628599999999999999 211 49151210999999999999999
161104 55 30 40 80137202270323339318272215154105 8810614619725329931328519 319L0 954340214931499999999999999 313 301557 8899999999999999
229164 98 42 18 34 81143215288338343310256191125 79 7310315221227732533119 320L01036347223733599999999999999 4 5 181638 7099999999999999
291229159 88 33 17 44 96161237309346334288227158 93 58 6710816423130034219 321L01114347232134599999999999999 450 161717 5699999999999999
334286220148 77 31 30 67123191266327342312256191121 64 46 7011918125331819 322L01148343999999999999999999999 531 241754 4699999999999999
347325271204133 70 40 55100159227294334326280218151 86 44 44 8013520127319 323L0 0 3347122033799999999999999 6 9 401829 3999999999999999
328339307251186121 72 61 89139198261312327298242178113 59 36 53 9715522219 324L0 044341124932799999999999999 645 6019 4 3699999999999999
287326323285230170115 84 90126176231283312305263204142 86 48 43 6911717619 325L0 125330131831499999999999999 721 821939 4099999999999999
239291314302264214162122107122159205251286295273228173118 75 53 59 9113719 326L0 2 8315134829699999999999999 7581072016 5299999999999999
192246285297283250208167139134151182218251270266240200153111 80 70 8111019 327L0 256297142127199999999999999 8431332058 7099999999999999
152199242271280270245213182162158169189214234243236216186151120 98 9110019 328L0 35728015 524399999999999999 9451582156 9199999999999999
12215619422925526826725222820318317317218119520921721620718916413911910919 329L0 5232691627218999999999999991133171232610899999999999999
11012314918221624526627426624621919317216016117218720221321620718615913419 330L0 7 12741846216999999999999991328159999999999999999999999
11510711313616920724427428828225822418815713813815417920522723823120517119 331L0 81228920 723999999999999999 1 7107143013699999999999999
137109 94 9912416320825428930329025721416913211512314918522325426625121619 4 1L0 9 1303205726699999999999999 217 93151011499999999999999
172128 93 77 88121168221272306311286242190139104 9811915920625228528826019 4 2L0 938313213629199999999999999 3 6 771543 9699999999999999
213160110 73 65 87130185243294318307268214157107 83 9212817823428431029819 4 3L01010319221131099999999999999 346 641613 8299999999999999
256199140 87 59 64 99151211271313319289239179120 79 72 9914620426531132119 4 4L01038321224432399999999999999 420 571641 7099999999999999
292239177115 69 55 78123181244298322305260202140 86 61 7411517023329332719 4 5L011 4322231732999999999999999 451 5517 9 6199999999999999
318275215152 93 60 65103156216277317317279223161102 61 56 8713719726231519 4 6L01129322235033199999999999999 521 571737 5399999999999999
330303250189127 78 63 88136192252303321296243182121 69 46 6210716322728819 4 7L01155321999999999999999999999 551 6318 5 4699999999999999
327322281225164108 75 80119172228282315309264203141 85 47 44 7813119125419 4 8L0 024330122231899999999999999 622 721834 4199999999999999
307328307260203146101 84105151204256297310283227164105 59 38 53 9815521619 4 9L0 059328125031199999999999999 656 8419 6 3899999999999999
275315321291242189139106104134180228270296291252194134 83 49 42 6811717419 410L0 138323132229899999999999999 7331011942 4199999999999999
233284313310279234186146124129157197237268280266225172119 77 53 55 8312919 411L0 224316135928099999999999999 8191222026 5099999999999999
183236280303300274237197164146149170200229251258244211167124 89 69 70 9219 412L0 322305145125899999999999999 9201452127 6699999999999999
131178226267291295279250217186165159168187209229239235214182145111 88 8019 413L0 44029616132399999999999999910521592254 8099999999999999
 9212116220825028329829327123820317315515216418521023124123521117513710419 414L0 6152981810241999999999999991241151999999999999999999999
 84 8310314218923828130731028925320916713712613816620123626226724620515819 415L0 737312194226899999999999999 034 81135712699999999999999
114 80 69 86125177234287322326299254201148110 9911815620325329230127522719 416L0 836328204530299999999999999 155 681450 9999999999999999
171115 72 56 76120177240300336331294241179120 81 7910915721627732232729319 417L0 924339213733099999999999999 256 561533 7599999999999999
237174111 63 52 79128189256316342324276215148 88 57 6911016723530334534019 418L010 4342222334999999999999999 346 511613 5699999999999999
297236169103 61 60 96148210279330338303246181113 59 44 7012018425832535619 419L0104034123 735799999999999999 430 551650 4399999999999999
339289226158 96 66 80122176239301335322273211144 79 39 42 8013620528134019 420L01113336234835699999999999999 510 661726 3599999999999999
355326273210144 93 81107153209268317328296238173107 53 31 50 9715823030119 421L01145330999999999999999999999 547 8018 1 3199999999999999
345345308254192133 98102137186239291320309263201137 78 39 36 6812018425419 422L0 029351121532199999999999999 623 951835 3399999999999999
314341328287233175128110127166214262300308281228167108 61 40 52 9114621019 423L0 1 9341124430999999999999999 7 011019 8 4099999999999999
273317329308267215166132128151189233271292284249197142 92 60 54 7511717119 424L0 150330131529399999999999999 7381261943 5399999999999999
230281311313290251206166145148170203238264272256220175129 92 73 7610114019 425L0 234316134927299999999999999 8231432021 7299999999999999
189239278299297277243206176161163180204229245246231203168133106 9510012119 426L0 326301143324899999999999999 9201602110 9499999999999999
15519623626828528627124521418817316917719221022322621820117715012811711819 427L0 4332881546226999999999999991047169222511699999999999999
13215719122725627628327525322419617516216217319020621822221619817314913219 428L0 5582831756222999999999999991233161999999999999999999999
12513015018121725027628828326122819316314414015317720322724224122319416219 429L0 714289192924499999999999999 0 7124134213999999999999999
13611911913917321325328529929126122017714011811914117621525027126924420519 430L0 8 9300202527399999999999999 130117142811699999999999999
164128106107133173220265299309290250200150110 9410714118823828030028925219 5 1L0 85031021 830099999999999999 22710415 3 9499999999999999
204154112 92102136183236285314311278227170117 82 7910615321026831032029619 5 2L0 924317214632199999999999999 311 921536 7699999999999999
249193137 97 86108150203260305321300253195135 85 63 7611717323729733232719 5 3L0 955321222233599999999999999 348 8516 6 6299999999999999
290235175119 87 91124173230285319315276220158 99 59 55 8513619826632234219 5 4L01024323225834299999999999999 423 841636 5299999999999999
321274216155105 87106149202258306322297244183121 69 44 5910316022629333819 5 5L01053323233334599999999999999 457 8717 7 4499999999999999
341307255195136 98 97130178231284318313269208145 87 46 40 7212418625431619 5 6L01123321999999999999999999999 531 921738 3899999999999999
345332289234176124100115156206257301317292236172111 60 34 46 9014821327919 5 7L0 010346115431899999999999999 6 61001812 3499999999999999
330344319272217162120111137181230276307305265204141 85 44 34 5910917123619 5 8L0 049345122831199999999999999 6441101848 3399999999999999
297336337306258205156126128158200244282300285240180121 72 42 43 7512718819 5 9L0 13234213 530099999999999999 7261231929 3899999999999999
251304333328296251202160138144172209247276285265222168116 74 52 58 9014019 510L0 221335135028599999999999999 8161372018 5199999999999999
197254301325320291251207170151155176206236260267252217172127 91 71 7510119 511L0 318326145026799999999999999 9201502122 7099999999999999
144195248291315315293257217182159155167190217241254250227192152117 93 8819 512L0 42931816162559999999999999910451542244 8899999999999999
10514018623627930831530026722718715714214616719622725226225122218314411219 513L0 54831618 0262999999999999991216141999999999999999999999
 9610213117522427230832130827422918214211912114418122226128428225421216619 514L0 7 1321192528799999999999999 014 95132611799999999999999
124 98 97124168219272313329313272220165118 92 9712917522828031231228023219 515L0 759329202931699999999999999 131 941419 9099999999999999
179128 96 94123169224279322333308259200139 89 68 8312317924330333833229519 516L0 847334212134099999999999999 232 9115 4 6899999999999999
241182127 95 98132181237293331329291235172109 63 52 7912919126332635534019 517L0 92833522 835599999999999999 323 921545 5199999999999999
297240178123 98111150199256308333315266205140 80 44 48 8614221028534336019 518L010 5333225336199999999999999 4 8 971624 4199999999999999
337289230168120107130172223277319327293236172109 57 36 5510116223330535219 519L01040329233536099999999999999 44910617 1 3699999999999999
356324274214156120121152197247295323311265204141 82 43 39 7012218625832219 520L01114324999999999999999999999 5281151736 3699999999999999
354345307254196146124138175221268306316288235173113 64 40 51 9114821428119 521L0 016355114631799999999999999 6 51241811 3999999999999999
332348329286232178140133156196241282306300261205145 92 55 48 7111717624119 522L0 055348121830899999999999999 6431311844 4699999999999999
299335337310265212166141145173213254286296277234179125 81 59 65 9614520419 523L0 134340125229699999999999999 7211391918 5899999999999999
262309330322291246198161147158186222257279278253211162116 84 73 8712217019 524L0 213331132928299999999999999 8 31471955 7399999999999999
224275309320306274232191163155167192223250264258234198157120 97 9411114419 525L0 256320141426499999999999999 8531552039 9399999999999999
18823527730230829326422619116816116918821323624724422619816513611811512919 526L0 346308151724899999999999999 957161213811499999999999999
15719523627129329828626022619316915816017519822123624023221218515713813119 527L0 4482991651241999999999999991118157225913199999999999999
13916119423126528729528626022519016114414315718321223625125123520817715219 528L0 5582951831253999999999999991235141999999999999999999999
13713815618922726228829928825921917814312212214217521424927327726022718919 529L0 7 1299194127899999999999999 027135133111999999999999999
155134132151186228267296305289252204156117 9810413417822727230030127723719 530L0 751305203330499999999999999 1361301415 9799999999999999
191150125125150190236279308309281234180127 89 78 9613719024929932531828519 531L0 832312211732699999999999999 2301221453 7799999999999999
237184139117125157202252295317305264208149 97 65 66 9814921027432434232419 6 1L0 9 9317215834299999999999999 3141161528 6199999999999999
282228172128114132172220271310319291238178118 70 49 6510916723329934334819 6 2L0 944320223835199999999999999 35511416 3 4999999999999999
320272215158121118147191241290320312269209146 89 48 42 7312518725732035419 6 3L01020322231835699999999999999 4341151639 4099999999999999
347310258200146119129166212262305322298244180118 64 35 43 8514220928033719 6 4L01056322999999999999999999999 5131181717 3399999999999999
359340298243185138123144185232279314317280219154 94 47 30 5110016123029919 6 5L0 0 0359113432199999999999999 5531231757 2999999999999999
348358331285229174135131159201247290316306260197134 77 38 32 6311618025019 6 6L0 044359121531799999999999999 6361291839 3099999999999999
314353353321272217166137141171212256294310292243182122 71 40 43 7813319719 6 7L0 12935813 031099999999999999 7221341925 3799999999999999
265323352345310261208163141148177216256289299279233177122 77 53 60 9614819 6 8L0 217353135130099999999999999 8141402016 5299999999999999
210273323345335300253204163144150176211248277287270232183134 94 74 8111219 6 9L0 310346145328799999999999999 9141432116 7399999999999999
160218274318336326294249202163143145165197233263278270242201157120 9910119 610L0 4 833616102789999999999999910251412226 9799999999999999
12516721927030932832029024619915913413014717921725327728126222718614812219 611L0 5123281740282999999999999991140129234611599999999999999
11613317021626330232331728724219314811811012616120424928529928725521317119 612L0 61732419 2299999999999999991248109999999999999999999999
138125137170214260300322315282233180130 96 8810914920025530032131127823319 613L0 716323201032299999999999999 1 21251345 8899999999999999
186147129140172216262303323311272218161108 74 71 9914620526831934132829219 614L0 8 832421 634199999999999999 2 71291435 6999999999999999
243191148131144179223270310324302255197138 86 57 63 9915321728533735433619 615L0 854324215635499999999999999 3 21311519 5599999999999999
294242187145134153191236282317320287234173114 66 48 6410816723530435035819 616L0 935323224236099999999999999 35013316 1 4899999999999999
332287232177142139166206252295320310267209148 92 53 47 7512418725732135719 617L01014321232436099999999999999 4331361640 4599999999999999
354321271215165140149182224269306318294243183124 74 47 55 9214621128033519 618L01051319999999999999999999999 5131391717 4699999999999999
357342303250195154142161199243285312310274218157102 62 49 6911517323930219 619L0 0 4357112631699999999999999 5511411752 4999999999999999
344351325280226176146147175217260296312295250192133 85 57 59 9114220326719 620L0 04135312 131299999999999999 6271421826 5499999999999999
320347339304254202160143156190232273301304276226168114 75 61 7711717223319 621L0 116348123630699999999999999 7 31431859 6199999999999999
291331342322281230182150145166202243278297289255204151104 76 7510114620219 622L0 149342131429899999999999999 7401441933 7299999999999999
259307333330302258209168147150173209246276287272237190143106 89 9612717219 623L0 223336135628799999999999999 8221452012 8899999999999999
22527631332731528324019516114615317620824226727425922818814912010912015019 624L0 3 1327144927499999999999999 911146205910999999999999999
19223928231031630026822718715714515017120123225626425523119816514013114019 625L0 346316155826499999999999999101014422 013199999999999999
16620224327930230528925821918115113714115918922224926426224521818716114919 626L0 4403061724265999999999999991118136231814899999999999999
15217220324027329529928425221217214012312514517821625127428026724020717719 627L0 5433001847280999999999999991223121999999999999999999999
15715517020023627029329828124620215712210310813417321926329430328925922119 628L0 644299195330399999999999999 039153131810299999999999999
183157151166198236272297300278236186137 99 83 9412817623128231732530627019 629L0 737302204732699999999999999 14615014 6 8399999999999999
225181151145165200242281305303271221165113 76 65 8612918524730333934131519 630L0 825308213534499999999999999 2421441450 6599999999999999
272221173143143169209253293314302259202142 89 55 54 8413619826532435535019 7 1L0 9 9314222135799999999999999 3301391533 5099999999999999
316267212163137145178221268306320297244181119 68 40 48 8814621328334136619 7 2L0 95332023 636699999999999999 4151361617 3899999999999999
352311258200153135151190235282318323288228162100 50 30 48 9515822830135519 7 3L01038325235137199999999999999 5 013517 2 3099999999999999
370348302246187144135160202249295326321277213145 84 38 26 5310717224631819 7 4L01123329999999999999999999999 5441341748 2599999999999999
365370339289230173137138168212260305330315265199133 73 34 31 6612319126619 7 5L0 036373121033199999999999999 6291331833 2799999999999999
334370363326273213160132141175219268311328306253189125 70 39 46 8514421319 7 6L0 120372125832899999999999999 7151311920 3799999999999999
286344368351309254195148129143178222270309320295244184125 77 55 6911016819 7 7L0 2 3368134932199999999999999 8 312920 7 5599999999999999
235300347358335290235180139127142176220266301309286241188136 96 82 9713719 7 8L0 248359144531099999999999999 8551272059 8299999999999999
19125130634034331627121816813312313716921225628929928224620115712411212619 7 9L0 335346155229999999999999999 953123215811299999999999999
16020725830332832730025720716012711612815819924227729428726122418515514119 710L0 4273311713294999999999999991059116231014099999999999999
14817521425729431531328824719915412010511414318523127229730028225021318119 711L0 52631718373029999999999999912 7105999999999999999999999
161161181213250284305305281240192146109 9210013017422527430931930427323519 712L0 630309195331999999999999999 0301581311 9299999999999999
197170164179209245279302303277234184135 96 78 8812217122828432533732228819 713L0 732305205533899999999999999 14616314 8 7899999999999999
245200169160176207244280304302273226172121 82 67 8312217623930034135133119 714L0 827307214735299999999999999 2491601459 6799999999999999
291242194161156176211250287309301265212156105 69 61 8413018925531735435619 715L0 916310223335999999999999999 3401541544 6099999999999999
328282229180152155183221263299313296251194138 89 59 62 9514620927633336019 716L0 959313231336199999999999999 4241501626 5699999999999999
350314264209164147161195237279310314284232173117 74 55 7011216923329934619 717L01038317234935999999999999999 5 214717 3 5599999999999999
358336292238186150146172212256296318308266208149 97 62 58 8713619726232119 718L01114319999999999999999999999 5371441737 5699999999999999
353349314264210163141152187231275310320295244183125 79 58 7011116723029319 719L0 022356114832199999999999999 61014118 8 5899999999999999
339353331287233181144138161202249291317313275218158105 70 65 9214220226419 720L0 052353122232099999999999999 6421361839 6299999999999999
319348342307257202156133141173217263301316298252195138 93 72 8212117623619 721L0 120350125831699999999999999 7141321910 7199999999999999
294335346323279226175139129147184228272302305279231177128 94 8710915420919 722L0 148346133730899999999999999 7491281944 8699999999999999
26531333833229925120015512913015419123427329529126221817213110911113918319 723L0 218340142229799999999999999 828126202410699999999999999
23428331832931227422818114312613215719323326728527925421717914713213916519 724L0 253329151628699999999999999 914125211213199999999999999
20424728631031229125421016913712413115519022726027827625822819717015716119 725L0 33531416252799999999999999910 8124221715699999999999999
18121324827929729627624120016113211812414718222025527828427324922019317519 726L0 4282991749284999999999999991111118234117299999999999999
17218621124026828628726923619515512310711213517221425628730129527324321019 727L0 5342891911301999999999999991217106999999999999999999999
184173180202231260282286269235190146110 91 9512216421426430332331829425819 728L0 644287201832499999999999999 1 61731319 9099999999999999
217183166170193226260286293275235184133 93 72 7811116021827632234533830719 729L0 748294211534699999999999999 2171651416 7199999999999999
263215174154162190228268298305281233175119 74 53 6410316022529034136335019 730L0 84530622 636399999999999999 3131541510 5299999999999999
311260206161143157193237280313317286229164104 57 37 5510216423430535837419 731L0 938320225337599999999999999 4 214316 2 3799999999999999
352307250191147136158200248295329327286222153 90 42 27 5310717324832237219 8 1L01028333233838199999999999999 4481351651 2799999999999999
378346295234173134132163209260311342331281212142 78 33 27 6111918926834119 8 2L01116343999999999999999999999 5321281738 2499999999999999
380373332276212153122131169218272324349328272202132 69 32 37 8014121329219 8 3L0 02038212 434999999999999999 6151211823 2999999999999999
356380358310250186133114133174226283332347318260193125 69 44 6010817024219 8 4L0 059380125034899999999999999 65811319 6 4499999999999999
315364369336283221159116109135179233290332338304249186125 80 68 9314220319 8 5L0 137373133834099999999999999 7411071948 6799999999999999
27033036035030925319213810710813818323628932332329124118613610310212917619 8 6L0 214361142932799999999999999 8261032033 9899999999999999
23228833134532428122617112510311013918323328030930828324219715813513716219 8 7L0 253345152931299999999999999 915102212513399999999999999
20224829131932229925720815912210511113817822426729429928325421818716816719 8 8L0 3363241643300999999999999991013104223216599999999999999
18521525028130030028024420015712410711013216921225428630029427424521519319 8 9L0 4313031813300999999999999991121106999999999999999999999
18519221223826428128527124020116112710610412315720024628631031329726923619 810L0 543286193831499999999999999 0 2185123510299999999999999
206187186200223249271280272245206164126100 9511214819524729532633231528219 811L0 7 4280204533399999999999999 1351841345 9499999999999999
242204177172186212243271286279250207161119 90 8410514619925731034334732319 812L0 813287213634999999999999999 2451711443 8399999999999999
282234189161159180213249282298287250201150106 77 7710515221127432835735019 813L0 9 7298221835899999999999999 3351571531 7399999999999999
317268215169147154184224265299310288242187133 89 67 7711416823129634536119 814L0 951310225536199999999999999 4141461612 6699999999999999
341298244189149139160198243287316315280225166112 73 63 8613319225831935619 815L01028320232736099999999999999 4471381648 6299999999999999
354320269213161134140173219267309328310262201141 91 63 6910616122428934019 816L011 2328235535799999999999999 5181321719 6199999999999999
357336291235179137126149192241290326329294237174116 74 63 8713619526031919 817L01135332999999999999999999999 5481261749 6299999999999999
352347309256198147120128163212263310333318271209148 96 68 7611617223429619 818L0 02135512 833399999999999999 6161191817 6799999999999999
341352325276218162122113136180231283321328298244184127 87 7710215221127219 819L0 045353124133099999999999999 6461121847 7699999999999999
324349337294239182133107115150197248296322314275220164117 91 9913618924719 820L0 110350131732499999999999999 7161061918 9099999999999999
30033734031025920315111410412416421226130031429625420415712111012917122219 821L0 136343135631499999999999999 749103195211099999999999999
27231333231827822617413010610813517622226629730328124320116313913716019819 822L0 2 5332144230499999999999999 825103203413499999999999999
24228230931329124920115512110611414218222526428929327624621218216416418219 823L0 240315154029599999999999999 9 9105213016199999999999999
21324627529229126823018814912010811614217921925628329228226123420718818319 824L0 32529416582929999999999999910 6108225318399999999999999
19221223725927427425722518815112210711113316720824828129930028526023120519 825L0 4312761831302999999999999991119106999999999999999999999
189187199219242261269260234197157122100 9711515019524228531432331128324719 826L0 559269195532399999999999999 0371861239 9699999999999999
210182172181203233260277275251209162118 87 77 9413218524229533434833329719 827L0 725279205734899999999999999 2 21721353 7799999999999999
250203167152164195233270296298269219162109 70 56 7512118124630935536634319 828L0 834301214936799999999999999 3 21521456 5699999999999999
298243187146135155195242288320320283223158 97 52 39 6511818425732737237519 829L0 931325223437999999999999999 3491341550 3999999999999999
341287225165125123154202255309343336288221150 85 39 32 6712619627434538219 830L01021346231538399999999999999 4331191639 2999999999999999
371326267200139107118158212272330360341285214141 75 34 39 8214421729736119 831L011 8360235338299999999999999 5141061724 3099999999999999
382355302238169113 95119166223288346366336274204132 70 42 6010917324732219 9 1L01153366999999999999999999999 554 9518 6 4299999999999999
370370329270203137 92 90124175236303353360322260192125 74 63 9214520827919 9 2L0 029376123836399999999999999 633 861846 6199999999999999
340367346295233167109 80 91132186249312350345304246184126 91 9413118324319 9 3L0 1 3367132335499999999999999 712 791925 8899999999999999
303346349315260198137 92 79 9914219725831233832628723618213811813116821619 9 4L0 135353141033899999999999999 752 7820 511899999999999999
268313334322281227171120 89 8611015220425930332030827623419216015116519719 9 5L0 2 933515 432099999999999999 835 83205315199999999999999
236275303310291253205157118 97 9912115920525228730329827524421218918118919 9 6L0 246311161330499999999999999 925 95215818199999999999999
21023826428128226523519715912811111112715819823927329329728626323721420019 9 7L0 3342831744298999999999999991031109234119799999999999999
19720722324125526025223320417214312311712615018622626429330730428525722819 9 8L0 4552601917308999999999999991157117999999999999999999999
20318918920121923725125524421918715512811311613817521926530332432330126619 9 9L0 647255202532799999999999999 131187132111299999999999999
22719217016718120623425827026223419615612210210412917122227532034233430319 910L0 8 7270211434399999999999999 2381651425 9999999999999999
259211169147150174209246279292277240194147107 86 9412817823529433835233319 911L0 859292215335299999999999999 3211451514 8699999999999999
291238184143129146182226271304310282234180128 88 75 9513919525831735235019 912L0 940312222735699999999999999 3551291553 7599999999999999
316265206152121123155200252299326317275218158105 72 7410816022228633835519 913L01015327225635599999999999999 4251171627 6999999999999999
334287229170123108129173226281325337310256193132 85 67 8613219025531535019 914L01048338232235399999999999999 4541081658 6799999999999999
345306251190134103108144195253308341334290230166109 73 7511116622729033819 915L01120343234635199999999999999 5211001727 6999999999999999
350321270210150105 93118164220279328343317264201140 92 76 9814620426632119 916L01152344999999999999999999999 548 931755 7699999999999999
348333287229168115 87 96135187245302337333292235175121 89 9313118524329919 917L0 0 9348122434099999999999999 616 861824 8599999999999999
338340304247187131 91 82109156211268316334314266210156114 9912116822227619 918L0 033344125733499999999999999 643 811854 9999999999999999
320337316266206149103 79 8912817923428632132329324519414812012215320125019 919L0 058337133432799999999999999 712 78192711799999999999999
294322319283228171121 88 8010314719825029431731027723419015513914918222419 920L0 125325141631899999999999999 745 7920 713999999999999999
264295307291250198148109 87 8911716020825529130829927223620117416417419919 921L0 15830715 930899999999999999 824 8521 116499999999999999
231260280283265228184143111 9510012416220624828229929727925222319918518719 922L0 240284162330199999999999999 917 94222318499999999999999
20122224225826125022418915412410610412115219123327029630429727624821919719 923L0 34626218 1304999999999999991035103999999999999999999999
18518720021923825125223721017413911210010613117021626229932132130126822919 924L0 534253193132399999999999999 0201851211 9999999999999999
194170163175200229255270265238197152112 87 8410715020426031034134431927619 925L0 717271203534799999999999999 1501631337 8299999999999999
225178144137155191232273299298265214157105 69 62 8914020126732636135832219 926L0 828303212436499999999999999 2461361442 6199999999999999
268208151116115146192246298331326283221156 95 54 49 8414120928134537335719 927L0 92333422 737499999999999999 3311111536 4699999999999999
309247180121 91104146202265326358342289221149 84 45 51 9415522630236037319 928L01011359224637599999999999999 411 901623 4299999999999999
341284217146 91 75102153216287349372344284214140 77 49 6711718025232436719 929L01056372232137199999999999999 450 7517 5 4899999999999999
360313249180112 68 69108165233307364373334272202131 78 65 9614921228134119 930L01140376235536399999999999999 528 631745 6499999999999999
362335277211142 82 55 72120181252323367361317256190126 88 921311852453071910 1L01223370999999999999999999999 6 5 551824 8499999999999999
347344301238172109 63 54 841361992693313593422972401791291081251672192731910 2L0 02635213 635999999999999999 642 5219 110899999999999999
319338315264202140 87 58 651011542162813293433212792271761411341581982431910 3L0 057338135134399999999999999 719 56194113399999999999999
286315314281230173120 81 67 831211722292833183243032662231841611621832161910 4L0 128319144132599999999999999 757 67202715899999999999999
252281294283250205158117 91 871051391842332763023072922632302001831831971910 5L0 2 3294154230899999999999999 841 86213018199999999999999
2192432612652532281951591291111091221501872272632882972912712442192001921910 6L0 24726517 529799999999999999 939108231519299999999999999
1952062212332392362232011751501331261311491792152502792972992852612322061910 7L0 4 923918383009999999999999911 7125999999999999999999999
1871781821952112262352342211971711471311271391672042442813073132992702331910 8L0 627236194931499999999999999 1 9178124612699999999999999
1961671531581772032302522582452171821491231141261582012482923223263042651910 9L0 751259203932899999999999999 213153135711499999999999999
218173139129143174212251280285264225181138107 99118158208263311337330295191010L0 842287211833899999999999999 2531291448 9899999999999999
245190141112113142186236282310305271221167119 89 90121170227286330343319191011L0 922312215034399999999999999 3261081528 8699999999999999
272213154108 93112154209267314332311263205145 98 78 94137192254311342335191012L0 957332221834499999999999999 356 9316 3 7899999999999999
294237174117 83 87123176238299338339302245181122 83 81112163223285331341191013L01030344224434399999999999999 424 801634 7799999999999999
312259196133 86 71 94143203269325349330281220156103 81 97141197258313340191014L011 334923 934099999999999999 452 7117 4 8199999999999999
325278217154 97 66 73112168232296341345310254193134 94 92125176233289330191015L01135348233433799999999999999 519 641733 8899999999999999
333295237174115 71 60 87137196261318345329284227168119 97114158211266312191016L012 7345235933299999999999999 546 5918 3 9799999999999999
332310257194134 83 56 67108164225286330338308258204151115112143191242289191017L01241340999999999999999999999 613 55183510999999999999999
320317277216154101 63 55 83133191251304333325288239188145123134172218263191018L0 026324131733499999999999999 643 54191012399999999999999
298312291241180125 80 57 65103156212268311327311274228184151141158193233191019L0 05631214 032799999999999999 716 56195214099999999999999
268291291262212158110 76 65 80119170223272307317302269230193167160175202191020L0 130294145231899999999999999 756 65204816099999999999999
232258272267240198153114 87 79 94128172220264296309300275243211186175179191021L0 21627316 330999999999999999 851 79221217499999999999999
195216236249249233203168133107 95101125162205249285305307291263229198177191022L0 3302511735308999999999999991011 94999999999999999999999
168174191213233245244227197161128105 98111142186234278309321310280240199191023L0 52624619 132199999999999999 0 41681152 9899999999999999
164144145165195228257270262231188144108 88 92123170225278321338325288238191024L0 7 827120 433899999999999999 1271421319 8699999999999999
184138113117146188236281305298260208153104 74 77112165226288336351328280191025L0 817307205335199999999999999 2221111425 7199999999999999
220158106 83 97138193254310339325278217153 96 64 73114172237303349353316191026L0 910339213535799999999999999 3 6 831517 6399999999999999
258191123 73 61 90142206278339362338284217148 89 64 82130189257321355341191027L0 958362221335699999999999999 346 6016 4 6499999999999999
291225155 88 48 52 93153225301359371337278210140 87 75104155215280335350191028L01043373224835199999999999999 425 441646 7399999999999999
317257188118 59 34 54105170246322369366325265198132 92 95133185243302340191029L01127374232134399999999999999 5 2 341726 8899999999999999
333285219151 85 39 33 66122190267335367352306248184128105121163214269316191030L012 9367235333299999999999999 539 3018 410599999999999999
332306249183118 62 33 43 85144213285340356332286229172130123148191239285191031L01251356999999999999999999999 615 32184212199999999999999
316313273214152 94 52 40 631091692352983373403122662141661391431722122541911 1L0 025319133434399999999999999 650 40192213799999999999999
288302284241185130 83 57 59 881351922513013263212932512051681531611882221911 2L0 057302141932899999999999999 726 5420 715299999999999999
255277278255214166121 87 74 831131572082582953123052792432051771671741931911 3L0 133280151131299999999999999 8 5 7321 416799999999999999
219242255251230198162128104 971081341712142552852982942742442121881761761911 4L0 217255161629999999999999999 854 97222917499999999999999
1862042202312302191991721461271201251441732102452732902912772512201931741911 5L0 32923217352939999999999999910 6120999999999999999999999
1651681811992142242252141941701481341311421672002362682902972842562221871911 6L0 536225185129799999999999999 013165114613199999999999999
1591431441611852122342462412201901611371251321561932342722993062892542111911 7L0 713246194830699999999999999 125141131112599999999999999
1671321161231491862252592752682392011611281121211511942412843123122852391911 8L0 812276203131699999999999999 212115141011299999999999999
187137101 921111512002512903042872481981501131001171552052583023223092681911 9L0 85630421 632299999999999999 249 91145610099999999999999
212153102 74 79113165225283320322292243185132 98 96124171226280318322292191110L0 934326213732599999999999999 321 721534 9399999999999999
238176115 70 57 79127188255312339326284227166115 91104143195252302325309191111L0101033922 632599999999999999 351 5716 9 9199999999999999
262201137 80 48 54 92149216284333344316266206145103 96123169224279317320191112L01045345223432499999999999999 421 461641 9499999999999999
284225161 99 53 40 64114176245309344336297243183128100110149199252300321191113L0111934623 232199999999999999 450 391713 9999999999999999
301249185122 68 37 43 83140205273327344321275219162118107132177227276311191114L01153344233231799999999999999 519 34174610699999999999999
312273211147 89 45 32 57107168234296336336303253198147117121156202249290191115L01230341999999999999999999999 550 31182211499999999999999
310292241176115 64 34 38 75131194258312337325285236184141124139177221262191116L0 0 331013 933899999999999999 624 3119 112499999999999999
293297267211149 93 52 35 51 95153215274318332313273225178144136155190229191117L0 039300135333299999999999999 7 1 35194713599999999999999
263283278244191135 86 54 46 67112167226279316324304267223181153147163192191118L0 120285144632599999999999999 746 45204414799999999999999
224251266260229184137 95 68 63 83122172226274307316300268228190162152160191119L0 213267155031699999999999999 843 6222 115299999999999999
181207232248248229195155118 91 82 93124168217264298311302275237197165146191120L0 33025117 631199999999999999 958 82233414399999999999999
144159184212236249244220185148115 96 97118157205253292313309283243197156191121L0 5142501822315999999999999991129 94999999999999999999999
127118132161198235263271254219176135104 94110147196247293319317286239186191122L0 649271192532299999999999999 0521181254 9499999999999999
135 98 88107145193245287303287248198147106 90104144195250300327319280224191123L0 8 0303201732999999999999999 150 8814 2 8999999999999999
163105 67 62 90139199263314332311266209151104 88107149203261311331312262191124L0 85633221 133199999999999999 238 601457 8899999999999999
199133 73 40 46 86144213286338350323272211148102 92118164218276320328294191125L0 946352214133099999999999999 320 381545 9199999999999999
235168100 45 23 43 92157232307354356321267203142103103136184238292325315191126L01032361221832799999999999999 4 1 231629 9899999999999999
268204136 71 26 19 51106175253324360351310254190134108120159207259304320191127L01116361225432199999999999999 440 16171010799999999999999
294238172106 49 17 26 67127198274335356337292235175129117139181229276308191128L01159356232831399999999999999 518 15174911699999999999999
307268207142 81 35 20 42 90152223293339346318270214160127129158201246285191129L01240348999999999999999999999 554 20182712499999999999999
303286239177116 64 32 33 65117181248306336330296247194149130142175216256191130L0 0 3303131933899999999999999 629 2819 613099999999999999
285288261210152 98 57 40 54 921472082683123283122752261791451371541872241912 1L0 037291135932899999999999999 7 4 40194813799999999999999
257274267235187135 91 62 58 791211732302793103142942562111711471451621911912 2L0 114275144031699999999999999 740 56203514399999999999999
223248257245215173131 96 78 811051451932412803013002782432031691501491621912 3L0 158257152630399999999999999 821 77213514799999999999999
1862122322392292061731391131001051261602012432742902882692372011701501441912 4L0 256239162329299999999999999 914100225414499999999999999
1531711952152262252111871591351221221371642002372662822822662351991661411912 5L0 4242271731284999999999999991029120999999999999999999999
1301341531792052252342292111841571381301381611942302612812832662331921531912 6L0 610235183828499999999999999 01413012 113099999999999999
1221081131361692062382562562362051711431281321541902292642862862642241761912 7L0 728258193228999999999999999 115107131912799999999999999
130 96 83 941271712202612842812552161741381191251521922362732942872542051912 8L0 824286201629599999999999999 2 2 83141711899999999999999
150101 68 63 861291852422883082982642161661271111241572022502872992802351912 9L0 9 9309205329999999999999999 241 6115 311199999999999999
178119 70 45 53 89142206269313324303260206153116108131171220268299297263191210L0 949325212830399999999999999 316 44154310799999999999999
208146 87 44 32 54101163232294330328297247190137108113146191241285305286191211L0102733422 230599999999999999 350 31162010699999999999999
238176112 57 25 29 65121187257315338323283229171124107125165213262298302191212L011 5338223730599999999999999 424 22165710799999999999999
268209144 82 34 15 34 82143212281329339312266210154116113142186234278304191213L01144340231330599999999999999 459 15173511099999999999999
292244179114 56 18 14 46101166237301338334298248191140114123158204250288191214L01223341235230299999999999999 536 10181411399999999999999
302276220153 90 38 10 20 62122190259317340325284231176132116134172217259191215L013 5340999999999999999999999 615  9185711699999999999999
291293258198133 74 30 13 33 81143211277325337314269217165128121142180222191216L0 034296134933899999999999999 658 13194311999999999999999
261285279241184124 70 34 26 51101162227287325329302257206158128124145180191217L0 121287143633199999999999999 744 25203712299999999999999
218253273266231180127 80 50 46 72118176236288318318291248199155127123140191218L0 216274152932299999999999999 837 44214112299999999999999
170205239259256230189143102 75 71 91131183236282308308283242195152123114191219L0 324261162931199999999999999 940 69225611399999999999999
125152187223249256242210170132104 94106138183231273299301278238191146111191220L0 4512561735303999999999999991058 94999999999999999999999
 96103130168210246266263239202163129110114140180224265293298275233183133191221L0 622268183929999999999999999 010 96122110999999999999999
 92 73 80110154204252284289268231187146119117139177221263293297271224169191222L0 740291193729999999999999999 114 72133611499999999999999
114 69 49 60 96147208266306313291251202154121117140178223267297296263210191223L0 843315202830199999999999999 2 9 49143811599999999999999
150 91 46 30 48 92151219284325330304259204152119118145185232276301291249191224L0 937333211430299999999999999 258 30153111599999999999999
190127 69 28 20 47 97162235302339337304255197144117123155198245286302280191225L01026343215630299999999999999 342 18161711599999999999999
230167104 49 16 19 55111180255317345333294240182134116132169214260294297191226L01110345223630099999999999999 424 13165911699999999999999
264207143 82 33 12 28 72133204276328342320275219162124119145186231273297191227L01151343231329899999999999999 5 4 12173811799999999999999
287242181118 62 23 17 45 96160231296334333300250193143118126160203248283191228L01228338234929499999999999999 540 15181411799999999999999
294269217154 94 46 21 30 70126192259312333317275222167127116136175219260191229L013 2333999999999999999999999 614 20185011699999999999999
286283247190129 75 38 28 52100160224283320323295248194146118120147188231191230L0 025289133532799999999999999 647 28192611599999999999999
265279264221165109 64 41 46 80132191251297318307271222172133118128158197191231L0 1 027914 831899999999999999 719 3920 511799999999999999
