 48 47 45 45 46 49 53 58 62 64 65 64 61 57 53 49 46 44 44 44 45 47 49 5019 1 1MC 958 652351 5099999999999999 244 451754 4499999999999999
 50 49 49 48 48 49 53 57 62 66 68 69 67 63 58 52 47 42 40 39 40 42 44 4719 1 2MC1044 69999999999999999999999 325 481858 3999999999999999
 50 51 51 51 50 51 52 56 61 66 70 72 72 69 64 57 50 44 38 35 35 37 40 4419 1 3MC 136 511129 7299999999999999 415 501942 3599999999999999
 48 51 53 53 52 52 52 54 58 64 69 73 75 74 70 63 55 47 40 35 32 33 35 4019 1 4MC 237 531213 7599999999999999 510 522020 3299999999999999
 45 49 53 54 54 53 53 53 56 60 66 71 75 76 74 69 61 52 44 36 32 30 32 3619 1 5MC 321 541254 7699999999999999 6 4 532055 3099999999999999
 41 47 51 54 54 54 53 52 54 57 62 68 74 77 77 74 67 58 49 40 34 30 30 3319 1 6MC 355 541335 7899999999999999 652 522129 3099999999999999
 38 43 48 52 54 54 53 52 52 53 58 64 70 75 78 77 72 64 55 45 37 32 30 3119 1 7MC 425 541414 7899999999999999 735 5122 2 3099999999999999
 35 40 46 50 53 53 53 51 50 51 54 59 65 71 76 77 74 68 60 50 41 35 31 3119 1 8MC 453 531451 7799999999999999 815 502232 3099999999999999
 33 38 43 48 51 53 52 51 50 49 51 54 60 66 72 75 75 71 64 55 46 38 33 3119 1 9MC 520 531526 7599999999999999 853 4923 1 3199999999999999
 33 36 41 46 50 52 52 51 50 49 49 51 55 61 67 71 73 71 66 58 50 42 36 3319 110MC 548 5216 0 7399999999999999 931 492328 3399999999999999
 33 36 40 44 48 51 52 52 51 50 49 49 52 56 62 66 69 69 66 60 53 45 39 3519 111MC 618 521631 69999999999999991012 492354 3499999999999999
 34 36 39 43 47 51 53 53 52 51 50 49 50 53 57 61 64 65 64 60 55 48 43 3819 112MC 650 5317 2 65999999999999991058 49999999999999999999999
 36 37 39 43 47 50 53 54 54 53 52 50 50 51 53 56 58 60 60 59 55 50 46 4219 113MC 723 541735 6199999999999999 019 361157 5099999999999999
 39 39 40 43 47 51 53 55 56 55 54 52 51 50 50 51 53 55 56 55 54 51 48 4519 114MC 757 561815 5699999999999999 043 391320 5099999999999999
 43 42 43 45 48 51 55 57 58 58 57 55 53 51 49 48 48 49 50 50 50 50 49 4719 115MC 832 581930 5099999999999999 1 4 421518 4899999999999999
 46 45 46 47 50 53 56 59 60 61 61 59 57 53 50 47 45 44 44 44 45 47 47 4819 116MC 911 61999999999999999999999 116 451726 4499999999999999
 48 49 49 50 51 54 57 60 63 64 65 64 62 58 53 48 44 40 39 38 40 42 44 4719 117MC 958 659999999999999999999991837 38999999999999999999999
 49 50 51 52 53 55 58 61 64 67 69 69 68 65 59 53 46 40 36 34 34 36 39 4319 118MC1050 699999999999999999999991925 33999999999999999999999
 47 50 52 53 54 55 57 60 64 68 71 73 74 72 67 60 52 44 36 32 30 31 34 3919 119MC1144 7499999999999999999999920 8 30999999999999999999999
 44 49 52 54 54 55 56 58 61 66 71 75 77 78 75 69 60 51 41 33 29 27 30 3419 120MC1238 789999999999999999999992049 27999999999999999999999
 40 46 50 53 54 54 55 55 58 62 67 73 78 80 80 76 69 59 49 39 31 27 27 3119 121MC1329 819999999999999999999992128 27999999999999999999999
 36 42 48 52 54 54 53 53 54 57 62 68 74 79 82 81 76 68 57 47 37 30 28 2919 122MC 432 541418 8299999999999999 648 5322 6 2899999999999999
 34 40 46 51 54 54 53 52 51 52 56 61 68 75 80 82 80 74 65 55 44 36 31 3019 123MC 443 5415 4 8299999999999999 759 512240 3099999999999999
 33 38 45 50 54 55 55 53 51 50 51 55 61 68 74 78 79 76 70 61 51 42 36 3319 124MC 5 3 551548 7999999999999999 9 2 502312 3399999999999999
 34 38 44 50 55 57 57 55 52 50 49 50 54 60 66 71 74 74 71 64 56 48 41 3719 125MC 528 581629 759999999999999910 1 492340 3699999999999999
 36 39 44 50 55 59 60 59 56 53 50 49 50 53 58 63 67 69 68 64 58 52 46 4119 126MC 557 6017 8 699999999999999911 2 49999999999999999999999
 39 40 44 50 56 60 63 63 61 57 53 50 49 50 52 56 60 62 63 61 58 53 49 4519 127MC 630 631747 6399999999999999 0 6 3912 8 4999999999999999
 42 43 45 50 55 61 64 66 65 62 58 54 51 49 49 51 53 55 56 56 55 53 50 4819 128MC 7 7 661830 5699999999999999 028 421328 4999999999999999
 46 45 46 50 54 60 64 67 68 67 63 59 55 51 49 48 48 49 50 51 51 50 50 4919 129MC 750 681944 5199999999999999 048 451522 4899999999999999
 48 48 48 50 53 58 62 66 69 69 68 65 60 56 51 48 46 45 44 45 46 47 48 4919 130MC 843 69999999999999999999999 1 0 481741 4499999999999999
 50 50 50 51 53 56 60 64 67 70 70 69 66 61 56 51 46 43 41 40 41 42 45 4719 131MC 946 709999999999999999999991859 40999999999999999999999
 50 51 52 53 53 55 57 61 65 68 70 71 70 66 61 55 49 44 40 37 37 38 41 4419 2 1MC1054 719999999999999999999991943 37999999999999999999999
 48 51 53 54 54 54 55 57 60 65 69 71 72 71 67 61 54 47 41 36 34 35 37 4119 2 2MC1156 729999999999999999999992019 34999999999999999999999
 46 50 53 54 54 54 53 54 56 60 65 70 73 74 71 66 59 51 44 37 33 32 34 3819 2 3MC 326 541249 7499999999999999 6 0 532052 3299999999999999
 43 48 52 54 54 53 52 51 52 55 60 66 71 74 74 71 65 57 48 40 34 31 32 3519 2 4MC 341 541334 7499999999999999 7 2 512121 3199999999999999
 40 45 50 53 54 53 51 50 49 51 55 61 67 72 75 74 69 61 53 44 36 32 31 3319 2 5MC 4 0 541414 7599999999999999 749 492148 3199999999999999
 37 43 48 52 53 53 51 49 47 47 50 55 62 68 73 74 71 65 57 48 39 33 31 3219 2 6MC 419 541450 7499999999999999 829 472212 3199999999999999
 35 41 46 50 53 53 52 49 47 45 46 50 56 63 69 72 71 67 60 51 42 36 32 3119 2 7MC 438 531523 7299999999999999 9 8 452234 3199999999999999
 34 39 44 49 53 54 53 50 47 45 44 46 51 57 63 68 69 67 61 54 45 38 33 3219 2 8MC 458 541555 6999999999999999 945 442255 3299999999999999
 34 38 43 48 52 54 54 52 49 46 44 44 47 52 58 63 65 65 61 55 48 41 36 3319 2 9MC 519 541625 66999999999999991024 432315 3399999999999999
 34 38 43 48 52 55 55 53 50 47 44 43 44 47 52 57 60 62 60 55 50 44 39 3619 210MC 540 551656 629999999999999911 6 432333 3599999999999999
 36 38 43 48 52 55 56 55 53 49 46 43 43 44 47 51 54 56 56 54 50 45 41 3919 211MC 6 1 561729 57999999999999991155 432347 3899999999999999
 38 40 43 48 53 56 58 57 55 52 49 45 43 42 43 46 48 50 51 51 49 46 43 4119 212MC 622 5818 7 51999999999999991256 422351 4199999999999999
 41 42 45 49 53 57 59 59 58 56 52 48 45 42 41 41 43 44 45 46 46 45 44 4319 213MC 646 5919 8 46999999999999991422 412325 4399999999999999
 43 44 47 50 54 57 60 61 61 59 57 53 49 45 42 40 39 38 39 40 41 41 42 4319 214MC 720 619999999999999999999991634 38999999999999999999999
 45 46 48 51 54 57 60 62 63 63 61 59 55 51 46 41 38 35 34 34 35 37 39 4219 215MC 816 639999999999999999999991828 34999999999999999999999
 44 47 49 51 53 56 59 61 63 65 65 64 62 58 53 46 40 35 31 29 30 31 35 3919 216MC 954 659999999999999999999991923 29999999999999999999999
 43 46 48 50 52 54 56 58 61 64 67 68 68 66 61 54 46 39 32 28 26 27 30 3519 217MC1128 6899999999999999999999920 5 26999999999999999999999
 40 45 48 50 51 51 52 54 57 61 65 68 71 71 68 63 55 45 37 30 25 25 27 3219 218MC1237 719999999999999999999992041 25999999999999999999999
 37 43 47 49 50 50 49 50 51 55 60 65 70 73 73 70 63 53 43 34 28 25 26 3019 219MC1334 739999999999999999999992113 25999999999999999999999
 35 42 47 50 50 49 48 46 46 48 53 59 65 70 73 73 68 60 51 41 32 27 26 2919 220MC 346 501424 7499999999999999 736 462142 2699999999999999
 35 41 47 51 52 51 48 45 43 43 45 51 58 64 70 72 70 65 56 47 38 31 28 3019 221MC 357 5215 9 7299999999999999 836 4222 8 2899999999999999
 35 41 47 53 55 54 51 47 43 40 40 43 49 56 63 67 68 66 59 51 43 35 31 3119 222MC 416 551550 6899999999999999 929 402232 3199999999999999
 35 41 48 54 58 58 55 51 45 40 38 38 42 48 54 60 63 63 59 53 46 39 35 3319 223MC 439 581629 63999999999999991020 382254 3399999999999999
 35 41 48 54 59 61 60 56 50 44 39 37 38 41 47 52 56 57 56 52 47 42 38 3519 224MC 5 6 6117 6 57999999999999991112 372313 3599999999999999
 36 40 47 53 59 63 63 60 55 49 43 38 36 38 41 45 48 51 51 50 47 43 40 3819 225MC 536 631743 519999999999999912 7 362328 3799999999999999
 38 40 45 51 57 62 64 63 59 54 48 42 38 37 37 39 42 44 46 45 44 42 41 3919 226MC 6 8 641823 46999999999999991310 372336 3999999999999999
 39 41 44 49 55 59 63 63 61 58 53 47 42 39 37 37 38 39 40 41 41 41 41 4119 227MC 645 639999999999999999999991439 37999999999999999999999
 41 42 44 47 51 56 59 61 62 60 56 52 47 43 39 37 36 35 35 36 36 38 39 4019 228MC 732 629999999999999999999991712 35999999999999999999999
 42 43 44 46 49 52 55 58 59 60 58 56 52 48 43 39 36 33 32 32 32 34 36 3919 3 1MC 840 609999999999999999999991849 32999999999999999999999
 42 43 45 46 47 48 50 53 55 57 58 58 56 53 48 43 38 34 30 29 29 30 33 3719 3 2MC1019 589999999999999999999991932 28999999999999999999999
 40 43 45 45 45 46 46 48 50 53 56 58 59 57 53 48 42 36 31 27 26 27 30 3419 3 3MC1145 5999999999999999999999920 4 26999999999999999999999
 38 42 45 45 45 44 43 43 45 48 52 56 59 60 58 53 47 40 33 28 25 24 27 3119 3 4MC 258 451245 6099999999999999 626 432032 2499999999999999
 36 41 44 45 45 43 41 39 40 42 47 52 57 60 60 57 51 44 36 29 25 23 25 2919 3 5MC 3 6 451331 6099999999999999 720 392056 2399999999999999
 34 39 44 46 45 43 40 37 36 37 41 47 53 58 60 59 54 47 39 31 25 23 23 2719 3 6MC 320 461410 6099999999999999 8 2 362117 2399999999999999
 32 38 43 46 46 44 40 36 34 33 36 41 48 54 58 59 56 50 42 34 27 23 23 2619 3 7MC 335 461444 5999999999999999 839 332136 2399999999999999
 31 37 42 46 47 45 42 37 33 31 31 36 42 49 54 57 56 52 45 37 29 25 23 2519 3 8MC 351 471517 5799999999999999 915 302154 2399999999999999
 30 36 42 46 48 47 43 38 33 30 29 31 36 43 49 53 55 52 46 39 32 27 24 2519 3 9MC 4 8 481549 5599999999999999 950 292211 2499999999999999
 29 35 41 46 49 49 46 41 35 30 27 27 31 37 43 48 51 50 46 40 34 29 26 2619 310MC 426 491621 51999999999999991027 272228 2699999999999999
 29 35 41 46 50 50 48 43 37 32 28 26 27 31 37 42 46 47 45 41 36 31 28 2819 311MC 443 501654 479999999999999911 5 262241 2899999999999999
 30 35 41 46 50 51 50 46 40 35 29 26 25 27 31 35 39 42 42 40 36 33 31 3019 312MC 5 1 511731 42999999999999991149 252247 3099999999999999
 32 35 41 46 50 52 52 49 44 38 33 28 25 25 26 30 33 35 37 36 35 33 32 3219 313MC 519 521816 37999999999999991242 252236 3299999999999999
 33 36 41 46 50 53 53 51 48 43 37 32 28 25 24 25 27 29 31 31 32 32 32 3219 314MC 542 539999999999999999999991356 24999999999999999999999
 34 37 40 45 49 52 53 53 50 47 43 38 33 29 26 24 23 24 25 26 27 28 30 3219 315MC 613 539999999999999999999991557 23999999999999999999999
 34 37 40 43 47 50 52 53 52 50 48 44 40 35 30 26 23 21 20 21 22 24 27 3019 316MC 7 2 5399999999999999999999918 4 20999999999999999999999
 33 36 39 41 44 46 48 50 51 51 51 50 47 43 37 32 26 21 18 17 18 21 24 2819 317MC 858 5199999999999999999999919 3 17999999999999999999999
 32 36 38 39 41 42 43 45 47 49 51 52 52 50 45 39 32 25 19 16 16 18 22 2619 318MC1123 529999999999999999999991940 16999999999999999999999
 31 35 38 39 39 38 38 39 41 44 48 51 54 54 52 46 39 31 23 18 16 17 20 2519 319MC1240 549999999999999999999992010 15999999999999999999999
 31 36 39 40 39 37 35 33 34 37 42 47 51 54 55 52 45 37 29 22 17 17 20 2519 320MC 248 401337 5599999999999999 711 332037 1799999999999999
 31 37 41 42 41 37 33 30 28 29 34 39 45 51 54 54 50 42 34 26 20 18 20 2619 321MC 252 421426 5499999999999999 8 6 2821 0 1899999999999999
 32 39 44 46 45 40 35 29 25 24 26 31 38 44 49 52 50 45 38 31 24 21 21 2619 322MC 3 7 461510 5299999999999999 855 242122 2099999999999999
 33 40 46 49 49 45 39 32 25 21 20 23 29 36 42 47 48 45 40 34 27 23 22 2619 323MC 328 501551 4899999999999999 941 202142 2299999999999999
 32 40 47 52 53 50 44 36 28 22 18 18 22 28 34 40 43 43 40 35 30 26 24 2619 324MC 352 531630 43999999999999991026 1822 1 2499999999999999
 31 38 46 52 55 54 49 42 33 25 19 17 18 22 27 32 36 38 37 34 31 27 25 2619 325MC 419 5517 9 38999999999999991111 172217 2599999999999999
 30 36 43 50 54 55 53 46 38 30 23 18 17 18 22 26 30 33 33 32 30 28 27 2719 326MC 447 551750 33999999999999991157 172228 2699999999999999
 29 34 40 46 51 54 53 49 43 35 28 22 18 18 19 22 25 27 29 29 28 28 27 2719 327MC 517 541843 29999999999999991249 182220 2799999999999999
 29 32 37 42 47 50 51 49 45 39 33 27 22 19 19 19 21 23 24 25 26 26 27 2819 328MC 550 519999999999999999999991357 19999999999999999999999
 29 31 34 38 42 45 47 47 45 42 37 32 27 23 21 19 19 19 20 21 22 24 26 2819 329MC 630 4799999999999999999999916 1 19999999999999999999999
 29 31 33 35 37 40 42 43 43 42 39 36 32 28 24 21 19 18 17 17 19 21 24 2719 330MC 728 4399999999999999999999918 1 17999999999999999999999
 29 31 32 33 34 35 36 37 39 40 39 38 36 33 29 24 21 17 15 15 16 18 22 2519 331MC 924 409999999999999999999991852 15999999999999999999999
 29 31 32 32 31 31 31 32 33 36 38 39 38 37 33 28 23 19 15 13 13 16 19 2419 4 1MC 224 321123 3999999999999999 536 311925 1399999999999999
 28 31 32 32 30 28 27 26 27 30 34 37 39 39 37 32 27 21 16 13 12 14 17 2219 4 2MC 212 321232 3999999999999999 648 261950 1299999999999999
 27 31 33 33 30 27 24 22 22 24 28 33 37 40 39 36 30 24 18 13 11 12 16 2119 4 3MC 219 331321 4099999999999999 731 212011 1199999999999999
 27 32 34 34 32 28 23 19 17 18 22 28 34 38 40 38 33 27 20 15 12 12 15 2019 4 4MC 231 3514 1 4099999999999999 8 7 172029 1199999999999999
 26 32 35 36 34 29 23 18 14 14 17 22 28 34 38 38 35 30 23 17 13 12 15 2019 4 5MC 244 361437 3999999999999999 841 142046 1299999999999999
 26 32 37 38 36 32 25 19 13 10 11 16 22 29 34 37 36 31 26 20 15 13 15 1919 4 6MC 259 381512 3799999999999999 914 1021 3 1399999999999999
 26 32 37 40 39 35 28 20 13  9  8 10 16 23 29 34 35 32 27 22 17 15 15 1919 4 7MC 316 401547 3599999999999999 947  72120 1599999999999999
 25 32 38 41 41 38 31 23 15  9  6  6 10 17 23 29 31 31 28 23 19 17 17 1919 4 8MC 334 421623 32999999999999991022  52134 1699999999999999
 25 32 38 42 43 41 35 27 19 11  6  4  6 11 17 22 26 28 27 24 21 18 18 2019 4 9MC 352 4317 3 289999999999999911 0  42144 1899999999999999
 25 31 37 42 44 43 38 31 23 15  9  5  4  6 11 16 20 23 24 23 21 19 19 2119 410MC 412 441748 24999999999999991142  42141 1999999999999999
 24 30 36 41 44 44 41 35 28 20 13  8  5  5  7 11 14 18 19 20 20 19 20 2119 411MC 434 441856 20999999999999991233  421 8 1999999999999999
 24 28 33 38 42 43 42 38 33 26 19 13  9  6  6  7  9 12 14 16 17 18 19 2119 412MC 5 1 439999999999999999999991341  6999999999999999999999
 23 27 31 35 39 41 41 39 36 31 26 20 15 11  8  7  7  8 10 11 13 16 18 2019 413MC 534 419999999999999999999991521  6999999999999999999999
 23 25 28 32 35 37 38 38 36 34 31 27 22 17 13  9  7  6  7  8 10 13 17 2019 414MC 619 3899999999999999999999917 7  6999999999999999999999
 22 25 27 28 30 32 33 34 34 34 33 32 29 25 20 15 10  7  6  6  8 12 16 2019 415MC 8 2 349999999999999999999991810  6999999999999999999999
 23 25 26 26 26 26 27 28 29 31 32 33 33 30 26 21 15 10  7  6  8 11 16 2119 416MC1119 339999999999999999999991849  6999999999999999999999
 25 27 28 27 25 22 21 21 22 24 28 31 33 34 31 27 21 15 10  7  8 11 17 2219 417MC 143 281241 3499999999999999 641 211918  799999999999999
 27 31 31 29 25 21 17 15 14 17 21 25 30 33 33 31 26 20 14 10  9 12 17 2419 418MC 143 311340 3499999999999999 735 141943  999999999999999
 30 34 36 34 29 23 16 11  8  9 13 18 24 29 32 32 29 24 18 13 11 13 18 2519 419MC 157 361430 3399999999999999 820  820 7 1199999999999999
 32 37 40 39 34 27 19 11  6  4  5 10 16 23 28 30 30 26 21 16 13 14 17 2419 420MC 217 401516 3099999999999999 9 2  42028 1399999999999999
 32 39 43 44 40 33 24 14  6  1  0  3  9 15 22 26 28 26 23 18 15 14 17 2319 421MC 241 441559 2899999999999999 942  02048 1499999999999999
 31 38 44 46 45 39 29 19 10  2 -2 -1  3  9 15 20 24 24 22 20 17 15 17 2119 422MC 3 7 461641 24999999999999991022 -221 6 1599999999999999
 28 36 42 46 47 43 35 25 15  6  0 -2 -1  4  9 15 19 21 21 19 17 16 16 1919 423MC 335 471725 219999999999999911 1 -22121 1699999999999999
 25 32 39 44 46 44 38 30 20 11  4 -1 -1  1  5 10 14 17 18 18 17 16 16 1819 424MC 4 4 461817 18999999999999991141 -22128 1699999999999999
 22 28 34 39 43 43 40 33 25 16  9  3  0  0  3  6 10 13 15 16 16 16 16 1819 425MC 434 439999999999999999999991224  0999999999999999999999
 20 24 29 34 37 39 38 34 28 21 14  8  4  2  2  4  7  9 11 13 14 15 16 1719 426MC 5 6 399999999999999999999991316  2999999999999999999999
 19 21 25 28 32 34 34 32 29 24 18 13  8  5  4  4  5  6  8 10 12 14 16 1719 427MC 541 349999999999999999999991430  4999999999999999999999
 19 20 22 24 26 28 29 28 27 24 21 17 13  9  7  5  4  5  5  7 10 12 15 1719 428MC 623 299999999999999999999991621  4999999999999999999999
 19 20 21 21 21 22 23 23 23 23 22 20 17 13 10  7  5  4  4  5  8 11 14 1819 429MC 748 239999999999999999999991735  4999999999999999999999
 20 21 21 20 18 17 17 17 18 19 20 20 19 17 14 10  7  5  4  4  6 10 14 1819 430MC 117 211036 2099999999999999 6 7 171816  499999999999999
 21 22 22 20 17 14 12 12 12 15 17 19 20 20 17 14 10  6  4  4  5  9 14 1819 5 1MC 115 221211 2099999999999999 658 121844  499999999999999
 22 24 24 22 18 13  9  7  7  9 12 16 19 21 20 17 13  9  6  4  5  9 14 1919 5 2MC 124 2413 9 2199999999999999 733  619 6  499999999999999
 24 27 27 24 19 13  8  3  2  3  7 12 17 20 21 20 16 12  8  6  6  9 14 2019 5 3MC 135 271355 2199999999999999 8 4  21926  599999999999999
 25 29 30 27 22 15  8  2 -2 -3  1  6 12 17 21 21 18 15 10  7  7  9 14 2019 5 4MC 149 301435 2199999999999999 834 -31945  799999999999999
 26 31 33 31 26 18 10  2 -4 -7 -5  0  6 13 18 21 20 17 13 10  8 10 14 2019 5 5MC 2 6 331515 2199999999999999 9 5 -720 4  899999999999999
 27 32 35 35 30 23 13  4 -4 -9 -9 -6  0  7 14 18 19 18 15 12 10 10 14 1919 5 6MC 225 351554 1999999999999999 938-102022 1099999999999999
 26 32 36 38 35 28 18  8 -1 -8-11-10 -6  1  8 14 17 17 15 13 11 11 13 1819 5 7MC 247 381636 18999999999999991014-122036 1199999999999999
 25 32 37 39 38 32 24 14  4 -5-10-12-10 -4  2  8 13 15 15 13 12 12 13 1719 5 8MC 311 391723 15999999999999991052-122042 1299999999999999
 23 29 35 39 39 36 29 20 10  1 -7-11-11 -8 -3  3  8 11 12 12 12 12 13 1619 5 9MC 338 391823 13999999999999991135-112032 1299999999999999
 20 26 32 37 39 37 33 25 17  8  0 -6 -9 -9 -6 -2  3  6  9 10 11 11 13 1519 510MC 4 7 399999999999999999999991224 -9999999999999999999999
 18 23 28 33 36 36 34 29 22 15  7  0 -4 -7 -6 -4 -1  3  6  8 10 11 12 1419 511MC 439 369999999999999999999991323 -7999999999999999999999
 16 20 24 28 31 32 32 29 25 20 14  8  2 -1 -4 -4 -2  0  3  6  9 11 13 1419 512MC 515 339999999999999999999991436 -4999999999999999999999
 16 18 20 23 25 27 27 27 25 22 18 14  9  5  1 -1 -2  0  2  5  8 11 14 1619 513MC 557 279999999999999999999991552 -2999999999999999999999
 17 18 18 19 19 20 21 21 21 21 20 18 15 11  7  4  1  1  2  5  8 12 16 1919 514MC 716 219999999999999999999991652  1999999999999999999999
 20 20 19 17 16 14 14 14 15 16 18 18 18 16 13  9  6  3  3  5  9 14 19 2219 515MC 021 201113 1899999999999999 558 141735  399999999999999
 24 24 22 18 14 11  8  7  8 10 13 16 18 18 17 14 10  7  5  6 10 15 21 2619 516MC 024 251246 1899999999999999 7 1  71810  599999999999999
 29 29 27 22 16 10  5  1  1  3  6 10 15 18 19 17 14 11  8  8 10 16 22 2819 517MC 042 301351 1999999999999999 744  11839  899999999999999
 33 35 33 28 21 12  5 -1 -5 -4 -1  4  9 14 18 18 17 14 11 10 11 15 22 2919 518MC 1 5 351444 1899999999999999 823 -519 6 1099999999999999
 35 38 38 34 27 17  8 -1 -7 -9 -7 -3  3  9 15 17 18 16 13 11 11 14 20 2819 519MC 132 391532 1899999999999999 9 1 -91931 1199999999999999
 35 40 42 40 33 24 13  2 -6-11-11 -8 -2  4 10 15 17 16 15 13 12 14 18 2519 520MC 2 0 421617 1799999999999999 937-111955 1299999999999999
 32 39 43 43 38 30 19  8 -2 -9-12-11 -7 -1  5 11 14 15 15 13 12 13 16 2119 521MC 230 4317 2 15999999999999991013-122017 1299999999999999
 28 35 41 43 41 34 25 14  3 -5-11-12-10 -5  1  7 11 13 14 13 12 12 14 1819 522MC 3 1 431751 14999999999999991048-122037 1299999999999999
 24 31 37 40 40 36 29 19  9  0 -7-10-10 -7 -2  3  7 11 12 12 12 12 13 1519 523MC 333 419999999999999999999991124-11999999999999999999999
 20 25 31 35 37 36 31 23 14  5 -2 -7 -9 -7 -4  0  4  8 10 11 12 12 12 1419 524MC 4 5 3799999999999999999999912 0 -9999999999999999999999
 16 21 25 30 32 33 30 25 17 10  3 -3 -6 -6 -5 -2  2  5  8 10 11 12 12 1319 525MC 437 339999999999999999999991239 -7999999999999999999999
 15 17 20 24 27 28 27 24 19 13  7  1 -2 -4 -4 -2  0  3  6  8 10 12 13 1419 526MC 5 8 289999999999999999999991322 -4999999999999999999999
 14 15 17 19 21 22 22 21 18 14 10  5  2 -1 -2 -2  0  2  4  7 10 12 14 1519 527MC 539 229999999999999999999991415 -2999999999999999999999
 15 15 15 16 16 16 17 16 15 14 11  8  5  3  1  0  0  1  3  6  9 12 15 1719 528MC 6 8 179999999999999999999991516  0999999999999999999999
 17 17 15 14 12 11 11 11 11 11 11 10  8  6  4  2  2  2  3  6  9 13 16 1919 529MC 0 1 179999999999999999999991615  2999999999999999999999
 20 19 17 14 11  8  6  5  6  7  8 10 10  9  7  6  4  3  4  6 10 14 18 2119 530MC 0 8 201145 1099999999999999 7 2  517 0  399999999999999
 23 22 20 16 11  6  2  0  0  2  5  8 10 11 10  9  7  6  5  7 10 15 19 2319 531MC 019 2313 8 1199999999999999 728  01735  599999999999999
 26 26 24 19 12  5  0 -4 -5 -4  0  4  8 11 12 12 10  8  7  8 11 15 21 2519 6 1MC 034 2614 4 1299999999999999 755 -518 5  799999999999999
 29 30 28 23 16  7 -1 -7-10-10 -6 -1  5 10 13 14 13 11  9  9 11 16 21 2719 6 2MC 054 301450 1499999999999999 823-101832  999999999999999
 31 34 33 28 21 11  2 -7-12-14-12 -7  0  6 11 14 14 13 11 11 12 15 21 2719 6 3MC 117 341532 1499999999999999 855-141857 1199999999999999
 33 36 37 34 27 17  7 -4-12-16-16-12 -6  1  8 12 14 14 12 12 12 14 19 2619 6 4MC 144 371615 1499999999999999 929-171918 1299999999999999
 32 37 40 39 33 24 13  2 -8-15-18-16-11 -4  3  9 12 13 13 12 12 13 17 2319 6 5MC 214 401659 139999999999999910 6-181936 1299999999999999
 30 36 40 41 38 31 21 10 -1-10-16-17-14 -9 -2  4  9 12 12 12 12 12 15 1919 6 6MC 246 419999999999999999999991045-17999999999999999999999
 26 32 38 40 40 35 27 17  6 -3-11-15-15-11 -6  0  6  9 11 11 11 12 13 1619 6 7MC 321 419999999999999999999991127-15999999999999999999999
 21 27 33 37 39 37 31 23 14  4 -4-10-12-11 -8 -3  3  7 10 11 12 12 12 1419 6 8MC 357 399999999999999999999991211-12999999999999999999999
 17 22 27 32 35 35 32 27 19 11  3 -3 -7 -9 -7 -4  1  5  9 11 13 13 13 1419 6 9MC 433 359999999999999999999991257 -9999999999999999999999
 15 18 22 25 28 30 29 26 22 16 10  4 -1 -4 -4 -3  1  5  9 12 14 15 16 1619 610MC 510 309999999999999999999991343 -5999999999999999999999
 16 16 17 19 22 23 24 23 20 17 13  9  5  2  0  0  2  5  9 13 16 19 19 1919 611MC 550 242215 20999999999999991430  0999999999999999999999
 18 17 16 15 16 16 17 17 16 15 14 12  9  7  5  3  4  6 10 14 18 22 24 2419 612MC 642 172243 2499999999999999 319 151516  399999999999999
 23 20 17 14 12 10 10 10 10 11 12 12 12 11  9  8  7  8 11 15 20 24 28 2919 613MC1112 122315 2999999999999999 618 1016 0  799999999999999
 29 26 21 16 11  7  4  3  3  5  7 10 12 13 12 11 10 10 11 15 20 26 30 3319 614MC1310 132348 3499999999999999 710  31641 1099999999999999
 34 32 27 21 14  7  1 -2 -3 -1  2  6 10 13 14 14 13 13 13 15 19 25 31 3619 615MC1423 14999999999999999999999 747 -31722 1299999999999999
 38 38 34 27 18 10  2 -4 -7 -7 -4  1  6 11 14 16 16 15 14 15 18 23 30 3619 616MC 022 381517 1699999999999999 822 -718 1 1499999999999999
 40 41 39 34 25 15  5 -3 -9-10 -8 -4  1  7 13 16 17 16 15 15 17 21 27 3419 617MC 057 4116 1 1799999999999999 856-101840 1599999999999999
 39 43 43 39 31 21 10  0 -7-11-11 -8 -3  4 10 14 16 17 16 15 16 18 23 3019 618MC 132 431640 1799999999999999 930-121917 1599999999999999
 36 42 44 42 37 27 16  6 -4-10-12-11 -6  0  6 11 15 16 16 15 15 16 19 2519 619MC 2 7 441717 169999999999999910 3-121954 1599999999999999
 32 38 42 43 40 32 22 11  1 -7-11-11 -8 -3  3  8 13 15 16 15 14 14 16 2019 620MC 242 431752 16999999999999991035-122029 1499999999999999
 26 33 38 41 40 35 27 17  7 -2 -8-10 -9 -5  0  6 10 13 15 15 14 14 14 1719 621MC 316 411830 159999999999999911 6-1021 5 1499999999999999
 21 27 33 37 38 35 29 21 12  3 -4 -8 -8 -6 -1  4  8 12 14 15 14 14 14 1519 622MC 349 381912 15999999999999991136 -82143 1499999999999999
 18 22 27 31 34 33 29 23 15  7  0 -4 -6 -5 -2  2  7 10 13 14 15 15 14 1419 623MC 421 3420 4 159999999999999912 4 -62228 1499999999999999
 16 18 22 26 28 29 27 23 17 10  4 -1 -4 -4 -2  2  6  9 12 15 16 16 16 1519 624MC 450 292059 16999999999999991232 -42334 1599999999999999
 15 16 18 20 22 24 23 21 17 12  7  2  0 -1  0  2  5  9 12 15 17 18 18 1719 625MC 515 242143 18999999999999991259 -1999999999999999999999
 17 16 16 17 17 18 18 17 15 12  9  5  3  2  2  3  6  9 12 15 18 20 20 2019 626MC 531 182214 2099999999999999 132 161326  199999999999999
 19 17 15 14 13 13 12 12 11 10  9  7  6  5  5  5  7 10 13 16 19 22 23 2319 627MC2239 239999999999999999999991350  5999999999999999999999
 22 20 17 13 10  8  7  7  7  7  8  8  8  8  8  8  9 11 14 17 21 24 26 2719 628MC23 4 27999999999999999999999 710  7999999999999999999999
 26 24 19 15 10  5  2  1  1  3  5  7  9 11 11 11 12 13 15 18 22 26 29 3119 629MC2332 31999999999999999999999 720  1999999999999999999999
 31 28 24 18 11  4 -1 -4 -4 -3  1  5  9 12 13 14 14 15 16 19 22 27 31 3419 630MC9999999999999999999999999999 744 -4999999999999999999999
 35 34 30 23 15  6 -1 -6 -9 -8 -5  0  6 11 14 16 16 16 17 19 22 26 31 3619 7 1MC 0 4 35999999999999999999999 813 -9999999999999999999999
 39 39 36 30 21 11  2 -6-11-12-10 -5  2  8 13 16 17 17 17 18 20 25 30 3619 7 2MC 040 39999999999999999999999 846-12999999999999999999999
 40 43 42 37 29 19  8 -2-10-14-13 -9 -3  4 10 15 17 17 17 17 18 22 27 3319 7 3MC 118 43999999999999999999999 922-14999999999999999999999
 39 44 45 43 37 27 16  4 -6-12-14-12 -7  0  7 12 16 17 17 16 17 19 23 2919 7 4MC 159 45999999999999999999999 959-14999999999999999999999
 36 42 45 46 42 35 24 13  2 -7-12-13 -9 -3  3 10 14 16 17 16 16 16 19 2419 7 5MC 239 461737 17999999999999991036-1320 3 1699999999999999
 30 37 42 45 44 40 31 21 10  0 -7-10 -9 -5  1  8 13 16 17 17 16 15 16 1919 7 6MC 319 4518 4 17999999999999991113-1021 1 1599999999999999
 24 30 36 41 42 40 35 26 17  7 -1 -6 -7 -4  1  7 12 17 19 19 18 16 16 1619 7 7MC 358 421834 19999999999999991147 -722 4 1699999999999999
 19 24 29 34 37 37 34 29 21 13  6  0 -3 -2  1  7 12 17 21 22 21 19 18 1719 7 8MC 436 3719 7 22999999999999991219 -32317 1799999999999999
 17 19 23 27 30 31 30 27 23 17 11  6  2  2  3  8 13 18 22 25 25 24 22 2019 7 9MC 511 311946 25999999999999991247  2999999999999999999999
 18 17 18 20 22 24 24 23 21 17 14 10  7  6  6  9 13 19 23 27 29 29 27 2519 710MC 545 242030 2999999999999999 050 171311  699999999999999
 21 19 17 16 16 17 17 17 17 15 14 12 11 10 10 11 14 19 24 28 31 33 33 3019 711MC 618 172119 3399999999999999 320 161328 1099999999999999
 27 23 19 16 13 12 11 11 11 11 12 13 13 13 13 14 16 19 23 28 32 35 37 3619 712MC2211 37999999999999999999999 643 11999999999999999999999
 33 29 23 18 13  9  6  5  5  7  9 11 14 15 16 17 17 19 22 26 31 36 39 4019 713MC23 3 40999999999999999999999 718  5999999999999999999999
 39 35 29 23 16  9  4  1  1  2  5  8 12 16 18 19 19 20 21 24 29 34 38 4219 714MC2352 42999999999999999999999 749  1999999999999999999999
 42 41 36 29 20 12  5  0 -3 -2  0  5 10 15 18 20 21 21 21 22 26 31 36 4119 715MC9999999999999999999999999999 820 -3999999999999999999999
 44 44 41 35 27 17  8  1 -4 -5 -3  1  7 12 17 20 21 21 21 21 23 26 32 3819 716MC 038 451615 2199999999999999 851 -51825 2199999999999999
 43 46 45 41 33 23 13  4 -3 -6 -5 -2  3 10 15 19 21 21 21 20 20 22 27 3419 717MC 120 461632 2299999999999999 922 -61921 2099999999999999
 40 45 46 44 38 29 19  9  0 -5 -6 -4  1  7 13 18 21 21 20 19 18 19 23 2819 718MC 2 0 461652 2199999999999999 951 -620 6 1899999999999999
 35 41 45 45 42 34 24 14  5 -2 -6 -5 -1  5 11 16 20 21 21 19 18 17 19 2319 719MC 236 461713 21999999999999991018 -62047 1799999999999999
 29 36 41 44 42 37 29 19  9  1 -4 -4 -2  3  9 14 19 21 21 20 18 16 17 1919 720MC 311 441735 21999999999999991044 -52127 1699999999999999
 24 30 36 40 41 38 31 22 13  5 -1 -3 -2  2  7 13 18 21 22 21 19 17 16 1719 721MC 342 411759 229999999999999911 7 -322 8 1699999999999999
 20 25 30 35 37 36 31 24 16  8  2 -1 -1  2  7 12 17 21 22 22 21 19 17 1619 722MC 412 371824 22999999999999991128 -12253 1699999999999999
 18 21 25 29 32 32 29 24 18 11  5  2  1  3  7 12 17 21 23 24 23 21 19 1719 723MC 438 321851 24999999999999991146  12347 1799999999999999
 17 18 21 24 26 27 26 23 18 13  8  5  4  5  8 12 17 21 24 25 25 23 22 1919 724MC 5 3 271920 259999999999999912 2  4999999999999999999999
 18 17 18 19 21 22 21 20 17 14 10  8  7  7 10 13 17 21 25 26 27 26 25 2219 725MC 523 221953 2799999999999999 1 2 171211  799999999999999
 20 18 16 16 16 16 16 16 14 13 11 10 10 10 12 15 19 22 26 28 29 29 28 2619 726MC2033 299999999999999999999991159 10999999999999999999999
 23 20 17 14 12 11 11 10 10 11 11 11 12 13 15 17 20 23 26 29 31 32 32 3119 727MC2126 32999999999999999999999 735 10999999999999999999999
 28 24 20 15 11  8  6  5  5  7  9 11 13 15 17 19 21 24 27 30 32 34 36 3519 728MC2227 36999999999999999999999 710  5999999999999999999999
 34 30 25 19 12  6  2  0  0  2  5  9 13 16 18 20 22 24 26 29 32 35 38 4019 729MC2326 40999999999999999999999 735  0999999999999999999999
 39 37 32 25 17  9  2 -3 -4 -3  0  5 10 15 19 21 22 23 25 27 30 34 38 4219 730MC9999999999999999999999999999 8 6 -4999999999999999999999
 44 43 40 33 24 14  5 -2 -6 -7 -4  1  7 13 18 21 22 23 23 24 27 31 36 4119 731MC 021 44999999999999999999999 839 -7999999999999999999999
 45 47 46 41 33 23 12  2 -5 -8 -7 -3  3 10 16 20 22 22 22 22 23 26 31 3819 8 1MC 111 47999999999999999999999 913 -8999999999999999999999
 44 48 49 47 41 31 20  9  0 -6 -7 -5  1  8 15 20 22 22 21 20 20 21 25 3219 8 2MC 158 491634 2399999999999999 946 -81946 2099999999999999
 38 45 49 49 46 38 28 17  6 -2 -5 -4  0  7 14 20 23 24 23 20 19 18 20 2519 8 3MC 242 501648 24999999999999991017 -52046 1899999999999999
 31 38 44 47 47 42 34 24 13  5 -1 -2  1  7 14 20 25 27 26 23 20 17 17 1919 8 4MC 323 4717 8 27999999999999991045 -22142 1799999999999999
 24 31 37 42 43 42 36 28 19 11  4  1  3  8 14 21 26 29 30 27 23 20 17 1719 8 5MC 4 2 431733 30999999999999991111  12239 1699999999999999
 19 24 29 34 37 38 35 29 22 15  9  6  6  9 15 21 27 32 33 32 28 24 20 1719 8 6MC 438 3818 1 33999999999999991132  52342 1799999999999999
 17 19 22 26 30 31 31 28 23 18 13 10  9 11 15 21 28 33 36 36 34 30 25 2119 8 7MC 512 311835 36999999999999991149  9999999999999999999999
 18 17 18 20 23 24 25 23 21 18 15 13 12 13 16 21 27 33 37 38 38 35 31 2619 8 8MC 543 251914 3999999999999999 057 171159 1299999999999999
 22 19 17 17 17 18 19 18 18 17 16 15 15 16 18 21 26 31 36 39 40 39 36 3219 8 9MC 613 1920 3 4099999999999999 252 171143 1599999999999999
 28 23 19 16 15 14 13 13 13 14 15 16 17 18 20 22 25 29 33 37 40 41 40 3819 810MC21 7 41999999999999999999999 648 13999999999999999999999
 34 29 24 19 15 11  9  9  9 10 12 15 18 20 22 23 25 27 30 34 37 40 41 4119 811MC2226 41999999999999999999999 713  9999999999999999999999
 39 35 30 23 17 12  8  5  5  6  9 13 17 21 23 24 25 26 27 30 33 37 40 4219 812MC2336 43999999999999999999999 742  5999999999999999999999
 43 40 36 29 22 15  8  4  2  3  6 11 16 20 24 25 25 25 25 26 29 33 37 4119 813MC9999999999999999999999999999 810  2999999999999999999999
 44 44 41 35 28 19 11  5  1  1  3  8 13 19 23 25 26 25 23 23 24 28 33 3819 814MC 033 441539 2699999999999999 838  11854 2399999999999999
 43 45 45 41 33 25 15  7  2  0  1  5 11 17 22 25 26 25 23 21 21 23 27 3419 815MC 119 461550 2699999999999999 9 5  01943 2199999999999999
 40 44 46 44 38 30 20 11  4  0  0  3  9 15 21 25 26 25 23 20 19 19 22 2819 816MC 159 4616 6 2699999999999999 930  02024 1899999999999999
 35 41 45 45 41 34 25 15  7  2  0  3  8 14 20 24 27 26 24 21 18 17 18 2319 817MC 235 451622 2799999999999999 952  021 1 1799999999999999
 29 36 41 44 42 36 28 19 10  4  1  2  7 13 19 24 27 28 26 22 19 16 16 1819 818MC 3 7 441640 28999999999999991011  12139 1599999999999999
 24 30 36 40 40 37 30 22 13  7  3  3  6 12 18 24 28 29 28 24 20 17 15 1619 819MC 337 411658 29999999999999991029  32217 1599999999999999
 19 25 30 35 37 35 30 23 16  9  5  4  7 12 18 24 28 30 29 27 23 19 16 1519 820MC 4 5 371717 30999999999999991045  42257 1599999999999999
 16 20 25 29 32 32 29 24 18 12  8  7  8 12 18 24 28 31 31 29 25 21 18 1519 821MC 433 321736 31999999999999991059  72341 1599999999999999
 15 17 20 24 27 28 27 23 18 14 11  9 10 14 19 24 29 32 33 31 28 24 20 1719 822MC 5 0 281755 339999999999999911 8  9999999999999999999999
 15 15 16 19 21 22 22 21 18 15 13 12 13 15 20 25 29 32 34 33 31 28 24 2019 823MC 529 231816 3499999999999999 037 1511 4 1299999999999999
 17 15 14 15 16 17 17 17 16 15 14 14 15 18 21 25 29 33 35 35 34 32 28 2519 824MC 6 2 171843 3599999999999999 2 0 141027 1499999999999999
 21 17 15 13 12 12 12 12 12 13 14 15 17 19 22 26 29 33 35 36 36 35 33 3019 825MC1928 36999999999999999999999 5 5 12999999999999999999999
 27 22 18 14 10  8  7  7  8  9 12 15 18 20 23 26 29 32 34 36 37 38 37 3619 826MC21 8 38999999999999999999999 643  7999999999999999999999
 33 29 24 18 12  7  4  3  3  5  8 13 17 21 23 26 28 30 32 34 36 38 40 4119 827MC23 4 41999999999999999999999 718  2999999999999999999999
 40 37 32 25 17 10  4  0 -1  1  5 10 15 20 23 25 26 27 28 30 33 36 39 4219 828MC9999999999999999999999999999 751 -1999999999999999999999
 44 43 40 33 25 16  7  1 -2 -2  2  7 14 19 23 25 26 25 25 26 27 31 36 4119 829MC 017 441555 2699999999999999 821 -218 8 2599999999999999
 45 47 46 41 33 24 14  5  0 -2  1  6 12 19 24 26 27 25 23 22 22 25 30 3619 830MC 113 471532 2799999999999999 850 -21924 2299999999999999
 42 46 48 46 40 31 21 11  4  0  1  5 12 19 25 28 29 27 23 20 18 19 22 2919 831MC 2 2 481538 2999999999999999 917  02020 1899999999999999
 36 42 46 47 44 37 28 18  9  4  3  6 13 20 27 31 33 31 26 21 17 15 16 2119 9 1MC 246 471553 3399999999999999 942  32111 1599999999999999
 28 35 41 44 44 39 32 23 15  9  6  8 14 21 28 34 36 35 31 25 20 15 13 1519 9 2MC 327 441614 379999999999999910 4  622 1 1399999999999999
 20 27 33 38 40 38 33 26 19 13 10 10 14 21 29 35 40 40 37 31 24 18 14 1319 9 3MC 4 6 401639 40999999999999991023  92251 1399999999999999
 15 20 25 30 33 34 32 27 21 16 13 13 16 21 29 36 41 43 42 37 30 23 17 1419 9 4MC 442 3417 6 43999999999999991039 122344 1399999999999999
 13 15 19 23 27 28 28 25 22 18 16 15 17 21 28 34 40 44 44 41 36 29 23 1819 9 5MC 518 281737 45999999999999991050 15999999999999999999999
 15 14 15 18 21 22 23 22 21 19 18 17 18 21 26 32 38 42 44 43 40 35 29 2319 9 6MC 555 231812 4499999999999999 046 141048 1799999999999999
 19 16 15 15 16 17 18 18 18 18 18 19 20 22 26 30 34 39 42 43 41 38 34 2919 9 7MC1856 43999999999999999999999 212 15999999999999999999999
 24 20 17 15 14 14 14 14 15 16 18 20 22 23 26 28 31 34 37 40 40 40 38 3419 9 8MC1959 40999999999999999999999 5 2 14999999999999999999999
 30 26 21 17 14 12 11 11 12 13 16 20 22 25 26 27 29 31 33 35 37 38 39 3819 9 9MC2148 39999999999999999999999 636 11999999999999999999999
 35 32 27 22 17 12  9  8  8 11 14 18 22 25 27 27 27 28 28 30 32 35 38 3919 910MC2327 39999999999999999999999 713  8999999999999999999999
 39 37 33 27 21 15 10  7  6  8 12 16 21 25 28 28 27 26 25 25 27 30 34 3819 911MC1442 28999999999999999999999 743  61824 2599999999999999
 40 40 38 32 26 18 12  7  5  6  9 15 20 25 28 29 27 25 23 21 22 25 30 3519 912MC 030 411447 2999999999999999 8 9  51915 2199999999999999
 39 42 41 37 30 23 15  9  5  5  8 13 19 25 29 30 29 26 22 19 18 19 24 3019 913MC 117 421459 3099999999999999 833  41955 1899999999999999
 36 41 42 40 35 27 19 11  6  5  7 12 18 24 29 31 30 27 23 18 15 15 18 2419 914MC 156 421513 3199999999999999 853  52031 1599999999999999
 31 37 41 41 37 30 22 14  8  6  7 11 18 24 29 32 32 29 24 19 15 12 14 1919 915MC 231 411528 3399999999999999 911  621 6 1299999999999999
 26 32 38 40 38 32 25 17 11  7  7 11 17 24 30 34 34 32 27 21 15 12 11 1419 916MC 3 3 401544 3599999999999999 928  72140 1199999999999999
 20 27 33 36 37 33 27 20 13  9  9 11 17 24 30 34 36 35 30 24 18 13 10 1119 917MC 333 3716 1 3699999999999999 943  82214 1099999999999999
 15 21 27 32 34 32 28 22 16 12 10 12 17 24 30 35 37 37 33 27 21 15 11  919 918MC 4 4 341618 3899999999999999 957 102251  999999999999999
 12 16 22 27 30 30 27 23 18 14 13 14 18 24 30 35 38 38 35 30 24 18 13 1019 919MC 435 301635 399999999999999910 8 132330  999999999999999
 10 12 17 21 24 26 25 22 19 16 15 16 19 24 30 35 38 39 38 33 28 21 16 1219 920MC 5 9 261651 39999999999999991010 15999999999999999999999
 10 10 13 16 19 21 22 21 19 17 17 18 20 25 30 35 38 40 39 36 31 26 20 1619 921MC 550 221710 4099999999999999 018 10 954 1799999999999999
 12 10 11 12 14 16 17 17 17 17 18 19 22 25 29 34 38 40 40 38 35 31 26 2119 922MC1736 40999999999999999999999 126 10999999999999999999999
 17 14 11 10 10 11 12 13 14 15 17 20 22 25 29 33 36 38 39 39 37 35 32 2819 923MC1813 39999999999999999999999 324 10999999999999999999999
 24 19 15 12  9  8  8  8 10 13 16 19 22 25 28 31 33 35 37 38 38 37 36 3419 924MC1935 38999999999999999999999 544  8999999999999999999999
 31 27 22 16 11  8  5  5  7 10 14 18 22 25 28 29 31 32 33 34 36 37 38 3919 925MC2255 39999999999999999999999 640  5999999999999999999999
 38 35 30 23 17 10  6  4  5  7 12 17 22 26 28 29 29 28 28 29 31 33 37 4019 926MC1510 29999999999999999999999 716  41743 2899999999999999
 41 41 37 31 24 16  9  5  4  7 11 17 23 28 30 30 28 26 24 23 24 27 32 3719 927MC 018 411428 3099999999999999 744  41858 2399999999999999
 41 43 42 38 31 23 15  9  6  7 12 18 25 30 33 33 30 26 22 19 18 20 25 3119 928MC 116 431428 3399999999999999 810  61950 1899999999999999
 37 41 43 42 37 29 21 14 10  9 13 19 27 33 37 38 35 29 23 18 14 14 17 2319 929MC 2 6 431441 3899999999999999 833  92036 1399999999999999
 30 36 41 42 39 33 26 19 14 12 15 21 28 35 41 43 41 35 27 20 14 10 11 1519 930MC 250 4215 0 4399999999999999 854 122121 1099999999999999
 22 29 35 38 38 35 29 23 18 15 16 21 29 37 43 47 46 41 34 25 17 11  8 101910 1MC 332 391524 4799999999999999 913 1522 5  899999999999999
 15 21 28 33 35 34 30 25 21 18 18 22 29 37 44 49 50 47 40 31 22 14  9  81910 2MC 413 351550 5099999999999999 929 172249  899999999999999
 10 15 21 26 30 31 29 26 23 20 20 22 27 35 42 48 51 50 45 38 29 20 13  91910 3MC 453 311618 5199999999999999 943 192335  999999999999999
  9 12 16 20 24 26 27 25 23 22 21 23 26 32 39 45 49 50 48 42 34 26 19 131910 4MC 536 271648 5099999999999999 950 21999999999999999999999
 11 11 13 16 19 22 23 23 23 22 22 23 26 30 35 41 45 48 47 44 38 32 25 191910 5MC 637 231721 4899999999999999 026 10 927 2299999999999999
 15 13 13 14 16 18 19 20 21 22 23 24 26 29 33 37 40 43 44 43 40 36 30 251910 6MC18 0 44999999999999999999999 131 13999999999999999999999
 20 17 15 14 14 15 16 17 19 21 23 25 27 29 31 33 35 38 39 40 39 37 34 301910 7MC1855 40999999999999999999999 323 14999999999999999999999
 26 22 19 16 14 13 14 15 17 19 22 25 28 29 30 31 31 32 34 35 36 36 36 341910 8MC2054 36999999999999999999999 524 13999999999999999999999
 31 28 24 20 16 14 12 12 14 17 21 25 28 30 31 30 29 28 28 29 31 33 35 361910 9MC1349 3123 8 3699999999999999 621 121737 2899999999999999
 35 33 29 24 19 15 12 11 13 16 20 25 29 31 32 31 28 26 24 24 25 28 32 35191010MC1343 32999999999999999999999 656 111839 2499999999999999
 37 36 33 29 23 18 14 11 12 14 19 25 29 33 34 32 29 25 21 19 20 23 27 32191011MC 020 371352 3499999999999999 722 111921 1999999999999999
 36 38 37 33 27 21 16 12 12 14 19 24 30 34 36 35 31 26 20 17 15 17 22 27191012MC 1 9 3814 5 3699999999999999 744 111956 1599999999999999
 33 37 38 36 31 25 19 14 12 14 18 24 31 36 38 38 34 28 21 16 12 12 16 22191013MC 150 381419 3899999999999999 8 3 122029 1299999999999999
 28 34 37 37 33 28 22 17 14 15 18 25 31 37 40 40 37 31 24 17 11  9 11 16191014MC 226 381434 4199999999999999 820 1421 1  999999999999999
 23 30 35 36 35 30 24 19 16 16 19 25 31 38 42 43 41 35 27 19 12  8  8 11191015MC 3 0 361450 4399999999999999 836 152132  799999999999999
 18 25 31 34 34 31 27 22 18 17 19 25 31 38 43 45 44 39 31 22 14  9  6  8191016MC 333 3515 8 4599999999999999 851 1722 5  699999999999999
 13 19 26 31 33 32 28 24 21 19 21 25 31 38 43 46 46 42 35 26 18 11  7  6191017MC 4 8 331527 4799999999999999 9 5 192240  699999999999999
  9 14 20 26 29 30 28 25 23 21 22 25 31 37 43 47 47 45 39 31 23 15  9  6191018MC 446 301546 4799999999999999 913 212319  699999999999999
  7 10 15 21 25 27 27 25 24 23 23 26 30 36 42 46 48 47 42 36 28 20 14  9191019MC 530 2716 7 4899999999999999 9 9 23999999999999999999999
  7  9 12 16 20 22 24 24 23 23 24 26 30 35 40 45 47 47 45 40 33 26 20 14191020MC1631 47999999999999999999999 0 6  7999999999999999999999
 11  9 10 12 15 18 20 21 22 23 25 27 30 34 38 42 45 46 45 42 38 32 27 21191021MC17 0 46999999999999999999999 1 8  9999999999999999999999
 17 13 12 11 12 14 16 18 20 22 24 27 30 33 36 39 41 43 43 42 40 37 33 29191022MC1739 43999999999999999999999 240 11999999999999999999999
 24 20 16 13 12 12 13 15 18 21 24 27 30 32 34 36 37 39 39 40 39 38 37 35191023MC1850 40999999999999999999999 429 12999999999999999999999
 32 27 23 18 14 12 12 14 16 20 24 28 31 33 33 34 33 33 34 35 36 37 38 38191024MC2248 38999999999999999999999 537 12999999999999999999999
 37 34 30 25 19 15 13 14 16 21 26 30 34 35 35 33 31 29 28 28 30 32 35 38191025MC1319 35999999999999999999999 619 131822 2899999999999999
 40 39 36 31 26 20 17 16 18 22 27 33 37 39 39 36 32 27 24 22 23 26 30 34191026MC 018 401315 3999999999999999 649 151913 2299999999999999
 38 41 40 37 32 26 21 19 19 24 30 36 41 44 44 41 35 28 22 18 16 18 22 28191027MC 120 411328 4599999999999999 715 181957 1699999999999999
 34 38 41 40 36 31 26 22 22 25 31 38 45 49 50 47 41 33 24 17 13 12 15 21191028MC 211 411348 5099999999999999 737 212039 1299999999999999
 27 33 38 40 38 34 29 26 24 26 32 39 47 52 55 54 48 39 29 20 13  9 10 14191029MC 258 401412 5599999999999999 758 242120  999999999999999
 21 27 33 37 38 35 32 29 27 27 31 38 46 53 58 58 55 47 36 26 16 10  8 10191030MC 343 381439 5999999999999999 818 2622 0  899999999999999
 15 21 27 33 35 35 33 30 28 28 31 37 44 52 58 60 59 53 43 32 22 14  9  8191031MC 427 3515 8 6099999999999999 835 282240  899999999999999
 11 17 22 28 32 33 33 31 30 29 31 35 41 48 55 59 59 56 49 39 29 20 13 101911 1MC 513 331539 6099999999999999 850 292321 1099999999999999
 11 14 19 23 28 30 31 31 30 30 31 33 38 44 50 55 57 56 51 44 35 26 19 141911 2MC 6 9 311612 5799999999999999 856 30999999999999999999999
 13 14 17 20 24 27 29 30 30 30 31 33 36 40 45 50 53 54 51 46 40 32 25 201911 3MC1646 54999999999999999999999 0 4 12999999999999999999999
 16 15 16 19 21 24 26 28 29 31 32 33 34 37 40 44 47 49 49 46 42 36 31 251911 4MC1723 49999999999999999999999 055 15999999999999999999999
 21 19 18 19 20 22 24 26 28 30 32 33 34 36 37 39 41 43 44 43 41 38 35 311911 5MC1810 44999999999999999999999 2 4 18999999999999999999999
 27 23 21 20 20 21 22 24 27 30 33 35 36 36 36 36 37 37 38 39 39 38 37 341911 6MC1941 39999999999999999999999 342 20999999999999999999999
 31 28 25 23 21 20 21 23 26 29 33 36 37 37 36 35 33 32 32 33 34 36 36 361911 7MC1234 372225 3699999999999999 459 201741 3299999999999999
 35 33 29 26 23 21 21 22 25 29 33 37 39 40 38 35 32 29 27 27 29 31 34 361911 8MC1241 402359 3799999999999999 545 211836 2799999999999999
 37 36 33 30 26 23 22 23 25 29 34 39 42 43 41 37 33 28 24 22 23 26 30 341911 9MC1254 43999999999999999999999 616 221914 2299999999999999
 37 38 37 34 30 26 24 23 25 30 35 40 44 46 45 41 35 29 23 19 18 20 25 30191110MC 058 3813 8 4699999999999999 640 231947 1899999999999999
 35 38 38 37 33 29 26 25 26 30 35 41 46 49 48 45 38 31 23 18 15 16 19 25191111MC 144 381324 4999999999999999 7 0 252018 1599999999999999
 31 36 39 38 36 32 29 27 27 31 36 42 48 51 52 49 43 35 26 18 13 12 15 20191112MC 224 391342 5299999999999999 720 272048 1299999999999999
 27 33 37 39 38 35 31 29 29 31 36 42 49 53 55 53 48 39 30 21 14 10 11 15191113MC 3 1 3914 2 5599999999999999 739 282120 1099999999999999
 22 29 34 38 38 36 33 31 30 32 36 42 48 54 57 57 52 44 35 25 16 11  9 11191114MC 339 391425 5799999999999999 757 302153  999999999999999
 17 24 30 35 37 37 35 33 32 32 35 41 48 54 58 59 56 50 41 31 21 14 10  9191115MC 418 371449 5999999999999999 812 322230  999999999999999
 13 19 25 31 35 36 35 34 33 33 35 40 46 52 57 59 58 54 46 37 27 19 13 10191116MC 5 2 361516 5999999999999999 820 332311 1099999999999999
 11 15 21 26 31 33 34 34 33 33 35 38 43 49 55 58 59 57 51 43 34 26 19 14191117MC 559 341545 5999999999999999 815 332359 1299999999999999
 12 14 18 22 26 30 32 33 33 34 35 37 41 46 51 55 57 57 54 48 41 33 26 20191118MC1617 589999999999999999999999999999999999999999999999999
 16 15 17 20 23 27 29 31 33 34 35 37 40 43 47 51 54 55 53 50 45 39 33 28191119MC1654 55999999999999999999999 055 15999999999999999999999
 23 20 19 19 21 24 27 30 33 34 36 37 39 41 44 46 49 50 51 49 47 44 39 35191120MC1738 51999999999999999999999 2 4 19999999999999999999999
 30 26 23 22 22 24 27 30 33 36 38 39 40 41 41 42 43 44 45 46 45 44 43 40191121MC1854 46999999999999999999999 318 22999999999999999999999
 37 33 29 26 25 25 27 30 34 38 41 43 43 42 41 40 39 38 39 40 41 42 42 42191122MC1150 432233 4399999999999999 419 2517 0 3899999999999999
 41 39 35 32 29 28 29 32 36 40 44 47 48 47 44 40 37 34 32 33 34 36 39 41191123MC1152 48999999999999999999999 5 4 281823 3299999999999999
 43 42 40 37 34 32 31 33 38 43 48 52 54 53 49 44 38 32 28 26 27 30 33 38191124MC 018 431210 5499999999999999 539 311913 2699999999999999
 41 43 43 41 38 36 34 35 39 45 51 56 59 59 56 50 42 34 27 23 21 23 27 32191125MC 128 441235 5999999999999999 6 9 341955 2199999999999999
 37 42 44 44 42 39 37 37 40 45 52 58 63 65 63 57 49 39 30 23 18 18 21 26191126MC 224 4413 3 6599999999999999 636 372035 1899999999999999
 32 38 42 44 44 42 40 39 40 44 51 58 64 68 68 64 56 46 35 26 19 16 17 21191127MC 314 441334 6899999999999999 7 2 392114 1699999999999999
 27 33 39 43 44 43 41 40 40 43 48 56 63 68 70 69 63 53 42 32 23 17 15 18191128MC 4 0 4414 7 7099999999999999 727 402152 1599999999999999
 23 29 35 40 43 43 42 41 41 42 46 52 59 66 70 70 67 60 49 38 29 21 17 17191129MC 445 431441 7199999999999999 752 412229 1699999999999999
 20 25 31 36 40 42 42 41 41 41 43 48 54 61 66 69 68 63 55 45 35 27 21 18191130MC 533 421516 6999999999999999 818 4123 7 1899999999999999
 20 23 28 33 38 40 41 41 41 41 42 45 50 55 61 65 66 64 58 50 41 33 26 221912 1MC1552 669999999999999999999992345 21999999999999999999999
 21 23 27 31 35 38 40 41 41 41 41 43 46 50 55 60 62 62 59 53 46 38 31 261912 2MC1629 639999999999999999999999999999999999999999999999999
 24 24 26 29 33 36 39 40 41 42 42 42 44 46 50 53 56 58 57 54 48 43 36 311912 3MC17 7 58999999999999999999999 026 24999999999999999999999
 28 26 27 29 32 35 37 40 42 43 43 43 43 44 46 48 50 52 53 51 49 45 40 361912 4MC1749 53999999999999999999999 110 26999999999999999999999
 32 30 29 30 31 34 37 39 42 44 45 45 45 44 44 44 45 46 47 47 47 45 42 391912 5MC1052 451847 4799999999999999 2 0 291350 4499999999999999
 36 34 32 31 32 34 36 39 42 45 47 48 47 46 44 42 41 41 41 42 43 43 42 411912 6MC1111 482051 4399999999999999 256 3117 5 4199999999999999
 39 37 35 34 34 34 36 39 43 46 49 50 50 49 46 42 39 37 36 36 38 39 41 421912 7MC1130 502326 4299999999999999 349 341819 3699999999999999
 42 41 39 37 36 36 37 40 43 47 51 53 54 52 49 44 39 35 32 31 32 35 38 401912 8MC1149 54999999999999999999999 433 361859 3199999999999999
 42 43 42 40 39 38 38 40 44 48 52 56 57 56 53 47 41 35 30 27 27 30 33 381912 9MC 051 4312 9 5799999999999999 5 9 381932 2799999999999999
 41 44 44 43 42 40 40 41 44 49 54 58 60 61 58 52 45 37 30 25 23 25 29 34191210MC 147 441231 6199999999999999 541 4020 3 2399999999999999
 39 43 45 45 44 43 42 42 45 49 54 59 63 64 63 57 50 41 32 25 21 21 24 29191211MC 232 461257 6499999999999999 610 422035 2099999999999999
 35 41 45 46 46 45 43 43 45 49 54 60 65 67 67 63 56 46 36 28 21 18 20 24191212MC 312 471325 6899999999999999 638 4321 9 1899999999999999
 31 37 43 46 47 46 45 44 45 48 53 59 64 69 70 68 62 53 43 33 24 19 18 21191213MC 351 471357 7099999999999999 7 3 442146 1899999999999999
 26 33 39 44 46 46 45 44 44 46 50 56 63 68 71 71 67 60 50 40 30 22 19 19191214MC 432 461431 7299999999999999 726 442225 1899999999999999
 23 28 35 40 44 45 45 44 44 45 48 53 59 65 70 72 71 66 57 47 37 29 22 20191215MC 517 4515 7 7299999999999999 747 4423 7 2099999999999999
 21 25 31 36 41 44 45 45 44 44 46 50 55 61 67 70 71 68 63 54 45 36 29 24191216MC1545 719999999999999999999992352 23999999999999999999999
 23 25 29 34 38 42 44 45 45 45 45 47 51 56 61 66 68 68 65 59 51 43 36 30191217MC1625 689999999999999999999999999999999999999999999999999
 27 26 28 32 37 41 44 45 46 46 46 46 48 51 56 60 63 64 63 60 55 49 43 37191218MC17 6 64999999999999999999999 038 26999999999999999999999
 32 30 30 33 36 40 44 47 48 48 48 48 48 49 51 54 57 59 59 58 56 52 48 43191219MC 849 481753 5999999999999999 124 301124 4799999999999999
 39 35 34 35 37 41 45 48 51 52 52 51 50 49 48 49 50 52 53 53 53 52 50 47191220MC 924 5219 0 5399999999999999 2 9 341351 4899999999999999
 44 41 39 38 39 42 46 50 54 56 57 56 54 51 49 47 45 45 46 47 48 48 49 48191221MC 959 572210 4999999999999999 252 381638 4599999999999999
 47 46 44 42 42 44 47 52 56 60 62 62 60 56 52 47 44 41 40 40 41 43 45 47191222MC1035 62999999999999999999999 333 421815 4099999999999999
 49 49 48 46 46 46 48 52 57 62 66 67 66 63 58 51 45 40 36 35 35 37 40 44191223MC 030 491112 6799999999999999 412 461910 3599999999999999
 47 50 50 50 49 48 49 52 57 63 68 71 72 70 65 58 50 42 36 32 30 32 35 40191224MC 153 501151 7299999999999999 451 481953 3099999999999999
 44 49 51 52 51 50 50 52 56 61 67 72 75 75 72 65 56 47 38 32 28 28 31 35191225MC 252 521231 7599999999999999 532 502033 2899999999999999
 41 46 50 52 52 52 51 51 54 58 65 71 75 78 77 72 63 54 44 35 29 27 28 31191226MC 338 521312 7899999999999999 616 512110 2699999999999999
 37 43 48 51 53 52 52 51 52 55 60 67 73 78 79 76 70 61 50 40 32 28 26 29191227MC 416 531352 7999999999999999 7 0 512146 2699999999999999
 34 39 45 49 52 52 52 51 51 52 56 62 69 75 78 78 74 67 57 47 38 31 27 28191228MC 450 521432 7999999999999999 744 512221 2799999999999999
 31 36 42 47 50 52 52 51 50 50 52 57 63 70 75 77 76 71 62 53 43 35 30 29191229MC 522 521510 7799999999999999 827 502255 2999999999999999
 31 35 40 45 49 51 52 51 50 49 50 52 57 64 69 73 74 72 66 57 49 40 34 31191230MC 554 521548 7499999999999999 910 492342 3199999999999999
 31 33 38 42 46 49 51 51 50 49 49 50 53 58 63 68 71 70 67 60 53 45 38 34191231MC 635 511624 7199999999999999 950 49999999999999999999999
