 82 63 66 9313819023326126925322017914512311613016320624426526824820715419 1 1MM 750269193726999999999999999 124 62135211699999999999999
104 67 47 50 8013219224327729027523819415512811612716120624326426424119419 1 2MM 859290203226799999999999999 225 4515 511699999999999999
137 86 51 33 38 7613720325929630828924619615512611312616521324926626123019 1 3MM 955308211926799999999999999 319 3216 311399999999999999
176116 67 36 22 35 8315322227731231829024018814811911013217922725826825519 1 4MM1042320215826899999999999999 4 5 22165011099999999999999
214153 93 50 24 18 4210117624429532231727822317313611211314719924526826919 1 5MM1122324223227199999999999999 447 17172910999999999999999
244192127 72 36 17 21 5912820526730932430525619915412210812316822326127419 1 6MM115932423 527499999999999999 524 1518 410899999999999999
264227166102 54 26 16 33 8716223428731731828322717413411010813919324427219 1 7MM1231322233827799999999999999 557 16183510599999999999999
275253204138 78 39 20 21 5612219926230432030325519714911610211515921625919 1 8MM13 1320999999999999999999999 627 1719 610199999999999999
277269235176111 60 30 20 37 8816223328531431328022416812710210012818123419 1 9MM 012277133031899999999999999 657 201937 9799999999999999
266274256211148 89 48 28 30 63127201262301315297251193144110 9410514519919 110MM 048274135831599999999999999 726 252010 9499999999999999
244266264237186125 74 44 34 50 97165233282307305274221166124 98 9211415919 111MM 126268142731099999999999999 757 342045 9299999999999999
210245259251218166112 71 51 51 77131196253289301287247194146111 92 9512219 112MM 2 9260145930199999999999999 831 482125 9099999999999999
168211240250238204157112 81 67 74105157214259284287265223174132102 88 9619 113MM 258250153728999999999999999 912 672211 8899999999999999
125167206232241231202162125100 89 98127171217253272269246207162122 95 8419 114MM 4 024116242739999999999999910 4 8923 6 8399999999999999
 92119157196225238234213181148124112116137172210241258255234198155114 8619 115MM 5162391723259999999999999991115111999999999999999999999
 74 8010414318622224424923620817514612812413616319823024924923119514910519 116MM 645249183125199999999999999 011 73124612499999999999999
 73 58 62 8612918122725827126323619716213612412815118922624825123319414119 117MM 8 8271193825299999999999999 119 57141812399999999999999
 91 55 38 41 6811918223827729629025721116813611811714318723025425723619119 118MM 916297203725999999999999999 223 37153111599999999999999
130 74 37 19 22 5411619025329731830926921516713210911014219524126426423819 119MM1014319213026799999999999999 323 18163110699999999999999
184115 56 20  3  7 4712120327031433431926920916012410110614921025527527019 120MM11 6334221927699999999999999 422  11723 9999999999999999
237173 98 40  7-10 -2 49134221286328343318258196150115 9410816322726828319 121MM115434323 928399999999999999 517-111810 9399999999999999
274232159 82 29 -2-18 -2 62156240300339345306240180136102 8711518024327819 122MM1239347235928899999999999999 6 8-181855 8799999999999999
288274223143 70 22 -7-19  9 87182260314344337285216160119 88 8412619625419 123MM1320347999999999999999999999 654-191937 8099999999999999
283291269210129 63 20 -6-10 34119210279324342319257190138100 75 8513820719 124MM 049291135934299999999999999 737-132018 7399999999999999
258284288259195120 62 25  4 13 69155235293327330292227164117 82 67 9014719 125MM 140290143533399999999999999 817  22058 6799999999999999
211256280280247185119 70 38 26 47107185252297318307261198142 99 70 65 9519 126MM 231284151131999999999999999 857 262140 6399999999999999
151208249271268236182128 87 62 58 84140204256289298278232176126 88 65 6719 127MM 326273155029999999999999999 941 562226 6399999999999999
 98147197236258257232190148114 93 93117160208248271273251210162118 83 6519 128MM 4282611635275999999999999991032 902321 6499999999999999
 69 95137183222247253238209175145125122136165200230249249232199157115 8319 129MM 5462531733251999999999999991143121999999999999999999999
 65 66 8612316821124225725423320317214913714015718421223123522319515611519 130MM 718258184623599999999999999 029 63132113799999999999999
 82 62 58 7411015920824727027425622418915913913214417120122423222319615519 131MM 84027520 023299999999999999 142 57145213299999999999999
111 75 53 47 6310315921526028729227123319015412912013416720322923722819719 2 1MM 94229321 023799999999999999 248 47155512099999999999999
150101 64 42 37 5710617023027730330327322517814011511113417621724124723119 2 2MM1030307214724799999999999999 344 36164110999999999999999
191136 85 50 30 31 6112019025129431330125920515712210310914619723725725519 2 3MM11 9314222625999999999999999 431 27171810199999999999999
229177116 67 36 21 31 76146217272307315287233177134105 9511917022425826919 2 4MM114431623 126999999999999999 511 211750 9599999999999999
257217154 93 49 24 18 43104180246292315305260200148112 91 9713919924927419 2 5MM1214316233427899999999999999 546 171820 8999999999999999
275250195126 70 35 17 24 68142217273307313283225166122 93 8410916622726819 2 6MM1242315999999999999999999999 618 161849 8399999999999999
283272232165 99 52 25 18 43106185252295313300251188135 99 79 8613019524919 2 7MM 0 828313 831499999999999999 648 171919 7799999999999999
279283260205135 76 40 23 31 76152227279307308274213152108 81 73 9815622019 2 8MM 041284133231299999999999999 716 221948 7299999999999999
264282276239175109 62 37 32 57119196259296308289239174121 87 69 7611718019 2 9MM 116283135630899999999999999 744 312018 6899999999999999
237270278262215151 95 60 45 53 93160229277299294260201141 97 72 65 8613619 210MM 153279142130099999999999999 814 452048 6599999999999999
197244268270246197140 95 70 64 82129192247279287270227170117 82 65 68 9719 211MM 235272145028899999999999999 848 632123 6399999999999999
148202242262260235190144109 90 90112155206247268267243200149104 75 63 7119 212MM 325264152727099999999999999 931 8822 6 6399999999999999
102149197234254254234199162133117116133165203233248245223185141100 73 6219 213MM 430256161924999999999999999103211423 5 6299999999999999
 70 97138184223248255245221190161142135141160188214230231215184143103 7319 214MM 55525517322339999999999999912 3135999999999999999999999
 58 61 8211916621224726526624921918615914113614516819822122922019315310719 215MM 732268185822999999999999999 020 57135413699999999999999
 70 49 45 61 9715020725328229127724320116313612212715319222423923420816219 216MM 854291201524099999999999999 142 44151812199999999999999
108 62 35 26 38 7714121026530131429825520215712510611114719823825625222319 217MM 959314211925799999999999999 259 26162010499999999999999
168102 50 20  7 18 65142220280318330306251191144110 9010315321425727426919 218MM1053331221727599999999999999 4 8  71711 9099999999999999
232165 91 39  8 -7  7 67156237295332338300234172128 93 7710416923527529119 219MM1139341231129199999999999999 5 8 -81756 7799999999999999
281234155 79 30 -1-16  9 85180257310341333279207149108 75 7011519125529019 220MM1221344999999999999999999999 559-161838 6699999999999999
303285225140 69 25 -5-13 28116210278323342315248175124 85 58 7013221227019 221MM 0 1303125834299999999999999 644-151917 5699999999999999
301309280209126 64 25 -1  4 63156240296330330285210144 98 63 48 7915222819 222MM 048309133233599999999999999 724 -51954 4899999999999999
278305306266191117 65 31 14 37108195264307325306246173115 75 47 48 9516919 223MM 13331014 332599999999999999 8 1 142029 4399999999999999
237281303294247178116 73 46 42 80151224276305305270207142 93 58 42 5911219 224MM 217304143230999999999999999 837 4021 4 4299999999999999
180238276292277231173124 90 72 80122182238274287274233176121 80 54 49 7419 225MM 3 429215 328799999999999999 915 712141 4899999999999999
125183232265276261224180142115105117152196233256259241203156113 79 61 6319 226MM 35727615402619999999999999910 01052225 5999999999999999
 87129176219249261253228197167145136143163190215229230214186151116 88 7319 227MM 5 526116312329999999999999911 41362325 7299999999999999
 75 93124164204235253255242219193169155151157172190205209202184157127 9919 228MM 6372561754209999999999999991252151999999999999999999999
 82 78 8911315019222925526626124121118115714314015117119220520519417013719 3 1MM 812267193420799999999999999 047 78144313999999999999999
105 83 73 7810014018823426628327925421517614512512013616619621522020918019 3 2MM 919284204922099999999999999 212 73154412099999999999999
140101 74 61 65 9114019724828229828725120215812410510713617821523623922119 3 3MM10 7298214024099999999999999 320 60162410399999999999999
182131 88 60 47 55 92153217267298306282232177133102 9010715220424125825419 3 4MM1046307222026099999999999999 411 461658 9099999999999999
224170113 70 44 35 55108179242286310302261201147107 83 8512218123426627619 3 5MM1118311225627699999999999999 453 351728 8099999999999999
260212148 91 53 31 32 70139211267302312284227165118 86 72 9315021526228619 3 6MM1147313232928999999999999999 529 281758 7299999999999999
285252189121 71 39 25 43101178245289311301253187131 93 69 7111418424628319 3 7MM1214312999999999999999999999 6 3 251827 6599999999999999
296281230158 96 56 32 31 70144220274304309275211147102 72 60 8314521726919 3 8MM 0 3296123931199999999999999 634 271857 5999999999999999
295297265200129 78 48 34 51111191256294308291237167112 78 57 6110617924519 3 9MM 03530013 130899999999999999 7 4 341925 5599999999999999
285300288240169107 69 48 48 86158232281302297259193127 83 59 51 7413520919 310MM 1 8300132230399999999999999 732 451951 5099999999999999
264293297271213146 97 70 59 75127200259290295272219150 95 62 48 55 9516319 311MM 141299134229699999999999999 8 1 592016 4799999999999999
230274294288253194137 99 80 80108164226269284275239181119 74 51 46 6611619 312MM 21929514 728499999999999999 832 772044 4599999999999999
181238275288277239188142113101107138186233260265247208154102 67 50 52 7919 313MM 3 4288144226699999999999999 9121002122 4899999999999999
127184234267278268237197161136126132155189221240241223189145102 71 56 6019 314MM 4 227815332439999999999999910101252218 5699999999999999
 84125174220253270267248218187162147145155176199216221212188153115 84 6519 315MM 52227116522229999999999999911411442338 6299999999999999
 63 78109152199240267276268245214182158143141152174199215217202174136 9719 316MM 7 22761836218999999999999991341140999999999999999999999
 69 57 62 8512718123327129129227123319015413011912715719522423522820015519 317MM 83129420 623599999999999999 112 5715 611899999999999999
105 66 45 42 60106171235282309313286236183140109 9510915320624426125622419 318MM 938315211826299999999999999 241 4116 4 9599999999999999
166103 57 32 23 41 97175246297325325286223163119 87 7610316422826928728019 319MM1030330221828899999999999999 356 221652 7599999999999999
238166 96 49 20  9 34105192263311336324269196138 97 66 6411018625229130819 320MM111533723 930999999999999999 455  91735 5999999999999999
295238156 87 44 14  6 46130218282323337307236163112 74 48 6312821227430919 321MM1153338235532299999999999999 544  41815 4799999999999999
322296225142 81 42 14 18 76167247299329326275196129 86 52 38 7315323529019 322MM1227333999999999999999999999 627 101851 3799999999999999
321326285207130 79 44 24 46118206272310325301234156 99 62 35 39 9417925319 323MM 038328125832599999999999999 7 5 241926 3199999999999999
301326318265189124 81 52 46 86163238287311308264191122 75 43 29 5312020119 324MM 119328132431499999999999999 741 431958 2999999999999999
265305321301244176124 88 68 79129200257290299277223154 97 58 36 37 7714519 325MM 2 0321135029999999999999999 815 672028 3299999999999999
215269302308280227173131102 94115165220260278272240186129 84 54 43 5810319 326MM 242310141827999999999999999 850 932059 4399999999999999
163222266291290262220177144123123146184221246253239206161118 84 63 61 8219 327MM 328294145225399999999999999 9321202136 5999999999999999
122171219255275273253222190162146146161184206221223210185153122 96 81 8219 328MM 42527715392249999999999999910301442226 7999999999999999
100131169208241260264254233207181164156159168182194199195181161137114 9919 329MM 54526517 31999999999999999912131562342 9699999999999999
 9710712815819422925426626324822219216715014214515917719219819317915613019 330MM 72126619 4198999999999999991414142999999999999999999999
109 9910111614518522625727527726022818915513111912514717720321621620117119 331MM 835278203021899999999999999 120 98151311999999999999999
136106 90 87102136185234270289288262218171132107 9911515219522724324021619 4 1MM 927291212324499999999999999 241 871552 9899999999999999
174128 94 74 72 93139198251286301290249194143105 84 8712117422425727025819 4 2MM10 730122 427099999999999999 339 711625 8299999999999999
219163112 77 59 62 96157222271301306277221161113 81 69 8914320725628428919 4 3MM1040308224129099999999999999 424 571656 6899999999999999
262206143 94 62 48 64116188249291310298250184127 87 62 6410617624028330419 4 4MM1110311231630599999999999999 5 4 481728 5899999999999999
296250182121 79 53 48 82151223275304308274210144 97 65 51 7313621226930319 4 5MM1138310235131499999999999999 540 461759 5199999999999999
313288227156104 71 51 61116193256293308292237165109 73 50 51 9517224429119 4 6MM12 4308999999999999999999999 615 491830 4699999999999999
315311268198135 94 67 59 90160233280302299261192124 80 54 42 6312720827019 4 7MM 025318122630499999999999999 648 581859 4299999999999999
306319299242173121 90 71 79128202262292298276220147 89 57 41 44 8616223819 4 8MM 059319124529999999999999999 720 701926 3899999999999999
288314315281218156116 92 84108167234277291282243178110 65 43 37 5711419219 4 9MM 13331813 629199999999999999 751 841950 3699999999999999
258298315305262202151119102105139196249276278256208144 87 52 38 43 7613919 410MM 210316133428099999999999999 8251002018 3799999999999999
210266299310293250198156130118127162208246262256229182127 80 53 44 56 9319 411MM 254310141426299999999999999 9 71182058 4499999999999999
151213262292300284248206171147136144169202228240234210172128 89 64 56 6819 412MM 35030015112409999999999999910 61362156 5699999999999999
100149202248279291283258223190164149147159181203218220207181146110 83 7019 413MM 5 529116392219999999999999911361462317 6999999999999999
 73 9513418223026728829027424420717414913613715418020622122120517513610019 414MM 6362921830223999999999999991324135999999999999999999999
 77 70 8111115921426229330329226021517013611411013016820923724723820615919 415MM 8 030320 224799999999999999 053 70144210999999999999999
110 77 61 63 90144209266302317306264207154114 89 8611517022526227827023119 416MM 9 6317211327899999999999999 224 591537 8399999999999999
170112 72 50 48 78142217277314327307252184128 89 65 6911518624928930629419 417MM 95832722 930799999999999999 337 461624 6299999999999999
242170108 68 44 41 82158236291323329293223152101 66 46 6413021127431232719 418MM1041331225832799999999999999 435 3817 7 4599999999999999
304239161104 67 42 48103186258303327318264185119 76 45 35 7315423729432919 419MM1118328234333899999999999999 524 391746 3499999999999999
337299225152103 69 49 69138220279312322293224146 90 55 30 37 9518225931019 420MM1150322999999999999999999999 6 6 491823 2799999999999999
339334283208145103 73 65102177249293313306258182112 68 38 25 5112420927619 421MM 025342121831499999999999999 644 631856 2599999999999999
320340321262192140105 82 90141213269299304278218145 87 51 29 32 7715423219 422MM 1 4340124330599999999999999 720 801927 2699999999999999
289325332300241182138108 97120176236277292283244181117 71 43 33 5310918219 423MM 143334131029399999999999999 753 971955 3399999999999999
248296322316279225176139117118149199245270274254209152101 66 47 50 8213919 424MM 221324134027699999999999999 8281142024 4599999999999999
203258296311298261216175144130139169207238253248223182137 98 72 62 7511019 425MM 3 2311141725499999999999999 9 81302058 6299999999999999
161214259288296281251214179154144153175200220229223201170136107 88 84 9919 426MM 35029615 62299999999999999910 01442142 8399999999999999
13117121425227628227224821818716415315516618219820720619317314812510810419 427MM 4512831623208999999999999991119152224610499999999999999
11513817020624126527527025322519416614914314816118019720520219016914512519 428MM 6 927618152059999999999999913 3143999999999999999999999
11411813316019623326227727625922919215713312312714617520322022421419116019 429MM 726279194722599999999999999 016114141512299999999999999
13011310912114919023426828528426322317713711010011114218522424725323920519 430MM 827287204825399999999999999 14410915 110099999999999999
162125102 96109144195245280296289256204151110 85 8110615421025327727925419 5 1MM 913297213528199999999999999 253 961540 8099999999999999
207154114 89 84104152212263294303284235173120 83 64 7211518024128330329619 5 2MM 951304221630499999999999999 347 831616 6399999999999999
256196140102 79 78112174237282305302265202138 91 61 51 7613821227130832119 5 3MM1025307225632199999999999999 432 751651 5199999999999999
299243178128 94 75 85135205262296307288232161104 68 45 48 9417024429532519 5 4MM1056307233433099999999999999 514 741727 4299999999999999
327289223162119 90 78105169237282303299261191123 78 50 37 5712120427131319 5 5MM1124305999999999999999999999 553 7818 1 3799999999999999
334322269202150115 91 91135206264294300280224150 91 57 38 37 7715523529219 5 6MM 012335114930199999999999999 631 861834 3399999999999999
326336308247185143114 97113169236280295288252185114 67 43 32 4710418726019 5 7MM 049337121229699999999999999 7 7 9719 4 3299999999999999
307333330290228175139115109139199255284288268220151 89 53 35 34 6513321319 5 8MM 127336124028999999999999999 7441081934 3299999999999999
277317334320274217170139121125162216260278273245192128 77 47 36 45 8615619 5 9MM 2 7334131727999999999999999 82311920 9 3599999999999999
228285319329309264212171143130139174219252264255225176121 78 53 45 6110419 510MM 25232914 526499999999999999 9 91292053 4599999999999999
168232283313320300261215177150138145173207234246240216176130 92 68 61 7519 511MM 34632115112469999999999999910 91372151 6099999999999999
113168226273304312298264223185155139140158186214232235221192153115 88 7619 512MM 452313164223699999999999999112713723 8 7699999999999999
 8311215821226029530930127223218915313012313416319822724224021918314110619 513MM 6 83091822244999999999999991253123999999999999999999999
 86 84103143197251290310307280235184141111 9910914419123426126725121316319 514MM 722311194926899999999999999 036 8314 5 9999999999999999
119 91 81 93131189249293315312282227168120 87 74 8913619825128529728123519 515MM 826317205829799999999999999 2 1 8115 2 7499999999999999
175125 93 77 86128193256299319312272206142 95 64 54 7914121527331032230019 516MM 918320215532299999999999999 314 761551 5399999999999999
244177127 94 76 87138209270306320303249175113 71 45 42 8215823729433033819 517MM10 1320224434099999999999999 413 751636 3999999999999999
305240174128 96 80100161232284311314283215141 86 52 32 42 9918325931234319 518MM1039316232934899999999999999 5 2 801717 3099999999999999
342297228168128 99 91124191256295311300253178110 66 39 27 5412421027832519 519MM1110311999999999999999999999 546 891754 2799999999999999
349334280213163127103108154222274301304278218144 87 52 31 33 7715523529519 520MM 010349113930599999999999999 6241001828 2899999999999999
334345317259199156125111130185245285299289249184117 71 44 32 5110818625719 521MM 04934612 729999999999999999 7 01111859 3299999999999999
309337335296239186148124122154209259286289268219155 99 62 42 44 7814221519 522MM 126341123929199999999999999 7341191928 4099999999999999
276317334318274221175142126137175224262279272242191135 89 61 51 6611017319 523MM 2 2334131427999999999999999 8 81261957 5199999999999999
238289319323299255206166139132151188228255264251218171125 88 68 68 9314019 524MM 238325135526499999999999999 8461322030 6599999999999999
198253294314309281239197161140140159190221242246232201163125 97 84 9011819 525MM 318315144424799999999999999 9321372111 8399999999999999
16221225829030329426723019216014314315918320822623122119716713611310311019 526MM 4 5303155023199999999999999102914122 510399999999999999
13517321525428229228426022619016014113814917019421522622320718215513111919 527MM 5 32921717226999999999999991142137231811899999999999999
12214117221024727428628025822518715313112413315518521423323822720417414619 528MM 6 92861847238999999999999991256124999999999999999999999
12812413716520324227228628125822017613711210411514518622625326225322618819 529MM 71428720 126299999999999999 041124135610499999999999999
152127119128157200245277291284254207156114 89 8410314519924727929027624019 530MM 810291205829099999999999999 1591191445 8399999999999999
192150122111121156208256287297282241183128 88 67 6810015722227430631429119 531MM 856297214731499999999999999 3 41101528 6499999999999999
243188144115104120166224271297299272217152 99 66 50 6110818024929932832819 6 1MM 936301223233299999999999999 3591041610 5099999999999999
294235179138111103130186246286302293252185119 74 48 39 6312720627431934219 6 2MM1012302231534499999999999999 4471031651 3999999999999999
333285223171135110110149213267295301279224151 91 56 36 36 7615223329533419 6 3MM1045302235734999999999999999 5321051732 3299999999999999
349327271209165132112123174238282299293258192120 71 43 29 41 9618025731119 6 4MM1116300999999999999999999999 6151111811 2999999999999999
344349315254198160130117141199257290296281234163 97 57 35 28 5312120627719 6 5MM 039352115029799999999999999 6561171850 2799999999999999
324350343300239189154129125160219268290289265210140 83 49 32 33 7214622819 6 6MM 121352122829299999999999999 7381221928 2999999999999999
292333350333284227182149128134174229269285279249193128 78 48 35 46 9316819 6 7MM 2 3350131428599999999999999 82112620 9 3599999999999999
244301336346322272218175144128140180228262276269238185127 82 56 46 6311319 6 8MM 248346141027699999999999999 9 81282055 4699999999999999
184252304333337310262211169139127139176218250265261235189138 97 71 64 8219 6 9MM 33733915192669999999999999910 21272150 6399999999999999
128191252299326327300255207165134121131163202237258260242205160120 92 8319 610MM 43233016392629999999999999911 51212257 8399999999999999
 9713519024629131631729425220315812510911514318522625626825922918714611419 611MM 53432018 5268999999999999991214108999999999999999999999
100106136184237282308311290248196147111 92 9512417122226228428325821516919 612MM 638313192828699999999999999 013 991322 9099999999999999
132112111133177231277304308286241183130 92 72 7610916622727530430828423619 613MM 740309204031099999999999999 1341091423 7099999999999999
184144119112131176233278303305279227163109 73 54 6210417224029332432930019 614MM 836307214033199999999999999 2501111517 5399999999999999
246191149122113134184242283303300266205138 88 56 42 5711018625731034134119 615MM 923305223134599999999999999 35211216 5 4299999999999999
303244190151123117145201256290303290245178114 71 45 37 6312820827632535019 616MM10 3303231635299999999999999 4441151649 3699999999999999
341295234184148124125164223271296299275220150 94 58 38 40 7915323129433619 617MM1038301235835299999999999999 5291201729 3599999999999999
352330277219174142125139187245284299291255192126 78 50 38 5210518325631019 618MM1110299999999999999999999999 6 812518 5 3899999999999999
342345311255201162136129157211263292297278231166106 68 47 44 7413721427919 619MM 035349114329899999999999999 6431281837 4299999999999999
323344332288231182148130137177232275294289259205143 92 61 48 5910317324419 620MM 110344121829599999999999999 71612919 7 4899999999999999
300333339312262207164136128149195246279290276238182125 83 60 58 8313820719 621MM 142340125629099999999999999 7491281937 5699999999999999
270314335326289237186149128132162209252277280259217163114 81 67 7611317219 622MM 214336133828199999999999999 82312720 9 6699999999999999
236288321329308265214170138126138173216251269267243201153112 87 81 9914219 623MM 247329142427199999999999999 9 21262046 8199999999999999
19925429631831528824419815813312714317721524425925523219415412110210112319 624MM 324320151926099999999999999 9471262132 9999999999999999
16521526129430829927022918615112912614317320823625125023120016613712112119 625MM 4 73081626253999999999999991040125222911999999999999999
14117621925828629628625721917814412312013516419923025125524321718615713819 626MM 5 02961746256999999999999991141119234313499999999999999
13514917721425127728727725121217013411110712115219323226027126424120717419 627MM 6 128719 7271999999999999991245106999999999999999999999
150140147171207245273284275246203156117 94 8910614319424227729428926322419 628MM 7 3284201829599999999999999 1 61401344 8899999999999999
184154139141164204246276286275241190137 96 74 71 9414120325929931831227919 629MM 8 0286211631999999999999999 2241371438 7099999999999999
231186153134135162209255283290273230170114 75 56 57 8714821928032133932719 630MM 84929122 833999999999999999 3281311528 5399999999999999
285230183149129132168222268292293267214147 91 57 41 48 8916123829933835319 7 1MM 933295225735399999999999999 4241271617 4099999999999999
332281223178145126136181239282298292257194124 73 44 32 45 9818025831535119 7 2MM1014299234436099999999999999 51412517 6 3299999999999999
359328270213172140125145199258292302288243172104 60 35 26 4911420127732919 7 3MM1055302999999999999999999999 6 11251754 2699999999999999
360358317256202164135126157218272299302281227153 90 52 30 26 6013622429419 7 4MM 029364113930399999999999999 6461251841 2499999999999999
340364352301239190154128129171234281302300272212139 82 48 28 32 7916224619 7 5MM 113365122730499999999999999 7301231925 2699999999999999
309349363339282221176141120132182243284301297263200131 80 49 34 4810518819 7 6MM 154364131930299999999999999 81311920 8 3499999999999999
266320353356321261203160128114136189245282298291255194131 86 58 48 7213219 7 7MM 236359141529999999999999999 8571142052 4899999999999999
211279325349342300241187145116110137189240276292286251196142101 76 72 9919 7 8MM 318351151629399999999999999 9431092140 7099999999999999
157225283322337323280224173133107106133181229266286283255209162124101 9919 7 9MM 4 233716242889999999999999910341032237 9799999999999999
124172229278311320304263212163124100 9912416721625728228726723118915212919 710MM 4533211741288999999999999991133 96234512299999999999999
123140177224267296304289252204155115 91 8911015220425128429728725721717919 711MM 55130419 5297999999999999991237 87999999999999999999999
152140147175215256283292279245197146105 81 76 9614019725229231331028224019 712MM 655292202331599999999999999 1 91401343 7599999999999999
198165147146168208249277286274240188135 94 69 64 8513519926030533032929819 713MM 758286212733399999999999999 2321441444 6399999999999999
251205169146142165207250277285271232176121 82 59 56 8213921027432034533919 714MM 854285222034699999999999999 3401401539 5499999999999999
302249201164141140169217259283287267220159106 71 52 53 8815422829033435219 715MM 94028823 535399999999999999 4331361627 4999999999999999
337291236189155135143182234273291287258203140 91 62 48 5810517825130834319 716MM1020292234535399999999999999 5171341710 4799999999999999
352324270215173144132153203255287297283243181120 79 55 49 7213220827632319 717MM1056297999999999999999999999 5541321748 4999999999999999
348342301242191155133135171227275298298274222157102 69 53 57 9716624130019 718MM 020350113130199999999999999 6281301821 5199999999999999
336347323271212168138126144193251290304294258197134 88 62 55 7513020527319 719MM 05134712 630499999999999999 6581261851 5599999999999999
320343337297238184146124126160217269298303283235172115 78 61 6610417024319 720MM 119345124230499999999999999 7281211919 6099999999999999
300333341317265206159129117133179236280299296265211150103 76 69 8814021019 721MM 146342132130199999999999999 7591171950 6899999999999999
274317337328290233179139117116146197249283295283246191138101 83 8611817719 722MM 21333814 229599999999999999 8321132023 8199999999999999
242293323329306259204157125111121159209253280287270231181137109 9911115019 723MM 243330144828799999999999999 9 811121 1 9999999999999999
20526029931731128023218214211711012816621325127427826122618414912712213719 724MM 316318154327999999999999999 948110214812199999999999999
17322026429230228925721216813311211012916620824526927526323520017015014419 725MM 3573021651275999999999999991037108225114499999999999999
15618422125627828527224220116012610710512315719923926728027525522419417119 726MM 4502851813281999999999999991135104999999999999999999999
160164182212243265273263236197154119 98 9411014419023627329429728024921419 727MM 557273193729899999999999999 0151591242 9399999999999999
184166161172199232259270263237195148108 84 78 9313018424028631432130426819 728MM 7 8271204832199999999999999 1491601348 7899999999999999
225188162151160190230262277270241193138 93 67 61 7712018325030233434232119 729MM 811277214834399999999999999 3 61511450 6099999999999999
277226184154141152190238274287278244187124 77 52 45 6411519126431935135719 730MM 9 6288224135999999999999999 4 71401550 4599999999999999
328274218175145132150199253289299285243176109 64 40 34 5712020528133436419 731MM 957299233036899999999999999 5 01321648 3399999999999999
363324262205165135125155215272302308290238163 95 54 32 27 5913522529834619 8 1MM1046309999999999999999999999 5481251743 2599999999999999
372361309242189152124123166234288313315290228148 86 49 27 27 7316024931419 8 2MM 015373113731799999999999999 6331181832 2299999999999999
357373348285219172136112124181252300320319285214136 81 48 28 38 9919027319 8 3MM 057373122832399999999999999 7151111917 2699999999999999
329363366325256194151118103130197264306324318275202130 82 52 38 6213422219 8 4MM 135370131932599999999999999 7561031958 3899999999999999
294340362349296226170130101 98139208269307323312264194132 91 64 60 9717019 8 5MM 212363141032399999999999999 835 952039 5899999999999999
248306341350323264199149112 90100148213268303317302256195144108 87 9213319 8 6MM 24735115 331799999999999999 915 892122 8599999999999999
199263308331328293236178133100 8710415220926029430829425520716413311712619 8 7MM 32433416 230899999999999999 959 87221111799999999999999
163215263297311301265216165124 96 8910714820024728329929326522819216314919 8 8MM 4 63111713300999999999999991049 88231614899999999999999
154178215251277286276247206161123 98 9110513918623427329629928425422019119 8 9MM 5 02861840301999999999999991151 90999999999999999999999
172167178203232256267262240205163125 99 89 9812717322426930131430527924319 810MM 61226720 631499999999999999 04816713 4 8999999999999999
208181166168186215243258259242209166126 97 83 8811616522227531333132429419 811MM 732261211533199999999999999 2251651416 8299999999999999
251209176155154174209242262265248212164120 89 74 7911016723228832734533319 812MM 84026622 734599999999999999 3351521518 7399999999999999
294244197162141144174218254274275253209154108 79 66 7511518125030534135119 813MM 933277225035299999999999999 4251391611 6599999999999999
328278223177145130144187238273289283251196137 94 69 60 7913220627332234919 814MM1015289232735399999999999999 5 41301655 6099999999999999
347309250195155129126157212264293300284239175118 81 61 61 9516223729733619 815MM1051301235835199999999999999 5371231732 5899999999999999
351331277216168135119132181242288308306275216149 99 71 58 7212420027031919 816MM1125310999999999999999999999 6 811818 5 5899999999999999
345342302240182143118116149211270306316301255188126 86 65 64 9716524130019 817MM 026348115831699999999999999 6361131834 6199999999999999
335345321265201153122107123175241291316316287228159108 78 66 8113421027819 818MM 051346123131999999999999999 7 410719 3 6699999999999999
322342333289224167128106105140203265304318307264199138 98 78 7911217825219 819MM 11434313 631899999999999999 7331021931 7599999999999999
305333336307250186139110 98114164229281309313290239176127 99 8810315122019 820MM 137338134231499999999999999 8 1 9820 0 8899999999999999
281318331317273211155118 98 9812918724628830730327322016612910910913418719 821MM 2 0331142230999999999999999 830 95203310699999999999999
248294316314287236178133105 9410614620225428730129226021317014212913516419 822MM 22631815 830199999999999999 9 2 94211412999999999999999
212259290301290257208158121 99 9611515520625128229428625922218816415416019 823MM 3 030116 729499999999999999 941 95221015499999999999999
183219253274279266235193150118100 9911715319824127329028827124221318917519 824MM 3462791726291999999999999991034 97233517399999999999999
174187210235254260251227192153120100 9611014018322826729230129226923920919 825MM 45526019 0301999999999999991145 96999999999999999999999
187175176191215238252251234202162124 97 86 9412016421726630232031829525819 826MM 627253202232299999999999999 12517413 6 8699999999999999
219186165158171200234258263250217170122 87 71 73 9814821227331834134031219 827MM 748264212834499999999999999 2511581422 6999999999999999
264215175148139157198244274283269231173115 74 54 54 8114021828733435935519 828MM 854283222336199999999999999 3531391532 5199999999999999
316256200159131124152208263296303287239168103 61 41 39 7314623330334937119 829MM 951304231137199999999999999 4441231635 3699999999999999
357304235180141114115159229286315321298237156 91 53 32 33 7916525532036019 830MM1045322235337599999999999999 5301101731 2899999999999999
374346278208158123100114176252306331333299226143 85 51 29 3910119627933519 831MM1136335999999999999999999999 613 981819 2899999999999999
367367320244179136103 89121197273320341337291210133 84 53 36 6113723130219 9 1MM 032373122534499999999999999 653 8819 1 3699999999999999
346366348285208151113 85 85136218287327346333277196130 89 61 55 9617926219 9 2MM 1 7366131134699999999999999 731 791941 5399999999999999
318349353316245174126 92 73 91155233294330343321261189135100 78 8613921619 9 3MM 138356135734399999999999999 8 7 732019 7699999999999999
283324341328278208148106 78 7210417124129432633330525019214811810612417719 9 4MM 2 8341144533499999999999999 843 70205910699999999999999
240289315319294242181131 96 76 8112018024028731531829324920416814413815919 9 5MM 240321153832199999999999999 921 74214513799999999999999
201246279294289261215166125 96 84 9513118123227430130628925822319317216719 9 6MM 31729516433079999999999999910 4 84224816699999999999999
180205234256266259237203165131107 9710613417421925928830029527524721819519 9 7MM 4 826618103009999999999999911 2 97999999999999999999999
18218219321122924024022820517514412010711012816120424828330430829526823419 9 8MM 530242194430999999999999999 030181122110699999999999999
20418116917218720922823723421819015612710910411714819524528831632431027719 9 9MM 716238205432499999999999999 221168134710499999999999999
235196165148150172205233250251235201160124101 9310514119625430133033631519 910MM 835252214533799999999999999 3251461458 9399999999999999
271219175143128138174218253270270246202152112 89 81 9914621127331834233919 911MM 929273222534599999999999999 4 81281552 8199999999999999
303247191149121116142194245279292284246189134 97 76 7410416623729533334719 912MM10 9293225834799999999999999 4421141635 7299999999999999
328275212160124105116163225275303309285232166114 82 67 7812519926831634319 913MM1044310232734699999999999999 5121041711 6699999999999999
341301236175132104 99132195260302321314272205141 98 72 67 9516123729733319 914MM1116322235334499999999999999 540 971744 6599999999999999
344320262194142109 92106159231289321328305247176120 87 70 7912920527531919 915MM1148329999999999999999999999 6 9 911815 6999999999999999
340332286217156116 92 89125194264309330325284215150107 83 7710617324930419 916MM 016341122033299999999999999 637 861845 7699999999999999
331335304241173125 96 82 98154229289321331310255186133102 87 9714522028419 917MM 038337125333199999999999999 7 5 821914 8799999999999999
320331315265195136101 82 8311918825830432632328922716612710610212818825719 918MM 057331132632899999999999999 731 79194310199999999999999
303322316282221155109 85 77 9414621727731232431026720815913111812516322219 919MM 11632314 232499999999999999 755 77201411899999999999999
277306309289244182126 92 78 8111217023528431131729625320316614413815219119 920MM 139311144431799999999999999 821 77205213899999999999999
240277293286258211157112 87 80 9212918424028130530728825221318216516017419 921MM 211293153830999999999999999 855 80214616099999999999999
203237262270260234193149113 92 8710113518223127029430129026423320518617719 922MM 257270165230199999999999999 947 87231217799999999999999
181197219238246242224194158126103 9410212816721225428630330228525822720019 923MM 41224718273049999999999999911 2 94999999999999999999999
181173177193214232239232212180144113 95 9310914319024128531332131028024019 924MM 6 2239195632199999999999999 1 91731235 9299999999999999
201171153151168200233253255239205159116 87 77 8611817323729232834132929119 925MM 73825621 434199999999999999 23614914 3 7799999999999999
238188150128126153202249277284268226165110 75 59 6410116824530634435733819 926MM 850285215735799999999999999 3341231518 5899999999999999
285219165127104109153218274305313291235161100 64 45 51 9818026232235636419 927MM 949313224336599999999999999 4231011621 4499999999999999
330261190139103 84103166243300330334303232151 92 58 39 5111320528433636319 928MM1041336232336699999999999999 5 6 841714 3899999999999999
357305225158114 82 72109189270321348346301218140 90 58 42 6814523730534519 929MM1129351235936199999999999999 547 7118 0 4299999999999999
361336267185128 91 64 69127216291336358346287203135 93 64 5810018526832119 930MM1214359999999999999999999999 626 611842 5599999999999999
347347302223149102 71 54 77151239305344359335268191136100 77 851422252911910 1MM 030351125835999999999999999 7 2 541921 7599999999999999
327340320260182120 82 57 54 96176256312345351316250186142111 981211832521910 2MM 058340134135399999999999999 736 511958 9899999999999999
300322319284219150101 70 54 671211972653133393362972401881521281251562121910 3MM 125324142534299999999999999 8 9 53203612399999999999999
264295304289246187131 92 69 64 891442092663073273182832381971671491531821910 4MM 155304151332799999999999999 843 62212014899999999999999
223257275276255216168126 96 80 841121592132602953113042782442111851701731910 5MM 231278161131199999999999999 921 79222116999999999999999
1912152362482452282001661351111001051281642072482802972972822572272011841910 6MM 3212481729299999999999999991011 99999999999999999999999
1781821942092202232162001781531311191191331591952352692923002922702402081910 7MM 44922419 030099999999999999 0 2178112811799999999999999
1821661611681852042182222161991731471281211271471832262672963093042792411910 8MM 655222201331099999999999999 15616113 512199999999999999
2001661431361471742062302422402201871521251121141351772292763083213112761910 9MM 82024321 632199999999999999 255136142411199999999999999
226178140117116140182226256270263233188144113 98101131184244292322328306191010MM 912270214632999999999999999 3351131521 9699999999999999
256197147112 96108150207256286295277232175127 97 84 96140205267310332326191011MM 952295221933499999999999999 4 8 9616 6 8499999999999999
285222161116 88 84116178242289313311276215154110 84 78104165236292325334191012MM1027316224833599999999999999 438 821644 7799999999999999
308249181126 90 72 87141214276315330312259190134 97 77 83129202268312332191013MM11 1330231433399999999999999 5 7 721720 7599999999999999
323275205141 97 71 68104176250303332334298232165119 90 79104167241295324191014MM1134338233832999999999999999 537 651754 7999999999999999
327296231160108 77 61 76134214281322340326273203147112 91 94138211275312191015MM12 8340999999999999999999999 6 7 611827 8899999999999999
324308256183121 84 63 61 97171249303332337306243179136111 99119179249297191016MM 0 0324124133999999999999999 636 581859 9999999999999999
316311276210140 92 67 57 73128208276317335327282218165134115116152216275191017MM 018317131433699999999999999 7 2 57193011299999999999999
304307286236167107 73 58 61 94161237293324332311260203161137127139183241191018MM 038309135033299999999999999 725 5620 412799999999999999
283297288255198134 87 64 58 73119188254300323323296247199166147143162203191019MM 1 4297143132799999999999999 751 58204414299999999999999
248275279262225172118 82 65 66 89138201258297316313287246207178161158175191020MM 141280152231899999999999999 827 63213915799999999999999
206237255256240207163121 90 76 79102145198249286307307288256222193173166191021MM 232258163130999999999999999 921 7523 116699999999999999
173192214231236228206174139109 91 89105138183231272299308298273239205178191022MM 3552361758308999999999999991038 88999999999999999999999
160156166187211228233224200166131104 92 97120160212262298316314291252207191023MM 552233192331899999999999999 0481561214 9199999999999999
168141129137164202236254254234195149109 86 82 98140200260305329329301251191024MM 730256203033299999999999999 2 91291344 8199999999999999
194147114100112154210257283288266217157107 78 67 81129200269317341337298191025MM 842289212434399999999999999 3 610015 0 6799999999999999
233167118 86 74 98159230284314319289226155102 71 57 75134216285329347333191026MM 94132022 834899999999999999 354 7416 2 5799999999999999
278201135 90 62 58 99177256310339339297221148 99 69 57 84156241302336345191027MM1031344224734699999999999999 437 551654 5799999999999999
315243162103 66 43 53113203280330356346290210143101 73 67109189267315337191028MM1118357232133999999999999999 518 411740 6599999999999999
331282200125 77 47 33 61138230300343362340274197141106 81 88144225288321191029MM12 2362235133099999999999999 557 331822 7999999999999999
330306241159 96 59 35 34 81166252313350359324255188143111 96118181253299191030MM1244360999999999999999999999 633 3019 1 9599999999999999
318312272200126 76 47 31 47108194269320350346303238183145119115150212268191031MM 018319132635399999999999999 7 7 31193811399999999999999
299305285235165104 65 43 40 721392162803233423282822271811481301371762281911 1MM 04630614 734299999999999999 738 38201612999999999999999
269287283254202142 95 64 51 611011652322853193293092672211811541431571911911 2MM 119288145032999999999999999 8 9 51205814399999999999999
230257266255224179133 96 74 69 871291842392833093122932582191851621551671911 3MM 158266153831499999999999999 844 68215115599999999999999
191217235240229204170136108 92 931121481922382742962982842562231911691601911 4MM 249240163830099999999999999 928 90231016099999999999999
1641781962112182141991771511281141141281541902292632852912822592271941681911 5MM 4 82181753291999999999999991032112999999999999999999999
1531491561731932082142101951731491311251311501822202562812922852632271891911 6MM 6 421419 729299999999999999 05014912 112599999999999999
1561341261341581882152302322201941631371231241401722152572862982902612171911 7MM 73823320 729899999999999999 2 0126132912299999999999999
1701321081031191562002362572602422071651321131111301702222682973062902491911 8MM 839261205330699999999999999 246102143711099999999999999
194141103 83 861181712252662872842552061561201001011291812392843083082781911 9MM 924289213031199999999999999 323 811529 9799999999999999
223160108 75 63 81132198258297313298253193142107 90 99141204262300314300191110MM10 331322 331499999999999999 357 631613 8999999999999999
252185122 78 53 53 91159232288322327297238176129 98 87110167233284310311191111MM1041329223331499999999999999 431 491654 8799999999999999
278214143 90 56 40 57114194264312337329282216159120 95 95134201262299311191112MM111833823 031199999999999999 5 5 401732 9099999999999999
295244170106 65 41 38 73147228290328341317259194148116 98112167235283304191113MM1154342232430699999999999999 538 351810 9899999999999999
301268202128 77 48 34 46101183258308337336297234178141116108138201261293191114MM1231341234730099999999999999 610 33184610799999999999999
300282232160 95 57 38 35 65134217281321339324275214167138119124167228275191115MM13 7339999999999999999999999 640 33192211799999999999999
293286255196125 72 45 35 44 90166242297328334308255200162137126143189243191116MM 013293134433599999999999999 7 9 3420 012699999999999999
276282267227165103 61 42 39 61116191259304328326293242195161140136157201191117MM 046283142633199999999999999 740 38204313599999999999999
243266266246205148 96 62 47 50 79136204264304323316284238195164145143162191118MM 130268151532399999999999999 820 46213814199999999999999
197230248248230195147103 73 60 65 94145205259297314308281240200168147141191119MM 230250161631599999999999999 915 59224914199999999999999
154181209229236226200163124 93 77 78100142196247286307306284247206169141191120MM 3552361728309999999999999991026 75999999999999999999999
129134156187215234236221190152116 93 86 98132181234278305309291253206160191121MM 539237184231099999999999999 0141281153 8699999999999999
125106107130169212244258252224181136103 87 91118168227277307314296252195191122MM 712258194831599999999999999 1291041320 8699999999999999
141101 79 79109163221264286285255203148108 85 83109163229282312318294240191123MM 827289204431999999999999999 230 751437 8199999999999999
172113 74 52 58100170239288315313275213152110 84 79109172241291317316281191124MM 928318213032099999999999999 321 501542 7899999999999999
214140 84 48 31 47105187261311337330282212152111 85 83121191258300317306191125MM1020339221031899999999999999 4 7 311636 8099999999999999
256179107 59 29 19 49122210281329351333275205150114 90 95145217275305311191126MM11 7351224531299999999999999 451 191723 8799999999999999
286223143 79 41 17 18 63147233298340354324260195148115 98116174242287305191127MM1151354231630699999999999999 531 1318 5 9799999999999999
298258187111 59 29 13 28 88175254311345347306242185145116109140202260291191128MM1233351234729899999999999999 6 9 13184510899999999999999
298278227154 88 47 24 19 49119203272320344332284224174139118123164223268191129MM1312345999999999999999999999 643 17192211699999999999999
288284253195128 74 42 26 34 79152228287325336312262207163134122139183234191130MM 019289135033699999999999999 714 25195812299999999999999
267277264226169111 67 43 38 601121822482973233222912411921541311281521941912 1MM 056277142732699999999999999 745 37203612699999999999999
234257260241202151103 69 53 59 891432062613003153042702251811481311351591912 2MM 13826215 631599999999999999 817 53212013099999999999999
194224241240221186144106 80 72 841171672202662943022872552141751461321371912 3MM 227243155030299999999999999 856 72221513299999999999999
157184209224224209181148118 98 931071371792242612842892742442071711431291912 4MM 330226164328999999999999999 946 93232312899999999999999
1311461691932112172091901631371181121221461812192532752792672392031661351912 5MM 4552171745280999999999999991054112999999999999999999999
1181161291541832082232232091851581351231261441752122472702762642361961541912 6MM 630224185027799999999999999 037115121712299999999999999
119 99 961121441832192412462342071721421241221361682092472722782632291811912 7MM 748247194827999999999999999 139 95133912199999999999999
132 95 75 761001451962402672742572211771411181131291672142552792812592131912 8MM 847274203628399999999999999 228 73144711299999999999999
156104 69 53 61 991582192672952972712231731341101051291762292682862802451912 9MM 936300211628799999999999999 311 52154110499999999999999
187124 75 45 36 56110181246293317311272216164126103104139195248280289271191210MM1019319215228999999999999999 352 35162910099999999999999
221153 92 50 27 27 63131209272314331312262202154120101112158219266288285191211MM11 1331222529099999999999999 432 23171310099999999999999
253190119 65 32 16 28 79159236293329335303244188146116104127184243278288191212MM1141337225728899999999999999 511 16175510399999999999999
274227156 88 44 20 12 38104189260309336330286226175139114111148209260283191213MM1221339232828699999999999999 550 12183610899999999999999
282256198124 65 31 13 16 56133217280321338319267208164133113122169229269191214MM13 1338999999999999999999999 627 11191611299999999999999
282272235170100 50 23 12 26 80162241296329334304248193154127114134185239191215MM 0 3282134133699999999999999 7 4 12195711499999999999999
270275258215149 85 43 22 18 43106188259306331326288231181145121116143193191216MM 044276142233399999999999999 742 17204111599999999999999
239263265245199137 81 45 28 30 64130206269310327314273218171137116117145191217MM 13526715 732799999999999999 825 26213011399999999999999
191231252254235193138 89 56 42 49 85147215271306318302260210164130110112191218MM 237256155631899999999999999 914 41222810899999999999999
138178216240247233199152108 77 62 68101154214265297307291252204158122101191219MM 3522471653307999999999999991015 622333 9799999999999999
100121159199230245241216177135102 84 85109154207255287297283248199150110191220MM 5182461756297999999999999991127 82999999999999999999999
 86 81 99138185226252258242208165127103 96111147198246279291279244192137191221MM 64725919 129199999999999999 043 801250 9699999999999999
 93 66 59 77121179231267282272237189145115102108141192242276288276237178191222MM 8 728220 128899999999999999 149 58141310199999999999999
118 73 45 38 60113181242285306297258204156122103106140195246277286270224191223MM 914307205428799999999999999 247 37152410199999999999999
158 96 52 26 22 52117193258304325313267208159124102107147205254280284260191224MM1010326214028699999999999999 340 20162210099999999999999
204133 74 35 13 15 56130211275319337316262203156122103115163222265283279191225MM1059337222028499999999999999 428 10171110299999999999999
244179108 55 23  6 17 71152231291330338306247191148117105129184240274283191226MM1143340225528399999999999999 512  5175410599999999999999
268222152 86 42 15  6 31 96179252305335330287226175137112111148207256279191227MM1224338233028299999999999999 552  6183210799999999999999
279253197127 68 32 13 15 54128209273316333313262203156124108122169226266191228MM13 0333999999999999999999999 627 1019 710899999999999999
279270233171105 55 27 17 33 87164238292322324290233178137112108135188239191229MM 0 5279133332799999999999999 659 17194010699999999999999
269274255209146 87 47 27 29 61124200263305322307262205155121104113150202191230MM 04327514 332299999999999999 728 25201310499999999999999
244264261234185126 77 47 37 51 95161228279308311284235182139112104123163191231MM 122265143531399999999999999 757 37204910499999999999999
