 97101101 96 89 82 79 81 89100112123129128121107 89 69 53 42 38 43 54 7019 1 1MR 125102122612999999999999999 6 7 791954 3899999999999999
 86100108110106 99 91 87 88 94105117128133131121103 81 58 39 27 25 33 4919 1 2MR 249110131513399999999999999 720 872042 2599999999999999
 70 90107117119114105 96 90 91 97109122132137132118 96 70 45 25 15 17 2919 1 3MR 34512014 113799999999999999 826 902122 1499999999999999
 50 75 99117126126118107 96 90 91100114128138140131113 86 57 31 13  6 1319 1 4MR 428127144214099999999999999 918 902159  699999999999999
 31 57 85110126133129117104 93 88 92104119134142140127104 74 43 18  3  219 1 5MR 5 513315211439999999999999910 1 882233  199999999999999
 15 39 68 97120133135126112 98 88 87 94109126140145138119 91 59 29  8 -119 1 6MR 5381351557145999999999999991039 8623 7 -199999999999999
  4 23 51 82109128136132120104 90 84 86 98115132143143131108 77 45 18  219 1 7MR 6101361631145999999999999991113 832339 -199999999999999
  0 12 36 65 95119132134126111 95 84 81 88103121136143138121 94 63 34 1219 1 8MR 64013517 5143999999999999991146 81999999999999999999999
  2  7 25 51 80107125132129117101 87 79 81 92108125137138128108 80 51 2619 1 9MR 7 9132173913999999999999999 010  21219 7999999999999999
 11  8 19 40 67 94116128129121107 92 80 77 82 95111125133130116 94 68 4319 110MR 738130181413399999999999999 041  81254 7799999999999999
 24 16 20 34 57 82105121127124113 98 85 76 76 84 97111121125118103 82 6019 111MR 8 8127185112599999999999999 111 151333 7599999999999999
 40 28 26 34 51 73 95113123125118106 92 80 74 76 83 95106114114107 93 7519 112MR 839125193411599999999999999 142 251418 7499999999999999
 57 44 37 39 50 67 86104117123121112 99 86 76 72 73 80 89 98104104 98 8719 113MR 912123203010599999999999999 215 371516 7199999999999999
 74 61 52 50 54 65 80 96110119121117108 95 82 72 67 67 72 80 88 94 96 9319 114MR 9501222154 9699999999999999 252 501630 6699999999999999
 87 78 70 65 64 68 78 90103114120120115105 92 78 66 58 56 60 68 77 86 9219 115MR1034121999999999999999999999 341 641751 5699999999999999
 94 92 88 83 79 77 80 87 96107116121121115103 88 71 56 46 42 45 55 68 8119 116MR 0 4 94112812299999999999999 452 7719 1 4299999999999999
 93100103101 96 91 88 88 92100110119124124117103 83 62 43 29 25 30 43 6119 117MR 2 3103122712599999999999999 627 871959 2599999999999999
 81 99110116114108100 94 92 95103113123130129120102 77 51 27 12  8 16 3419 118MR 315116132513099999999999999 755 922050  899999999999999
 59 85107122128125116105 96 92 95105118130137135122 99 69 37 11 -5 -7  619 119MR 4 7128141813899999999999999 9 2 922137 -899999999999999
 30 61 92117133137131118104 93 90 95108124138145140123 95 60 25 -3-18-1619 120MR 45213715 914599999999999999 954 902223-1999999999999999
  2 32 68101127140141131115 99 88 86 95111130145150143121 88 50 14-13-2419 121MR 5331421557150999999999999991039 8623 7-2499999999999999
-17  6 40 78111134144140126107 90 81 82 95114135149152141116 81 42  7-1619 122MR 6121441644153999999999999991121 802350-2399999999999999
-22-10 17 53 90120138142134116 96 80 74 79 95116136149149135108 73 36  519 123MR 64814317311519999999999999912 2 74999999999999999999999
-12-12  4 33 69102127139137124104 84 71 68 76 94115133143140125 99 66 3419 124MR 722140181914499999999999999 031-141244 6799999999999999
 10  0  5 24 53 85113131136129112 92 73 63 63 74 91110125132128113 90 6319 125MR 75413619 813299999999999999 110  01329 6299999999999999
 38 21 18 27 47 74100121131130119101 81 66 58 60 70 85101113118114101 8319 126MR 82413220 211899999999999999 147 171418 5799999999999999
 63 46 37 39 50 69 92112125129123110 92 74 61 55 56 65 77 89 99103101 9319 127MR 85412921 910399999999999999 222 371517 5499999999999999
 81 69 59 56 60 71 87104118125125117103 87 71 58 52 52 57 66 76 85 91 9219 128MR 9271262253 9299999999999999 258 561632 5199999999999999
 90 85 78 74 73 78 87 98110119123121113100 85 69 57 48 45 48 54 64 74 8319 129MR10 7123999999999999999999999 339 7318 2 4599999999999999
 89 93 92 90 88 87 89 95103112118121119111100 85 68 53 42 36 37 44 55 6819 130MR 127 9311 512199999999999999 446 871923 3699999999999999
 82 93100103101 98 95 95 97103110116120119113101 84 65 47 33 26 27 36 5019 131MR 3 7103122212099999999999999 641 952024 2699999999999999
 68 86101110112109103 97 94 95100108116122122115101 81 59 38 23 16 20 3219 2 1MR 354112133412399999999999999 818 942110 1699999999999999
 52 75 96111119119112102 93 89 90 97108119126126117 99 75 49 27 12  9 1719 2 2MR 427120142912799999999999999 916 892148  899999999999999
 35 59 85107121126121109 96 86 82 87 98112125132129115 93 65 37 15  4  519 2 3MR 455126151313299999999999999 957 822223  399999999999999
 20 43 72 99119128127117101 87 78 77 86102119132136129110 83 52 24  6  019 2 4MR 5221291552136999999999999991031 762255  099999999999999
  8 29 57 87111127130123108 90 76 70 75 90109127137137124100 70 39 14  119 2 5MR 54813116281399999999999999911 2 702325 -199999999999999
  2 17 43 73102122131127114 95 77 66 66 77 95116132139133115 87 56 27  819 2 6MR 61213117 2139999999999999991132 652353  299999999999999
  2 11 32 61 91115128130120102 82 66 60 65 81102122135136125102 73 44 2019 2 7MR 63613117371379999999999999912 2 60999999999999999999999
  8 10 26 51 80106124130124108 88 69 58 57 68 86107124132128113 89 61 3619 2 8MR 659130181113299999999999999 021  71234 5699999999999999
 20 16 25 45 71 97118128126115 96 76 60 53 57 71 90109122126118100 77 5319 2 9MR 722129184812699999999999999 048 1513 7 5399999999999999
 35 26 29 43 65 89110124127119103 84 65 53 51 58 73 91107116116106 90 7019 210MR 746127192911799999999999999 115 261344 5199999999999999
 52 40 38 46 62 83103118125122110 92 74 58 50 50 59 73 88101107106 97 8319 211MR 810125201810899999999999999 142 381427 4999999999999999
 69 57 52 54 64 80 97112121122115101 84 67 54 48 49 56 68 81 92 98 97 9219 212MR 8361222126 9899999999999999 211 521522 4799999999999999
 83 74 68 67 71 80 93106115120117108 95 79 64 52 45 44 49 59 71 81 89 9219 213MR 9 91202324 9399999999999999 245 671636 4399999999999999
 92 89 85 82 82 85 92100109115117114106 94 79 63 49 39 35 38 46 58 71 8319 214MR 955117999999999999999999999 334 8218 6 3599999999999999
 92 98100 99 97 95 95 97102108113115114108 97 81 63 45 30 23 23 31 46 6419 215MR 2 7100111411699999999999999 528 941927 2299999999999999
 82 97108112112107102 98 97 99105112117119115103 85 61 38 19  8  8 18 3719 216MR 321113125111999999999999999 750 972032  699999999999999
 61 86106119124121112102 94 91 93102113123128124110 87 58 30  6 -6 -5 1019 217MR 4 412414 712899999999999999 9 4 912125 -799999999999999
 35 65 94117130132124110 96 85 82 87100117131138133115 87 53 20 -5-16-1119 218MR 43913315 613899999999999999 952 822212-1799999999999999
  9 40 75106128138134120101 83 72 72 83101123140146138117 84 47 12-12-1919 219MR 5131381559146999999999999991032 712255-1999999999999999
 -9 17 52 88118136140129110 87 68 60 64 80104128145150139114 78 40  8-1219 220MR 5441401648150999999999999991110 592335-1599999999999999
-13  3 33 69104129140136119 94 70 53 49 59 80106131146147133106 71 36  919 221MR 6131401735149999999999999991148 49999999999999999999999
 -4  2 23 55 89118135138126104 77 54 41 42 57 80107129141139123 97 65 3619 222MR 640139182214299999999999999 012 -41226 4099999999999999
 17 12 24 47 78107128137131113 88 62 42 35 40 57 80104123131126111 87 6219 223MR 7 513719 813199999999999999 046 1213 5 3499999999999999
 41 30 33 48 72 98120133132120 99 74 51 36 33 41 58 79 99113117112 99 8119 224MR 729134195811799999999999999 118 301347 3399999999999999
 63 51 48 56 72 93113127131124108 87 64 46 35 35 43 58 75 90100103100 9119 225MR 753131205710399999999999999 146 481434 3499999999999999
 80 70 65 67 76 90106119126124114 98 79 60 46 38 38 44 55 68 79 88 92 9219 226MR 8181262227 9299999999999999 213 641532 3799999999999999
 88 83 80 79 83 91101111118120116106 92 77 62 50 42 40 43 50 59 69 78 8519 227MR 849120999999999999999999999 240 791654 4099999999999999
 89 91 91 91 91 93 98103109112113109102 92 79 66 54 44 39 38 43 51 62 7319 228MR 9351139999999999999999999991835 38999999999999999999999
 84 93 99101101 99 97 97 99102105107106103 95 84 70 55 42 34 31 35 45 5919 3 1MR 312101112110799999999999999 627 971955 3199999999999999
 75 90102108109106100 94 91 91 95100106109107100 88 71 52 36 26 23 29 4319 3 2MR 340110131610999999999999999 828 912049 2399999999999999
 61 82100112116113105 95 86 82 83 90100109115114105 88 67 45 27 17 17 2819 3 3MR 4 5116142211699999999999999 915 812129 1699999999999999
 47 70 93111120120112 98 84 75 72 78 90104117123119106 84 59 35 18 11 1619 3 4MR 42812215 912399999999999999 948 7222 3 1199999999999999
 33 57 84107121125118104 86 71 63 66 77 95113126129121102 76 48 24 10 1019 3 5MR 4511251548129999999999999991017 632234  899999999999999
 22 45 72 99119128124110 91 71 57 55 63 81103122133132118 94 65 37 16  919 3 6MR 5121281624134999999999999991045 5423 3  899999999999999
 15 34 61 90114128129117 97 74 55 46 50 66 89112130136129110 83 53 28 1419 3 7MR 5331301659136999999999999991112 462330 1299999999999999
 14 28 52 81108126131123105 81 58 42 40 51 72 98120134135122 99 71 43 2419 3 8MR 5541311733136999999999999991141 392357 1899999999999999
 18 26 46 73100121131128112 89 63 43 34 38 55 80105125133129112 87 61 3919 3 9MR 61413218 9134999999999999991210 34999999999999999999999
 27 29 43 67 93116129130119 97 72 48 33 30 41 62 87110125128119101 78 5619 310MR 635131184612999999999999999 023 261241 3099999999999999
 41 37 45 63 87109125130123105 81 57 37 28 31 46 67 91110120120109 92 7319 311MR 655130192612199999999999999 048 371314 2899999999999999
 57 49 52 64 83103119127125112 91 68 46 32 27 34 50 70 90106112110100 8719 312MR 716128201411399999999999999 115 491352 2799999999999999
 73 64 63 69 82 98113123124116100 80 59 41 31 29 37 51 68 85 97103102 9519 313MR 739125211910399999999999999 142 621439 2999999999999999
 87 80 76 78 85 96107116120117107 92 74 56 42 33 31 36 47 61 75 87 94 9719 314MR 8 51202313 9799999999999999 212 761545 3199999999999999
 96 93 90 89 91 96102109114114111102 90 75 60 46 35 30 31 38 50 64 77 8919 315MR 842115999999999999999999999 253 891718 3099999999999999
 97102103102101100100102104107108107103 95 82 67 51 36 26 23 27 38 54 7219 316MR 2 710310 910899999999999999 5221001857 2399999999999999
 89102111114112107101 96 94 95 99105109110105 93 75 54 34 19 12 15 28 4819 317MR 3 4114123911099999999999999 8 8 942011 1299999999999999
 72 95112122123117106 94 85 81 84 93105116121117104 82 55 29 10  2  7 2519 318MR 33812314 712199999999999999 9 2 8121 7  299999999999999
 51 79105123131126114 96 79 69 67 75 91109125133128111 85 53 24  4 -2  719 319MR 4 713115 913399999999999999 941 662154 -299999999999999
 30 61 93118133134123103 80 61 51 54 69 92116135142135114 83 49 20  2  119 320MR 43513616 1142999999999999991017 512235 -199999999999999
 16 44 77109131139132113 86 60 42 36 45 67 95123141146136112 79 46 19  719 321MR 5 21391650147999999999999991052 362313  799999999999999
 12 33 64 97124139138123 97 66 40 26 26 42 69100127143144131106 74 44 2419 322MR 5271401736146999999999999991127 242347 1999999999999999
 20 31 55 86115135140131108 78 47 25 16 23 44 73103127139137122 97 70 4719 323MR 55214018211409999999999999912 3 16999999999999999999999
 35 38 54 79107129139135118 91 60 33 16 13 25 48 77104123130126111 90 6819 324MR 61514019 713199999999999999 019 341239 1399999999999999
 54 50 58 77100121135136125103 75 47 25 14 17 32 54 79101115119114101 8519 325MR 637137195411999999999999999 048 501317 1499999999999999
 71 64 66 78 95113128133128112 89 63 40 24 19 25 39 59 79 95105108103 9519 326MR 7 0133204910899999999999999 115 641357 1999999999999999
 85 77 76 82 93106119126125116 99 78 57 40 30 28 33 45 60 75 88 96 98 9719 327MR 72412722 7 9899999999999999 142 761445 2799999999999999
 93 89 86 87 93101110117118114104 90 74 58 46 38 36 39 48 58 70 80 88 9419 328MR 751119999999999999999999999 212 861550 3699999999999999
 96 96 95 94 95 98102106108108104 97 87 76 64 53 45 41 42 46 54 64 75 8619 329MR 034 96 82510999999999999999 3 8 941726 4199999999999999
 94100103102100 98 96 96 97 98 99 98 95 90 82 71 60 50 42 39 42 49 60 7419 330MR 22110310 6 9999999999999999 640 9619 4 3999999999999999
 88100107109107101 94 88 86 86 89 93 98 99 96 89 77 63 49 39 34 37 46 6119 331MR 2561091255 9999999999999999 823 852010 3499999999999999
 79 96109115114107 96 84 76 74 77 84 94103107105 95 80 62 45 33 29 35 4819 4 1MR 321115141010799999999999999 859 742056 2999999999999999
 68 89107118120113100 84 71 63 63 72 85100112116111 98 78 57 38 27 27 3719 4 2MR 344120145911699999999999999 927 622132 2699999999999999
 56 80102118125120107 88 69 55 51 57 72 92110122124114 96 72 49 32 25 3019 4 3MR 4 6125154012499999999999999 954 5122 4 2599999999999999
 47 70 95116127127114 94 71 51 40 42 56 78102121130128113 90 64 42 28 2819 4 4MR 4261291617131999999999999991021 402233 2699999999999999
 40 62 88112128131122102 76 51 34 30 40 61 87113130135127108 82 57 38 3019 4 5MR 4471321653135999999999999991048 3023 2 3099999999999999
 37 55 80106126134129111 85 56 33 22 25 42 69 98122136135122100 74 52 3919 4 6MR 5 71341729137999999999999991116 212330 3799999999999999
 39 52 74 99121134133119 95 65 37 19 15 26 49 79108128136131115 92 68 5119 4 7MR 52813518 6136999999999999991146 142358 4699999999999999
 46 52 70 93116131135126105 76 46 23 11 14 32 58 88113129133124106 85 6719 4 8MR 5481361845133999999999999991217 10999999999999999999999
 57 57 69 88109126134130114 88 59 32 14 10 19 39 66 93114125125115 99 8319 4 9MR 610134192912799999999999999 025 561251  999999999999999
 70 66 72 86103120130131120 99 73 47 25 13 13 25 46 70 93110118117108 9619 410MR 632132201911999999999999999 054 661329 1199999999999999
 85 78 79 87 99113124128122108 88 64 41 25 17 19 31 49 70 8910310910910419 411MR 656128212811099999999999999 124 781416 1699999999999999
 97 91 88 91 98107116121120113 99 81 61 43 30 23 25 34 48 65 81 9410210519 412MR 725121231710699999999999999 2 1 881519 2399999999999999
105102 99 98 99102107111113111105 95 82 66 51 38 30 28 33 43 57 73 88 9919 413MR 8 6113999999999999999999999 3 6 981648 2899999999999999
107110109106103100 98 99100102103102 98 89 77 62 47 35 28 29 37 51 68 8619 414MR 12011010 210399999999999999 616 981826 2899999999999999
102113117116110101 93 87 85 87 93 99105106101 90 73 54 37 26 24 32 48 6919 415MR 216118124410699999999999999 759 851943 2499999999999999
 91110121125119107 92 79 70 68 74 86100112118114101 81 58 37 24 22 32 5119 416MR 25112514 911899999999999999 843 682040 2199999999999999
 77101121130128116 97 76 59 51 52 65 84105122129125110 86 59 36 24 25 3819 417MR 321131151013099999999999999 920 502127 2299999999999999
 62 90115132136127107 81 56 38 33 40 60 86112131139132113 86 59 37 28 3319 418MR 34813616 113999999999999999 955 3322 8 2899999999999999
 52 79107129140136118 91 61 35 20 20 34 61 91120138143133112 85 58 41 3719 419MR 4141401649143999999999999991030 182245 3799999999999999
 48 70 98123140142129105 72 41 17  7 14 35 65 98125140142130108 82 60 4919 420MR 43914317351439999999999999911 5  72320 4899999999999999
 51 66 90116136144138117 87 53 24  5  2 15 41 72104127138136122102 80 6419 421MR 5 41441820139999999999999991140  12352 5999999999999999
 59 67 85108129142141127102 70 38 13  1  5 22 49 80107125132128114 96 8019 422MR 52914319 5132999999999999991216  1999999999999999999999
 70 72 83101121136140133113 86 55 28 10  5 13 33 59 85107121124118106 9319 423MR 554140195112499999999999999 023 701252  599999999999999
 82 78 84 96112127135133120 99 73 46 25 14 14 25 43 66 8810511411511010119 424MR 620135204111699999999999999 054 781330 1299999999999999
 92 86 87 93104116125128121107 87 64 44 29 22 25 36 52 70 8710010710910519 425MR 647128214510999999999999999 127 861412 2299999999999999
100 94 92 93 99106114118117109 96 79 62 47 37 33 35 44 57 71 85 9610210519 426MR 717118231410599999999999999 2 9 9115 5 3399999999999999
104101 98 96 96 99103106108105 99 90 78 65 54 46 42 43 49 58 70 82 9310119 427MR 756108999999999999999999999 325 951619 4299999999999999
106107105101 97 94 93 94 95 97 97 94 89 82 72 63 54 48 46 50 58 69 82 9419 428MR 048107 926 9799999999999999 6 0 931750 4699999999999999
104110111108101 93 87 83 82 84 88 92 95 94 89 81 70 59 51 47 49 57 70 8519 429MR 1441111216 9599999999999999 741 8219 8 4799999999999999
100111116115108 97 84 75 69 70 76 85 94101102 98 87 74 60 50 46 49 59 7519 430MR 219117134610299999999999999 823 6920 5 4699999999999999
 93109119122116103 86 70 59 56 61 72 87101110112105 92 75 59 48 45 52 6619 5 1MR 247122144111299999999999999 854 562048 4599999999999999
 85105120127123111 91 70 53 43 45 56 74 94111121120110 92 73 56 47 48 5919 5 2MR 311127152612199999999999999 923 432125 4699999999999999
 77 99118130130120100 75 51 35 30 38 57 81105123130125111 90 70 54 49 5519 5 3MR 33413116 613099999999999999 952 302159 4999999999999999
 71 92114130136128110 83 54 31 19 21 37 63 92117132136127109 87 67 55 5519 5 4MR 3571361645136999999999999991021 182232 5399999999999999
 66 86108128138136120 94 63 34 14  8 19 42 72103126139137125105 83 66 6019 5 5MR 4201391725140999999999999991051  823 4 6099999999999999
 65 81102123137140130107 76 43 17  3  4 22 50 82112132140135120100 81 6919 5 6MR 44314118 5140999999999999991124  12336 6799999999999999
 68 78 96116134141136119 91 58 27  5 -2  6 28 59 91117134137130114 96 8219 5 7MR 5 81411848138999999999999991158 -2999999999999999999999
 75 79 92109127138139128105 75 44 17  1  0 13 37 67 96118130131123109 9519 5 8MR 535140193613299999999999999 0 8 751236 -199999999999999
 85 83 90103119131137132116 92 64 36 14  4  6 21 44 71 9711512412411710719 5 9MR 6 3137203012699999999999999 042 831318  399999999999999
 96 91 92 99110122130130122106 83 58 35 18 11 15 29 50 73 9411011811911419 510MR 636131213611999999999999999 122 9014 8 1199999999999999
106100 96 97103111118122121113 98 79 59 40 27 21 24 35 52 72 9110511411619 511MR 716123225811699999999999999 214 961510 2199999999999999
114109103 99 98100104109112111106 96 82 66 51 38 31 31 39 53 71 8810311319 512MR 820112999999999999999999999 347 981627 3099999999999999
117116111104 97 92 91 92 95100103103 99 90 77 63 49 40 37 42 54 71 8910519 513MR 017118103310399999999999999 6 3 911751 3799999999999999
117122120112101 89 80 75 76 81 90 99105107101 90 74 59 46 41 45 57 75 9519 514MR 112122124310799999999999999 724 7519 5 4199999999999999
112124127122109 92 75 62 56 59 69 83 99111117113101 84 66 52 46 50 64 8419 515MR 15312714 611799999999999999 813 5620 5 4699999999999999
105122132131120101 78 57 42 38 44 60 82104120127123109 90 70 56 51 58 7419 516MR 22613315 812799999999999999 854 382055 5199999999999999
 96117133138132114 88 60 37 24 23 35 58 85111128135129114 93 73 61 59 6919 517MR 25713816 113599999999999999 932 222138 5899999999999999
 88110130142141127102 72 41 19  9 14 33 61 92118135139131114 93 75 66 6819 518MR 32614316501409999999999999910 9  92218 6599999999999999
 82102124140146138117 87 54 24  5  1 13 37 68100125139140129111 92 77 7319 519MR 3551461735141999999999999991045  12255 7399999999999999
 79 95116135146145130104 71 38 12 -1  1 18 45 77107129139136124107 90 8019 520MR 4241471818139999999999999991121 -22330 7999999999999999
 80 90107127141146138118 89 56 26  6 -1  7 28 56 87113129135130118102 8919 521MR 45414619 1135999999999999991157 -1999999999999999999999
 84 88100117133142141127104 75 44 20  6  5 18 40 67 94115127129123111 9819 522MR 524143194313099999999999999 0 5 841232  499999999999999
 89 88 94107122134138131115 91 63 38 19 11 15 30 52 77 9911512312311610519 523MR 555138202612499999999999999 040 8713 9 1199999999999999
 96 90 92 99111122129129120102 80 57 37 24 21 28 42 62 8310111411911711119 524MR 628130211511999999999999999 119 901349 2199999999999999
102 95 92 94101110118121118108 92 74 55 41 32 32 39 53 70 8710211211511419 525MR 7 4121221111599999999999999 2 6 921434 3199999999999999
108101 95 93 94 98104109111107 99 87 73 59 48 42 42 49 60 75 9010211111419 526MR 751111231411499999999999999 313 921527 4199999999999999
113108101 95 91 89 91 95 99101 99 94 86 76 65 57 51 51 56 66 78 9210411219 527MR 9 8101999999999999999999999 451 891634 5099999999999999
116115109101 92 85 81 81 84 89 93 96 95 90 83 74 65 59 57 61 70 82 9610819 528MR 0141161117 9699999999999999 630 801749 5799999999999999
117120117108 97 84 74 68 68 73 81 90 97100 98 92 82 72 64 61 65 74 8710219 529MR 1 112013 610099999999999999 730 671857 6199999999999999
115123124117104 88 71 59 54 56 65 79 93104109108100 88 76 67 64 69 80 9519 530MR 138124141611099999999999999 811 531954 6499999999999999
111124129126114 95 74 55 42 39 47 62 82100114120117107 92 79 69 68 75 8919 531MR 21012915 912099999999999999 846 392041 6799999999999999
106122132134125106 81 56 36 25 28 42 64 89111125129124111 94 80 72 73 8319 6 1MR 239134155513099999999999999 920 252124 7199999999999999
 99118133139135119 93 64 36 18 12 21 41 70 98122135136128112 94 81 75 8019 6 2MR 3 7139163813799999999999999 954 1222 3 7599999999999999
 93112129141143131108 77 45 18  3  3 19 46 78108131141140128111 93 82 8019 6 3MR 3361441721142999999999999991029  12241 8099999999999999
 88104123139147142124 95 61 28  4 -6  1 22 53 87116136144139126108 93 8519 6 4MR 4 714718 61449999999999999911 7 -62319 8499999999999999
 87 98115133145147136113 81 47 16 -4 -8  3 28 61 94121138142135121105 9319 6 5MR 4401481852142999999999999991146 -92358 8899999999999999
 88 94106123138146143128102 70 37 10 -5 -5 10 37 68 9912313613813011710319 6 6MR 5151471940138999999999999991229 -7999999999999999999999
 94 92 99112127139143136119 93 62 33 11  0  4 20 46 7510212213213212411219 6 7MR 554143203013399999999999999 040 921315  099999999999999
101 94 95102113125134135127110 86 59 35 17 10 15 31 55 8110412012812712019 6 8MR 638136212312999999999999999 127 9314 4 1099999999999999
109 99 94 94100109118125125118103 84 62 42 28 23 28 43 63 8610511912612419 6 9MR 732126221812699999999999999 227 931459 2399999999999999
117107 97 91 89 93 99107113114110101 86 69 53 41 37 41 54 71 9110812012519 610MR 849114231212599999999999999 347 8916 1 3799999999999999
123115104 93 84 80 80 85 93100106106102 92 80 66 55 51 53 63 79 9611212319 611MR1040107999999999999999999999 522 8017 9 5099999999999999
127124114101 86 74 66 65 70 79 90100107107102 91 79 68 62 64 72 8710311819 612MR 0 3127123610899999999999999 642 651818 6299999999999999
128131125112 94 76 60 50 48 55 68 84 99111115112102 89 78 71 72 81 9511119 613MR 04813114 411599999999999999 741 481923 7199999999999999
126134134125107 85 62 44 34 34 44 62 83103118124121111 97 85 78 79 8910419 614MR 130135151012499999999999999 830 322021 7899999999999999
120134140136122100 73 47 28 19 23 38 61 87110126132128116101 89 83 85 9619 615MR 2 914016 513299999999999999 912 192112 8299999999999999
112129141144135116 89 59 32 14  9 18 38 65 94118133137131117102 90 86 9119 616MR 246144165113799999999999999 952  92157 8699999999999999
104121137146144131107 76 45 19  5  5 19 44 74103126138139130115 99 89 8819 617MR 3221471734140999999999999991030  32237 8899999999999999
 97112129143148141123 95 62 32 10  1  7 26 54 85112131140137125109 96 8919 618MR 35714818131409999999999999911 6  12315 8899999999999999
 91102119135146146134112 82 50 23  6  3 14 37 66 95120134138131118103 9219 619MR 4321481849138999999999999991142  22351 8899999999999999
 89 95108125139145141124 99 69 40 18  7 10 25 50 78105124134133124110 9719 620MR 5 71451925135999999999999991217  6999999999999999999999
 89 89 98112128138140132113 87 59 34 18 13 21 39 64 9011212613112711610319 621MR 54214120 013199999999999999 027 881252 1399999999999999
 92 87 91101115127134132121101 77 52 33 22 23 34 53 77 9911712612712110919 622MR 618135203612899999999999999 1 6 871327 2199999999999999
 98 89 87 92102113123126122109 91 70 51 37 31 35 48 67 8710611912512311519 623MR 658126211512599999999999999 149 8714 4 3199999999999999
104 94 87 86 91 99108115117111100 85 68 53 44 42 48 61 78 9611112012312019 624MR 745117215712399999999999999 242 861444 4299999999999999
112101 91 85 83 86 93100106107103 95 83 71 60 54 54 61 72 8710211412112319 625MR 847107224312399999999999999 350 831531 5499999999999999
118109 98 88 80 77 78 84 90 97100 99 95 87 78 70 65 65 71 81 9410711712319 626MR1020100233112499999999999999 511 771629 6599999999999999
123118107 95 82 72 67 67 73 81 90 97100 99 95 88 80 75 75 79 8810011212119 627MR1216101999999999999999999999 625 661739 7499999999999999
126125117104 88 72 60 53 54 62 74 88 99106108105 98 90 84 82 85 9410611819 628MR 018127135010899999999999999 721 531852 8299999999999999
127131127116 98 78 58 44 38 42 54 71 90106116119115107 97 89 86 90 9911219 629MR 1 2131145511999999999999999 8 7 381957 8699999999999999
125133135128112 90 64 42 27 23 31 49 72 96115127130124113101 92 90 9410519 630MR 143136154713099999999999999 849 232052 8999999999999999
119133141139127106 78 49 25 11 11 24 48 77104125137138129116103 93 92 9919 7 1MR 223141163413999999999999999 930  92141 9199999999999999
112128141147142124 97 65 33  9 -1  3 22 51 83113134144142131116101 93 9419 7 2MR 3 31471719144999999999999991012 -22226 9299999999999999
103119136148151141119 87 52 20 -2 -9  1 24 57 92121140147142129112 99 9219 7 3MR 34415118 3147999999999999991055 -923 9 9299999999999999
 96108126143153152138112 78 42 11 -8-10  4 31 66100127143146138123107 9519 7 4MR 4261541846147999999999999991139-112351 9199999999999999
 91 97112130146153149132104 69 35  8 -7 -5 13 42 7610713114314213211610019 7 5MR 5101541928144999999999999991223 -8999999999999999999999
 90 89 98113131144149143124 97 64 33 11  1  7 26 55 8611413314013712410819 7 6MR 55714920 814099999999999999 036 8813 7  199999999999999
 94 86 87 96111127138141134116 91 62 37 20 15 23 43 69 9712013313713011619 7 7MR 648141204813799999999999999 123 851352 1599999999999999
100 87 81 83 92105118128130124109 88 65 45 33 32 42 60 8410712413313212419 7 8MR 746130212613499999999999999 217 811437 3199999999999999
109 94 82 76 76 84 95107115118114104 89 72 58 50 51 60 77 9611412713212919 7 9MR 85711822 713299999999999999 322 751525 4999999999999999
119104 89 76 69 68 73 82 93102108108103 94 82 72 67 68 77 9010612012913219 710MR1033109225113299999999999999 439 671619 6799999999999999
127116101 84 70 60 57 60 69 80 92101106106102 94 87 82 83 8910011212413119 711MR1231107234113399999999999999 6 0 571725 8299999999999999
133127115 98 79 62 50 45 47 57 70 86100109113112106 98 93 92 9610511712719 712MR1411114999999999999999999999 711 451841 9299999999999999
134134128114 94 73 53 39 33 36 48 65 85103116122121115106 99 9610010812019 713MR 036135152012399999999999999 8 9 331956 9699999999999999
130137137129112 89 64 42 27 23 28 44 66 89110125131128119108100 9710111019 714MR 13013816 913199999999999999 857 232057 9799999999999999
123135141140128108 81 54 31 17 15 26 46 72 98120133136130119106 97 9510119 715MR 219142164913699999999999999 939 152146 9599999999999999
113127140145140125100 71 43 21 10 13 28 53 82109129139138128114101 93 9319 716MR 3 31451725140999999999999991018 102226 9299999999999999
102117133145147138118 90 59 32 13  7 16 36 64 94120136141135122106 93 8819 717MR 3441481757141999999999999991054  723 2 8899999999999999
 93106123139148146132108 78 48 23  9 10 24 49 79107128139139129113 97 8719 718MR 4211491827140999999999999991127  82336 8599999999999999
 86 94110128142148141123 96 66 38 18 11 18 37 64 93118134139133119102 8819 719MR 45814818551399999999999999912 0 11999999999999999999999
 82 85 97115132143144133111 84 56 32 19 19 31 53 81107126136135125109 9319 720MR 534145192313799999999999999 010 821231 1799999999999999
 81 79 86101118132139136122 99 73 49 31 25 31 47 71 96118131135129116 9919 721MR 610140195113599999999999999 045 7913 2 2599999999999999
 85 77 78 88103118129132125110 89 66 47 36 36 46 65 8710912513313112110719 722MR 649132201913399999999999999 122 771332 3599999999999999
 91 80 75 78 88102114122123115100 82 65 52 46 50 63 8110011812913112611419 723MR 733124204913199999999999999 2 5 7514 4 4699999999999999
100 86 76 73 77 86 97108114113106 94 81 68 61 60 66 78 9411012312912812119 724MR 825114212213099999999999999 256 731438 5999999999999999
108 94 81 72 69 72 80 90 99105106102 94 85 77 73 74 80 9110411712512912619 725MR 93910622 112999999999999999 359 691520 7299999999999999
117104 90 77 67 63 65 71 81 91 99103103 99 94 89 86 87 9110011012012612819 726MR1129103225012899999999999999 514 631620 8699999999999999
124115102 86 71 59 53 53 60 71 84 96104109109106101 97 96 9910511312212819 727MR1331109234913099999999999999 626 521748 9699999999999999
130126116100 81 63 48 40 40 48 63 80 9711011812011711110510210210711512419 728MR1451120999999999999999999999 729 39192210199999999999999
132134129117 98 75 52 34 25 26 38 57 8010211912913112711810910310210811719 729MR 053134154513299999999999999 823 24203610299999999999999
129138140134119 95 67 40 19 10 14 30 55 8411013014014013211910710010010819 730MR 151140162914199999999999999 912 102131 9999999999999999
120135145148139119 90 57 27  6 -2  6 28 58 91120139147143131116102 95 9719 731MR 24414817 914799999999999999 959 -22217 9499999999999999
108125142153154142117 84 48 16 -4 -8  5 32 66101129146150142126108 94 8819 8 1MR 3351551747150999999999999991044 -82259 8899999999999999
 94109129147158157141113 77 40 10 -7 -6 12 42 78112137150148135116 97 8419 8 2MR 4231591823151999999999999991127 -92341 8199999999999999
 82 91110132150159155137107 71 36  9 -2  4 25 58 93123143149142125104 8519 8 3MR 51216018571499999999999999912 9 -2999999999999999999999
 75 76 89109131149155149129100 66 36 16 10 21 45 76107132145145133113 9119 8 4MR 6 1155192814699999999999999 022 741249 1099999999999999
 74 67 72 87107127142146139120 94 65 42 28 29 43 67 9512013814413812210119 8 5MR 652146195814499999999999999 1 6 671328 2799999999999999
 80 66 62 69 83102119131134127111 90 69 53 46 51 66 8811112914013912911219 8 6MR 747134202814199999999999999 153 6214 5 4699999999999999
 91 73 62 59 65 78 93108118121116105 91 77 68 66 73 8710412213413813412219 8 7MR 85212121 013899999999999999 247 591442 6699999999999999
105 86 70 59 56 61 70 83 95105109109104 96 88 84 84 9110211512713413512919 8 8MR1023110213713599999999999999 354 561524 8399999999999999
117101 84 69 58 53 54 61 72 84 94102107107105101 98 9810311011912713213219 8 9MR1237107222913299999999999999 516 531626 9899999999999999
126115101 84 68 56 48 47 52 62 75 8910111011511511210810610711111812412919 810MR1430115234513099999999999999 641 46181110699999999999999
130126117102 85 66 51 41 38 43 55 71 8910611812412411911210710610811412219 811MR1527124999999999999999999999 751 38195310699999999999999
129132129120104 83 62 44 32 30 37 53 74 9611512713212912011110310010411219 812MR 1 513216 413299999999999999 844 30205710099999999999999
122132137133121102 78 54 34 24 25 36 57 82106125136136129116104 95 9410019 813MR 2 8137163413799999999999999 927 232141 9499999999999999
112126138142136120 96 69 44 25 18 24 41 66 94118135141136123108 94 87 8919 814MR 25714217 21419999999999999910 4 182216 8799999999999999
100116133144145135115 87 58 33 18 17 29 51 80108130141141130113 96 83 8019 815MR 3381461728142999999999999991037 162247 8099999999999999
 88104123140149146130105 76 47 26 16 22 40 67 96122138143136120100 83 7519 816MR 41514917521439999999999999911 8 162317 7499999999999999
 77 90110130145150141121 94 64 38 22 21 33 56 85112133142140126107 87 7319 817MR 4511501815143999999999999991137 202348 6999999999999999
 69 77 95116136147146133110 81 54 34 26 31 49 75103126140142132114 93 7519 818MR 52614818381429999999999999912 5 26999999999999999999999
 65 67 80100122138144138122 97 71 49 36 35 47 69 95118135141136121101 8019 819MR 6 214419 114199999999999999 019 651232 3499999999999999
 66 62 69 84105123135137128110 87 66 50 44 50 66 88111130139138127109 8819 820MR 639138192414099999999999999 052 611259 4499999999999999
 71 61 61 71 88106122130128117100 82 66 57 58 68 85105123135138131116 9819 821MR 720130194713899999999999999 128 601326 5699999999999999
 79 65 59 62 73 88104116121118109 95 82 72 69 74 8510111713013513312310719 822MR 8 8121201213699999999999999 2 9 591354 6999999999999999
 89 73 62 58 62 72 85 98108113111105 96 88 83 83 8910011212313113212711619 823MR 912113204213399999999999999 3 0 581426 8299999999999999
101 85 70 60 56 58 66 78 90100106108106102 98 96 9710210911812512912812319 824MR1057108212312999999999999999 4 7 561511 9699999999999999
112 99 84 69 58 51 51 57 67 80 9210210911211211110910810911311812312712719 825MR1331113223412799999999999999 531 50165310899999999999999
123114101 85 68 53 43 40 45 56 71 8810411612312412211711311111111512012619 826MR1452124999999999999999999999 654 40191811199999999999999
129128120106 87 65 46 32 26 31 45 66 8911012613413512912011210610511011919 827MR 015129153613599999999999999 8 1 26203710599999999999999
129136137129112 88 61 36 19 13 21 40 66 94119137144141130116104 97 9710619 828MR 137137161114499999999999999 856 132126 9699999999999999
120135145147137116 86 54 26  8  4 16 41 72105131146149141125106 91 85 8919 829MR 240148164415099999999999999 944  422 6 8599999999999999
103123142155156142117 83 47 18  2  3 20 49 85118142153149134113 91 76 7319 830MR 3341571715153999999999999991028  02245 7399999999999999
 83103127149161160143114 78 42 15  4 10 32 65101131150154143122 97 74 6219 831MR 42416317451549999999999999911 9  32323 6199999999999999
 64 79104131152163158139109 73 41 19 14 26 52 85118143153149132106 79 5919 9 1MR 5131631812154999999999999991148 13999999999999999999999
 52 58 78104131151158151131102 70 44 30 32 48 75106133149151139117 90 6419 9 2MR 6 1158183915299999999999999 0 1 521224 2999999999999999
 48 46 57 78104128144149141122 97 71 53 47 54 73 98124142150144127102 7619 9 3MR 65114919 415099999999999999 041 451257 4799999999999999
 55 43 45 57 78101121134136128113 94 77 67 67 77 95117135145145134115 9119 9 4MR 743136192914799999999999999 124 421329 6599999999999999
 68 51 44 47 59 76 95111121123118108 96 86 82 86 9711212713914213712410519 9 5MR 846123195514299999999999999 211 431359 8299999999999999
 84 66 53 47 50 59 73 87100109112111107102 98 9710211012113013613512811619 9 6MR1016112202713699999999999999 3 9 471433 9799999999999999
101 84 68 57 52 52 58 67 79 9010010711011111010910911111512112612912712219 9 7MR1249111211312999999999999999 427 51153210999999999999999
113101 87 74 62 54 51 53 60 71 83 9610711511911911711411311311511812112219 9 8MR1433119225712299999999999999 6 4 51181811399999999999999
121115106 93 78 64 53 47 47 54 66 82 9911312312712512011310810510711111719 9 9MR1511127999999999999999999999 726 4620 910599999999999999
122124121111 97 79 61 47 40 41 50 67 87107123132133127117106 98 95 9810719 910MR 056124153813399999999999999 824 392056 9599999999999999
117126130127115 97 76 55 40 34 38 52 73 97118133138134122107 94 86 86 9419 911MR 2 513016 313899999999999999 9 6 342129 8599999999999999
108123134137131116 93 68 46 33 30 40 59 85110130141140129112 94 80 75 8119 912MR 253138162614299999999999999 942 302159 7599999999999999
 95114131142143132111 85 58 38 29 32 48 73100125140144136119 97 79 68 6819 913MR 3331441648144999999999999991013 282227 6799999999999999
 80100122140148144127103 74 49 33 30 41 63 90117137146141126103 81 64 5919 914MR 4 914817 9146999999999999991042 292254 5999999999999999
 66 85109132147150140119 92 64 43 34 38 56 82109132145145133111 86 64 5319 915MR 4441511729147999999999999991110 342323 5299999999999999
 54 69 92118139150147132108 81 57 43 41 53 75102126143147138119 94 69 5219 916MR 5191501750147999999999999991136 402352 4799999999999999
 47 55 75101125142148140122 98 74 56 49 55 72 95120138147142127103 77 5619 917MR 55414818101479999999999999912 2 49999999999999999999999
 44 46 60 83108129141141130112 90 71 60 60 72 91114133144144132112 87 6319 918MR 631143183014699999999999999 022 431228 5999999999999999
 47 42 49 66 89112129136133121104 86 74 70 76 90109127139143136120 98 7419 919MR 711136185114399999999999999 055 421253 7099999999999999
 55 44 44 54 71 92111124128124113100 88 82 84 92106121134140137126108 8719 920MR 758128191214099999999999999 131 421320 8299999999999999
 67 52 45 47 57 73 91106116119117110102 96 94 9810611712713413512911610019 921MR 9 0119193713599999999999999 215 441349 9499999999999999
 82 65 53 47 49 57 70 84 9810811311411210910610710911512112713012812211119 922MR1046114201113099999999999999 316 47143010699999999999999
 98 83 68 56 49 48 52 62 75 8810111011611911911711611511611912112312311919 923MR1330119212612399999999999999 444 47165011599999999999999
113103 89 74 60 48 42 43 51 64 81 9811312312812912511911411111011211712119 924MR1433129999999999999999999999 622 42194111099999999999999
123121113 99 80 61 44 34 33 41 57 79101120133138135127115105 99 9810411319 925MR 0 312315 713899999999999999 738 322035 9899999999999999
124132133125108 85 59 38 25 24 35 56 83110131144145136121104 90 83 86 9719 926MR 138133153714699999999999999 836 232113 8399999999999999
114131143145135114 86 56 32 19 20 36 63 94123143151146130107 86 71 67 7519 927MR 24114616 515199999999999999 924 182149 6699999999999999
 94118140154155142117 84 53 29 19 25 46 77110137153153140116 89 65 52 5319 928MR 33515616321559999999999999910 6 192225 5199999999999999
 69 94123148161160143115 82 51 31 26 38 64 97128150157149127 98 68 46 3719 929MR 4241631658157999999999999991045 2623 1 3799999999999999
 45 67 97128152163158139111 79 53 39 41 59 86117143156155138111 78 49 3219 930MR 5121631723158999999999999991122 382338 2899999999999999
 29 43 69100130151158151132105 79 59 53 61 82109135152157146123 93 61 361910 1MR 6 01581748157999999999999991155 53999999999999999999999
 24 28 46 73103129145149141123101 81 70 71 83104127145154150134108 78 501910 2MR 648150181215599999999999999 016 241227 6999999999999999
 31 25 33 52 77103124136138130116100 88 83 89102120137148149139120 94 681910 3MR 740138183615099999999999999 055 251257 8399999999999999
 46 33 31 41 58 79100116125126121112102 96 97104115129139144139127108 861910 4MR 84012719 114499999999999999 138 311327 9699999999999999
 65 49 40 41 49 63 79 951081151181161121081061071131211291341341281161011910 5MR10 3118192913599999999999999 228 3914 310699999999999999
 84 68 56 50 49 55 64 76 891001091141161161141131131151191221241231181101910 6MR121711620 712499999999999999 334 49152111399999999999999
 99 87 75 65 58 55 56 63 72 84 961071161201221201161131111111111131141131910 7MR134912222 511499999999999999 5 8 55184411099999999999999
110104 95 83 72 62 56 55 59 69 82 97111122127127122114106101 991001041091910 8MR1427128999999999999999999999 642 5420 5 9999999999999999
114115111102 89 75 62 53 51 56 68 85103119130133129118106 94 87 86 911011910 9MR 045115145413399999999999999 748 512040 8699999999999999
111120123119108 91 73 58 48 48 57 73 93114130137135125109 92 79 74 77 88191010MR 157123151813899999999999999 834 4721 8 7499999999999999
103118129131124109 89 68 52 45 48 62 83106127139141132115 94 76 64 63 73191011MR 246132154014299999999999999 911 452135 6299999999999999
 90111128138138126106 83 62 48 45 55 74 98122139145139123100 76 58 51 57191012MR 32613916 114599999999999999 943 4522 2 5199999999999999
 74 98121139145140123100 75 56 47 51 67 90115136147145131107 80 57 43 43191013MR 4 21451622148999999999999991012 472229 4199999999999999
 57 81108132147148137117 92 69 55 52 63 83108132147149139117 88 60 40 33191014MR 4381491642150999999999999991041 512257 3399999999999999
 42 63 91119141151147131109 85 66 58 63 79102126144151145126 98 68 43 29191015MR 51315117 21519999999999999911 8 582326 2899999999999999
 30 46 72102128145150141123101 81 68 67 78 97120139150148134109 79 51 31191016MR 5491501723151999999999999991135 662356 2499999999999999
 24 33 54 82110133145145133115 96 81 75 80 94114133146149139119 92 63 39191017MR 62714617441499999999999999912 2 75999999999999999999999
 26 26 39 63 90115133140137125109 94 85 85 94110127140146142127104 77 52191018MR 7 914118 514699999999999999 029 241230 8499999999999999
 34 26 31 47 70 94115129133129119107 98 94 98108121133141141131114 92 68191019MR 758133182914299999999999999 1 5 261259 9499999999999999
 48 35 31 38 53 73 94111122125123116109104104109117126133136132121105 85191020MR 9 2125185513699999999999999 149 31133510499999999999999
 66 50 40 38 43 55 72 89104114120121118115113112115119124127127123114101191021MR1042121193112799999999999999 247 38143611299999999999999
 87 71 58 48 43 45 54 67 82 97110119123124122119116114114115116117116112191022MR124412421 611799999999999999 411 43174011399999999999999
105 95 81 67 55 46 44 49 60 76 94110123130131127120112105101101104109115191023MR1344131999999999999999999999 549 44193410099999999999999
117115107 93 76 59 46 41 44 56 75 96116131138137128115100 89 83 85 93106191024MR 0 7117142013899999999999999 7 8 412017 8399999999999999
118127128120104 83 62 45 38 42 57 80105127141145138122102 82 68 64 71 86191025MR 139129145014599999999999999 8 8 382053 6499999999999999
106126138141132112 87 62 45 39 46 65 91118140150147132109 82 60 47 47 61191026MR 243141151815199999999999999 857 392129 4599999999999999
 84111135149151139116 88 63 47 44 56 79108134151155144121 91 60 38 29 36191027MR 336152154515599999999999999 940 4422 5 2999999999999999
 56 86117143156155140116 88 65 53 56 72 98126148158153134104 70 40 20 17191028MR 4261581611158999999999999991019 522241 1799999999999999
 31 57 91123147158154138113 88 70 64 72 91117141157159146119 85 51 24 10191029MR 5141591638160999999999999991056 632317 1099999999999999
 14 33 63 97128148155149132110 89 77 77 89110133151159153133103 68 37 15191030MR 6 115517 4159999999999999991130 752354  899999999999999
  8 18 40 71102129145148140125106 92 86 91105124143154154142118 87 55 29191031MR 64814817301569999999999999912 3 86999999999999999999999
 15 14 27 50 78106127138139131119105 96 95103117133146150144128103 75 491911 1MR 737140175715099999999999999 032 121236 9599999999999999
 29 21 24 39 60 84106122130130124115106102104112123134141141131114 92 691911 2MR 830131182614299999999999999 112 21131110199999999999999
 49 36 31 37 50 68 87104117123123120114108107109115123129132128118104 861911 3MR 936124185713299999999999999 156 31135810799999999999999
 69 54 45 43 48 58 72 87101112118120119115111109110112116119119116109 981911 4MR11 1120193712099999999999999 249 43152210999999999999999
 86 74 63 56 53 56 63 74 87 991101181211211181131081051041051061081071041911 5MR1226122211410899999999999999 4 1 53175910499999999999999
 99 91 82 72 64 60 60 65 74 87100112121125124119111102 95 92 92 95 991031911 6MR1319126999999999999999999999 529 591929 9199999999999999
105104 99 90 79 69 62 61 65 75 89104118127130126116104 91 81 78 80 87 961911 7MR 0 9105135513099999999999999 647 6120 8 7799999999999999
106112112107 97 84 71 63 61 67 79 96113127134133124109 91 75 65 64 71 841911 8MR 138113142313599999999999999 745 612039 6499999999999999
 99113121121114100 84 70 62 62 71 87106124136139132116 95 73 57 50 54 681911 9MR 232122144814099999999999999 829 6121 8 5099999999999999
 87108124131129118101 82 68 62 66 80 99120136144140125102 77 54 40 39 50191110MR 316131151214499999999999999 9 6 622136 3799999999999999
 71 96119134139133118 98 80 68 66 75 92114133146146135112 84 56 35 26 33191111MR 355139153414899999999999999 940 6522 5 2699999999999999
 52 79107130143144133115 94 77 69 73 87107129145151143123 95 63 36 20 19191112MR 4331451557151999999999999991012 692234 1799999999999999
 33 59 90119140148144130110 90 77 75 84101123141152149134107 75 43 20 11191113MR 5101481620152999999999999991043 7523 5 1199999999999999
 17 38 69101128145149141124105 89 81 84 97116135149152142120 89 56 28 11191114MR 5481491645153999999999999991114 812338  799999999999999
  9 22 47 79110133145145135118102 90 87 95110128144151147131104 73 42 19191115MR 6291471710151999999999999991145 87999999999999999999999
  8 12 30 57 88115134142139128114101 94 96106120135146147137117 90 61 34191116MR 713142173814899999999999999 013  81218 9499999999999999
 17 12 20 39 65 93116131136133123112103100104114126137142139126106 80 55191117MR 8 313618 814299999999999999 053 12125510099999999999999
 34 21 19 29 47 70 94114126130127120112106105109117125132133128116 98 77191118MR 9 4130184513499999999999999 138 19134410599999999999999
 56 39 29 29 37 53 73 93110121126125121115110108109113118122122118109 96191119MR1019127193712399999999999999 234 2815 410899999999999999
 80 63 49 40 38 44 56 73 91108120126127123116110105102102105109111111108191120MR1138127213211299999999999999 345 38172010299999999999999
100 88 75 61 51 46 49 59 74 92109122129130125116105 95 88 86 89 95102109191121MR1238131999999999999999999999 5 9 461856 8699999999999999
111109100 87 73 60 52 53 62 77 96114128135134125111 94 79 69 67 72 83 98191122MR 0 2111132113699999999999999 627 521948 6799999999999999
111119120113 99 82 67 58 57 67 83104123137142136121100 77 59 48 48 58 76191123MR 138121135714299999999999999 732 562030 4799999999999999
 98117129132124109 89 72 63 64 75 94116135146146134112 84 57 37 29 33 50191124MR 245132142914799999999999999 826 6221 9 2899999999999999
 75102125139141132114 94 77 69 72 86107129146152146127 98 66 37 18 14 24191125MR 34014215 015299999999999999 913 682148 1399999999999999
 48 78109133146147135116 95 80 75 82 99121141154154141115 81 47 19  5  6191126MR 431148153115699999999999999 955 752225  399999999999999
 23 51 85116139150147134115 96 84 83 94112134151158151131100 65 31  7 -1191127MR 51815016 2158999999999999991034 8223 2 -199999999999999
  6 28 59 93123142149144129111 96 88 92105124143155155143118 85 50 20  3191128MR 6 31491633157999999999999991111 882339 -199999999999999
  0 13 38 69101127142145137123107 95 93100114132147153148130103 71 39 16191129MR 64614517 5153999999999999991147 92999999999999999999999
  4  8 24 50 80108128138138130116103 96 97106120135145147137116 89 60 34191130MR 729139173714799999999999999 016  41224 9599999999999999
 17 12 20 38 63 89112127133131122111101 97100110122133139136123103 79 551912 1MR 812133181013999999999999999 054 1213 3 9799999999999999
 35 24 23 33 51 73 95113124128124116107100 98102110119127129123111 93 731912 2MR 858128184712999999999999999 132 221351 9899999999999999
 54 40 34 36 47 63 81 99113122124120113106100 98100106112116116111101 871912 3MR 949124193111799999999999999 214 341455 9899999999999999
 72 59 49 45 48 58 71 87102114120122119112105 98 95 95 97101104105102 961912 4MR1047122204210599999999999999 3 3 451631 9499999999999999
 86 76 66 59 56 59 66 78 91104115121123119112103 94 88 85 85 89 93 97 981912 5MR11461232254 9899999999999999 4 4 561815 8599999999999999
 96 91 84 76 69 65 66 72 82 95108118124125120110 97 85 76 71 72 77 85 931912 6MR1236125999999999999999999999 518 651920 7199999999999999
 99101 99 93 84 76 71 71 77 87100113124129127119104 88 72 61 56 60 69 831912 7MR 059101131612999999999999999 632 7120 2 5699999999999999
 96106110108101 91 82 75 75 81 93107121131134128114 94 73 55 44 43 51 671912 8MR 214110135013499999999999999 734 742037 4299999999999999
 85103116120117108 96 84 78 79 87101117131138136125104 79 54 36 28 32 471912 9MR 3 6120142013999999999999999 824 7721 9 2899999999999999
 69 93114127130124112 97 85 80 83 95111128140143135116 90 60 35 19 16 27191210MR 350130144914399999999999999 9 7 802142 1599999999999999
 49 77104125136136127112 96 86 83 90104122138147144129104 72 41 17  5  9191211MR 430138151814799999999999999 946 832215  599999999999999
 27 55 87115135143139126110 95 86 88 98115133146150141120 89 54 23  3 -3191212MR 5101431548150999999999999991023 862251 -399999999999999
  8 32 64 97124141145138123106 93 89 94107125142151149134107 73 38 10 -5191213MR 55014516201529999999999999911 0 892328 -799999999999999
 -5 12 40 74106130143143134118103 93 92100116133147151144124 94 60 27  3191214MR 6321451654151999999999999991137 91999999999999999999999
 -6  0 20 50 83112133141139128113100 94 96106121137146146135112 82 50 22191215MR 715142173114899999999999999 0 7 -71216 9399999999999999
  3 -2  8 30 60 90116132138133122109 98 94 98109123135141138124102 74 46191216MR 8 1138181114199999999999999 049 -21259 9499999999999999
 23  9  8 20 42 69 96117130133128117105 97 94 98108119128131127114 95 71191217MR 849133185913199999999999999 134  71352 9499999999999999
 48 30 20 22 34 54 77100118128129123113102 94 91 94101109116119116107 92191218MR 93913020 211999999999999999 223 2015 1 9199999999999999
 74 56 42 35 36 47 64 85104119127127121110 99 90 84 84 88 95102107107103191219MR1031128213910899999999999999 318 341633 8499999999999999
 94 81 67 56 50 51 60 74 92109121128127120108 94 82 73 70 72 79 88 96102191220MR1123128234810499999999999999 421 4918 5 7099999999999999
104100 92 81 71 64 64 70 83 99114126131129119104 87 70 58 53 54 63 76 90191221MR1213131999999999999999999999 533 631915 5299999999999999
102109110104 94 84 76 74 79 90105120131135131118 99 76 56 41 35 38 50 69191222MR 136110125913599999999999999 647 7420 8 3499999999999999
 88106117120116105 93 84 81 86 97113128138140132114 90 63 39 24 19 26 43191223MR 253120134314099999999999999 753 812054 1999999999999999
 67 92113126130124112 99 89 86 91104120135144143130108 79 49 23  9  7 19191224MR 351130142414599999999999999 850 862136  699999999999999
 42 71 99122135136128114100 90 89 96111128142148143125 98 65 34 10 -1  2191225MR 43913715 314899999999999999 939 882216 -299999999999999
 20 47 79108130140139128112 98 90 91101118135148150139117 86 52 21  1 -6191226MR 5221411541150999999999999991022 892254 -699999999999999
  4 26 57 89117135142136123107 94 89 93107124141150147132105 72 39 12 -3191227MR 6 114216181509999999999999911 1 892330 -599999999999999
 -3 11 37 69100125138139130115100 89 88 96112130143148140121 92 59 29  7191228MR 6371401654148999999999999991138 87999999999999999999999
 -2  5 24 52 83110129137133122106 93 86 88100116132142142130108 79 49 23191229MR 711137172914499999999999999 0 5 -21214 8699999999999999
  8  6 17 39 67 95117130133126112 98 87 84 90102118131137132117 94 67 42191230MR 74413318 513799999999999999 038  51251 8499999999999999
 23 14 17 32 55 80104120128126117105 92 85 84 92104117126127120104 83 60191231MR 819128184212899999999999999 113 141331 8499999999999999
