 82 66 7711015720925428128226022318114312012114418322726628928725821115719 1 1NI 734285192629199999999999999 1 6 66133011799999999999999
103 63 47 59 9715221126529930528224219515112211914318322826829128525119819 1 2NI 840306202029299999999999999 2 5 46143611799999999999999
139 84 43 29 48 9515722428332032329524919614711611614418823627629428123819 1 3NI 93532521 729599999999999999 255 29153111299999999999999
179117 61 24 19 4810317224430433633129524318513510911715220125028729727319 1 4NI1021338214829899999999999999 340 17161610799999999999999
220155 92 40 11 18 5812219526732234432728322516511910412416822126829829519 1 5NI11 2344222630199999999999999 420  9165510499999999999999
257195128 67 22  6 27 7914822329133634231226019914210610513819024328630419 1 6NI113934523 230499999999999999 456  6173110199999999999999
286234166100 44 10 10 46107180253312341330288230169119 9811415821326429919 1 7NI1213342233530599999999999999 530  518 4 9899999999999999
302267206136 73 26  7 25 75142215282328337309257197140103 9913018123628219 1 8NI1244339999999999999999999999 6 2  71836 9699999999999999
304290242174107 50 16 15 50110181251308334323281224164116 9410814920325519 1 9NI 0 9304131233599999999999999 632 1119 7 9499999999999999
292299270212144 82 36 17 35 84150220283324329300249190136100 9512216922219 110NI 043301133933299999999999999 7 2 171940 9399999999999999
267293285244183119 65 32 31 64121189254304327314272217161116 9410213718519 111NI 11829414 832799999999999999 733 272014 9399999999999999
233271285267221162105 62 43 55 97157221276312318291244190140104 9311014719 112NI 157285144032099999999999999 8 8 432054 9399999999999999
192236266272250206154106 74 64 84128184240284307301268221170127 99 9411219 113NI 243273151730899999999999999 850 642142 9399999999999999
148190230256261241204161122 96 91111150198244279294283250206159119 94 9019 114NI 34126216 429499999999999999 942 902242 8999999999999999
106139180219247257246218182148123116128158198238267280270241199153113 8619 115NI 45725717 52809999999999999910531162352 7899999999999999
 78 9112316520924426426324321117714813113415518922625627226724019714910419 116NI 6272661817273999999999999991223130999999999999999999999
 71 58 7010315120324928028827324020116313612914517721625127227124419714219 117NI 750289192727599999999999999 1 3 58134912999999999999999
 90 51 34 46 8514220426130231630026321516813111813316921425428028024819319 118NI 857316203028499999999999999 2 6 34145811899999999999999
130 72 28 10 26 7313921127732534031927421816312010612516821926429329025019 119NI 954340212529699999999999999 3 3 10155410699999999999999
186116 53  6-10 13 69143223296346356327274212150106 9612517523027930629619 120NI1044357221630899999999999999 356-101644 9599999999999999
247175100 35-12-24  9 74154239315361362323264197133 92 9213018624429431819 121NI113136823 531899999999999999 446-251729 8699999999999999
298238161 85 18-25-28 15 87172259334371358310245175112 80 9314020025930819 122NI1214372235232499999999999999 533-331813 7999999999999999
324293225146 71  6-30-21 32109196283349371345288219149 93 73 9815121227219 123NI1255372999999999999999999999 619-331855 7399999999999999
316322281210133 59  1-24 -1 59139225306358362322260190123 77 7110516122319 124NI 038326133436699999999999999 7 2-241938 6899999999999999
281317312265196122 55  7 -4 29 94173254322355342293229161101 67 7311216819 125NI 124321141235699999999999999 744 -62021 6599999999999999
228281309297249185119 61 26 27 67131204274326340315262199137 87 64 7711719 126NI 212310145134199999999999999 828 2121 8 6499999999999999
170227273294280238183127 81 57 66105162225281315316285235176121 81 66 8019 127NI 3 6294153232099999999999999 914 5622 0 6699999999999999
117166217258276267236193148111 94103135182231273294290260214163115 81 6919 128NI 4102771620296999999999999991010 9423 2 6999999999999999
 80111155202241264264245213176145128130152186224255272268244204159115 8319 129NI 5312671720273999999999999991124127999999999999999999999
 67 7410014118723026027226323920617415114315317820923725525623820215911619 130NI 7 4272183425899999999999999 013 67125614399999999999999
 80 61 63 8712817822726728828626322919015814014316419522624925523920415819 131NI 824290194825699999999999999 125 59142113999999999999999
111 72 49 50 7612217823628330830627823719014912713015519122825526324420319 2 1NI 924311204826399999999999999 229 46152312599999999999999
152101 59 35 40 7312618925230232531527922917513111112215619924126927324519 2 2NI1011326213727599999999999999 321 3316 911199999999999999
196138 84 42 23 36 8014120927532133431126520715011010012416821826128627919 2 3NI1050334221828799999999999999 4 6 231646 9999999999999999
238179117 63 25 16 43 97165236299334331294238176122 92 9913719024328429819 2 4NI1125337225429999999999999999 444 151719 9099999999999999
275221156 92 40 12 20 62125197267320337315265204142 97 8411016021827030319 2 5NI1155337232730799999999999999 518 111749 8499999999999999
301260196127 65 21  9 36 92162234298333328288229166110 80 8812918724629319 2 6NI1222336999999999999999999999 549  91818 7899999999999999
312291235165 97 41 11 20 65131204273322335306252189129 84 7410115421527119 2 7NI 0 0312124733699999999999999 618  91846 7399999999999999
308309270204133 70 25 15 44104175247306334321274212150 97 69 7912218024019 2 8NI 032314131133599999999999999 646 131915 6899999999999999
289312294241173106 52 24 33 80148219283325330295236173115 75 65 9214420319 2 9NI 1 5312133733399999999999999 716 221945 6499999999999999
259298305273214149 90 49 38 65121189254305326309261198138 90 64 7010816219 210NI 14130714 432799999999999999 748 372018 6299999999999999
219268295290252195137 90 62 65101158220274308311280227167113 75 62 7811919 211NI 221298143531499999999999999 824 592057 6299999999999999
172224266286275239191143105 88 98134184235275295287252201147101 71 64 8319 212NI 310286151429699999999999999 9 9 882146 6399999999999999
122171219256274268240202163133119127154192232262274264233188140 99 72 6519 213NI 41427516 42749999999999999910101192249 6499999999999999
 80114159205243267270255226194165146144158185215241255250227189145103 7319 214NI 5402711717255999999999999991139143999999999999999999999
 59 67 9613918723326728327925722519016214614816619522424525023520115510819 215NI 717284184825199999999999999 0 9 59132414499999999999999
 69 47 47 7211717222827530430728624920516313512814517921624726325421816519 216NI 838309201026399999999999999 131 44144612799999999999999
109 61 29 22 48 9916323028932733330626020515211510713017222026128427523219 217NI 939335211528599999999999999 243 21154510699999999999999
170105 48  8  0 30 90163240308349349313256193132 92 9012417723328230729319 218NI1030354221030899999999999999 343 -21633 8699999999999999
240168 96 32-11-15 24 93173257329365353305241170106 72 8212818825130432719 219NI111536623 032799999999999999 436-191716 7099999999999999
302238161 84 17-24-18 32108193280348371343285214140 80 57 8213820527232519 220NI1155371234533999999999999999 523-281757 5799999999999999
338300228148 71  5-26 -6 55135223307362364320254180107 57 51 9015322329119 221NI1232370999999999999999999999 6 7-261837 4799999999999999
337336287213134 59  2-13 22 90172257330363344287217142 76 41 5310216924019 222NI 02934413 736499999999999999 647-141915 4099999999999999
305339324268196121 53 11 14 61132211288342350313249177107 54 37 6311718419 223NI 112340134035399999999999999 726  71953 3799999999999999
253309329304248181115 60 36 54105174245305336323275210142 82 44 43 7613219 224NI 156329141333799999999999999 8 5 362032 3999999999999999
196258301310283233175120 81 72 97146206263303313288237177118 71 48 56 9119 225NI 243311144631499999999999999 846 702115 4799999999999999
142200252285289267227181139112111134174220260283281253208157109 74 60 7019 226NI 338291152428599999999999999 93410822 5 6099999999999999
101145194238266273261233199167147143157183215241254250228194153115 87 7419 227NI 45127416162559999999999999910421422312 7499999999999999
 8010313918122125126726625022419617316016117519521522823021919416112810019 228NI 6272691740231999999999999991227159999999999999999999999
 83 81 9612716720924627228127224721618416014915417219421522722520617513919 3 1NI 758281192322899999999999999 037 80141014999999999999999
106 82 73 8411415720625228730129026021917714312713315718921924024222218519 3 2NI 9 3301203724499999999999999 159 73151312699999999999999
142102 71 59 7210815821526830631629725620615511810512215719923826326123219 3 3NI 950317212826699999999999999 3 1 59155510599999999999999
185134 87 54 45 66112171234290323322288237178125 93 9412517322426728727319 3 4NI102732722 728799999999999999 348 441628 8999999999999999
230173115 65 35 38 73129195261313332312265205143 95 77 9614320025629630319 3 5NI1059332224230599999999999999 426 321658 7799999999999999
273216151 89 42 24 43 92158228292330328289231167107 71 7411217023328831819 3 6NI1127334231431999999999999999 5 0 241726 6799999999999999
306257191122 62 25 24 63124195265318335309255191126 76 59 8413720226631419 3 7NI1152335234632799999999999999 530 191754 5999999999999999
326294231160 93 40 19 41 96165237300334324277214148 89 55 6110516723429419 3 8NI1216336999999999999999999999 559 191821 5299999999999999
329319269200130 68 29 30 73139211278325333298236170107 60 47 7513219826319 3 9NI 018331124033699999999999999 628 241849 4699999999999999
314330300240170104 54 34 57114184253308333314259191127 73 43 52 9716022719 310NI 05133013 533399999999999999 658 341917 4199999999999999
286322319276212147 90 55 55 95158225283321321281217149 91 50 39 6612018519 311NI 126327133132699999999999999 729 501948 3899999999999999
248298319302253193136 91 71 87133194251295313294243178117 68 41 46 8213919 312NI 2 431914 031399999999999999 8 5 712022 3999999999999999
201257297308285240188141108 99120164214259288290262211153100 62 46 57 9519 313NI 249308143529399999999999999 847 9921 5 4599999999999999
148204254286294276240198160135129146178216248266263237194145101 69 56 6619 314NI 346295152226799999999999999 94512922 4 5699999999999999
 97143193239271285277253221189164152156174199224240242227196156116 84 6619 315NI 5 828516372439999999999999911141512328 6499999999999999
 67 88125172219258283289277250217184160149154173198222236235215180138 9919 316NI 6492901827237999999999999991310148999999999999999999999
 69 57 67 9914720125129131030427623519115212812614718021624625824520915819 317NI 81631120 225899999999999999 1 5 57143412499999999999999
107 65 40 42 73127191254306333326291239182131 99 9912917622526828927723219 318NI 91833421 929099999999999999 227 371530 9599999999999999
170108 54 19 19 57120192265325352337289227161102 71 8112518324429732030019 319NI10 735222 332099999999999999 330 141615 7099999999999999
243173102 39  2  8 55126206285345362331273203130 71 50 7613219926932534219 320NI1050362225034399999999999999 422 -11656 5099999999999999
309243166 90 25 -6 12 70147230310359357311243168 95 44 40 8114722129534719 321NI1128365233435699999999999999 5 8 -61735 3699999999999999
350304232153 77 17  0 34100179262333362338278205129 61 26 41 9516724531719 322NI12 2362999999999999999999999 549 -11812 2599999999999999
357344288215138 66 20 22 69139218294346350306237162 90 35 20 5311519026719 323NI 016359123435599999999999999 628 141848 1999999999999999
331354327267196123 63 36 56111182255316344323266194122 58 21 27 7213821219 324NI 05735413 534499999999999999 7 4 351922 1899999999999999
284333340305246180116 72 64 96153219280321324286223154 90 41 24 45 9516119 325NI 138343133432899999999999999 741 621957 2499999999999999
231291324319282229171121 93 99135187242286306291246187126 74 42 40 6811819 326NI 22232614 430699999999999999 820 912034 3799999999999999
179239286306297265221174137122132163205245272276254212162113 76 58 63 9119 327NI 311307143827799999999999999 9 51222115 5799999999999999
135187236271287281258224188161150156176203229244242224193155119 92 80 8619 328NI 41328715242459999999999999910 91502211 8099999999999999
10814218422325427227426123720818416816317018620321421721019216613711410119 329NI 53927516472189999999999999911531632336 9999999999999999
10011213817220924226627827325422519617015315016017819621021520718715913219 330NI 7132781855215999999999999991343150999999999999999999999
11110110512515919923927229028826623119115513112513916619622223623220817419 331NI 824292201723799999999999999 115100144512599999999999999
138108 89 9011315220024828730629826622117112810310513217221525026625622219 4 1NI 91330721 826699999999999999 228 87152510199999999999999
176130 92 71 76108158213267306317296251195140 96 81 9914119424628329326919 4 2NI 950318214729499999999999999 319 701558 8199999999999999
221165111 70 54 72117175237292323318279223160103 69 7110716422628131430819 4 3NI1021325222231799999999999999 359 541627 6599999999999999
267207144 87 50 48 82138204268316330303250185121 70 52 7512819426131433319 4 4NI1049330225633399999999999999 433 441656 5299999999999999
308252185118 64 40 56106171239299332321275211144 83 46 50 9315722729433719 4 5NI1116333232934299999999999999 5 6 391724 4299999999999999
336293228158 94 49 44 80141209275323332297236168103 52 35 6111918926032019 4 6NI1142335999999999999999999999 537 401753 3499999999999999
346325269201133 75 47 64115181248305333315260192125 66 31 37 8314922128919 4 7NI 0 334612 833399999999999999 6 9 471822 2899999999999999
337342304242175113 68 60 95155221281322325284217147 85 39 25 5211018025019 4 8NI 037346123432999999999999999 641 581851 2499999999999999
311342329280218156103 74 85132193252300321300244174109 56 26 31 7313720719 4 9NI 11334313 232199999999999999 714 731922 2399999999999999
273321336311260202147105 92116164220269301303268207141 83 42 27 46 9515919 410NI 151336133330799999999999999 751 921957 2799999999999999
225283320324295248196150120117142185231268286276237181123 75 44 39 6311019 411NI 236326141028799999999999999 8361142041 3899999999999999
170229279309310287247204165141139158189224251262251219174126 86 60 56 7519 412NI 33331315 126299999999999999 9371372141 5599999999999999
115166219265294302288258222187161150157176202225238237219186147109 82 7019 413NI 45030216262409999999999999911 715023 7 7099999999999999
 7810614919924628230129927724320517114714015017320122624023721517913810119 414NI 6243031822241999999999999991254140999999999999999999999
 76 70 8712617723127830931629826021316612911211914818822825926925221216119 415NI 746317195326999999999999999 047 69141211199999999999999
112 73 55 66105162225283324334311264206148101 80 9413518824428830528523619 416NI 848335205830599999999999999 2 9 5415 6 8099999999999999
175114 64 38 50 96160231296340345310252185119 69 54 8113520126831933530519 417NI 937348215033599999999999999 312 371550 5499999999999999
247177109 52 28 48102173248315352343294226154 85 40 39 8114722229534635219 418NI1018355223635699999999999999 4 3 281631 3499999999999999
311244171 99 44 29 62124197272333355326264191116 52 21 38 9416724732036319 419NI1055355232036699999999999999 448 2817 8 2099999999999999
354303233159 88 43 45 89156229299345343296225151 79 26 14 4911419127233919 420NI1128351999999999999999999999 528 381745 1299999999999999
366343286216144 81 53 71125192262320344319257184111 48 12 20 6913921829519 421NI 0 136612 034499999999999999 6 6 521819  999999999999999
349359324264197130 82 72105162227288328327284216144 78 28 12 38 9516724419 422NI 041361123033399999999999999 643 701853 1299999999999999
311348342301243179123 91 98139195254300319299245178112 56 24 26 6412419519 423NI 121351125931999999999999999 719 891926 2099999999999999
264317338322280225168125109126167218265295295263209148 92 51 35 51 9415219 424NI 2 2338133130099999999999999 7581091959 3599999999999999
217275312321301262213167136130149185226260274264230183132 88 62 59 8012119 425NI 24732214 627599999999999999 8431292037 5799999999999999
174228274300303285251211174152149163189218240247235208171132100 84 8510519 426NI 338305145124799999999999999 9411482124 8299999999999999
14018422826428528927625021618616515716217819921622321820217614712210810719 427NI 44429016 62239999999999999911 5157223410699999999999999
12014618221925227428327625522519416815214915917719721221921319617014512619 428NI 6 528318 4219999999999999991244148999999999999999999999
11712214117320924427228628326222919115813412713816219222023723822219215919 429NI 720287193524099999999999999 010117135412799999999999999
13111411213016420624728029729126422217513410710312416120424326726824420519 430NI 816298203227099999999999999 135111143910299999999999999
162124100 98121163212260296309294254201147103 80 8812317523027630029225619 5 1NI 858309211630199999999999999 235 961515 7999999999999999
205152108 83 88122173229280313315284231170112 71 60 8513619926231032630419 5 2NI 934319215532699999999999999 321 811548 5999999999999999
255195136 89 71 89135194254304326310262199134 77 45 52 9515822929533733919 5 3NI10 5326223334499999999999999 4 1 711620 4399999999999999
302243178117 75 70103158222281323327290229161 96 46 31 5711518626032335419 5 4NI1036330231035499999999999999 438 671652 3099999999999999
339289225159101 70 82128189252306331313258190122 62 25 30 7414121628934419 5 5NI11 6331234735899999999999999 514 691724 2299999999999999
357326270205141 91 76105159221280321326286220150 86 35 16 41 9817024531419 5 6NI1136329999999999999999999999 549 761757 1699999999999999
355351308249185126 90 93133191250299324307252181113 56 19 19 6012519927219 5 7NI 02535912 732499999999999999 625 861830 1499999999999999
331356337289229169119 97115162218270307314280216147 85 37 15 32 8315222419 5 8NI 1 3356124031699999999999999 7 3 9719 5 1599999999999999
292339350322272215160121112137184235278302294251188124 69 32 24 5010517219 5 9NI 145351131730399999999999999 7451111945 2299999999999999
241301337339309260207159129127153195238272286271230173116 70 41 40 6912119 510NI 23234314 228699999999999999 8331242033 3799999999999999
184247299329328300257209167141138158191227255266255222175126 86 61 59 8219 511NI 32833215 226699999999999999 9361362135 5799999999999999
127183241289317320299261217177148139149174205233251250230194152112 84 7419 512NI 43732216292539999999999999910581392256 7499999999999999
 8812317322727530831930427122718314712712814818121624526025322518414110419 513NI 5553191812260999999999999991227125999999999999999999999
 83 8511215821226530632431428023218013410410012216220925328228526021516419 514NI 7 9324193628799999999999999 026 811339 9899999999999999
117 84 77100147205263310333321281225164110 75 7210215421427131031728923719 515NI 810333204131999999999999999 145 761435 6999999999999999
178122 81 69 94146208271321340321270205138 80 47 53 9515822929533834130519 516NI 9 0340213434599999999999999 249 691521 4499999999999999
247182120 76 68100157223286332341308247176107 50 27 4710117325031935835219 517NI 942343222136299999999999999 341 6616 3 2799999999999999
308245177113 75 77118179244304340332283214142 75 27 18 5311719427334036819 518NI102034223 536899999999999999 426 701641 1699999999999999
350299234166107 79 96145206269320338311250178108 47 13 22 7014021929735319 519NI1055338234736899999999999999 5 7 791718 1199999999999999
367337282217152103 91120174235291328326282214143 77 28 12 37 9516824631619 520NI1128333999999999999999999999 546 901753 1199999999999999
358357319261198139104108147202259306325304249179112 55 20 22 6112419827219 521NI 02836312 032599999999999999 6241011827 1699999999999999
330355341297239178130110128171225276309310276216149 88 43 26 43 9115622719 522NI 1 7356123331499999999999999 7 111019 0 2699999999999999
292336345321274217163127122147191240281300287245187126 75 45 43 7112318719 523NI 14534613 730099999999999999 7401201934 4099999999999999
252305333330300253200155131135162203245275281261219166115 76 58 6810115319 524NI 224335134528299999999999999 8221302010 5899999999999999
212267307323313281236190155139146171206239260260239202158117 88 80 9412819 525NI 3 6323143126399999999999999 9111392052 8099999999999999
17522627230131029726622618715814515017119922624324322819916313010810311619 526NI 3533101533245999999999999991012145214710399999999999999
14618623026829229828625922318715914414516018521223123923121018115112912019 527NI 45029917 023999999999999999112614223 112099999999999999
12815218722726228629328425822118315113212914417120423224824923220317114319 528NI 5572931832251999999999999991239128999999999999999999999
12812914818222225928629628625721617213411110812816420624527127625822418419 529NI 7 1296194327799999999999999 026126133710699999999999999
148125122141177222264294304289251201150108 84 8811816622026930030428023719 530NI 754304203830699999999999999 1401211423 8299999999999999
188145116112136180230276307311285236178121 77 59 7411817824229732932629219 531NI 839313212533299999999999999 23811015 4 5999999999999999
240184135105107140191245293319312272212147 89 49 42 7212919826832535133719 6 1NI 91932122 935199999999999999 3261021542 4099999999999999
293235174123 99111153209265309326304249181115 59 28 35 8014622129434736319 6 2NI 956326225136399999999999999 410 981620 2699999999999999
337285224162114 99123173231285322324285219149 85 35 16 39 9616824531736219 6 3NI1033328233336999999999999999 452 991657 1699999999999999
365329272210149109107142196253302327312259188119 59 18 14 5211719226933619 6 4NI1110328999999999999999999999 5331031736 1199999999999999
369359315257194138109120163218271312324294231160 93 39 10 21 7013921629119 6 5NI 015371114832599999999999999 6141081815  999999999999999
349370348299240179131114135182235284315314273207137 75 29 12 35 9116323919 6 6NI 057370122832099999999999999 6561141856 1299999999999999
309357365335283224167127121148195245288310299253189124 67 30 23 5411218319 6 7NI 141367131231199999999999999 7411191941 2199999999999999
257320357355321268211159127127156200246283299285241181122 72 41 41 7313019 6 8NI 22736114 430099999999999999 8311232031 3799999999999999
199267322351344309258203156129129155194236271287275238187134 89 62 62 9219 6 9NI 31835215 628799999999999999 9291252130 5899999999999999
143206268317341334300252200155127124144180220256277274247205157115 87 8219 610NI 41634216232799999999999999910371222240 8199999999999999
10514920526230833132629625019815112011012616020224527528426823218714311019 611NI 52033317512849999999999999911521102359 9899999999999999
 98111149200254299325323294247193142104 9010313918924028230229426221616819 612NI 62632819133039999999999999913 1 90999999999999999999999
128107113146196249296324323292240181125 83 67 8312618324529632532028723719 613NI 728327202232799999999999999 11710514 0 6799999999999999
184137110113146197251299326321283226162103 59 47 7112218825731634634030219 614NI 822328211934899999999999999 2241071451 4699999999999999
248190138110116153205260307329315268204137 78 39 35 6912920227533536234819 615NI 9 832922 936299999999999999 3201081536 3299999999999999
305247186134110124166221275316328302245177111 56 26 34 7914622129535136819 616NI 949329225436899999999999999 4 81101617 2499999999999999
345297236175128114138185240291324322281218149 86 39 21 44 9816824531536119 617NI1028328233636999999999999999 4511141657 2199999999999999
365333280218160123122155207261305326308257189123 66 29 27 6212319627033319 618NI11 4326999999999999999999999 5311171733 2399999999999999
364355314257196145120133175229279315321289229161 99 51 28 42 8815422629519 619NI 016365114032399999999999999 6 912018 8 2899999999999999
345360337289231173132123148195248293317308265202136 80 44 37 6512018825719 620NI 052360121531899999999999999 6451211842 3599999999999999
317351349315262204153125130164213263299311289239176116 69 46 55 9515422219 621NI 126355125131199999999999999 7211231914 4599999999999999
285332349332289234180139125141179227271298297267215156104 68 59 8112718819 622NI 159349132930199999999999999 7581251948 5999999999999999
251305337338310264211163133130152191234271289281247197145102 78 8111015919 623NI 232341141229099999999999999 8381282025 7699999999999999
216272314331321288241193153132135159195234265278267235191147113 9710513619 624NI 3 733215 227899999999999999 9231302110 9699999999999999
18223428131232030427022618214713113515819222825726926123519816113111912719 625NI 34932116 626999999999999999101713022 711899999999999999
15519624128030530929125821617414112512814918322025126926724821718215313719 626NI 4403101725270999999999999991120124232013699999999999999
14116319823927529830228525220916513011111313517221425327928527124120417019 627NI 5413031847285999999999999991226109999999999999999999999
149145161194234271295301284247200152113 91 9312016421626429831029626322119 628NI 645302195731099999999999999 0411441325 8999999999999999
181151141155189232272300305284241186132 89 67 7410916322428132233531827919 629NI 743306205633599999999999999 1541411417 6699999999999999
230182146134150189236279308311282229167109 65 46 6010616923830234535533219 630NI 835314214735699999999999999 25513415 5 4699999999999999
286230177138128151195246291319314274212145 85 42 29 5411018125532236436819 7 1NI 922321223537199999999999999 3471271551 2999999999999999
336283223167129126157207260305327312261192123 63 24 20 5612119627434137719 7 2NI10 8327232138099999999999999 4351231636 1799999999999999
371331274211155122129169222276317332305244171103 46 13 19 6613621529335719 7 3NI1052332999999999999999999999 5201201721 1099999999999999
384367320259195142119136182238290327332294227153 86 33  8 26 8115523531319 7 4NI 0 5384113733599999999999999 6 411918 6  899999999999999
370385357303240177130118145195250301332327281211139 74 26 12 4010117825819 7 5NI 049386122333599999999999999 6471171851 1199999999999999
332378379341283219159120119153205259307332318267198130 69 29 25 6112620219 7 6NI 131384131133399999999999999 7321141936 2199999999999999
280346378366322262199144114121158209263307326307257193129 74 43 47 8815219 7 7NI 21337914 232699999999999999 8191122024 4099999999999999
225297351369349301241181132110121158208259300316298253196139 91 67 7511519 7 8NI 257370145931699999999999999 9101092116 6599999999999999
175241304346355330282225168125106117152199249289306294258210159118 9710419 7 9NI 34535616 53069999999999999910 71062216 9699999999999999
13819024830033333831326721316011910110914018623527730129827323218814912619 710NI 4383401725303999999999999991111100232712499999999999999
127153196246290319323300258205154113 91 9612517022327030331129426021717719 711NI 5393241849311999999999999991220 90999999999999999999999
149142159195239280308314293251199146102 78 8111015921627131232931828524119 712NI 64431520 532999999999999999 0471411325 7699999999999999
196160146158190233274303310289245190135 89 63 6710015421828032834833630119 713NI 74631121 734899999999999999 2 31461423 6199999999999999
252202161143154189233276306311286236177120 74 50 59 9915922829534436234619 714NI 84131322 036299999999999999 3 61431514 4999999999999999
304250195153137154194241285313312278222160103 59 42 6010817324531335936919 715NI 929317224537099999999999999 35813716 0 4299999999999999
343295237180141134161206256299321310266204140 85 47 40 6912619526833236819 716NI1012322232537299999999999999 4411321642 3899999999999999
365329274214160130137174225275314326301247181119 68 40 47 8815122329334819 717NI1051326999999999999999999999 5191281719 3899999999999999
370351305246187140125147193247295326324285223157 98 55 41 6311618325531919 718NI 0 1370112833099999999999999 5541251753 4199999999999999
360363329275214159126127162215269313332314263196131 79 48 51 8915122028919 719NI 03336612 333299999999999999 6271221825 4599999999999999
342363346300241182136119137182237289324328295236169109 66 51 7212319025919 720NI 1 2363123733199999999999999 6591191855 5199999999999999
319356355321267207154121121152203257303326315271209146 94 64 6610316222919 721NI 130360131232799999999999999 7301161926 6099999999999999
293340357337291233177133115129169221271309320297247188132 90 75 9213820019 722NI 157357135032099999999999999 8 31151959 7599999999999999
263316347344311259203153121116140183232277306307279231178131101 9712417219 723NI 226350143231199999999999999 8401152037 9599999999999999
23028432534032428423218113911712014819023627629829626822718214412212515219 724NI 259340152430199999999999999 922115212412099999999999999
19724729132032430226121316713111412114818823126929129127023619916714815019 725NI 3393251630294999999999999991013114222514699999999999999
17220824928530630728524820315912611011513917822226228929728425822419317119 726NI 4313091752297999999999999991116109234816599999999999999
166179207241273293296278243199155119 9910112416421325929531230828525121419 727NI 5382981917313999999999999991226 97999999999999999999999
185170174196229263287295281245198148107 82 8110615120726230833433331027019 728NI 652295202933799999999999999 1171691332 7899999999999999
226187163162184221260291303289250195139 91 62 61 8914220727132635735632719 729NI 8 0303212936099999999999999 2321591433 5899999999999999
280227179150149177220266302316299252189126 74 42 43 7914021228434437637119 730NI 859316222037999999999999999 3311461529 3899999999999999
333278218165135140177227278317331306249179111 56 25 31 7614522330136339119 731NI 95333123 739199999999999999 4221331621 2299999999999999
375328267203148123138183240294334343308242167 97 41 13 28 8215724032038019 8 1NI1043344235139799999999999999 5 71221710 1299999999999999
397369313248181130114141194254310349349303231154 84 29  9 35 9817726234119 8 2NI1131355999999999999999999999 5511141757  999999999999999
392394353292223157113111149207268325358348293218142 74 25 16 5512320428919 8 3NI 032399121736099999999999999 6331061841 1499999999999999
361396381330264195133100112158218281335360339280206134 70 31 36 8415523619 8 4NI 11139713 336099999999999999 715 991924 2899999999999999
314373389359301233166113 94116166227289338353325267198132 77 51 6812019019 8 5NI 149390135135499999999999999 757 9420 7 5199999999999999
265332373371330270204143100 93121172231290332340311258198140 96 8310515619 8 6NI 227378144234299999999999999 842 912053 8299999999999999
219284336359345301242181128 96 9612517322928331932530225920916112711914119 8 7NI 3 6360154232699999999999999 931 92214511899999999999999
184237288326336317276222168123 98 9912516822026930331430127023019016215319 8 8NI 3513371656314999999999999991028 95225315399999999999999
167198239278305312295260213165125101 9911915820625429231231029025722119119 8 9NI 4473131825314999999999999991135 97999999999999999999999
175178198229260285294284255213168128101 9410914519324428931932731328224419 810NI 6 0294195032899999999999999 0211741250 9399999999999999
207182174186213245272288284258217171128 96 84 9713418524229633434733329819 811NI 719289205834799999999999999 1521741359 8499999999999999
253208173160172202238272293291265220168121 86 73 8813018725131035136234119 812NI 827296214936299999999999999 3 11601458 7399999999999999
299246194156145164201245284307302267215159108 72 63 8613620026832936636719 813NI 920308223137199999999999999 3511451547 6299999999999999
335284225170137136167214263304322307261201142 91 59 60 9515422229234937419 814NI10 432223 837499999999999999 4301321629 5599999999999999
360315257195145123139183236288326333302245180120 72 52 6811618125231936419 815NI1042335233937399999999999999 5 412317 5 5199999999999999
371339285222163123120153207264314342333286220154 96 58 54 8714721628734519 816NI1116344999999999999999999999 5351161737 5199999999999999
371355308247185134111128175235293336349320260191126 75 53 6911918625732219 817NI 0 7371114935099999999999999 6 411118 6 5299999999999999
363365328271208150112110146202263317349343297230161102 64 61 9715923029719 818NI 032369122135299999999999999 6321061834 5799999999999999
349368345293230169121102121169229288334350324267199136 87 66 8413620327219 819NI 056368125335099999999999999 7 110219 3 6699999999999999
330363356314253191137103103138193253307341339300239176121 86 8411917824519 820NI 120365132834599999999999999 730 981933 8099999999999999
305348358330276214157114 9711315821427031633632127722016512210111415721619 821NI 14635914 633699999999999999 8 1 9720 810199999999999999
275323347338297240182133102 9912617322727831532530526321416913712814819019 822NI 215348145032599999999999999 836 97204912899999999999999
24128832133031026621216112110110613518023027530631329626322318716315817519 823NI 249331154731499999999999999 919100214315799999999999999
20924828330630728524519815412010410913517622226529530830027624521519118219 824NI 33430917 530899999999999999101610323 418199999999999999
18921023926628528727224019915812510510512516120625128831131530027424221219 825NI 4402891841315999999999999991131102999999999999999999999
192187197219246269280274250211168128100 9110513918724028832333732830026219 826NI 61128020 733799999999999999 0501861255 9199999999999999
221188171176199232264287290269228176127 89 71 8011717323529534136235331719 827NI 739291211136399999999999999 2181701411 7199999999999999
268216172149154185229273305314291241179119 72 48 5810116623930836238436619 828NI 84931422 338499999999999999 3191471515 4799999999999999
320261200149126140183237290329339308247175108 54 28 43 9717025032738239619 829NI 945340224839799999999999999 4 712516 9 2799999999999999
366309243176124108135190252312354358315244166 94 38 16 4210618527034839719 830NI1035362232940499999999999999 4511081658 1699999999999999
397352287216147101 99140203271334374366311234155 81 28 17 5712721029637019 831NI1122377999999999999999999999 532 941742 1599999999999999
403384327257183118 84 99151219290353383362299221143 72 29 34 8516024332519 9 1NI 0 740412 638499999999999999 612 831824 2599999999999999
385396358293221149 92 75106165235307364381348282207133 71 44 6512319827719 9 2NI 043399125038299999999999999 651 7519 4 4499999999999999
348387376324255184118 76 76117180250318365368329266197131 83 7210516523519 9 3NI 117389133537399999999999999 729 701944 7199999999999999
305358373344286218152 97 71 8513119326032035434931025419414010711014620219 9 4NI 150374142235799999999999999 8 9 71202610499999999999999
262317349346308250188131 90 78 9814320126131233733029825220316214114818019 9 5NI 225353151633899999999999999 852 77211514099999999999999
225272310325312275225172126 96 9111115120125329631831629526122319217517819 9 6NI 3 3325162632099999999999999 942 90222117499999999999999
19823026228729528325421417113411110511915119323927830431330428024922019919 9 7NI 3542951758313999999999999991047105999999999999999999999
19119821724025926926624821818315012511311914217922326630032032030227223819 9 8NI 517269193032399999999999999 0 1191121211399999999999999
20718718219421523825726525723319916313211211012916621326330733533931928319 9 9NI 7 2265203934099999999999999 145182133610899999999999999
239197168159172200234263280276250210167127101 9611716021527232335335232319 910NI 820282212935699999999999999 2531591442 9599999999999999
277223173142138162202246284304295260210158113 85 8411416622829234336635219 911NI 91330522 736699999999999999 3361361531 8099999999999999
311254194143119130169221273313326305256197139 92 70 8112418525331736136819 912NI 953327224037099999999999999 4111181611 6999999999999999
337283220158115108138190250305340339300238173114 72 63 9214821628534337019 913NI102834523 937199999999999999 4411061644 6299999999999999
356308245180124 97112159221284336357336280212145 89 60 7111718325331936319 914NI11 0357233437099999999999999 510 971715 5999999999999999
366329269203141 98 93129188255317358359318251181117 71 62 9415422429434919 915NI1132365235836999999999999999 537 901743 6099999999999999
369346291226161107 84103155220287342367346289219151 95 67 8013119826832919 916NI12 3367999999999999999999999 6 4 841811 6699999999999999
365358312247181123 85 85123185252314357360321257189128 86 7911317424330619 917NI 021368123536599999999999999 630 791840 7699999999999999
352363330269202141 94 76 98150215279333359343292229167117 9210515321728019 918NI 04536413 835999999999999999 658 761910 9199999999999999
331356341291224161109 78 8011817724029934135032126821015812111314019225119 919NI 1 9357134435199999999999999 726 74194411199999999999999
303337341308250186130 90 76 9313919825730833733430225420416213814217322119 920NI 136344142534099999999999999 758 76202313699999999999999
269307325313273217161115 87 8410815420926230432632029225321318116417019619 921NI 2 8325151832799999999999999 837 82211516499999999999999
232267293300284248201154117 95 9511715720525329131331329626723520618918719 922NI 250300163231699999999999999 930 92223618699999999999999
20122424926827526624120416513110810211614618823327530431731129126123020419 923NI 3572751811317999999999999991049102999999999999999999999
18918820122224426126525322618915011910110112316321226230433033531828424319 924NI 547265194233699999999999999 0331871228 9899999999999999
204174162171197230261281281257215166121 89 79 9513819625731335036033829519 925NI 730284204836099999999999999 2 41621354 7899999999999999
242189147131145183231277310316288235173115 71 54 7212319126332937237834619 926NI 841317213838199999999999999 3 213115 1 5499999999999999
290225162116104130183244302343347309244171104 52 35 6112319927935039038319 927NI 936350222239399999999999999 3481031554 3499999999999999
336269197129 86 86129194264330372367316241163 90 38 29 6813822030237039819 928NI102437623 039899999999999999 429 801641 2699999999999999
372311238162 96 64 82139211288356390371309230151 78 34 40 9216724932938519 929NI11 9391233639599999999999999 5 9 641724 3099999999999999
391346276200125 68 54 89155232310374395361293216138 73 44 6612720328235219 930NI1152395999999999999999999999 546 5218 4 4499999999999999
387369309235159 91 49 55104175253329381386342274201130 78 671041692413121910 1NI 010388123539199999999999999 623 451842 6599999999999999
364374335267193123 66 44 67124196272340377367320256189129 941011452072731910 2NI 042376131737999999999999999 7 0 441921 9199999999999999
329359346295226157 96 56 52 861452152853403623453002431861391211381812361910 3NI 11336014 236299999999999999 736 4920 112199999999999999
289328336309256193134 86 62 711091652282883303423242862391921591511692051910 4NI 145338145334299999999999999 814 61204815099999999999999
248286307303273226174127 93 81 941291782322803123223102822452091841771881910 5NI 220309155532299999999999999 858 81215217799999999999999
2122412662762702462111721371131051151421812252652943093062872592292051911910 6NI 3 8277172031099999999999999 956105233418999999999999999
1902012192362472472362151861581361251271431732112492833053123012762452141910 7NI 4342481852312999999999999991123124999999999999999999999
1891761781912112302432452332101811541331251341601982412813123253152862471910 8NI 64024620 332599999999999999 12217513 012599999999999999
2051701501511702002322582692592311951581281131201491932442923273383212831910 9NI 8 2269205333999999999999999 227148141311399999999999999
233181141122132165209253287298281242194148112 96109148201259312344345314191010NI 854298213134999999999999999 3 912215 3 9699999999999999
263203147109102129177234286320321290238180127 91 83109160222285335356339191011NI 93332522 335699999999999999 3411011543 8299999999999999
291229165111 85 97142204268322346331283220156103 74 82125186253315354354191012NI10 8347223135999999999999999 411 841617 7299999999999999
316256188124 80 74108169238305352359325263194129 82 69 97153221288341361191013NI1040362225636199999999999999 439 721649 6899999999999999
337281213144 88 62 80132201274336368355304236166106 72 80126191260321357191014NI1113370232136099999999999999 5 6 621719 7099999999999999
351304237168105 63 60 98162235305358370337276207141 92 78107165232296344191015NI1145371234635899999999999999 534 551749 7799999999999999
357324261191125 73 51 71126195267331366357310246181124 90 98143206270323191016NI1218369999999999999999999999 6 2 511820 8899999999999999
352338284214147 90 53 54 94157228295346363336282220162117102128181242297191017NI 012352125236399999999999999 630 48185210299999999999999
335341304240170110 65 48 68121188255314351350314259203154123125160214267191018NI 038343132935699999999999999 659 48192711999999999999999
310330315266200137 87 56 56 89146211273322345334295246197158139150187233191019NI 1 7330141034599999999999999 731 5120 813999999999999999
275304309284234174120 80 62 71108163222277317333320287244204172160171199191020NI 14131115 233399999999999999 811 6121 216099999999999999
234266285283259216167123 90 77 87119166219268304320314289255220191176178191021NI 227287161232199999999999999 9 5 77222417599999999999999
194219243259262248219181143112 95 97118156202249289313318303275240206181191022NI 3412631744318999999999999991025 93999999999999999999999
169173190214238254256241210173136108 96104134179230278315331323295253209191023NI 538257191133199999999999999 01416812 7 9699999999999999
170145141159191229262280276247203154112 86 83110159218277325349342306254191024NI 719282201635199999999999999 1401391335 8199999999999999
197145111107134181235284315314280224163108 70 63 93150218287342367351303191025NI 82931921 736799999999999999 2371051442 6199999999999999
239171111 77 81123184252313350344300233163 98 55 52 90156231305360376345191026NI 923353215037799999999999999 323 741535 4899999999999999
283210136 76 49 69125199276343376360304231155 88 48 55105177254326373371191027NI1011377222837999999999999999 4 4 491621 4599999999999999
323251173 99 45 34 71139219301366389360296221145 81 52 74133207282346375191028NI105639023 337599999999999999 443 3217 4 5299999999999999
351288210133 65 24 33 85160243323380388347280206134 80 69105169240309357191029NI1139391233636799999999999999 520 211743 6799999999999999
363319246169 96 39 18 44106184266340382374327261191127 89 95141205270327191030NI1221385999999999999999999999 557 171822 8699999999999999
355337279205132 68 26 25 65132209286349374354304242178126105125175234291191031NI 0 835513 237499999999999999 632 2019 010599999999999999
331338303240169103 52 29 44 921592323003473583322832261711331271542012521911 1NI 040340134535999999999999999 7 7 28194012599999999999999
296319309266205143 88 52 45 701201832493053373383112672171731471491752141911 2NI 113320143134299999999999999 743 44202614599999999999999
255285294275234182131 90 68 71 991452012562993213192952582161821631651841911 3NI 149294152432399999999999999 823 66212416299999999999999
214243262263246214174135106 93 991231622082532873053052872572221931751701911 4NI 236265162930899999999999999 911 92224717099999999999999
1801992202352392312111821531301181201371672052432742952992882622301991751911 5NI 3512391748300999999999999991022117999999999999999999999
1621631761962152292332242031771531361301381611952332672933032942682321951911 6NI 54923319 230399999999999999 026161115713099999999999999
1621411381541802112372512492291991671411261291511882302713013123002672221911 7NI 72225320 031299999999999999 138137132112599999999999999
1751361131151401802242612812772502101681321131161441892382843153212982531911 8NI 821282204232399999999999999 225111142111199999999999999
198144103 86101142196251294312299259207156115 971091482012583053303232841911 9NI 9 4312211733299999999999999 3 2 8615 7 9799999999999999
226163107 71 68101158223285327335307255194137 96 87113164225283326338311191110NI 943337214833899999999999999 334 651546 8699999999999999
256189123 70 48 65115184256319352344301239174116 84 90131190254310340331191111NI1019354221734299999999999999 4 5 471621 8199999999999999
285218148 84 42 38 76140215289345364338284218152101 83106159222284330341191112NI1054364224634399999999999999 435 351656 8399999999999999
310247176107 52 27 44 98169246317361361321261195134 94 94133192254309339191113NI1130367231534099999999999999 5 6 261730 8899999999999999
327276205134 72 30 25 62127201276337365347298236174121 97115165224281323191114NI12 6365234533599999999999999 537 2218 4 9799999999999999
333300235163 97 45 20 36 88157231301349359328274214157117110141195251298191115NI1243361999999999999999999999 6 8 20184010899999999999999
325315266196127 69 30 23 55115187257318352346307253197148121128166217266191116NI 016326132135599999999999999 641 21191811999999999999999
303314289233165102 54 28 36 77140210275326347332291239188148131145183228191117NI 05031414 434799999999999999 718 2720 313199999999999999
269294294263209147 93 54 39 54 98158223281323337319281233188155143156187191118NI 131298145533799999999999999 8 1 39205814399999999999999
224257276273245199147101 69 57 72111165223276313326312279237195163149154191119NI 224278155832699999999999999 857 57221314899999999999999
176206235255259242208165124 92 77 84114160213264302320313285246204167144191120NI 3412601713320999999999999991012 77234413899999999999999
139153180211240256254232196155118 93 88107147198250294320320296255206160191121NI 5242581831323999999999999991143 87999999999999999999999
126112122152193235267280267231185139102 85 95132185243294327331304255198191122NI 659280193733399999999999999 1 511213 9 8599999999999999
142 98 79 92132186243290312302262208151103 77 85124182246302338338302244191123NI 811313203134399999999999999 2 5 791417 7699999999999999
177113 64 48 71123190260317343328281219154 99 71 82128191258316347337288191124NI 9 8343211634999999999999999 255 481514 7099999999999999
219146 79 33 27 63128205282342365341287219151 94 71 91144210277330349323191125NI 958365215635099999999999999 338 2416 2 7199999999999999
261186111 47 11 19 69143225305361373340280211142 91 79110168234297339341191126NI1044375223334699999999999999 419  81646 7799999999999999
298227150 77 21  0 25 86164248325371370328266197132 92 94136196259313340191127NI112837623 834199999999999999 457  01727 8799999999999999
323265190115 50  6  3 42110190271339371356309246180124 98115163223280322191128NI1210371234233299999999999999 535 -118 6 9899999999999999
330295229155 86 31  4 17 68139217292347362337285224163119109137188244292191129NI1251363999999999999999999999 611  3184510899999999999999
319310264196126 65 24 14 42 98169243308347347314261203150120123157206256191130NI 016321133135299999999999999 646 13192411799999999999999
294305283232167105 56 29 35 721311992653163393282912391861441261371722171912 1NI 052306141033999999999999999 721 2720 612699999999999999
258283283255205148 96 59 47 631041612232783153253082702221761441341481791912 2NI 130287145132699999999999999 757 47205413499999999999999
217249265259231188140 99 74 72 921321842372813063092892542111731471401521912 3NI 215266153731199999999999999 838 70215214099999999999999
177207232245240218184146115 97 971171521962402752952952772452071721481391912 4NI 314245163129799999999999999 929 9523 513999999999999999
1451651912152312322191941641371201181321601972362672862872712422051691411912 5NI 4362331735289999999999999991038117999999999999999999999
1271291471752052282392352151871581361271351581932302632842872712391981571912 6NI 613240184128899999999999999 02112612 412799999999999999
1231061081301662062402602602412081721431261291511882302662892922712311821912 7NI 731263193729499999999999999 123104132212599999999999999
134 96 79 881201682202632892882622211761381171201471902372773002972652151912 8NI 828292202330299999999999999 211 79142311599999999999999
157103 65 54 751211812432933173092742231711271061151502012522933102952491912 9NI 91531821 231099999999999999 251 54151210599999999999999
188124 69 37 38 74133203271321339319274216158113 98118163219272309314282191210NI 957339213931799999999999999 328 331556 9899999999999999
224155 90 39 16 33 84153229298343349317264202142103 99131184241291319308191211NI1038352221532099999999999999 4 5 161636 9699999999999999
260192121 58 15  7 40103178256322356348306247184128 98109151208263307320191212NI1118358225132199999999999999 441  51715 9799999999999999
292231158 88 31  0  9 57127205281339359337288227165117101124174231282315191213NI1157359232731999999999999999 517 -2175310099999999999999
312268199126 61 13 -4 21 79154231303350355322267206149110108143195249294191214NI1237358999999999999999999999 555 -4183310499999999999999
315297242169 99 41  3  1 39105180256320354345303246187136109119159211260191215NI 0 5315131735699999999999999 633 -3191410899999999999999
297306278217147 82 31  4 15 61130205276331351332285228172128111128169218191216NI 04630714 035199999999999999 715  320 011199999999999999
262292293259200135 76 33 16 34 84152223288332342317269214162125114132171191217NI 132297144634399999999999999 8 0 16205211399999999999999
215255280278246194136 85 48 36 57104167232290326330304258206158123113128191218NI 228283153833399999999999999 853 36215411399999999999999
161202239265267244201152106 73 61 77118173232283315319295253203155120105191219NI 336269163732199999999999999 956 6123 710599999999999999
114142181221252265253222179136101 84 92123171225273305312291251200150110191220NI 5 22651744313999999999999991113 84999999999999999999999
 88 91117159206247273274251212167127101 99122165217265299309291249195139191221NI 633276185131099999999999999 023 861236 9799999999999999
 92 64 65 94142198251289300282242193146111100119160212262299311290242182191222NI 751301195131199999999999999 129 61135210099999999999999
121 69 39 41 77134200264311326307263209154112 98117161215267305312284228191223NI 855326204331499999999999999 225 351455 9899999999999999
162 97 43 16 26 71136211282332345321272212152109 97122170226278311310271191224NI 949346212931699999999999999 314 151548 9699999999999999
207137 71 20  1 22 76149228301348354322267204143103100133186242291316302191225NI1038357221031699999999999999 359  11634 9799999999999999
251181110 47  4 -4 30 92169249319357351311252188130 99109150205260302315191226NI1122360224931699999999999999 441 -61716 9899999999999999
286226154 85 28 -4  3 48116195273334357339291229166116 99122170226277309191227NI12 2357232731399999999999999 520 -71755 9999999999999999
307265198126 62 14 -3 19 75147224296343350318264201143105104138191245289191228NI1239352999999999999999999999 557 -3183210099999999999999
309291239169101 44  9  9 45108181255315345334292233173123100114156209260191229NI 0 3309131434699999999999999 631  419 810099999999999999
294300269210142 80 34 15 31 79145217282327337312262203148110102126172223191230NI 040302134633899999999999999 7 4 15194410199999999999999
266289281242183120 68 36 32 61115181246299326320285233178133108111141185191231NI 116290141932899999999999999 736 30202210699999999999999
