 92119150177195201193174150127113112125148176201216218204176139101 71 5519 1 1NS 45520116352199999999999999910331112322 5499999999999999
 57 77110148183206215208187159133116113125150181208223221202168125 83 5019 1 2NS 6 22151725224999999999999991141112999999999999999999999
 36 43 70112157197222229218193160130111109125155190218230224198156107 6119 1 3NS 65422918 923199999999999999 011 36123610899999999999999
 30 21 36 73123175215238240222190152120104107129165203230237222187138 8419 1 4NS 736241185023799999999999999 053 21132110299999999999999
 38 13 12 39 86143197234250243217178138108 9710813918021824023921417011519 1 5NS 812250192724299999999999999 130  914 0 9799999999999999
 60 19  2 14 51108168219248254238203161121 98 9511615419823224623419914719 1 6NS 84525520 224699999999999999 2 6  21436 9499999999999999
 89 37  5  1 25 74135194236255250224183140106 9210013017321524224422117819 1 7NS 916256203624699999999999999 239 -115 9 9199999999999999
122 65 21  1 10 46102164216247253237203161121 96 9211114819222824423520219 1 8NS 94625421 924499999999999999 312  01541 9199999999999999
153 97 46 13  7 29 74133189230248243218180139107 92 9812516620623323721819 1 9NS1015249214123899999999999999 343  61612 9199999999999999
179128 77 36 17 23 55106161208236242227196158122 99 9310914017921222822319 110NS1045242221522999999999999999 415 161646 9399999999999999
197156109 65 37 30 47 85135183218234229208176140112 96 9911915218621021719 111NS1116234225221799999999999999 447 291722 9599999999999999
205177138 97 64 47 51 74114158196220225214190159129106 9710512615618320019 112NS1149225233520399999999999999 521 4618 4 9799999999999999
201188161128 97 73 65 74100136172200215215201177149122104 9810612715217419 113NS1228217999999999999999999999 559 651855 9899999999999999
187188176155129105 89 86 96119149178199208206192169143118100 9410111814119 114NS 033189131720999999999999999 646 851958 9499999999999999
162176180174160140121108104112130154177195203201188167140113 93 83 8710319 115NS 155180141920499999999999999 7491042112 8399999999999999
126150171182183174158140124117119132151173192204204191168137105 78 64 6619 116NS 334184153020599999999999999 9141162223 6399999999999999
 83111144173193200194178156135121118127146171195210212198170132 91 57 3919 117NS 5 120016372139999999999999910451182324 3799999999999999
 41 63100144185213223217197168138117110119141173204223225207171122 71 3119 118NS 6 72231735227999999999999991157110999999999999999999999
 11 16 47 96153203236247237209171133107 98110140181218240239214168108 4819 119NS 7 1247182824399999999999999 018 101255 9899999999999999
  3-16 -4 37 99167224259267251214166122 93 86105144193235257251217161 9219 120NS 749268191725899999999999999 1 7-161345 8699999999999999
 25-21-36-16 37111187246278280255209154106 78 7710415320825227025721515019 121NS 83428220 527099999999999999 155-361432 7499999999999999
 74  5-38-45-15 48129207263288282248195136 89 67 7310916522326427525520619 122NS 918290205227599999999999999 242-471517 6599999999999999
136 58 -7-42-41 -1 69153226273289274233175117 75 60 7411717723226727124519 123NS10 0289213827399999999999999 328-4716 1 6099999999999999
192121 49 -7-33-22 25 98176239274279256210153100 66 59 8112818523425925719 124NS1040281222526299999999999999 412-341645 5899999999999999
228176111 48  4-10  9 60128195243265261232185133 88 63 63 9013618622524219 125NS1119267231424399999999999999 456-101729 6099999999999999
236207161106 57 27 23 47 96154206239249237206163118 82 65 71 9813817920819 126NS1157249999999999999999999999 539 211816 6499999999999999
220213189152111 76 57 60 86127172208228230214185148111 83 71 7710113316419 127NS 0 8220123623199999999999999 622 5619 9 7199999999999999
187197193177152124101 90 95116147178202213211197171140110 86 76 80 9712119 128NS 115197132121499999999999999 711 902013 7599999999999999
146167179182175161143127118121134154175192200199187166139112 89 76 75 8619 129NS 248182142220199999999999999 8161182133 7499999999999999
105129153171182183176162148137134139151167182193195186168142112 86 69 6319 130NS 439184154119599999999999999 9531332254 6399999999999999
 71 91119149174191198192178159142133133142160179194199192172143108 77 5519 131NS 6 119816571999999999999999911311312354 4899999999999999
 48 58 83119156188208214205184159136122122135158183202209199174138 96 6019 2 1NS 6522141755209999999999999991232120999999999999999999999
 37 33 50 85130174208226226209180147121108112133164196217220204170125 7719 2 2NS 730228184022199999999999999 040 32131510799999999999999
 39 20 24 52 98150197229240230203166128103 9510914017921323122720115710419 2 3NS 8 2240191923299999999999999 119 191351 9599999999999999
 54 19  8 25 65120177222245246224187143106 87 9011515620023224222618913619 2 4NS 830248195424299999999999999 154  81422 8599999999999999
 79 31  5  7 37 89150206242253241207162118 87 78 9313017822124524421616919 2 5NS 857253202624899999999999999 226  21452 7799999999999999
110 53 13  0 17 60121183230253251225183134 94 73 7710515120123725023619719 2 6NS 923255205825099999999999999 257  01522 7199999999999999
143 83 34  6  8 39 93156212246254238201153108 76 68 8412317421924524521919 2 7NS 949255212924899999999999999 327  31551 6799999999999999
173116 62 24 11 28 71130189232251244216173125 86 66 71 9914419322924223019 2 8NS101425222 124299999999999999 356 111620 6599999999999999
196147 94 50 26 28 57107164213241245226190145102 73 65 8011616220422923119 2 9NS1039246223523399999999999999 425 241652 6599999999999999
211173127 82 51 41 55 91141190225238230203164122 87 68 70 9213017220521919 210NS11 6238231322099999999999999 455 401726 6699999999999999
214191155116 82 63 64 85123167204225227211181144108 81 69 7710213717219719 211NS1135228999999999999999999999 528 6118 7 6999999999999999
205197176147116 93 83 90113146180205216212193165132101 80 72 8110413416319 212NS 0 0205121121799999999999999 6 6 831858 7299999999999999
183191186171150128112107114133158181198204199182157129102 81 73 78 9612119 213NS 1 619113 120499999999999999 65710720 6 7399999999999999
147169182184177164148135128130140156174188195193181161134105 81 66 66 7819 214NS 244184141919599999999999999 8171272133 6499999999999999
101130159181193194186171154140134136146161179193198191172143108 75 51 4419 215NS 43819515571989999999999999910161332256 4399999999999999
 53 79116156190212218211191166142125121130150177200213209188151106 61 2819 216NS 5572181717214999999999999991149121999999999999999999999
 16 27 61110163208236244232203166131107101115145183217235230203156 98 4219 217NS 652244181923699999999999999 0 2 16124810199999999999999
  2-11  6 51114180233262265244203154110 84 81104147197239258249213154 8419 218NS 737267191125999999999999999 056-111336 7999999999999999
 20-22-30 -4 54130204258282277244191132 84 60 6610015621726127726121514519 219NS 819284195927799999999999999 145-321419 5999999999999999
 68  1-37-37  1 71155230278293276231168105 59 42 5910617223627728626120719 220NS 857293204528799999999999999 231-4215 1 4299999999999999
131 52 -9-38-27 22100184252288290261206139 78 40 33 6111818824928228225019 221NS 934293213028699999999999999 314-391541 3199999999999999
191116 43 -7-23 -1 57135211264285274235175109 57 29 35 7213420125127426619 222NS10 9286221427599999999999999 356-231621 2799999999999999
230172104 45  9  6 38 98169230265270248203144 86 45 31 46 8914820424225519 223NS1041272225925599999999999999 435  317 0 3199999999999999
242206155100 57 37 45 82137194236253246217171119 74 46 41 6310515519822419 224NS1111254234623099999999999999 513 361740 4099999999999999
229215185145106 79 72 87122166205229233218187147106 72 55 58 8011515318319 225NS1142234999999999999999999999 550 721822 5499999999999999
200203192171145121107107123150179202213210193167135104 80 69 73 9011614219 226NS 042204121521399999999999999 6301051915 6999999999999999
164178183180169155141134135145161177190194190177158135111 92 82 82 9110719 227NS 2 418313 219499999999999999 7231332030 8099999999999999
127146163174179178171161153149151157165174179180174162143122102 87 80 8219 228NS 416179143618099999999999999 9131492215 8099999999999999
 94113136159178189193187175161149142143150161173181182173155130104 82 6919 3 1NS 55019316341839999999999999911291422334 6699999999999999
 68 80105136167192207208198178156136125126138158179194197186162130 95 6719 3 2NS 6382091743197999999999999991226124999999999999999999999
 52 54 73107148186213224219199169138115106114136167195212212194161119 7819 3 3NS 711224183021599999999999999 024 5013 210699999999999999
 47 35 46 77122170210233236220188149114 93 92111146185217231222194150 9919 3 4NS 73823719 823199999999999999 1 2 351333 9099999999999999
 55 28 25 48 92147199234248238208165121 88 75 8712016621023824322318212919 3 5NS 8 4248194124499999999999999 136 2314 1 7599999999999999
 74 33 16 27 64120180227253252228185135 91 66 67 9313919223425424621316219 3 6NS 828255201325499999999999999 2 7 161429 6399999999999999
102 50 18 15 41 92155213250260244205153102 65 53 6911016521925325923819419 3 7NS 852260204326099999999999999 236 131456 5399999999999999
135 76 33 15 28 69129192240261255224174119 72 47 50 8113419324026125322119 3 8NS 915262211426299999999999999 3 5 151524 4599999999999999
169109 57 27 25 53105168223255260237194139 87 51 40 5810216021525025823919 3 9NS 939261214625899999999999999 334 221553 4099999999999999
198144 89 50 34 47 87144201242257245211161107 63 40 43 7412518222824924519 310NS10 2257221925199999999999999 4 3 341622 3899999999999999
218174124 80 55 54 78123177222247245222181131 84 51 40 55 9414519522823819 311NS1027249225623999999999999999 433 511655 4099999999999999
227197156115 84 72 81111155199229238226196154109 72 50 49 7111015619521819 312NS1054238234122399999999999999 5 5 711732 4699999999999999
222208181149118 99 96110139175205222221204174137100 71 57 60 8211715418519 313NS1127224999999999999999999999 541 951818 5699999999999999
202205195176153133121121134156180199207203187163133103 79 66 68 8511114119 314NS 042206121020799999999999999 6301191923 6599999999999999
167186194192182168154143140145157171184191191182165142115 91 73 67 75 9419 315NS 218194132919299999999999999 7521402056 6799999999999999
120149174193201200190175160148142144153167180190190181160132100 72 56 5519 316NS 42220215361919999999999999910121422234 5399999999999999
 70 99136173203220223212191164140125122132153179201211205182146102 62 3519 317NS 54222417 92119999999999999911431212346 2999999999999999
 29 46 83133183224245246228194155119 98 96114149189223239232202154 97 4519 318NS 6332491812239999999999999991236 94999999999999999999999
 12  6 30 80143205250269263232184132 89 68 73104154208250266253213152 8419 319NS 71427019 326699999999999999 041  51319 6699999999999999
 25 -7 -7 28 91165232274285267222161100 56 41 5810416923227428526421414319 320NS 752286195028699999999999999 129-121359 4199999999999999
 69 11-16 -5 42115195258290289256198128 66 29 24 5411518925329029326320419 321NS 827294203529699999999999999 213-171438 2299999999999999
129 56  6-10 13 70149225276294278232165 94 38 11 20 6313320826629328724919 322NS 9 0294211829499999999999999 255-101516 1099999999999999
188115 51 14 11 45109184247282283253198130 65 20  7 29 8215422226728326919 323NS 93228622 128399999999999999 334  81553  799999999999999
228169106 57 34 44 86148212257273259220163 99 46 17 17 4910617122525726219 324NS10 1273224326399999999999999 412 331629 1399999999999999
243204153105 72 64 84127181227252252228186132 80 42 26 38 7412617921823819 325NS1029255232624099999999999999 448 6317 5 2699999999999999
236217184145113 95 98121159199227236225197157113 74 50 46 63 9713917720319 326NS1057236999999999999999999999 523 931742 4599999999999999
215211195172147128121128149177201214213198172140108 81 67 68 8411114116719 327NS 015215112721699999999999999 6 01211826 6599999999999999
185194193184171157146143149162178190195191179160137115 96 86 86 9611313319 328NS 12419412 619599999999999999 6501431929 8599999999999999
152169180185185179171162157156160166172176177171161146129112100 94 9610519 329NS 325186133317799999999999999 8361562115 9499999999999999
121140160177190195192183170158149145148155165173177173162144123104 91 8619 330NS 51019516 21779999999999999911 81452256 8699999999999999
 93110134162187204210204188167146131125130145165183192191177153125 97 7819 331NS 6 021017221939999999999999912 11252353 7299999999999999
 72 82106140176205222223208183152124107106121147177202213207186153115 8119 4 1NS 6342241811213999999999999991235105999999999999999999999
 61 60 78113157198227237228202165126 97 85 94122161199225231217185141 9619 4 2NS 7 1237184823299999999999999 034 5813 4 8599999999999999
 61 47 55 86133184225247245222183136 95 71 70 9413618422524624321717312119 4 3NS 726249192224899999999999999 1 8 461332 6899999999999999
 74 45 40 63107163215249258241204153102 65 52 6610516021325026124520715419 4 4NS 750258195426199999999999999 140 391359 5299999999999999
 98 55 36 46 83138198244264257225174116 67 40 42 7312718924026726523718919 4 5NS 814265202627099999999999999 210 361426 3799999999999999
130 77 44 39 64113175230263267243197138 80 39 26 45 9115521826027426022119 4 6NS 838269205827499999999999999 240 381455 2699999999999999
166109 64 45 54 92149209253269256219163101 50 22 25 5911718423926927024519 4 7NS 9 3269213227399999999999999 311 441525 2099999999999999
200145 94 63 57 79126183234261261234187128 71 31 18 35 8014320524926625719 4 8NS 92826522 826699999999999999 342 561556 1899999999999999
226180130 91 72 79110158209245256242207156100 53 26 26 5310416421624725419 4 9NS 956256224725499999999999999 415 721631 2299999999999999
239207165126 99 92106140183221242240218180132 84 48 33 41 7312117321323519 410NS1026244233523899999999999999 450 911710 3299999999999999
237221193160132115115132161194219228219196160120 82 56 47 58 8812916920119 411NS11 1228999999999999999999999 5311131757 4799999999999999
218220209189166146135136148169190205209201182154123 93 71 62 70 9212315619 412NS 038221114920999999999999999 62713419 2 6299999999999999
184202210207196180164152147152162175187193191181163138111 87 73 72 8410819 413NS 212210132019399999999999999 7591472035 7099999999999999
138168194211216211197178159145139143154169185194194183160130 99 75 63 6819 414NS 4 121615311969999999999999910 71392212 6399999999999999
 89123161197223234229211183153128115117133159188210218209183145103 68 4819 415NS 51323417 02189999999999999911231142324 4699999999999999
 50 74116165211243254244215175132 99 84 90117158201234246234201153 99 5519 416NS 6 125418 1246999999999999991212 83999999999999999999999
 32 37 69122182234265270249208154101 65 54 71112169223260270253210151 8919 417NS 641271185227099999999999999 020 311254 5499999999999999
 42 23 35 77140207258282276242187122 66 33 32 6211818724628228626020914319 418NS 717283193828899999999999999 1 8 221334 2899999999999999
 79 35 23 45 97167234277289269222156 87 34 11 21 6613420826629429025719919 419NS 752289202329699999999999999 152 231412 1099999999999999
131 72 37 35 68128198256286283250192121 56 12  1 25 8115622727629428224319 420NS 82428921 529599999999999999 233 321449  099999999999999
184120 71 49 58 99161225268282264221158 89 33  3  6 4210517823927628426519 421NS 855282214728599999999999999 312 481525  099999999999999
223168115 79 69 89134192241267265237187126 66 24  8 24 6813119424226626519 422NS 925270222826899999999999999 350 6916 0  899999999999999
242202155116 94 95122165212245255241206156102 55 28 25 50 9615220223524919 423NS 95425523 924999999999999999 426 911635 2399999999999999
242218185149123113122150186218236234213178133 90 57 43 50 7811916420022219 424NS1024238235422999999999999999 5 21131711 4299999999999999
229220200175151135132144168193213219211189158123 91 70 64 7510013316619219 425NS1057219999999999999999999999 5411321752 6499999999999999
207211205191174158148148157172188198200191174150125102 88 85 9411313716019 426NS 051211114020099999999999999 6321471845 8499999999999999
18119420019819117916715815515816517418118418016915413611810510010311513219 427NS 216200125718499999999999999 75915520 610099999999999999
15217218819920219818717316015014714915716717517917716715113311610510210919 428NS 35620215 71799999999999999910 6147215010299999999999999
124146170192207212207192172151135128131143161178190192183165142118101 9419 429NS 5 0212164219399999999999999111312723 3 9499999999999999
100119147178205221224212189160131112106116138166192209211198173141111 9019 430NS 54022517382129999999999999911531062352 8499999999999999
 84 95122158195224237232209175136104 87 88109143182214230227206172132 9719 5 1NS 6122371820231999999999999991225 85999999999999999999999
 77 77 97134179219244248230195150105 74 64 7811316120723924923720616211719 5 2NS 640249185724999999999999999 031 741255 6499999999999999
 82 68 78110157207244259250218170116 71 47 50 7912918623426126223919714619 5 3NS 7 7259193226499999999999999 1 6 681324 4599999999999999
100 71 67 88132186235263265240195136 80 40 28 46 9115321525927626623218219 5 4NS 73426720 727699999999999999 140 651355 2899999999999999
129 86 67 74108160216257272259221164100 47 18 19 5311218124127628226121919 5 5NS 8 1272204328399999999999999 214 661427 1499999999999999
165114 80 72 91134190241269270243194130 68 23  7 23 7013720625828227825019 5 6NS 830273212128499999999999999 249 7115 0  799999999999999
203151107 83 85113162215255270257220164101 45 11  8 36 9216122426527826719 5 7NS 9 127022 127899999999999999 325 811537  699999999999999
234188142107 94105138186230257259237194138 80 35 13 20 5611417723026026719 5 8NS 934261224626799999999999999 4 3 941616 1299999999999999
251219178140116110126160200234248242215172121 72 37 24 38 7612918422624919 5 9NS1011249233825399999999999999 44511017 0 2499999999999999
251236209175146129128143172203226233223197160117 77 50 42 56 9113618121519 510NS1055233999999999999999999999 5341261751 4299999999999999
234238227205179156142140151172194210216208188159124 91 68 60 70 9713317119 511NS 043238115521699999999999999 6381391856 6099999999999999
202223230225209188165149142146159177193202202191170141111 86 73 77 9512619 512NS 2 4230133020399999999999999 8 61422018 7399999999999999
161194218231231218195169146132129139157178197207205189163130100 80 76 8919 513NS 328233152020899999999999999 9421292145 7599999999999999
117155193223241241226198164132110104115139171201221225212183145107 80 7119 514NS 43324316442269999999999999910511042256 7199999999999999
 83114157201237255252229192147107 81 76 94129173215242248232198152107 7519 515NS 5222561746248999999999999991143 752354 6699999999999999
 66 81118168218254268257224175121 76 51 53 8012918523426326624620515210319 516NS 6 32681839268999999999999991227 48999999999999999999999
 71 65 86130187238270275253209150 90 45 26 38 7813820325327927825120314719 517NS 641276192728299999999999999 044 6413 8 2699999999999999
 98 71 71100151209257279273240185120 60 21 12 35 8715622226928928024719519 518NS 717280201128999999999999999 129 671347 1199999999999999
139 95 75 84121175231269280261218157 90 36  7 10 4510617823927828927323419 519NS 751280205428999999999999999 212 751424  499999999999999
182131 96 86103145200247273270241191127 66 21  5 21 6613119825027828025819 520NS 824275213428299999999999999 252 8615 1  599999999999999
218169126102101126170219255267253216162102 50 19 15 42 9215521425427126519 521NS 857267221327199999999999999 331 981537 1399999999999999
239200158125112120150191230253253230189137 85 45 27 35 6812017522225025819 522NS 930256225225899999999999999 4 81111612 2699999999999999
246219184151129124139169204232243234207166120 78 50 43 60 9614218822324119 523NS10 4243233324399999999999999 4451241648 4399999999999999
242227203174150136137154180207225227214186150112 81 64 65 8511815719321819 524NS1041228999999999999999999999 5251351727 6299999999999999
229227213193170152144147162182201212210197173143114 92 81 8610513316419119 525NS 019230112521399999999999999 6121431813 8199999999999999
210219217206189171156148150161175189197197187169147124107 9910211713916419 526NS 117219122819899999999999999 7171481912 9899999999999999
18720521421420519117315714714515016217518619018617415713812111111112113919 527NS 23021514 219099999999999999 844144203011099999999999999
16218520421621820919317115113613013514816518219319518717115013011711312019 528NS 34021815421959999999999999910 3130215111399999999999999
13816218921122422521319016213611711111813716318820521020218315813311510919 529NS 4332261653210999999999999991057111225510999999999999999
118139168200225236232212181144112 92 9010513517020322422821619115912910919 530NS 5142371745229999999999999991138 88234510499999999999999
104117145182217241248234204162118 83 66 7210014218822524524522619315412019 531NS 5492481829248999999999999991214 66999999999999999999999
101101122158201238257254229186134 86 53 44 6210415821124926525722918814419 6 1NS 62225819 926599999999999999 029 991249 4499999999999999
110 95103133177224257268253216162103 54 27 30 6111618023627127926322717919 6 2NS 655268194928099999999999999 1 9 951325 2499999999999999
133103 94111149199245271271244196134 72 27  9 24 6913520425828628626221919 6 3NS 729274203028999999999999999 150 9414 2  999999999999999
168124 99 99124169221261278266229172106 46  8  2 29 8415622427229228525419 6 4NS 8 5278211329299999999999999 231 961442  099999999999999
208158119102109141189237269275255211150 84 30  1  5 4110317523827729027719 6 5NS 843276215829099999999999999 3131011524 -199999999999999
243197151119109122157204246269266239192131 71 25  5 17 5912118924327428119 6 6NS 924271224628299999999999999 35710816 8  599999999999999
265231189149123118135170212245260252223177121 68 31 19 35 7813719624126619 6 7NS10 9260233827099999999999999 4441171656 1999999999999999
269253221183150129127144175210237246237210168120 76 46 38 56 9514719723519 6 8NS11 0246999999999999999999999 5371251748 3899999999999999
255257242215182152134131146172200222231225203169129 91 66 59 7510915219519 6 9NS 03625912 523199999999999999 6381301848 5999999999999999
228246249236212181153133128138159185207219218204178144111 87 79 9011715419 610NS 139250132822099999999999999 7501281956 7999999999999999
192223242246235211180149126117123142168193212219213192163131105 9410012219 611NS 24524615 221999999999999999 9 61172110 9399999999999999
155192223243248236209174139111 9810212215318621422822721018114711810310519 612NS 3462481625230999999999999991015 97222310199999999999999
125158196229250252237205164122 90 75 8110714518822224224322619515712510719 613NS 4392541733245999999999999991112 75232710599999999999999
108128164205239258257234195147100 66 53 65 9914719723725825823720216112619 614NS 52526018292609999999999999912 1 53999999999999999999999
108111135174218252266257227180125 75 43 36 5610015721225327126724220215819 615NS 6 8266191927399999999999999 0221061245 3699999999999999
123108115145188232263270253214160101 53 26 28 5811117423026728027023919519 616NS 64827120 328099999999999999 1111071326 2399999999999999
151119109123158205247270268242195136 78 35 17 30 7013019424627728226522819 617NS 726272204428399999999999999 15510914 5 1799999999999999
183142116114135175222258272260225173113 59 25 19 42 9115421525928027725219 618NS 8 3272212228199999999999999 2361121442 1799999999999999
213169134117123151194236263267246204149 92 46 24 29 6311717823226527626419 619NS 838268215727699999999999999 3141161518 2299999999999999
235195156128121135168210245262255227181127 77 42 32 49 8914420024226526619 620NS 913263223226899999999999999 3511211553 3299999999999999
247215178146128129150184221247254239206160111 70 47 48 7311716821524625819 621NS 94925423 725899999999999999 4261261628 4599999999999999
251229198165140131139163195225242240220186144103 72 60 70 9914218722324419 622NS1026244234424999999999999999 5 413017 4 6099999999999999
248236213184157139135147171199221231225203171135103 82 78 9312316119822519 623NS11 7231999999999999999999999 5451351743 7899999999999999
238237224201176153140139151172195211217210191165136111 97 9811414117320219 624NS 026240115821799999999999999 6341381827 9699999999999999
22323222921619517215113913814816618520020620218816714412411411512915217919 625NS 11523313 620699999999999999 734137192311399999999999999
20322122922621219216814713313013915517419120120219317615613812712713815719 626NS 213229143320399999999999999 844130203112699999999999999
18120422223022721218916213712011512414216618920521120519016914913613214119 627NS 313230155921199999999999999 951115214713299999999999999
159183208227236231213184150120100 9610713216419521822622120418015513813219 628NS 4 823617 7227999999999999991046 95225613299999999999999
140160188217238245236210173132 97 76 75 9312817121023724623821618615513419 629NS 45624518 2246999999999999991134 73235312899999999999999
128138163197230251255238204157108 69 50 55 8513118423025826525222318515019 630NS 5402561850266999999999999991217 49999999999999999999999
127123138170210246266263237193137 82 42 27 42 8214120325227928126122418019 7 1NS 623267193528399999999999999 04412213 0 2799999999999999
142120119141180226262278267232178114 56 18 11 35 8815622327229429026322019 7 2NS 7 6278202129699999999999999 1311171344  999999999999999
172133114119148194242276285266223161 92 34  2  3 37 9917424128630329325919 7 3NS 74928621 630399999999999999 2171131429 -299999999999999
211161124110122157208256285287261211144 75 21 -4  5 4811619225629430428819 7 4NS 834289215230499999999999999 3 31101515 -599999999999999
249199151118110127168219263286282251197130 65 18  0 17 6613620826429429819 7 5NS 920288223730099999999999999 35010916 1  099999999999999
276236186142115112134176225264280271238185123 65 26 16 38 8915622026628819 7 6NS10 8280232429099999999999999 4371101649 1599999999999999
286261221174136114115140181224256268257225177122 74 44 40 6511417322726319 7 7NS11 1268999999999999999999999 5271111737 3899999999999999
278271246207165131114117141178216242251242215175130 91 68 69 9413618622819 7 8NS 01127812 025199999999999999 6201131829 6699999999999999
256266257232196159128113116137169201225236231211180145114 96 9811815319319 7 9NS 1 1266131223699999999999999 7191121926 9499999999999999
22624825524522218915412510911012715518420922422621419216313712112113616319 710NS 154255143822799999999999999 826108203211999999999999999
195223242248239217184149119101 9911313917019922022922420718215814013614619 711NS 25324816 922999999999999999 937 98214913699999999999999
167195221240246237214180142109 88 84 9812516119622423823722219817115014219 712NS 3552461726239999999999999991044 8423 514299999999999999
148167195223243249239212174132 95 72 68 8511816120323525225123420617515119 713NS 4522491827253999999999999991141 67999999999999999999999
140146167198230251255240208164117 78 55 56 7912017121725126626123920517019 714NS 544256191526699999999999999 0 91401229 5399999999999999
144135144171207240260260239200149 98 59 42 49 8213218823626727626423519619 715NS 630263195627699999999999999 1 01351312 4199999999999999
159134130146179219253269261232185130 78 44 34 52 9415221025527928025922319 716NS 711269203228299999999999999 1441291351 3499999999999999
180144125128153193235265273257219166108 60 34 35 6411617723327128427524619 717NS 74927421 528499999999999999 2221241427 3199999999999999
204162131121133166211251274271245199143 87 47 32 46 8614420425327928126219 718NS 825276213528399999999999999 25712115 1 3299999999999999
226183144122122144184228262275262227176120 72 43 41 6711517422926628027019 719NS 85927522 528099999999999999 3311191534 3899999999999999
243203162131119129159202242266268246205153102 64 48 59 9414620224627027219 720NS 933270223427499999999999999 4 311916 6 4899999999999999
254220181145124121140175216248262254226183135 93 67 64 8412517622325526719 721NS10 726223 426799999999999999 4361201638 6299999999999999
259234199163134122128152188223246251236206166125 93 79 8611315520023625619 722NS1044251233525999999999999999 5111211711 7999999999999999
257242215182150129123135161193221237236219191156125103 9811114017821423919 723NS1127238999999999999999999999 5511231748 9899999999999999
25024522720017014412712613916419121422422220818415713311912013516119221919 724NS 011250122022599999999999999 637124183011899999999999999
23724223521619116314012512513715918320321421420418716614813813915217319719 725NS 054242133221699999999999999 734123192513799999999999999
21923223622821118615913512011812814817119420921521119818116515415216017619 726NS 14923615 421599999999999999 841117204015199999999999999
19621623023522821118515512810910311213316119021322522621619817916315616019 727NS 257235163322799999999999999 952103221015699999999999999
173193215232240234215185149114 90 82 9211815519322524324623521318716515319 728NS 4 62401742246999999999999991057 82232815199999999999999
153167190218241251245221183138 95 66 58 7310715520424326526725122218815919 729NS 5 82511836268999999999999991152 58999999999999999999999
142143161192228256267256225177122 72 40 34 5710316322226628728526222418119 730NS 6 2267192428999999999999999 0281411242 3399999999999999
146129133158199242274283267226168103 48 16 16 4810617724328830529626421719 731NS 65228320 930699999999999999 1191281330 1299999999999999
167130115126160210260292296272222155 84 28  0  8 5011919726430531629825719 8 1NS 740298205231699999999999999 2 61151417 -299999999999999
202150114104123167224276304303271214141 68 15 -5 12 6414021928231531729119 8 2NS 827307213432099999999999999 25110415 3 -599999999999999
242183131100 98125176237286309300263202128 60 15  3 29 8816524029331530819 8 3NS 914309221431699999999999999 335 951549  299999999999999
274221162115 91 97131186245287303290250189121 62 27 25 5811919225529530619 8 4NS10 2303225430699999999999999 420 901633 2199999999999999
290251198144105 89101139193245279288272234179121 74 51 57 9415121326228819 8 5NS1051288233329199999999999999 5 5 891718 5099999999999999
289267227178132101 92108146194236262268253220175130 96 83 9513017822626019 8 6NS1146268999999999999999999999 551 9118 3 8399999999999999
274268245207164126102 9811514818722024124623621218014712411713015819522819 8 7NS 013274125024699999999999999 642 97185211799999999999999
25025724922719515912710710311714217320122022922621219116915214715517520019 8 8NS 057257141523099999999999999 742102195314799999999999999
22323824323621719015913011110411213115718420622122622120719017416616817919 8 9NS 154243155922699999999999999 856104211916699999999999999
195214228235231216192162133110 9910211714317320222423523522320518617216719 810NS 3102351727237999999999999991018 98225816799999999999999
173187206224235235222197164130102 87 8810613617320923625024923421118516619 811NS 4292361826251999999999999991126 85999999999999999999999
158163180205229244244228199159119 88 72 7610013918422525426525823620517419 812NS 53224619 826599999999999999 0 71571218 7199999999999999
151145155180212241257254232194147102 70 58 7010415320424727127526022819019 813NS 621258194227699999999999999 05414413 0 5899999999999999
155135134154188228258270259228181128 82 54 51 7411917623026828427725021019 814NS 7 2270201128499999999999999 1321321336 4999999999999999
167135122131162205247274277256215160105 63 44 53 8914520525528428826923119 815NS 738279203928999999999999999 2 51221410 4499999999999999
185143118115137178227267285277244194136 83 50 44 6711517723527629128125019 816NS 81128521 629199999999999999 2361131442 4399999999999999
205158122107118152200248280286266224169112 68 47 56 9314921026028728726519 817NS 843287213129099999999999999 3 51071512 4799999999999999
224176133108106129172222265285278248200144 94 62 57 8012618524027628727419 818NS 915285215628799999999999999 3351031541 5699999999999999
241195149115101112145193240272279262225176125 86 69 7711116221725928027719 819NS 947280222128199999999999999 4 41011611 6999999999999999
253213168129105103124163210249269265242203157116 90 8610614519423926727319 820NS1021270224727499999999999999 4361011640 8599999999999999
25922818814711610311013817821924825724822218614811910511113617521724926319 821NS1059257231526499999999999999 5 9103171210499999999999999
25923820616813511210712014918621923924223120817815013112613716319722824719 822NS1144243234925299999999999999 548106174912699999999999999
25224222019015813011311212615318421022522922020318216215014816018120622619 823NS1246229999999999999999999999 636110183614899999999999999
23923922920918315513111611412514717219621322121921019518017016717318620319 824NS 035240141822299999999999999 740113194916699999999999999
21822823122420818615913311510811413115618320722322922621519918517617418019 825NS 14723116 822999999999999999 9 2108214117499999999999999
192208222230229217195165133107 92 9311013917520923524824823521419117316419 826NS 3252311728249999999999999991026 91231916399999999999999
166179201223240245234207169127 90 69 68 8812717422025527227025122018615919 827NS 4482451823273999999999999991133 66999999999999999999999
145148168200234260267252218168114 68 42 43 7212318424128029628725821517019 828NS 55126719 829699999999999999 0191441227 3999999999999999
137122132163208253284289268223161 96 44 19 26 6613020326630531429525319919 829NS 643291194931499999999999999 1 61221316 1799999999999999
146111101120165222275306307277221149 77 25  4 22 7414922929132232129123719 830NS 731311202832699999999999999 15010114 2  499999999999999
174119 87 86117173240295322315277213135 63 16  4 33 9517725530932931627419 831NS 81832421 532999999999999999 232 821447  499999999999999
211145 93 69 79121187256307326312267199123 57 20 20 5812720827731732329819 9 1NS 9 4326214132499999999999999 313 691530 1699999999999999
247182118 75 62 82133201266307318298251185117 64 40 50 9516423528831130519 9 2NS 950318221631299999999999999 354 611612 3999999999999999
271217154100 67 64 93147211265296299276232175120 82 71 9013619625228629519 9 3NS1037301224929599999999999999 436 621653 7099999999999999
278240188134 91 70 7610815921325427427425321617213310910813017121825527419 9 4NS1128277232327599999999999999 518 69173410599999999999999
271250213168125 94 82 9212316420523524924923420817915314014316319422524619 9 5NS1227251999999999999999999999 6 3 82181913999999999999999
254246226195160128105 9810713016119021322723022421019217616817018320121919 9 6NS 0 0254135023099999999999999 657 98191716799999999999999
23123422721218916313811911111512915017319521222222421920819618618318619419 9 7NS 050234154922599999999999999 81011121 018399999999999999
20421421921921019517315012911611211913615918520822623523322220719118017519 9 8NS 223220172123599999999999999 94911223 317599999999999999
17918920321622221920618415713011010110612515318721724024924522920618216419 9 9NS 4152221812250999999999999991110101999999999999999999999
158163180203223235234218190155121 96 86 9512115920023625826325122519316219 910NS 525236184726399999999999999 0 215812 2 8699999999999999
143140154181213240253247224186143104 78 74 9212917622325827426924620916919 911NS 612253191627599999999999999 0411391242 7399999999999999
138123129155194233261268254220172123 83 63 69 9914820325027828326522918319 912NS 650269194228499999999999999 1121231316 6299999999999999
141114109129168215257279277250205150 99 65 57 7612017823427529028124920219 913NS 72428120 629199999999999999 1411081348 5699999999999999
152113 96106139190241278290275236183125 79 56 62 9615121226329129126622219 914NS 755290203029499999999999999 2 9 961418 5599999999999999
169121 91 88113160217266292290263215156102 67 59 8012718824528429527924119 915NS 826295205329599999999999999 237 861447 5899999999999999
188135 95 79 91130186242282295280242189133 88 67 7410916422327029228625619 916NS 857295211729399999999999999 3 4 791515 6699999999999999
209154106 79 77104153212261288287262218165117 85 7910014420025128228726619 917NS 928291214028899999999999999 332 741544 7899999999999999
227175124 87 73 86123177231269282271240195148112 9510213217922926628027019 918NS10 128222 428099999999999999 4 2 731613 9499999999999999
240196147105 80 7910214519624126626925121917914211911413016420624426626619 919NS1037270223026999999999999999 434 76164411399999999999999
247213171129 97 83 9011816120523825425123320517414813513815718822124625519 920NS112025523 125599999999999999 510 83172013499999999999999
247225192155122 99 9210313016720222723823522220118016315616117720022223619 921NS1218238234123999999999999999 554 9218 615699999999999999
23822920918215312610810211013216018821022322722120919518217517618519821119 922NS1349227999999999999999999999 655102192417499999999999999
22022321820618616213711710610812114417019621622923222621419918617817718319 923NS 054223155023299999999999999 823105213717799999999999999
194206216220216201178149121101 9310012215318822024225224823220918516615819 924NS 3 122017112529999999999999910 1 93231215899999999999999
161176198220235237224196157118 86 70 7610214419223526527526724120516914219 925NS 43923818 2276999999999999991115 70999999999999999999999
131138164200236260265247209158106 64 46 55 9114620725929129627723818914219 926NS 542266184329799999999999999 0 51301210 4599999999999999
110102120160212260289291265215152 89 43 27 45 9316123228631230827522216019 927NS 634293192131499999999999999 0481021259 2799999999999999
108 78 79110166231286313309273213140 72 29 20 4910918726030932430626019419 928NS 721315195632499999999999999 129 751344 1999999999999999
126 74 52 65111180253306328315271203126 62 27 29 6813721828532132229023219 929NS 8 7328203132699999999999999 2 8 521427 2399999999999999
160 93 48 38 64122198270317329309259189117 62 38 5210017224730032030626319 930NS 85233021 532099999999999999 248 3715 9 3899999999999999
199127 67 35 37 74139215279314318292241176114 73 63 861382062663013052791910 1NS 937320213730799999999999999 327 311549 6299999999999999
230165101 54 35 49 93159226276299296268222168121 95 961251752302722892791910 2NS102230122 828999999999999999 4 6 351629 9299999999999999
247197140 88 55 48 701151732262622762702452071671361231311602012402632661910 3NS1110277223926899999999999999 445 4817 812299999999999999
250216172126 89 69 70 941341792182422512452272011751561501601842122352451910 4NS12 4251231224599999999999999 526 66175115099999999999999
241223194160126101 89 931141441762032212292272182031871751721791922082191910 5NS1319230235822399999999999999 614 88184917299999999999999
2232182051841611371181091111231431651862042162212192122001901831821861921910 6NS1515221999999999999999999999 719108204018299999999999999
2002052051991881721531351221181221341531751962152262292232091941801711691910 7NS 133206164822999999999999999 9 2118224816899999999999999
1731841952042072011871671451251131121231441722012252392412302101861641501910 8NS 3522071738242999999999999991037111234114799999999999999
1481581761982152232182001741431171011001151441802162422542492291981661391910 9NS 5 72231812254999999999999991134 98999999999999999999999
127131151181212235242232206170132101 86 91116155200238261265248216175137191010NS 555242183926699999999999999 0151261215 8599999999999999
112107123156198235256257237201156113 84 76 92129178227262275266235191144191011NS 63225919 427699999999999999 0441071249 7699999999999999
106 89 97127174223259274264233186135 93 71 75105153208255280280255211158191012NS 7 6274192928399999999999999 112 891321 6999999999999999
109 79 75 98143200250280283261218164113 78 68 86129186241277288271231177191013NS 737285195228899999999999999 139 731351 6899999999999999
120 78 60 72111169229274292282248197141 95 72 76108161220267289283250199191014NS 8 8292201629099999999999999 2 6 601421 7099999999999999
139 86 55 53 81134198255289293272228174122 87 77 96139196250283288265221191015NS 840295204028999999999999999 234 501450 7799999999999999
162104 61 44 57100161225272292285254206153111 89 93123172227268284273239191016NS 91229321 528499999999999999 3 3 441520 8799999999999999
187128 77 47 45 73124188244278285268232186141110102117153202247273273250191017NS 947286213127699999999999999 334 42155210199999999999999
209156103 63 47 57 94148206251272270249213173139120122143181222253264253191018NS1024274215926499999999999999 4 7 47162611899999999999999
224181133 90 62 57 75114165213246258252231201170147137144166198228246246191019NS11 9258223224899999999999999 444 5617 513799999999999999
230201163123 90 72 72 92128170208232242237221199177161156162180202221230191020NS12 8242231623099999999999999 529 69175815699999999999999
227212188158127101 86 86102130163194216228229221207191177169170179192204191021NS1336230999999999999999999999 630 84192316999999999999999
212212205189167141117 99 93101121148177204223232231222205187172164164171191022NS 036213152523399999999999999 756 93213016399999999999999
184197208211204187161132106 91 89104131165200229246249237215187160143138191023NS 250211164124999999999999999 935 88225213899999999999999
146166192215229228211181142105 80 72 86118162209246266266247213172135112191024NS 4272311730269999999999999991051 72234310699999999999999
107123156197234255256234194144 97 64 56 74116172227269286278247199146101191025NS 5312581811287999999999999991149 55999999999999999999999
 77 79108156212259283280250200139 84 50 46 73126192252291300280234173110191026NS 623285184830199999999999999 025 741238 4499999999999999
 64 46 59103167233283305295257197130 74 44 48 85147218276306302268210139191027NS 711305192330899999999999999 1 5 451323 4199999999999999
 74 33 24 51109184255302316298253188120 69 48 62108176245293309291245177191028NS 756316195730999999999999999 144 2314 6 4899999999999999
104 44 12 17 57125204271309315291240176114 73 63 86139206265299299269214191029NS 841317203130399999999999999 223 101448 6299999999999999
144 74 25  6 23 74146221278305303274223165114 86 86117170229274291278239191030NS 92530821 329199999999999999 3 2  61529 8299999999999999
181115 56 20 15 42 97167231274291283252206158121105114148196242270272250191031NS10 9291213627599999999999999 340 1316 810499999999999999
208152 96 51 29 35 691221822322622702592311931571331271411732112422552481911 1NS105427022 825599999999999999 417 28164812699999999999999
221181133 89 58 48 62 961421892242442482362141871621471471621872132312341911 2NS1143248224323599999999999999 456 48173114599999999999999
222197163126 95 75 72 871171531872122262292212051871701601611721882032131911 3NS1242229232821499999999999999 539 71182615999999999999999
212202182157131109 95 951071281541791992122172142051921781681651691771871911 4NS14 7217999999999999999999999 633 93195416599999999999999
1941961901791621431261141101161291491701912062162172101971811671581551601911 5NS 046196154021799999999999999 752110215115599999999999999
1691801881911871761591401241151151241421651902102232252161981761551401351911 6NS 256191164222699999999999999 932114225713599999999999999
1411561751922022021911711481261111071171391681992232352332171911601321161911 7NS 4302031722236999999999999991046107233711399999999999999
114127152181206220219203177146118101 991151441812162402472362091721341041911 8NS 5262211754247999999999999991136 98999999999999999999999
 91 98123160198227239232209174136105 90 951201592022382562532301901441021911 9NS 6 8239182225899999999999999 0 9 911215 8999999999999999
 75 72 92131179222249255239205162120 92 84 99135182228258266249212161109191110NS 645256184926699999999999999 039 701250 8499999999999999
 69 51 62 97149205248268264237194145104 83 86113159210252272265234184125191111NS 719269191527399999999999999 1 8 511323 8199999999999999
 73 41 37 63113176233269279263226177127 93 81 96135187238270275254209149191112NS 752280194227699999999999999 137 351356 8199999999999999
 88 42 22 34 75138204256283281255210158113 88 89115162215258277267232178191113NS 82628520 927799999999999999 2 8 221429 8599999999999999
114 57 21 16 43 97165229272286274240192143106 92104139189237268272250205191114NS 9 2286203927499999999999999 240 1415 3 9299999999999999
146 84 36 13 21 60121189245276280260223176134108104124163210249266258227191115NS 939281211026799999999999999 314 12153910399999999999999
178119 64 27 17 36 82144205250270267244207166133116120144182222249254238191116NS1021272214525599999999999999 351 17161911599999999999999
203155102 57 31 30 55102159211245258251229197163139129137160192222238237191117NS11 8258222524099999999999999 433 2717 412999999999999999
218184141 97 62 44 47 73116165206234244238219194168148141147166190211222191118NS12 6244231722299999999999999 520 4218 214199999999999999
219202175140105 76 61 64 86121161197221233231218197175156147148159177194191119NS1321233999999999999999999999 620 60192214699999999999999
204206197178151121 94 77 76 91118153186213229232223205181158142136141156191120NS 039207144623299999999999999 735 7421 013699999999999999
174192202203192170141111 89 80 88111144181212234241232211180149124112116191121NS 233204155724199999999999999 9 2 80221811299999999999999
133159187209219213192160124 94 78 82104140183221246253240211170129 97 82191122NS 4 82191651253999999999999991020 772313 8199999999999999
 88113151192225241236212174130 93 73 76102144194236261263242202150100 64191123NS 5172421735265999999999999991123 71999999999999999999999
 51 64101153206245263256227181130 89 69 75107156211255275268236184122 67191124NS 613264181527699999999999999 0 0 511216 6899999999999999
 32 26 50100163224266281269233180126 84 68 80119175231270281263220158 91191125NS 7 3281185228299999999999999 042 2413 4 6899999999999999
 36  7 11 47109180243281291272230174119 83 73 93139197250279279250196128191126NS 750291192928399999999999999 123  51350 7399999999999999
 61 12 -6  9 56126199257289291266220164114 85 84112161218261279267228169191127NS 83429320 527999999999999999 2 3 -71433 8199999999999999
100 39  0 -7 20 76148216265287282252204153112 93100133183233265270247202191128NS 917288204027199999999999999 242 -91514 9299999999999999
141 77 26  0  5 41101169228265277265232188144114104119155201240258252223191129NS 959277211525999999999999999 320 -2155310499999999999999
175117 63 24 11 27 68126186232258261244212174139119118138172210237245230191130NS1039262215024599999999999999 358 11163211699999999999999
197151101 58 33 31 54 961481962302452422241951641391271321531822102272261912 1NS1119246222722999999999999999 435 29171212699999999999999
207175135 95 64 49 55 811201621992222312242071831591411341421601822022111912 2NS12 3231231021199999999999999 513 49175913499999999999999
206188160128 98 77 70 791031351681962132182121971781591441391441581741881912 3NS1256218999999999999999999999 556 70185913999999999999999
194190176155131109 94 90 981171431691912052102061941771591441371381471601912 4NS 0 719414 221099999999999999 650 89202013699999999999999
1721801811741601421241101051091231441661872032092071951771561371261241311912 5NS 135182151421099999999999999 8 1105214312399999999999999
1441611751821811711551371211121131241421661892072152111971731461221071041912 6NS 322183161321599999999999999 926111224310499999999999999
114133157179192195186168146125112111121143170197217224216193162127 99 831912 7NS 44319516572249999999999999910381102327 8199999999999999
 84101131164193210212199176148122107107121149182212230232215183141101 711912 8NS 5382131735233999999999999991133105999999999999999999999
 59 68 97138180213230227208177142114100104126161199229243235207163113 691912 9NS 62223118 824399999999999999 0 3 591217 9999999999999999
 42 39 61103155203236248238210171132104 94106137179220246250231190137 81191210NS 7 1248184125199999999999999 037 371257 9499999999999999
 38 18 27 63118179228257260241204159119 95 93114154200239258251219167106191211NS 739262191425899999999999999 112 181335 9199999999999999
 49 11  3 25 75140204250271265237193146108 91 97128174221254262243201141191212NS 817272194826399999999999999 147  21414 9099999999999999
 76 22 -6 -3 32 93164226265277263227179133101 92107144193237262259230179191213NS 856277202426499999999999999 224 -91453 9199999999999999
114 51  4-14  1 47115185241272275253214166124 99 98120161209246260248212191214NS 93727721 226099999999999999 3 3-141534 9599999999999999
157 93 35 -2-10 14 67135201248270266240200155119102107133175217246251233191215NS1020271214325299999999999999 344-11161710199999999999999
193139 80 30  2  3 33 88152210247261253226188148119107116143181217237237191216NS11 6262222924099999999999999 428 -117 510799999999999999
216178128 77 36 16 22 55106163211241250240214179145120111121146178207223191217NS1157250232422499999999999999 516 15175911199999999999999
221202169127 84 51 36 44 74119168208232239229206175144121112119139167191191218NS1254239999999999999999999999 6 9 3619 411299999999999999
206207194169135100 71 58 65 90127168202224231223202173142118105108124149191219NS 035209135723199999999999999 711 58201910599999999999999
173192200195178151120 93 79 81 99130166198221229222201170137108 91 90103191220NS 2 820015 322999999999999999 823 772135 8899999999999999
128158184201204193170141112 94 90104131165198222232224201166126 91 69 66191221NS 34420516 323299999999999999 941 902241 6599999999999999
 81111148184209219212190158125102 94105131167203229238227198156109 69 45191222NS 5 42191657238999999999999991055 942336 4099999999999999
 42 62100148192224237230205168131104 94105134174213239244228192141 88 44191223NS 6 82371745245999999999999991158 94999999999999999999999
 20 23 51 99156207241253243213171129101 92107141185226249248224179122 64191224NS 7 2253182925299999999999999 025 181252 9299999999999999
 20  1 12 50108171224256264248212165123 96 92112152199238256247214162 99191225NS 749264191125699999999999999 1 9  11340 9099999999999999
 41  2 -9 11 60125191241267267244202154113 92 95122167215248257240198140191226NS 831270195025899999999999999 150 -91423 9099999999999999
 75 21 -9 -9 23 79148210253270262231186139104 91102137184228253252225177191227NS 910270202825699999999999999 230-1315 3 9199999999999999
116 55  9-10  3 44105172226258265248212167125 98 94115154200236250239204191228NS 94626621 425099999999999999 3 7-101540 9399999999999999
152 93 40  6  0 24 72134193236256252228190148114 97103130170211237240220191229NS1020257213924299999999999999 342 -11615 9699999999999999
181129 76 34 13 20 52103160209239247234206168132108101114145182214230224191230NS1052247221423199999999999999 416 12165010099999999999999
198157110 67 37 29 45 81130178215233232214186153124108109126156187209216191231NS1126235225121699999999999999 451 29172810699999999999999
