 21 19 16 13 10  8  7  8  9 11 14 16 18 19 18 18 17 17 17 17 18 20 21 2219 1 1OR13 9 192324 2299999999999999 615  71728 1699999999999999
 22 21 18 15 12  9  6  5  6  8 11 14 17 19 20 20 20 19 19 19 19 20 22 2319 1 2OR1440 20999999999999999999999 711  51836 1999999999999999
 24 23 21 18 15 11  8  5  5  5  8 12 15 19 21 22 22 21 21 20 20 21 22 2319 1 3OR 0 3 241533 2299999999999999 759  51934 2099999999999999
 25 25 24 22 18 14 10  7  5  5  6  9 14 18 21 23 24 23 22 21 21 21 22 2319 1 4OR 045 2516 8 2499999999999999 840  52018 2199999999999999
 25 26 26 24 22 18 14  9  6  5  5  8 11 16 20 23 25 25 24 23 21 21 22 2319 1 5OR 125 261637 2599999999999999 918  52054 2199999999999999
 25 26 27 27 25 21 17 12  8  6  5  6  9 14 18 22 25 25 25 23 22 21 21 2219 1 6OR 2 5 2717 4 2599999999999999 954  52128 2199999999999999
 24 26 27 28 27 24 20 15 11  7  5  5  7 11 16 20 23 25 25 24 22 21 20 2119 1 7OR 244 281731 25999999999999991028  522 2 2099999999999999
 22 24 26 28 27 25 22 18 13  8  6  5  6  9 13 17 21 24 25 24 22 20 19 1919 1 8OR 321 281759 259999999999999911 1  52239 1999999999999999
 20 22 24 26 27 26 23 19 15 10  7  5  4  6 10 14 18 22 23 23 22 20 18 1819 1 9OR 357 271828 23999999999999991134  42320 1799999999999999
 18 19 21 23 25 25 23 20 16 12  8  5  4  5  7 11 15 19 21 22 21 20 18 1619 110OR 433 251859 229999999999999912 6  4999999999999999999999
 16 16 18 20 22 22 22 20 17 13  9  6  5  5  6  9 13 16 19 20 20 19 17 1619 111OR 510 231930 2099999999999999 0 6 161235  499999999999999
 14 14 15 16 18 19 20 19 17 14 11  8  6  5  6  8 11 14 17 19 19 19 17 1519 112OR 551 2020 0 1999999999999999 056 1413 3  599999999999999
 14 12 12 13 14 16 17 17 16 14 12 10  8  7  7  8 10 13 15 17 18 18 17 1519 113OR 641 172028 1899999999999999 151 121327  799999999999999
 14 12 11 10 11 12 13 14 14 14 13 12 10  9  9 10 11 13 15 17 18 18 18 1619 114OR 755 142054 1899999999999999 253 101347  999999999999999
 14 12 10  9  9  9 10 11 13 13 14 13 13 12 12 12 13 14 15 17 18 19 19 1819 115OR 956 142123 1999999999999999 4 1  914 3 1299999999999999
 16 13 11  9  7  7  7  8 10 12 13 14 15 15 15 15 15 16 16 17 19 19 20 1919 116OR22 0 20999999999999999999999 5 6  7999999999999999999999
 18 16 13 10  7  6  5  6  7  9 12 14 16 17 18 18 18 18 18 18 19 20 21 2219 117OR2250 22999999999999999999999 6 5  5999999999999999999999
 21 19 16 13  9  6  4  3  4  6 10 13 16 19 20 21 21 20 20 20 20 21 22 2319 118OR1520 212348 2499999999999999 659  31851 2099999999999999
 24 23 20 17 13  8  5  2  2  3  6 10 14 18 21 23 23 23 22 21 21 21 22 2419 119OR1550 23999999999999999999999 752  21953 2199999999999999
 25 26 25 22 18 13  7  3  1  0  2  6 11 16 20 23 24 24 23 22 21 20 21 2319 120OR 047 261622 2599999999999999 844  02043 2099999999999999
 25 27 28 26 23 18 12  6  2 -1 -1  1  6 12 17 22 24 25 24 22 20 19 19 2119 121OR 146 281655 2599999999999999 934 -12129 1999999999999999
 23 26 28 29 27 23 17 11  5  0 -2 -2  1  7 13 18 22 24 24 23 20 18 17 1819 122OR 243 291728 25999999999999991023 -22216 1799999999999999
 20 23 26 28 29 27 22 16 10  4 -1 -2 -1  3  8 14 19 22 24 23 20 17 16 1519 123OR 339 2918 1 249999999999999911 9 -223 5 1599999999999999
 15 18 21 25 27 27 25 20 14  8  3  0 -1  0  5 10 16 20 22 22 20 17 15 1319 124OR 434 271833 22999999999999991151 -12358 1299999999999999
 12 13 15 19 22 24 24 22 18 13  7  3  1  1  3  8 13 17 20 21 20 18 15 1219 125OR 531 2519 4 21999999999999991231  1999999999999999999999
 10  9 10 13 16 19 21 21 19 15 11  7  5  3  4  7 11 15 18 20 20 18 16 1219 126OR 632 211934 2099999999999999 054  913 6  399999999999999
  9  8  7  8 10 13 15 17 17 16 14 11  8  7  7  8 11 14 17 19 20 19 17 1419 127OR 744 1720 5 2099999999999999 157  71337  799999999999999
 11  8  6  5  6  7  9 12 13 14 14 13 12 10 10 11 12 14 16 18 19 19 18 1619 128OR 917 142037 1999999999999999 3 8  51359 1099999999999999
 13 10  7  5  4  4  5  7  9 11 12 13 13 13 13 13 14 15 16 18 19 19 19 1819 129OR2114 19999999999999999999999 430  4999999999999999999999
 16 13 10  7  5  3  3  4  5  8 10 12 14 15 15 16 16 17 17 18 19 19 20 1919 130OR22 2 20999999999999999999999 552  3999999999999999999999
 18 16 13 10  7  5  3  2  3  5  8 11 13 16 17 18 18 18 18 18 19 19 20 2019 131OR23 3 20999999999999999999999 7 0  2999999999999999999999
 20 19 17 14 11  7  5  3  2  3  6  9 12 15 18 19 19 19 19 19 19 19 20 2119 2 1OR1618 19999999999999999999999 753  21914 1999999999999999
 21 21 20 17 14 11  7  4  3  3  4  7 11 14 17 19 20 20 19 19 19 19 19 2119 2 2OR 0 5 211621 2099999999999999 835  220 5 1999999999999999
 22 22 22 20 17 14 10  6  3  2  3  5  9 13 17 19 21 21 20 19 18 18 18 2019 2 3OR 1 0 221632 2199999999999999 911  22039 1899999999999999
 21 23 23 22 20 17 12  8  5  2  2  3  7 11 15 18 20 21 20 18 17 16 17 1819 2 4OR 149 231647 2199999999999999 944  22114 1699999999999999
 20 22 23 23 22 19 15 10  6  3  1  2  4  9 13 17 20 21 20 18 16 15 14 1519 2 5OR 232 2317 5 21999999999999991014  12150 1499999999999999
 17 19 22 23 22 20 17 12  7  3  1  1  2  6 10 15 18 20 20 18 16 14 12 1319 2 6OR 313 231726 20999999999999991043  12229 1299999999999999
 14 16 19 21 22 21 18 14  9  5  2  0  1  4  8 12 16 19 19 18 16 13 11 1019 2 7OR 352 221748 19999999999999991111  023 9 1099999999999999
 11 13 15 18 20 20 18 15 10  6  3  1  0  2  6 10 14 17 18 18 16 13 10  919 2 8OR 430 201812 18999999999999991137  02350  899999999999999
  8  9 11 14 17 18 17 15 12  8  4  2  1  2  5  8 12 15 17 17 16 13 10  819 2 9OR 510 181834 179999999999999912 0  1999999999999999999999
  7  6  8 10 13 15 15 14 12  9  6  4  3  3  5  8 11 14 16 17 16 14 11  819 210OR 554 151854 1799999999999999 031  61219  399999999999999
  6  5  5  7  9 11 13 13 12 10  8  6  5  5  6  8 11 14 16 17 16 14 12  919 211OR 646 131911 1799999999999999 114  51234  599999999999999
  6  4  4  4  6  8 10 11 12 11 10  9  8  7  8 10 12 14 16 17 17 16 13 1019 212OR 755 121929 1799999999999999 2 2  41242  799999999999999
  7  5  4  3  4  5  7  9 10 11 11 11 10 10 11 12 13 15 16 17 18 17 15 1319 213OR 941 111953 1899999999999999 259  31240 1099999999999999
 10  7  5  3  2  3  4  6  8 10 11 12 13 13 13 14 15 16 17 18 18 18 18 1619 214OR2031 18999999999999999999999 4 9  2999999999999999999999
 13 10  7  4  2  1  1  3  5  7 10 12 14 15 16 16 17 17 17 18 19 19 19 1919 215OR2141 19999999999999999999999 527  1999999999999999999999
 17 14 11  8  4  2  0  0  1  4  7 10 13 16 17 18 18 18 18 18 18 19 20 2119 216OR2313 21999999999999999999999 640  0999999999999999999999
 20 19 16 12  8  4  1 -1 -2  0  3  7 11 15 17 19 19 19 18 17 17 18 19 2119 217OR1554 19999999999999999999999 743 -21943 1799999999999999
 22 22 21 18 13  8  3 -1 -3 -3 -1  3  7 12 16 19 20 19 18 17 16 16 17 1919 218OR 034 221610 2099999999999999 838 -32034 1599999999999999
 21 23 23 22 19 14  8  2 -2 -4 -4 -1  3  9 14 17 19 19 18 16 14 13 13 1519 219OR 144 241631 2099999999999999 928 -42121 1399999999999999
 18 21 24 24 23 19 13  7  1 -3 -5 -4  0  5 11 15 18 19 18 15 13 10  9 1019 220OR 247 241655 19999999999999991013 -522 7  999999999999999
 13 17 20 23 24 22 18 12  6  0 -3 -4 -2  2  8 13 17 19 18 16 12  9  7  619 221OR 346 241720 19999999999999991053 -42255  699999999999999
  7 10 15 19 22 22 20 16 10  5  0 -2 -2  1  5 11 15 18 18 17 13  9  6  319 222OR 443 221746 19999999999999991130 -22344  399999999999999
  3  5  8 13 17 19 20 18 14  9  4  1  0  1  5  9 14 17 18 18 15 11  7  319 223OR 540 201811 189999999999999912 2  0999999999999999999999
  1  1  3  6 11 14 16 16 15 12  8  5  4  4  5  9 13 16 18 18 16 13  9  519 224OR 641 171837 1899999999999999 035  11230  399999999999999
  2  0  0  2  5  8 11 13 14 13 11  9  7  7  8 10 13 15 17 18 17 15 12  819 225OR 749 1419 1 1899999999999999 130  01249  799999999999999
  4  1  0  0  1  4  6  9 10 11 11 11 10 10 10 11 13 15 17 18 17 16 14 1119 226OR 920 111923 1899999999999999 231  01248 1099999999999999
  8  5  2  1  0  1  3  5  7  9 10 11 12 12 13 13 14 16 17 17 17 17 16 1319 227OR1944 17999999999999999999999 347  0999999999999999999999
 11  8  6  3  2  1  1  2  4  6  8 10 12 13 14 15 16 16 17 17 17 17 16 1519 228OR20 5 17999999999999999999999 521  1999999999999999999999
 14 11  9  7  4  2  1  1  2  4  6  9 11 13 15 16 16 16 17 17 17 17 17 1619 3 1OR2137 17999999999999999999999 642  1999999999999999999999
 16 14 12 10  7  5  2  1  1  2  4  7 10 13 15 16 16 16 16 16 16 16 16 1719 3 2OR1613 172334 1799999999999999 740  11955 1699999999999999
 17 16 15 13 10  7  4  2  1  1  3  5  9 12 14 16 16 16 15 15 14 15 15 1619 3 3OR16 1 16999999999999999999999 823  12011 1499999999999999
 17 17 17 15 13  9  6  3  1  0  1  4  7 11 14 16 16 16 15 13 13 13 13 1519 3 4OR 048 1716 3 1699999999999999 857  02035 1399999999999999
 16 18 18 17 15 12  8  4  1  0  0  2  5  9 13 15 16 16 14 12 11 10 11 1219 3 5OR 144 181612 1699999999999999 926 -121 6 1099999999999999
 14 16 18 18 16 14 10  6  2  0 -1  0  3  7 11 14 16 16 14 12  9  8  8  919 3 6OR 231 181625 1699999999999999 953 -12140  899999999999999
 11 14 16 17 17 15 12  7  3  0 -1 -1  1  5 10 13 15 16 14 12  9  6  5  619 3 7OR 314 181642 16999999999999991019 -12216  599999999999999
  8 11 14 16 17 16 13  9  5  2 -1 -1  1  4  8 12 15 16 15 12  9  6  4  319 3 8OR 355 1717 1 16999999999999991044 -12252  399999999999999
  4  7 10 13 15 15 14 11  7  3  1  0  1  3  7 11 14 15 15 13  9  6  3  119 3 9OR 437 161719 159999999999999911 7  02327  199999999999999
  1  3  7 10 13 14 14 12  9  5  3  1  2  3  7 10 13 15 15 14 10  7  3  119 310OR 520 141736 16999999999999991128  1999999999999999999999
  0  1  3  7 10 12 13 13 11  8  5  4  3  4  7 10 13 15 16 15 12  8  4  119 311OR 6 6 131751 1699999999999999 0 3  01145  399999999999999
 -1 -1  0  3  7 10 12 12 12 10  8  6  6  6  8 11 13 15 16 16 14 10  6  319 312OR 7 0 1218 7 1699999999999999 040 -11158  699999999999999
  0 -1 -1  1  3  7  9 11 12 11 10  9  9  9 10 12 14 15 17 16 15 13  9  519 313OR 8 7 121825 1799999999999999 123 -112 4  999999999999999
  2  0 -1 -1  1  3  6  8 10 11 11 11 11 11 12 13 14 16 17 17 16 15 12  919 314OR1849 17999999999999999999999 216 -1999999999999999999999
  5  2  0 -1 -1  0  2  5  7  9 11 12 13 13 14 14 15 16 17 17 17 16 15 1219 315OR1927 17999999999999999999999 326 -1999999999999999999999
  9  6  3  1 -1 -1  0  1  4  6  9 11 13 14 15 15 16 16 16 16 17 17 17 1519 316OR2057 17999999999999999999999 456 -1999999999999999999999
 13 11  8  4  1 -1 -2 -2  0  2  6  9 12 14 15 16 16 15 15 15 15 16 17 1719 317OR1523 1623 6 1799999999999999 622 -21857 1599999999999999
 17 15 13  9  5  2 -1 -3 -3 -1  2  6 10 13 15 16 16 15 14 13 12 13 15 1619 318OR1517 16999999999999999999999 731 -31948 1299999999999999
 18 18 17 14 10  6  1 -2 -4 -4 -1  2  7 11 14 16 16 14 12 10  9  9 11 1319 319OR 041 181528 1699999999999999 826 -42031  999999999999999
 16 19 19 18 15 11  6  1 -2 -4 -3  0  4  9 13 15 16 14 12  9  6  5  6  819 320OR 156 191545 1699999999999999 913 -42113  599999999999999
 12 16 19 20 19 16 11  5  1 -2 -3 -2  2  7 12 15 16 15 12  9  5  2  2  319 321OR 3 0 2016 6 1699999999999999 953 -32156  299999999999999
  6 11 16 19 20 19 15 10  5  1 -1 -1  1  6 11 14 16 16 14 10  5  1 -1 -119 322OR 359 201628 17999999999999991030 -22241 -299999999999999
  1  5 10 15 18 19 18 14  9  5  2  1  2  5 10 14 17 17 16 12  7  2 -1 -319 323OR 456 191652 179999999999999911 3  12326 -499999999999999
 -3 -1  4  9 14 17 17 16 13  9  6  4  4  6  9 13 16 18 17 15 10  5  1 -319 324OR 552 181716 18999999999999991133  4999999999999999999999
 -4 -4 -1  4  9 12 15 16 14 12  9  8  7  8 10 13 16 18 18 16 13  9  4  019 325OR 650 161739 1899999999999999 012 -41158  799999999999999
 -3 -4 -3  0  4  8 11 13 14 13 12 10 10 10 11 13 16 17 18 17 15 12  8  419 326OR 755 141759 1899999999999999 1 0 -41215 1099999999999999
  0 -2 -2 -1  1  4  7 10 12 13 13 12 12 12 13 14 16 17 17 17 16 14 11  719 327OR1812 17999999999999999999999 152 -2999999999999999999999
  4  2  0  0  0  2  4  6  9 11 12 13 13 14 14 15 16 17 17 17 16 15 12 1019 328OR1810 17999999999999999999999 255  0999999999999999999999
  8  5  3  2  1  1  2  4  6  8 10 12 13 14 15 15 16 16 16 16 15 15 14 1219 329OR1730 16999999999999999999999 420  1999999999999999999999
 10  8  6  4  3  2  2  2  4  6  8 10 12 14 15 15 15 15 15 15 14 14 14 1319 330OR1537 15999999999999999999999 553  2999999999999999999999
 12 11  9  7  5  3  2  2  2  4  6  9 11 13 15 15 15 14 13 13 13 13 13 1319 331OR15 4 152312 1399999999999999 659  22019 1399999999999999
 13 13 11 10  7  5  3  2  1  2  4  7 10 12 14 15 14 13 12 11 11 11 11 1219 4 1OR15 1 15999999999999999999999 746  12013 1199999999999999
 13 14 13 12  9  7  4  2  1  1  3  5  9 11 13 14 14 12 10  9  8  8  9 1119 4 2OR 051 1415 6 1499999999999999 822  12029  899999999999999
 12 14 14 13 12  9  6  3  1  1  2  4  7 11 13 14 14 12 10  7  6  5  6  819 4 3OR 152 141515 1499999999999999 853  12055  599999999999999
 10 13 14 14 13 11  8  5  2  1  1  3  6 10 13 14 14 13 10  7  4  3  3  519 4 4OR 241 141528 1499999999999999 921  12125  399999999999999
  7 11 13 15 15 13 10  7  4  2  2  3  6  9 12 15 15 13 11  7  3  1  0  119 4 5OR 326 151544 1599999999999999 947  22156  099999999999999
  4  8 12 14 15 15 12  9  6  4  3  3  6  9 12 15 16 15 12  8  4  0 -1 -119 4 6OR 4 9 1516 0 16999999999999991013  32228 -299999999999999
  1  5  9 13 15 16 14 12  9  6  5  5  6  9 12 15 16 16 14 10  5  1 -2 -319 4 7OR 452 161617 17999999999999991037  523 1 -399999999999999
 -2  1  6 10 14 16 16 14 12  9  7  7  7  9 13 15 17 17 16 12  7  3 -1 -319 4 8OR 536 161634 179999999999999911 1  72335 -499999999999999
 -3 -1  3  7 11 14 16 16 14 12 10  9  9 11 13 16 18 18 17 14 10  5  1 -219 4 9OR 624 161652 18999999999999991123  9999999999999999999999
 -4 -3  0  4  8 12 15 16 16 14 13 12 11 12 14 16 18 19 18 16 13  8  4  019 410OR 717 161712 1999999999999999 013 -41141 1199999999999999
 -2 -3 -2  1  4  8 12 14 15 15 14 14 13 14 15 16 18 19 19 18 15 12  7  319 411OR 824 151736 1999999999999999 056 -31153 1399999999999999
  0 -2 -2 -1  1  5  8 11 13 15 15 15 15 15 16 16 17 18 18 18 17 14 11  719 412OR18 3 18999999999999999999999 149 -2999999999999999999999
  4  1 -1 -1 -1  1  4  7 10 12 14 15 16 16 16 16 17 17 17 17 17 16 14 1119 413OR1845 17999999999999999999999 257 -1999999999999999999999
  8  5  3  1  0  0  1  3  6  9 12 14 15 16 16 16 16 15 15 15 15 15 15 1419 414OR1356 16999999999999999999999 424  0999999999999999999999
 12 10  7  4  2  0  0  1  3  6  9 12 14 16 16 16 15 13 12 12 12 13 14 1519 415OR1355 162326 1599999999999999 552  019 6 1299999999999999
 15 14 12  9  6  3  1  0  1  3  6 10 13 15 16 15 14 12 10  9  8  9 11 1419 416OR14 7 16999999999999999999999 7 3  01943  899999999999999
 16 16 16 14 11  7  4  2  1  2  4  8 12 14 16 16 14 11  8  6  4  5  7 1019 417OR 1 4 161423 1699999999999999 759  12021  499999999999999
 14 16 18 17 15 12  8  5  3  2  4  7 11 14 16 17 15 12  8  4  2  1  2  519 418OR 217 181442 1799999999999999 845  221 1  199999999999999
  9 14 17 19 19 16 13  9  6  4  4  7 10 14 17 18 17 14 10  5  1 -2 -2  019 419OR 319 1915 4 1899999999999999 925  42141 -299999999999999
  4 10 15 18 20 20 17 13 10  7  6  7 10 14 17 19 19 17 13  7  2 -2 -4 -419 420OR 416 201528 199999999999999910 2  62223 -499999999999999
 -1  4 10 15 19 21 20 17 14 11  9  9 11 14 17 20 21 19 16 11  5  0 -3 -519 421OR 510 211554 21999999999999991036  923 5 -599999999999999
 -3  0  6 11 16 19 20 20 17 15 13 12 12 14 17 20 21 21 19 15  9  4  0 -319 422OR 6 2 201620 219999999999999911 8 122347 -499999999999999
 -4 -2  2  7 12 16 19 20 19 17 15 14 14 15 17 20 21 21 20 17 13  8  4  019 423OR 656 201643 21999999999999991137 14999999999999999999999
 -2 -2  0  4  8 13 16 18 19 18 17 16 16 16 18 19 21 21 20 19 16 12  7  419 424OR 756 1917 2 2199999999999999 029 -212 2 1699999999999999
  1  0  0  3  6  9 13 16 17 18 18 18 17 17 18 19 20 20 20 19 17 14 10  719 425OR 917 181711 2099999999999999 113  01223 1799999999999999
  5  3  2  3  4  7 10 13 15 17 17 18 18 18 18 18 19 19 19 18 17 15 12 1019 426OR1659 19999999999999999999999 2 1  2999999999999999999999
  8  6  4  4  4  5  7 10 12 14 16 17 18 18 18 18 18 17 17 17 16 15 13 1219 427OR13 7 18999999999999999999999 3 1  4999999999999999999999
 10  8  7  6  5  5  6  8 10 12 14 16 17 17 17 17 16 16 15 15 14 14 13 1319 428OR1317 17999999999999999999999 417  5999999999999999999999
 12 10  9  8  6  6  6  6  8 10 12 14 16 17 17 16 15 14 13 12 12 12 13 1319 429OR1327 1723 7 1399999999999999 536  61949 1299999999999999
 13 12 11 10  8  7  6  6  7  8 11 13 15 16 16 16 14 12 11 10  9 10 11 1219 430OR1337 17999999999999999999999 637  61948  999999999999999
 13 13 13 12 10  9  7  6  7  8 10 12 15 16 17 16 14 11  9  7  7  7  8 1019 5 1OR 1 4 131348 1799999999999999 724  620 6  799999999999999
 12 14 14 14 13 11  9  8  7  8  9 12 14 16 17 16 14 11  8  6  4  4  6  819 5 2OR 2 7 1414 1 1799999999999999 8 2  72030  499999999999999
 11 14 15 16 15 14 12 10  9  9 10 12 15 17 18 18 16 12  9  5  3  2  3  519 5 3OR 257 161416 1899999999999999 836  92058  299999999999999
  9 13 16 17 18 17 15 13 11 10 11 12 15 18 19 19 18 14 10  6  2  0  1  319 5 4OR 341 181434 1999999999999999 9 8 102128  099999999999999
  7 11 15 18 19 19 18 16 14 12 12 13 16 18 20 21 20 17 13  8  3  0 -1  019 5 5OR 422 201453 2199999999999999 939 1222 0 -199999999999999
  4  8 13 18 20 21 21 19 16 15 14 15 16 19 21 22 22 20 16 10  5  1 -1 -119 5 6OR 5 3 211515 22999999999999991011 142235 -299999999999999
  1  5 11 16 20 22 23 21 19 18 16 16 17 19 22 23 24 22 19 14  8  3  0 -219 5 7OR 547 231540 24999999999999991043 162312 -299999999999999
 -1  2  7 13 17 21 23 23 22 20 19 18 18 19 22 23 24 24 22 18 12  7  2 -119 5 8OR 633 2316 9 24999999999999991116 182354 -199999999999999
 -1  0  4  9 14 18 22 23 23 22 21 20 19 20 21 23 24 24 23 20 16 11  6  219 5 9OR 726 231640 24999999999999991153 19999999999999999999999
  0  0  1  5 10 14 18 21 22 22 22 21 20 20 21 22 23 24 23 22 19 15 10  619 510OR 828 231715 2499999999999999 041 -11241 2099999999999999
  3  1  1  3  6 10 14 18 20 21 22 21 21 20 20 20 21 21 22 21 20 18 14 1119 511OR 948 2218 2 2299999999999999 134  114 9 2099999999999999
  7  4  3  3  4  7 10 14 17 19 21 21 21 20 20 19 19 19 19 19 19 19 17 1419 512OR1110 211930 1999999999999999 237  31629 1999999999999999
 12  9  6  5  4  5  7 10 13 16 19 20 20 20 19 18 16 16 15 16 16 17 17 1719 513OR1156 202149 1799999999999999 350  41754 1599999999999999
 15 13 11  9  7  6  7  8 11 14 17 19 20 20 19 17 15 13 12 11 12 14 16 1719 514OR1224 202359 1899999999999999 5 9  61841 1199999999999999
 18 17 15 13 11  9  8  9 10 13 15 18 20 20 19 17 14 11  9  8  8 10 12 1519 515OR1248 20999999999999999999999 620  81922  899999999999999
 18 19 19 18 16 13 11 10 11 12 15 18 20 21 21 19 15 11  8  5  4  5  8 1219 516OR 128 191311 2199999999999999 719 1020 2  499999999999999
 16 19 21 21 20 18 15 14 13 13 15 18 21 22 23 21 18 13  9  5  2  2  4  819 517OR 238 211336 2399999999999999 8 9 132043  299999999999999
 13 17 21 23 23 22 20 17 16 15 16 18 21 24 24 24 21 17 11  6  3  1  1  419 518OR 336 2414 4 2499999999999999 853 152123  099999999999999
  9 14 19 23 25 25 24 21 19 18 18 19 21 24 26 26 24 21 16 10  5  2  0  119 519OR 429 251434 2699999999999999 933 1822 3  099999999999999
  5 11 16 22 25 27 26 24 22 21 20 20 22 24 26 27 27 24 20 14  9  4  2  119 520OR 517 2715 5 27999999999999991011 202243  199999999999999
  3  7 13 19 23 26 27 27 25 23 22 21 22 24 26 28 28 26 23 18 13  8  5  319 521OR 6 3 271536 28999999999999991047 212322  399999999999999
  3  6 10 15 20 24 27 27 26 25 23 23 23 24 26 27 28 27 25 22 17 12  8  519 522OR 649 2716 4 28999999999999991123 23999999999999999999999
  4  5  8 13 17 22 25 26 27 26 25 24 23 24 25 26 27 27 26 23 20 15 11  819 523OR 736 271629 2799999999999999 0 1  412 1 2399999999999999
  6  6  8 10 14 18 22 24 26 26 25 24 24 23 24 25 25 25 25 23 21 18 14 1119 524OR 830 261652 2599999999999999 040  61248 2399999999999999
  9  8  8  9 12 15 19 22 24 24 24 24 23 23 23 23 23 23 23 22 21 19 16 1319 525OR 934 251711 2399999999999999 121  81359 2399999999999999
 11 10  9  9 11 13 16 19 21 23 23 23 23 22 21 21 21 21 21 21 20 19 17 1519 526OR1036 23999999999999999999999 2 5  9999999999999999999999
 13 12 11 10 11 12 14 16 19 21 22 23 22 22 21 19 19 18 18 18 18 18 17 1619 527OR1118 23999999999999999999999 254 10999999999999999999999
 15 14 13 12 12 12 13 15 17 19 21 22 22 21 20 18 17 16 15 15 15 16 16 1719 528OR1144 2223 1 1799999999999999 353 121832 1599999999999999
 16 16 15 14 14 13 14 15 16 18 20 21 22 22 20 18 16 14 13 12 13 14 15 1619 529OR12 5 22999999999999999999999 5 0 131856 1299999999999999
 17 18 17 17 16 15 15 15 16 18 20 21 22 22 21 19 16 13 11 10 10 11 13 1619 530OR 1 5 181223 2399999999999999 6 4 151923 1099999999999999
 18 19 20 20 19 18 17 17 17 19 20 22 23 24 23 20 17 14 11  9  8  9 11 1419 531OR 214 201242 2499999999999999 658 171951  899999999999999
 18 20 22 22 22 21 20 19 19 20 21 23 25 25 25 23 19 15 11  8  7  7  9 1219 6 1OR 3 3 2213 4 2599999999999999 744 192023  699999999999999
 17 20 23 25 25 24 23 22 21 21 22 24 26 27 27 26 22 18 13  9  6  5  7 1019 6 2OR 344 251329 2799999999999999 826 212057  599999999999999
 14 19 23 26 28 28 26 25 23 23 23 25 27 29 29 29 26 22 17 11  7  5  5  719 6 3OR 422 2814 0 2999999999999999 9 7 232134  599999999999999
 11 17 22 26 29 30 29 28 26 25 25 25 27 29 31 31 29 26 21 15 10  6  4  519 6 4OR 5 1 301435 3199999999999999 946 252215  499999999999999
  8 13 19 24 28 31 31 30 28 27 26 26 27 29 31 32 32 30 25 20 14  9  5  419 6 5OR 543 311513 32999999999999991027 262259  499999999999999
  6  9 15 21 26 30 31 31 30 28 27 26 27 28 30 32 33 32 29 24 19 13  8  519 6 6OR 628 321556 33999999999999991110 262345  599999999999999
  5  7 11 16 22 26 30 31 31 29 28 27 26 27 28 30 31 32 30 28 23 18 12  819 6 7OR 715 311642 329999999999999912 0 26999999999999999999999
  6  6  8 12 17 22 26 29 30 29 28 27 26 25 26 27 29 30 30 29 26 22 17 1319 6 8OR 8 6 301737 3099999999999999 035  613 1 2599999999999999
  9  8  8 10 14 18 22 26 28 28 28 27 25 24 24 24 25 26 27 27 26 24 21 1719 6 9OR 859 281845 2799999999999999 126  71418 2499999999999999
 14 11 10 10 12 15 19 22 25 27 27 26 25 23 22 21 21 21 23 24 25 24 23 2119 610OR 949 272019 2599999999999999 220 101545 2199999999999999
 18 16 14 13 13 14 17 20 23 25 26 26 25 23 21 19 18 17 18 19 21 22 23 2319 611OR1031 272222 2399999999999999 319 1217 3 1799999999999999
 22 20 18 16 16 16 17 19 22 24 26 27 26 24 22 19 16 15 14 14 16 19 21 2319 612OR11 6 27999999999999999999999 423 1618 4 1499999999999999
 24 23 22 21 19 19 19 20 21 24 26 27 27 26 24 20 17 14 12 11 12 14 18 2119 613OR 015 241138 2799999999999999 531 191855 1199999999999999
 24 25 26 25 24 22 22 21 22 24 26 28 29 28 26 23 19 15 12 10  9 11 14 1819 614OR 143 261211 2999999999999999 635 211941  999999999999999
 22 26 28 28 27 26 25 24 24 25 27 29 30 31 29 27 23 18 14 10  9  9 11 1519 615OR 252 281246 3199999999999999 731 242024  899999999999999
 20 25 28 30 30 30 28 27 26 26 27 29 31 32 32 30 27 22 18 13 10  9 10 1319 616OR 345 301322 3299999999999999 820 2621 6  999999999999999
 17 23 27 31 32 32 31 29 28 28 28 29 31 33 34 33 31 27 22 17 13 10 10 1119 617OR 429 3214 1 3499999999999999 9 4 282147  999999999999999
 15 20 25 30 33 34 33 32 30 29 29 29 31 33 35 35 33 31 26 21 16 13 11 1119 618OR 5 8 341439 3599999999999999 943 292226 1199999999999999
 13 18 23 28 32 34 34 33 31 30 29 29 30 32 34 35 35 33 30 25 20 16 13 1219 619OR 545 341517 35999999999999991020 2923 4 1299999999999999
 13 16 20 25 29 32 34 34 32 31 29 29 30 31 33 34 35 34 32 28 23 19 15 1319 620OR 621 341553 35999999999999991057 292342 1399999999999999
 13 14 18 22 26 30 32 33 32 31 30 29 29 29 31 32 34 34 32 29 26 21 18 1519 621OR 657 331629 34999999999999991138 29999999999999999999999
 13 14 16 19 23 27 30 32 32 31 29 28 28 28 29 30 31 32 31 30 27 23 20 1719 622OR 735 3217 6 3299999999999999 019 131225 2899999999999999
 15 14 15 17 21 24 27 29 30 30 29 28 27 26 26 27 28 29 29 29 27 24 21 1919 623OR 815 301748 2999999999999999 055 141321 2699999999999999
 17 15 15 17 19 22 25 27 29 29 29 27 26 25 24 24 25 26 26 27 26 25 23 2019 624OR 854 291842 2799999999999999 131 151429 2499999999999999
 19 17 17 17 18 20 23 25 27 28 28 27 26 24 23 22 22 22 23 24 24 24 23 2219 625OR 932 2820 5 2499999999999999 2 7 171545 2299999999999999
 21 20 19 19 19 20 22 24 26 27 28 27 26 25 23 21 20 20 20 21 22 23 23 2319 626OR10 5 282222 2399999999999999 245 191653 2099999999999999
 23 22 21 21 21 21 23 24 26 27 28 28 27 25 23 21 19 18 18 18 20 21 23 2419 627OR1035 28999999999999999999999 329 211744 1899999999999999
 24 24 24 24 23 23 24 25 26 28 29 29 29 27 25 22 19 17 16 16 17 19 22 2419 628OR 032 2511 2 2999999999999999 434 231827 1699999999999999
 26 27 27 27 26 26 26 26 27 29 30 31 31 30 27 24 21 18 16 15 15 17 20 2319 629OR 156 271132 3199999999999999 551 2619 7 1599999999999999
 26 29 30 30 30 29 28 28 29 30 31 32 33 32 31 28 24 20 17 14 14 15 18 2219 630OR 249 3012 8 3399999999999999 655 281948 1499999999999999
 26 29 32 33 33 32 31 30 30 30 32 33 35 35 34 32 28 23 19 15 13 13 15 1919 7 1OR 329 331249 3599999999999999 747 302031 1399999999999999
 24 28 32 34 35 35 33 32 31 31 32 34 36 37 37 36 33 28 23 18 14 12 13 1519 7 2OR 4 7 351334 3899999999999999 833 312117 1299999999999999
 20 25 30 34 36 37 36 34 33 32 32 33 35 38 39 39 37 33 28 22 16 13 12 1319 7 3OR 446 371422 3999999999999999 916 3222 5 1299999999999999
 16 21 27 32 35 37 37 35 34 32 32 32 34 36 39 40 40 37 33 27 21 15 12 1119 7 4OR 525 371513 409999999999999910 0 322254 1199999999999999
 13 17 22 28 32 36 37 36 34 32 31 31 32 34 37 39 40 39 36 32 26 20 15 1219 7 5OR 6 6 3716 6 40999999999999991047 312343 1299999999999999
 12 14 18 23 29 33 35 36 34 32 31 29 29 30 33 35 38 39 38 35 30 25 19 1519 7 6OR 646 3617 1 39999999999999991139 29999999999999999999999
 13 13 15 20 25 29 32 34 34 32 30 29 27 27 28 31 33 35 36 35 33 29 24 1919 7 7OR 726 3418 2 3699999999999999 031 131238 2799999999999999
 16 15 15 18 22 26 29 32 33 32 30 28 26 25 25 26 28 30 32 33 33 31 28 2419 7 8OR 8 5 331913 3399999999999999 117 151344 2599999999999999
 21 18 17 18 20 24 27 30 32 32 31 29 27 24 23 22 23 25 27 29 30 31 30 2719 7 9OR 843 322041 3199999999999999 2 3 171457 2299999999999999
 25 23 21 21 21 23 26 29 31 32 32 30 28 25 23 21 20 20 22 24 26 28 29 2919 710OR 922 322227 2999999999999999 250 211613 2099999999999999
 28 27 25 24 24 25 26 28 30 32 33 32 30 27 24 22 19 18 18 20 22 25 27 2919 711OR10 2 33999999999999999999999 342 241727 1899999999999999
 30 30 29 28 27 27 28 29 31 32 33 34 33 31 28 24 21 18 17 17 18 21 24 2819 712OR 017 301045 3499999999999999 446 271830 1799999999999999
 30 31 32 31 31 30 30 30 31 32 34 35 35 34 31 28 24 21 18 17 17 18 22 2519 713OR 153 321132 3599999999999999 558 301925 1699999999999999
 29 32 33 34 33 33 32 31 32 33 34 36 37 36 35 32 29 25 21 18 17 17 20 2319 714OR 259 341219 3799999999999999 7 0 312015 1799999999999999
 27 31 34 35 35 35 34 33 33 33 34 36 38 38 38 36 33 29 25 21 18 17 18 2119 715OR 342 3513 7 3899999999999999 750 332059 1799999999999999
 25 30 33 36 37 36 35 34 33 33 34 36 37 39 40 39 36 33 29 24 21 19 18 2019 716OR 415 371352 4099999999999999 829 332140 1899999999999999
 23 28 32 35 37 37 36 35 33 33 33 35 37 39 40 40 39 36 32 27 23 20 19 1919 717OR 444 371435 4099999999999999 9 5 332219 1899999999999999
 21 25 30 33 36 37 37 35 34 32 32 33 35 37 39 41 40 38 35 30 26 22 19 1919 718OR 512 371515 4199999999999999 941 322255 1999999999999999
 20 23 27 31 34 36 37 35 34 32 31 31 33 35 37 39 40 39 36 33 28 24 20 1919 719OR 541 371554 40999999999999991019 312329 1899999999999999
 19 21 24 28 32 35 36 35 34 32 30 30 30 32 35 37 38 38 37 34 30 26 22 1919 720OR 611 361633 399999999999999911 0 30999999999999999999999
 19 19 22 26 29 32 34 34 33 32 30 29 28 29 31 34 36 36 36 34 31 27 24 2119 721OR 641 341713 3799999999999999 0 2 191144 2899999999999999
 19 19 21 24 27 30 32 33 33 31 30 28 27 27 28 30 32 34 34 33 31 29 25 2319 722OR 712 331756 3499999999999999 034 191233 2799999999999999
 21 20 21 23 25 28 31 32 32 31 30 28 26 25 26 27 28 30 31 32 31 29 27 2519 723OR 742 321848 3299999999999999 1 4 201325 2599999999999999
 23 22 22 23 25 27 29 31 32 31 30 28 26 25 24 24 25 27 28 30 30 29 28 2719 724OR 811 321957 3099999999999999 133 221422 2499999999999999
 25 24 24 24 25 27 29 31 32 32 31 29 27 25 24 23 23 24 26 27 28 29 29 2919 725OR 839 322134 2999999999999999 2 0 241524 2399999999999999
 28 27 27 27 27 28 29 31 32 32 32 31 29 27 25 23 22 22 23 25 27 28 29 3019 726OR 910 322332 3099999999999999 229 261629 2299999999999999
 30 30 29 29 29 30 30 32 33 34 34 33 32 29 27 24 22 21 21 22 24 27 29 3119 727OR 949 34999999999999999999999 315 291732 2199999999999999
 32 32 32 32 32 32 32 33 34 35 35 36 35 33 30 27 24 22 20 20 22 24 27 3019 728OR 120 321038 3699999999999999 454 321830 2099999999999999
 32 34 34 34 34 34 33 33 34 35 37 38 38 37 34 31 27 24 21 19 20 21 24 2819 729OR 227 351135 3899999999999999 615 331926 1999999999999999
 31 34 36 36 36 35 35 34 34 35 37 39 40 40 39 36 32 27 23 20 18 19 21 2419 730OR 310 361232 4099999999999999 711 342020 1899999999999999
 29 33 36 37 38 37 36 35 34 35 36 38 41 42 42 40 37 32 27 22 18 17 18 2019 731OR 347 381328 4299999999999999 759 342113 1799999999999999
 25 30 34 37 38 38 37 35 34 34 34 36 39 42 44 44 41 37 32 26 21 17 16 1719 8 1OR 423 381424 4499999999999999 844 3422 4 1699999999999999
 20 25 30 35 37 38 37 35 33 32 32 33 36 40 43 44 44 42 37 31 25 19 16 1519 8 2OR 458 381520 4599999999999999 930 322251 1599999999999999
 17 21 26 31 35 37 37 35 33 31 30 30 32 35 39 42 44 43 41 36 29 23 19 1619 8 3OR 532 371616 44999999999999991020 302337 1699999999999999
 16 18 23 28 32 35 36 35 33 30 28 27 28 30 33 38 41 42 42 39 34 28 23 1919 8 4OR 6 5 361713 42999999999999991114 27999999999999999999999
 17 18 21 25 30 33 35 35 34 31 28 26 25 25 28 31 35 38 40 39 36 32 28 2319 8 5OR 637 351815 4099999999999999 019 171211 2599999999999999
 21 20 21 24 28 31 34 35 34 32 29 26 24 23 24 26 29 32 35 36 36 34 31 2819 8 6OR 710 351923 3799999999999999 059 201312 2399999999999999
 25 23 23 24 27 30 33 34 35 34 31 28 25 23 22 22 24 27 29 32 34 34 33 3119 8 7OR 744 352043 3499999999999999 138 231419 2299999999999999
 29 27 26 27 28 30 32 34 35 35 33 31 28 25 23 21 21 22 25 27 30 31 32 3219 8 8OR 822 352223 3399999999999999 217 261535 2199999999999999
 32 30 30 29 30 31 32 34 35 36 35 34 31 29 26 23 22 21 22 23 26 28 31 3219 8 9OR 9 8 36999999999999999999999 259 2917 0 2199999999999999
 33 33 32 32 32 32 33 34 35 36 36 36 35 32 30 27 24 22 21 21 23 25 28 3119 810OR 029 3310 5 3699999999999999 359 321820 2199999999999999
 33 34 34 34 34 34 34 34 35 36 37 37 37 36 34 31 28 25 23 21 22 23 26 2919 811OR 217 341111 3899999999999999 528 341925 2199999999999999
 32 34 35 35 35 35 34 34 35 36 37 38 39 39 37 35 32 28 25 23 22 22 24 2719 812OR 3 4 351213 3999999999999999 637 342018 2299999999999999
 30 33 35 36 36 35 35 34 34 35 36 38 40 40 40 38 35 32 28 25 23 22 23 2519 813OR 331 3613 7 4099999999999999 721 3421 1 2299999999999999
 28 32 34 36 36 36 35 34 33 34 35 37 39 41 41 40 38 35 31 27 24 22 22 2319 814OR 352 361352 4199999999999999 756 332138 2299999999999999
 26 30 33 35 36 36 35 33 32 32 33 35 38 40 42 42 40 37 33 29 25 22 21 2219 815OR 413 361433 4299999999999999 831 322211 2199999999999999
 24 28 31 34 36 36 35 33 31 31 31 33 35 38 41 42 41 39 35 31 27 23 21 2119 816OR 435 361512 4299999999999999 9 8 312242 2199999999999999
 22 25 29 32 35 35 35 33 31 29 29 30 32 35 38 40 41 40 37 33 28 24 21 2019 817OR 459 351550 4199999999999999 948 292311 2099999999999999
 21 23 27 30 33 35 34 33 31 29 27 27 29 31 35 38 39 39 37 34 30 26 23 2119 818OR 524 351628 39999999999999991029 272339 2099999999999999
 20 22 25 28 32 33 34 33 31 28 26 26 26 28 31 34 36 37 37 35 31 27 24 2219 819OR 550 3417 8 37999999999999991111 26999999999999999999999
 21 22 24 27 30 32 33 33 31 29 26 25 24 25 27 30 33 35 35 34 32 29 26 2419 820OR 614 331751 3599999999999999 0 6 211154 2499999999999999
 23 23 24 26 29 31 33 33 32 30 27 25 24 24 25 27 30 32 33 34 33 31 28 2619 821OR 637 331841 3499999999999999 031 221239 2399999999999999
 25 24 25 27 29 31 33 33 32 31 28 26 24 23 23 24 27 29 31 32 32 31 30 2819 822OR 659 331942 3299999999999999 054 241327 2399999999999999
 27 27 27 28 29 31 33 33 33 32 30 28 26 24 23 23 24 26 28 30 31 32 31 3019 823OR 722 3321 3 3299999999999999 113 271423 2399999999999999
 30 29 29 30 30 32 33 34 34 34 32 30 28 26 24 23 23 24 25 27 29 31 32 3219 824OR 754 34999999999999999999999 130 291533 2399999999999999
 32 31 31 31 32 33 34 35 35 35 35 33 31 29 26 24 23 22 23 24 26 29 31 3219 825OR 844 359999999999999999999991655 22999999999999999999999
 33 33 33 33 33 33 34 35 36 36 37 36 35 32 30 27 24 22 21 22 23 26 28 3119 826OR 957 379999999999999999999991812 21999999999999999999999
 33 34 35 35 35 34 34 35 35 37 38 39 38 37 34 31 27 24 21 20 20 22 25 2819 827OR 238 351114 3999999999999999 542 341919 2099999999999999
 31 34 35 36 35 35 34 34 34 36 37 39 40 40 39 36 31 27 23 20 18 19 21 2419 828OR 3 3 361224 4199999999999999 645 342017 1899999999999999
 28 32 34 36 36 35 33 33 32 33 35 38 41 42 42 40 37 32 26 21 18 17 18 2019 829OR 329 361327 4299999999999999 735 3221 9 1799999999999999
 25 29 33 35 36 35 33 31 30 30 32 35 38 42 43 43 41 37 31 25 20 17 16 1719 830OR 355 361426 4499999999999999 824 302155 1699999999999999
 21 26 30 34 35 35 33 30 28 27 28 30 34 38 42 44 43 41 36 30 24 19 17 1619 831OR 422 351523 4499999999999999 914 272238 1699999999999999
 19 23 28 32 34 35 34 31 28 25 24 25 28 32 37 41 43 42 40 35 29 23 19 1819 9 1OR 449 351620 439999999999999910 5 242318 1799999999999999
 18 21 26 30 33 35 34 32 28 25 23 22 23 26 31 36 39 41 40 38 33 28 23 2119 9 2OR 517 351718 41999999999999991059 222355 2099999999999999
 20 21 24 29 32 35 35 34 30 26 23 21 20 21 24 29 33 37 38 38 35 32 28 2419 9 3OR 546 351818 38999999999999991153 20999999999999999999999
 23 23 25 28 31 34 35 35 33 29 25 22 20 19 20 23 27 31 34 36 35 34 31 2819 9 4OR 616 351923 3699999999999999 029 231251 1999999999999999
 26 26 26 28 31 34 35 36 35 32 29 25 22 20 19 20 23 26 29 31 33 33 32 3119 9 5OR 648 362041 3399999999999999 1 2 261354 1999999999999999
 30 29 29 30 31 33 35 36 36 34 32 29 26 23 21 20 21 22 24 27 29 31 32 3219 9 6OR 726 362234 3299999999999999 131 291511 2099999999999999
 32 31 31 31 32 33 34 35 36 35 34 32 30 27 25 23 21 21 22 23 26 28 30 3119 9 7OR 813 36999999999999999999999 154 311647 2199999999999999
 32 33 33 33 33 33 34 35 35 36 36 35 33 31 29 26 24 22 21 22 23 25 28 3019 9 8OR 923 369999999999999999999991818 21999999999999999999999
 32 33 33 34 33 33 33 34 34 35 36 36 36 34 32 30 27 24 22 21 21 23 25 2819 9 9OR1049 369999999999999999999991924 21999999999999999999999
 30 32 33 34 34 33 33 33 33 34 35 36 37 37 35 33 30 27 24 22 21 21 23 2619 910OR 3 2 3412 4 3799999999999999 628 332013 2199999999999999
 29 31 33 34 33 33 32 32 32 33 34 36 37 38 37 35 33 29 26 23 21 20 21 2419 911OR 314 3413 0 3899999999999999 7 7 322050 2099999999999999
 27 30 32 33 33 32 31 30 30 31 32 34 36 38 38 37 35 31 28 24 21 20 20 2219 912OR 326 331344 3899999999999999 741 302121 2099999999999999
 25 28 31 33 33 32 30 29 28 28 29 32 34 37 38 38 36 33 29 25 22 20 19 2119 913OR 340 331424 3899999999999999 816 282149 1999999999999999
 23 27 30 32 33 32 30 28 26 26 26 28 31 35 37 38 37 35 31 27 23 20 19 2019 914OR 357 3315 3 3899999999999999 854 262215 1999999999999999
 22 25 29 31 32 32 30 28 25 24 24 25 28 31 35 37 37 36 33 29 25 21 20 1919 915OR 416 321542 3799999999999999 933 242240 1999999999999999
 21 24 27 30 32 32 31 28 25 23 22 22 24 28 32 34 36 36 34 30 27 23 21 2019 916OR 437 321622 36999999999999991013 2223 4 2099999999999999
 21 23 26 30 32 32 31 29 26 23 21 21 22 24 28 31 34 35 34 32 28 25 23 2119 917OR 457 3217 3 35999999999999991052 212327 2199999999999999
 22 23 26 29 31 32 32 30 27 24 21 20 20 22 25 28 31 33 33 32 30 27 25 2319 918OR 517 331748 34999999999999991130 202348 2399999999999999
 23 24 26 29 31 33 33 31 29 26 22 20 19 20 22 25 28 31 32 32 31 29 27 2619 919OR 536 331837 32999999999999991211 19999999999999999999999
 25 25 27 29 31 33 33 33 31 28 24 22 20 19 20 22 25 28 30 31 31 30 29 2819 920OR 555 331938 3199999999999999 0 5 251257 1999999999999999
 27 27 28 30 31 33 34 34 32 30 27 24 22 20 20 20 22 25 27 29 30 30 30 2919 921OR 619 342058 3099999999999999 016 271353 2099999999999999
 29 29 30 31 32 33 34 34 34 32 30 27 24 22 20 20 20 22 23 26 28 29 30 3019 922OR 653 34999999999999999999999 017 2915 7 2099999999999999
 30 31 31 31 32 33 34 34 34 34 33 30 28 25 23 21 19 19 20 22 24 26 28 3019 923OR 750 349999999999999999999991638 19999999999999999999999
 31 31 32 32 32 32 33 34 34 35 35 34 32 29 26 23 20 19 18 19 20 23 25 2819 924OR 920 3599999999999999999999918 3 18999999999999999999999
 30 31 32 32 32 32 32 32 33 34 35 36 35 33 30 27 23 20 17 16 17 19 22 2519 925OR 245 321056 3699999999999999 534 321910 1699999999999999
 28 30 32 32 31 30 30 30 30 32 34 36 37 37 35 31 27 23 19 16 15 16 18 2219 926OR 244 321217 3799999999999999 641 3020 5 1599999999999999
 26 29 31 32 31 29 28 27 27 28 30 34 36 38 38 36 32 27 22 18 15 15 16 1919 927OR 257 321325 3899999999999999 732 272051 1599999999999999
 23 27 30 31 31 29 27 25 23 24 26 29 33 37 39 39 36 32 27 22 18 15 15 1719 928OR 315 311427 3999999999999999 820 232133 1599999999999999
 21 26 29 31 32 30 27 24 21 20 21 23 28 33 37 39 39 36 32 26 21 18 16 1719 929OR 336 321526 3999999999999999 9 9 202211 1699999999999999
 20 25 29 32 33 32 29 24 21 18 17 18 22 27 32 36 38 38 35 31 26 22 19 1919 930OR 4 0 331624 3899999999999999 959 172247 1899999999999999
 20 24 28 32 33 33 31 27 22 18 16 15 17 21 26 31 35 37 36 34 30 26 23 211910 1OR 427 341721 37999999999999991050 152320 2199999999999999
 22 24 28 31 34 35 33 30 26 21 17 15 14 16 20 25 30 33 35 34 32 29 26 251910 2OR 456 351820 35999999999999991141 142350 2499999999999999
 24 25 28 31 34 35 35 33 29 25 20 17 15 15 17 20 24 28 31 33 32 31 29 271910 3OR 526 351924 33999999999999991236 15999999999999999999999
 27 27 28 31 33 35 35 34 32 29 25 21 18 16 16 18 20 23 27 29 30 31 30 291910 4OR 558 352044 3199999999999999 017 271336 1699999999999999
 29 29 29 31 32 34 35 35 34 31 28 25 22 20 18 18 18 20 22 25 27 29 30 301910 5OR 631 35999999999999999999999 034 291450 1899999999999999
 30 30 30 31 32 33 34 34 34 33 31 29 26 24 21 20 19 19 20 22 24 26 28 291910 6OR 712 349999999999999999999991625 19999999999999999999999
 30 31 31 31 31 32 32 33 33 33 32 31 29 27 25 22 20 19 19 19 21 23 25 271910 7OR 815 339999999999999999999991755 19999999999999999999999
 29 30 31 31 31 31 31 31 31 32 32 32 31 29 27 25 22 20 19 18 19 20 23 251910 8OR 958 329999999999999999999991857 18999999999999999999999
 28 29 30 30 30 29 29 29 29 30 31 32 32 31 29 27 24 22 19 18 17 19 21 241910 9OR 232 301136 3299999999999999 637 291942 1799999999999999
 26 28 29 30 29 28 27 27 27 28 29 31 32 32 31 29 26 23 20 18 17 17 19 22191010OR 237 301241 3299999999999999 7 9 272016 1799999999999999
 25 27 29 29 28 27 25 24 24 25 27 29 31 32 32 30 28 25 22 19 17 17 18 20191011OR 245 291331 3299999999999999 741 242045 1799999999999999
 24 26 28 29 28 26 24 22 22 22 23 26 29 31 32 31 30 27 23 20 18 17 17 19191012OR 256 291416 3299999999999999 814 222111 1799999999999999
 23 26 28 29 29 27 24 21 20 19 20 23 26 29 31 32 31 29 26 22 19 18 18 19191013OR 310 291458 3299999999999999 849 192135 1799999999999999
 22 25 28 29 29 28 25 21 19 17 18 19 23 26 29 31 32 30 28 24 21 19 19 19191014OR 327 301540 3299999999999999 924 172159 1999999999999999
 22 25 28 30 30 29 26 22 19 17 16 17 19 23 27 30 31 31 29 27 24 21 20 20191015OR 345 301622 329999999999999910 0 162222 2099999999999999
 22 25 28 30 31 30 28 24 20 17 15 15 17 20 24 28 30 31 31 29 26 23 22 22191016OR 4 4 3117 5 31999999999999991036 152245 2299999999999999
 23 25 28 31 32 32 30 27 22 18 16 14 15 17 21 25 28 30 31 30 28 26 24 23191017OR 423 321752 31999999999999991114 1423 5 2399999999999999
 24 26 28 31 32 33 32 29 25 21 17 15 14 15 18 22 25 28 30 30 29 27 26 25191018OR 444 331843 30999999999999991155 142321 2599999999999999
 25 26 28 31 32 33 33 31 28 24 19 16 15 14 16 18 22 25 27 29 29 29 28 27191019OR 5 8 331946 29999999999999991242 142331 2799999999999999
 27 27 29 30 32 33 33 32 30 27 23 19 16 15 15 16 18 21 24 26 28 28 28 28191020OR 537 339999999999999999999991339 14999999999999999999999
 28 28 29 30 31 32 33 33 31 29 26 22 19 17 15 15 15 17 20 22 24 26 27 28191021OR 615 339999999999999999999991451 15999999999999999999999
 28 29 29 29 30 31 31 32 32 31 29 26 23 20 17 15 14 15 16 18 21 23 25 27191022OR 716 329999999999999999999991616 14999999999999999999999
 28 28 29 29 29 29 29 30 31 31 30 29 27 24 20 17 15 14 14 15 17 20 23 25191023OR 857 319999999999999999999991738 13999999999999999999999
 27 28 28 28 27 26 26 27 28 29 30 30 30 28 25 21 18 15 13 13 14 17 20 23191024OR 147 281048 3099999999999999 550 261844 1399999999999999
 26 27 28 27 26 24 23 23 24 26 28 30 31 31 29 26 22 18 15 13 13 15 18 21191025OR 151 281219 3199999999999999 646 231936 1399999999999999
 24 27 28 27 25 23 21 19 19 21 24 27 30 32 32 30 27 23 19 16 14 14 16 20191026OR 2 4 281331 3299999999999999 733 192021 1499999999999999
 24 27 28 28 26 23 20 17 16 16 18 22 27 30 33 33 31 27 23 19 17 16 17 19191027OR 222 281435 3399999999999999 819 1521 1 1699999999999999
 23 27 29 30 28 25 21 16 14 12 13 17 21 27 31 33 33 31 28 24 20 18 18 20191028OR 244 301534 3399999999999999 9 5 122138 1899999999999999
 23 27 30 31 31 28 23 18 14 11 10 12 16 21 27 31 33 33 31 28 24 21 20 21191029OR 310 311631 3399999999999999 952 102212 2099999999999999
 23 27 30 32 33 31 27 22 17 13 10 10 12 16 22 27 31 33 33 31 28 25 23 23191030OR 340 331727 33999999999999991040  92244 2399999999999999
 24 27 30 33 34 33 31 27 21 16 12 10 10 13 17 22 27 30 32 31 30 27 26 25191031OR 412 341822 32999999999999991129 102313 2599999999999999
 25 27 30 32 34 34 33 30 26 21 16 13 11 12 14 18 22 26 29 30 30 29 28 271911 1OR 444 341923 30999999999999991220 112339 2699999999999999
 26 27 29 31 33 34 34 32 29 25 20 17 14 13 13 15 18 22 25 27 28 29 28 281911 2OR 516 342038 29999999999999991314 132358 2799999999999999
 27 28 29 30 32 33 33 32 30 27 24 20 17 15 14 15 16 18 21 24 26 27 28 281911 3OR 548 339999999999999999999991415 14999999999999999999999
 28 28 28 29 30 31 31 31 30 28 26 23 21 18 16 15 15 16 18 20 22 24 26 271911 4OR 620 319999999999999999999991530 15999999999999999999999
 27 28 28 28 28 28 29 29 29 28 27 25 23 21 18 17 16 15 16 17 19 22 24 251911 5OR 7 6 299999999999999999999991650 15999999999999999999999
 26 27 27 27 26 26 26 26 27 27 26 25 24 23 20 18 17 15 15 16 17 19 22 241911 6OR 118 27 840 2799999999999999 526 261756 1599999999999999
 25 26 26 25 25 24 23 23 24 24 25 25 25 24 22 20 18 16 15 15 16 17 20 221911 7OR 125 261053 2599999999999999 628 231845 1599999999999999
 24 25 25 25 23 22 21 20 21 22 23 24 25 25 24 22 20 18 16 15 15 16 19 211911 8OR 134 251225 2599999999999999 7 1 201923 1599999999999999
 23 25 25 24 23 21 19 18 18 19 20 22 24 25 25 24 22 20 18 16 16 16 18 211911 9OR 144 251327 2599999999999999 732 181955 1699999999999999
 23 25 26 25 23 20 18 16 15 16 18 20 23 25 26 26 24 22 20 18 17 17 18 21191110OR 157 261418 2699999999999999 8 3 152024 1799999999999999
 23 25 26 26 24 21 18 15 13 13 15 17 21 24 26 27 26 24 22 20 18 18 19 21191111OR 212 2615 3 2799999999999999 835 132051 1899999999999999
 24 26 28 28 26 23 19 15 13 12 12 15 18 22 25 27 28 27 25 22 21 20 20 21191112OR 229 281546 2899999999999999 9 8 122118 1999999999999999
 24 27 29 29 28 25 21 17 13 11 11 12 16 20 24 27 29 29 27 25 23 21 21 22191113OR 250 291628 2999999999999999 943 102145 2199999999999999
 24 27 30 31 30 28 24 19 15 11 10 10 13 17 22 26 28 29 29 27 25 23 23 23191114OR 313 311712 29999999999999991019 102212 2399999999999999
 25 27 30 32 32 30 27 22 17 13 10  9 10 14 18 23 26 29 30 29 27 25 24 24191115OR 339 321758 30999999999999991059  92239 2499999999999999
 25 27 29 32 33 32 30 26 21 16 12  9  9 11 14 19 23 26 28 29 28 27 25 25191116OR 4 8 331849 29999999999999991142  923 5 2599999999999999
 25 27 29 31 32 32 31 28 24 19 14 11  9  9 11 15 19 23 26 27 28 27 26 26191117OR 441 331949 28999999999999991231  92331 2699999999999999
 26 26 27 29 31 32 31 30 27 22 18 14 11  9  9 11 14 18 21 24 26 26 26 26191118OR 519 3221 7 26999999999999991325  9999999999999999999999
 26 26 26 27 28 30 30 30 28 25 21 17 14 11 10 10 11 14 17 20 23 24 25 25191119OR 6 7 30999999999999999999999 0 8 261428 1099999999999999
 25 25 25 25 26 26 27 28 28 26 24 21 18 14 12 10 10 11 14 16 19 22 23 24191120OR 716 282347 25999999999999991539 10999999999999999999999
 25 24 24 23 23 23 23 24 25 26 25 24 21 18 15 13 11 11 12 14 16 19 22 23191121OR 859 26999999999999999999999 418 231653 1199999999999999
 24 24 23 21 20 19 19 20 21 23 24 25 24 22 20 17 15 13 12 13 15 17 20 23191122OR 013 241057 2599999999999999 541 1918 0 1299999999999999
 24 24 23 21 19 17 15 15 17 19 21 24 25 25 24 21 19 16 14 14 15 17 20 22191123OR 034 241232 2599999999999999 637 151856 1499999999999999
 24 25 24 22 19 16 13 12 12 14 17 21 24 26 27 26 23 20 18 16 16 17 19 22191124OR 057 251347 2799999999999999 725 121945 1699999999999999
 25 26 26 24 21 17 13 10  9  9 12 16 21 25 28 28 27 25 22 20 18 18 20 23191125OR 123 271451 2899999999999999 811  92027 1899999999999999
 26 28 29 27 24 20 15 11  8  7  8 12 17 22 26 29 29 28 26 23 21 20 21 23191126OR 152 291548 3099999999999999 857  721 6 2099999999999999
 26 29 30 30 28 24 19 14  9  7  6  8 12 18 23 27 30 30 29 26 24 22 22 23191127OR 226 311640 3099999999999999 943  62143 2299999999999999
 26 29 31 32 31 28 24 18 13  9  7  7  9 14 19 24 28 30 30 29 26 24 24 24191128OR 3 2 321730 30999999999999991029  62217 2399999999999999
 25 28 31 33 33 31 28 23 17 12  9  7  8 11 15 21 25 28 30 29 28 26 25 24191129OR 338 331817 30999999999999991114  72250 2499999999999999
 25 27 29 32 33 32 30 26 21 16 12  9  8  9 13 17 21 25 28 29 28 27 26 25191130OR 414 3319 6 29999999999999991159  82323 2599999999999999
 25 26 28 30 31 32 31 28 24 20 16 12 10 10 11 14 18 21 24 26 27 27 26 251912 1OR 448 3220 0 27999999999999991244 10999999999999999999999
 25 25 26 28 29 30 30 28 26 22 18 15 12 11 11 12 15 18 21 23 25 25 25 251912 2OR 522 3021 5 2599999999999999 0 1 251330 1099999999999999
 24 24 24 25 26 27 27 27 25 23 20 17 14 12 11 12 13 15 18 20 22 23 24 241912 3OR 556 272218 2499999999999999 051 241418 1199999999999999
 23 23 23 23 23 24 24 24 24 22 21 18 16 14 13 12 12 13 15 17 20 21 22 231912 4OR 639 242311 2399999999999999 210 231511 1299999999999999
 23 22 21 21 20 21 21 21 21 21 20 19 18 16 14 13 13 13 14 16 18 19 21 221912 5OR 751 212341 2299999999999999 4 7 2016 9 1399999999999999
 22 21 20 19 18 18 17 18 18 19 19 19 19 18 16 15 14 14 14 15 16 18 20 211912 6OR1011 19999999999999999999999 538 171711 1499999999999999
 22 21 20 18 17 15 15 15 15 16 18 19 19 19 18 17 16 15 15 15 16 18 20 211912 7OR 0 3 221220 1999999999999999 626 1518 6 1599999999999999
 22 22 21 19 16 14 13 12 12 14 16 18 19 20 20 20 19 18 17 16 17 18 20 221912 8OR 022 221338 2099999999999999 7 3 121853 1699999999999999
 23 23 22 20 17 14 12 10 10 11 13 16 19 21 22 22 21 20 19 18 18 19 21 221912 9OR 041 231433 2299999999999999 736 101933 1899999999999999
 24 25 24 22 19 15 12 10  8  9 11 14 18 21 23 24 24 23 21 20 20 20 21 23191210OR 1 3 251517 2499999999999999 810  82010 2099999999999999
 25 26 26 25 22 18 14 10  8  7  9 12 16 20 23 25 26 25 24 22 21 21 22 24191211OR 129 261557 2699999999999999 846  72045 2199999999999999
 26 28 28 28 25 21 16 12  8  6  7  9 13 18 22 25 27 27 26 24 23 22 22 24191212OR 159 281635 2799999999999999 923  62120 2299999999999999
 26 28 30 30 28 25 20 15 10  7  5  6 10 14 20 24 27 28 28 26 25 23 23 23191213OR 233 301715 289999999999999910 3  52155 2399999999999999
 25 28 30 31 30 28 24 18 13  8  5  5  6 10 16 21 25 28 28 28 26 24 23 23191214OR 310 311757 28999999999999991046  52232 2399999999999999
 24 26 29 31 31 30 27 22 16 11  7  4  4  7 11 16 21 25 27 27 26 25 23 23191215OR 350 311842 27999999999999991131  42313 2399999999999999
 23 24 27 29 30 30 29 25 20 15  9  6  4  5  7 12 17 21 24 26 26 25 23 22191216OR 433 311930 26999999999999991218  4999999999999999999999
 22 22 24 26 28 29 29 27 23 18 13  9  6  5  5  8 12 17 20 23 24 24 23 22191217OR 521 292020 2499999999999999 0 2 2213 6  599999999999999
 21 20 21 22 24 25 26 26 24 21 17 13  9  7  6  7  9 13 17 20 22 23 22 21191218OR 618 2621 9 2399999999999999 1 6 201357  699999999999999
 20 19 18 18 19 20 22 23 23 22 19 16 13 10  8  8  9 11 14 17 20 21 22 21191219OR 732 232154 2299999999999999 227 181450  899999999999999
 20 18 16 15 15 16 17 18 20 21 20 19 17 14 12 11 11 11 13 16 18 20 21 21191220OR 915 212234 2199999999999999 356 151550 1199999999999999
 20 18 16 14 12 12 12 13 15 17 19 20 19 18 17 15 14 13 14 15 17 20 21 22191221OR1114 202311 2299999999999999 515 121657 1399999999999999
 22 20 17 14 12 10  8  9 10 13 16 19 20 21 20 19 18 17 16 16 18 20 22 23191222OR1256 212348 2499999999999999 619  818 6 1699999999999999
 23 22 20 17 13 10  7  6  6  9 12 16 19 22 23 23 21 20 19 18 19 20 22 24191223OR1416 23999999999999999999999 713  619 7 1899999999999999
 25 25 23 20 16 12  8  6  4  5  8 12 17 21 24 25 25 23 22 21 20 21 22 24191224OR 028 251517 2599999999999999 8 3  41959 2099999999999999
 26 27 27 24 21 16 11  7  5  4  5  9 14 19 23 26 27 26 24 23 22 21 22 24191225OR 1 9 2716 5 2799999999999999 850  42043 2199999999999999
 26 28 29 28 25 21 16 11  7  4  4  6 11 16 21 25 27 28 26 25 23 22 22 23191226OR 153 291647 2899999999999999 935  42123 2299999999999999
 26 28 30 30 28 25 20 15 10  6  5  5  8 13 18 23 26 28 27 26 24 23 22 23191227OR 236 301724 28999999999999991018  422 1 2299999999999999
 24 27 29 30 30 28 24 19 14  9  6  5  6 10 14 19 24 26 27 26 25 23 22 22191228OR 317 3018 0 27999999999999991059  52237 2299999999999999
 23 25 27 29 30 29 26 22 17 12  8  6  6  8 11 16 21 24 26 26 25 23 21 21191229OR 356 301835 26999999999999991137  52316 2199999999999999
 21 22 24 26 28 28 26 23 19 14 10  7  6  7  9 13 17 21 23 24 24 23 21 20191230OR 432 281910 25999999999999991212  62351 1999999999999999
 20 20 22 23 25 26 25 23 20 16 12  9  7  6  8 10 14 17 20 22 23 22 20 19191231OR 5 7 261949 23999999999999991248  6999999999999999999999
