 36 35 32 28 25 24 24 27 32 38 42 45 45 43 39 34 29 24 21 19 20 23 27 3219 1 1Q11131 45999999999999999999999 513 2419 9 1999999999999999
 35 37 36 34 30 27 25 26 29 34 40 44 46 47 44 40 34 28 22 18 15 16 20 2519 1 2Q1 117 371232 4799999999999999 610 252017 1599999999999999
 31 36 39 38 35 31 27 26 27 30 36 41 46 49 48 45 40 33 25 19 14 12 13 1819 1 3Q1 222 391321 4999999999999999 7 4 262110 1299999999999999
 25 33 39 41 40 36 31 27 26 28 32 38 44 49 51 49 45 38 30 22 15 11  9 1219 1 4Q1 3 9 4114 1 5199999999999999 753 262154  999999999999999
 19 28 36 41 43 40 35 29 26 25 28 33 40 47 52 52 49 43 35 26 18 12  8  819 1 5Q1 347 431436 5299999999999999 837 252231  799999999999999
 12 21 32 40 44 43 39 33 27 24 25 29 35 43 50 54 52 47 39 31 22 14  9  619 1 6Q1 420 441510 5499999999999999 918 2423 4  699999999999999
  8 15 26 36 43 45 42 36 29 24 22 24 30 38 47 53 54 51 44 35 26 18 11  719 1 7Q1 451 451545 5499999999999999 956 222334  699999999999999
  7 11 20 31 40 44 44 39 33 26 21 21 25 32 41 49 54 53 48 40 31 22 15  919 1 8Q1 521 451621 54999999999999991034 21999999999999999999999
  7  9 16 25 35 42 44 41 36 29 23 20 21 26 34 43 50 53 50 44 36 27 19 1219 1 9Q1 552 441657 5399999999999999 0 3  71111 2099999999999999
  9  9 13 21 30 38 42 42 38 32 25 21 20 22 28 37 45 50 50 46 39 31 23 1719 110Q1 622 431735 5199999999999999 030  81148 1999999999999999
 12 10 12 18 26 34 40 41 39 34 28 23 20 20 24 31 38 45 48 47 42 35 28 2119 111Q1 654 411814 4899999999999999 058 101226 2099999999999999
 15 13 13 16 23 30 36 40 39 36 31 26 22 21 22 26 32 38 43 44 43 38 31 2519 112Q1 726 401857 4499999999999999 126 1213 5 2199999999999999
 19 16 15 16 21 27 33 37 39 38 34 30 26 23 22 23 27 31 36 40 40 38 34 2919 113Q1 8 0 391945 4099999999999999 156 151353 2299999999999999
 24 20 17 17 20 24 30 35 38 38 36 33 29 26 24 23 24 26 29 33 36 36 35 3219 114Q1 837 392047 3699999999999999 230 1715 2 2399999999999999
 28 24 21 20 20 23 27 32 37 39 38 36 33 29 26 24 22 22 23 26 29 31 33 3219 115Q1 922 392219 3399999999999999 313 201645 2299999999999999
 31 28 25 23 22 23 25 29 34 38 40 39 37 34 30 27 23 20 19 19 21 24 27 3019 116Q11019 40999999999999999999999 412 221825 1999999999999999
 32 32 30 28 25 24 24 27 31 36 39 42 41 39 36 31 26 21 17 14 14 16 20 2519 117Q1 029 321126 4299999999999999 520 241943 1499999999999999
 30 33 34 33 30 27 24 25 27 32 37 42 44 44 42 37 31 24 18 12  9  8 11 1719 118Q1 158 341233 4599999999999999 627 242043  899999999999999
 24 31 36 37 35 31 26 24 24 27 32 38 44 48 48 44 38 30 22 14  8  4  4  819 119Q1 252 371330 4899999999999999 728 242134  399999999999999
 16 26 34 39 39 36 30 25 22 22 26 32 40 48 51 51 46 38 28 18 10  3  0  119 120Q1 336 401421 5299999999999999 823 222218  099999999999999
  7 18 29 38 41 40 35 28 22 19 20 25 33 43 51 54 52 46 36 26 15  6  0 -219 121Q1 413 4115 7 5499999999999999 914 192259 -299999999999999
  1 10 22 34 41 43 39 32 24 18 16 18 24 34 45 53 55 52 44 34 23 12  4 -119 122Q1 448 431552 559999999999999910 0 162337 -299999999999999
 -2  4 15 28 38 43 43 37 29 20 15 14 17 25 36 47 54 55 50 42 31 20 10  319 123Q1 521 441637 55999999999999991045 13999999999999999999999
  0  2  9 22 34 42 44 41 34 25 17 12 12 17 25 37 47 52 52 47 38 28 18  919 124Q1 553 441723 5399999999999999 012  01129 1299999999999999
  4  3  7 16 28 39 44 43 39 31 22 15 11 12 18 26 37 46 49 47 42 34 25 1619 125Q1 625 4418 9 4999999999999999 044  31214 1199999999999999
 10  7  8 14 23 34 41 44 42 36 28 20 14 12 14 19 27 36 42 44 42 37 31 2319 126Q1 7 0 441858 4499999999999999 115  713 2 1299999999999999
 16 12 11 14 20 29 37 42 43 39 34 27 20 16 15 16 20 26 33 38 39 37 33 2819 127Q1 737 431951 3999999999999999 146 111358 1599999999999999
 22 18 16 16 19 25 32 38 41 41 38 33 27 22 19 17 18 20 25 29 32 33 32 3019 128Q1 819 422059 3399999999999999 220 151513 1799999999999999
 27 23 21 19 20 23 28 34 38 40 39 37 33 29 25 21 19 18 19 22 25 27 29 3019 129Q1 9 9 4023 0 3099999999999999 3 3 1917 2 1899999999999999
 29 28 26 24 23 23 26 30 34 37 39 38 37 34 31 27 23 20 17 17 18 20 24 2719 130Q11015 39999999999999999999999 4 5 231853 1799999999999999
 29 30 30 28 26 25 25 26 30 33 37 39 39 38 36 32 28 23 19 15 14 14 17 2219 131Q1 118 301146 3999999999999999 527 242012 1499999999999999
 27 30 32 32 30 27 25 24 26 29 33 37 40 41 40 37 33 27 21 16 12 10 11 1619 2 1Q1 222 3313 3 4199999999999999 642 2421 5 1099999999999999
 22 29 33 35 34 30 26 23 23 25 28 33 38 42 43 41 37 32 25 18 12  8  7 1019 2 2Q1 3 3 351352 4399999999999999 741 232145  799999999999999
 17 25 33 37 37 34 29 23 21 21 23 29 35 41 45 45 42 36 29 21 14  8  5  619 2 3Q1 334 371430 4599999999999999 829 202218  599999999999999
 12 20 30 37 39 37 32 25 20 18 19 23 30 38 45 47 46 40 33 25 16 10  5  419 2 4Q1 4 2 3915 4 4799999999999999 910 182246  499999999999999
  7 15 26 35 40 40 35 28 21 16 15 18 24 33 42 48 48 45 38 29 20 12  6  319 2 5Q1 429 401539 4999999999999999 948 152311  399999999999999
  5 11 21 31 39 41 38 32 24 17 13 14 18 27 36 45 49 48 42 34 24 16  9  419 2 6Q1 455 411613 49999999999999991024 132334  499999999999999
  4  8 17 27 36 40 40 35 27 20 14 11 14 20 30 40 47 49 45 38 29 20 12  719 2 7Q1 520 411648 499999999999999911 0 112356  599999999999999
  5  7 14 23 33 39 40 37 30 23 16 12 11 15 23 33 42 47 46 41 33 24 16  919 2 8Q1 545 401723 47999999999999991134 11999999999999999999999
  6  7 12 20 29 37 40 38 33 26 19 14 11 13 18 26 35 42 45 42 36 28 20 1319 2 9Q1 6 9 401759 4599999999999999 017  612 7 1199999999999999
  9  8 12 18 26 34 38 39 35 29 22 16 13 12 15 21 28 36 40 41 37 31 24 1719 210Q1 633 391837 4199999999999999 038  81241 1299999999999999
 12 10 12 17 24 31 37 39 37 32 26 20 15 13 14 17 22 28 34 37 36 33 27 2119 211Q1 659 391920 3799999999999999 1 0 101318 1399999999999999
 16 13 14 16 22 28 34 38 38 35 30 24 19 16 15 15 18 22 27 31 32 32 29 2519 212Q1 731 382012 3299999999999999 126 1314 9 1599999999999999
 20 17 16 17 20 25 31 35 37 36 33 28 24 20 17 16 16 17 19 23 26 28 28 2619 213Q1 811 372132 2899999999999999 2 0 161538 1699999999999999
 24 22 20 20 21 23 27 32 35 37 36 33 29 25 22 18 16 15 14 15 18 21 23 2519 214Q1 9 6 37999999999999999999999 250 201745 1499999999999999
 26 26 25 23 22 23 24 27 31 35 36 36 35 31 28 23 19 15 12 10 10 12 16 2119 215Q1 015 261026 3799999999999999 421 221925 1099999999999999
 25 28 29 28 25 23 22 23 26 30 34 37 38 38 35 30 25 18 13  8  5  5  8 1419 216Q1 158 2912 7 3899999999999999 6 2 222032  599999999999999
 21 27 31 32 30 26 22 20 21 24 28 34 39 42 42 38 32 24 16  9  4  1  1  619 217Q1 246 321323 4299999999999999 720 202121  099999999999999
 15 24 31 35 34 30 24 19 17 17 21 27 35 42 46 45 40 32 23 13  5  0 -3  019 218Q1 321 351418 4699999999999999 820 1722 1 -399999999999999
  8 18 29 36 38 35 28 21 15 12 13 19 28 38 46 49 47 41 31 20 10  2 -3 -319 219Q1 352 3815 5 4999999999999999 911 122237 -499999999999999
  2 12 25 35 40 39 33 25 16 10  8 10 18 29 40 49 51 47 39 28 17  7  0 -319 220Q1 421 401550 5199999999999999 956  823 8 -399999999999999
 -1  7 20 32 40 42 38 30 20 11  6  5  9 18 31 43 49 50 45 36 25 14  5  019 221Q1 448 421633 50999999999999991039  42337 -199999999999999
 -1  4 15 28 39 44 42 36 26 16  7  3  4  9 20 32 43 48 47 41 32 21 11  419 222Q1 517 441716 48999999999999991122  3999999999999999999999
  2  4 11 23 35 43 44 41 33 23 13  5  3  5 11 22 33 42 44 42 36 27 18 1019 223Q1 546 451759 4499999999999999 0 4  212 5  399999999999999
  6  6 11 19 30 40 44 43 38 29 20 11  6  5  7 14 23 32 38 39 36 31 23 1619 224Q1 617 441844 3999999999999999 029  61250  599999999999999
 11 10 12 17 26 35 41 43 40 34 27 19 12  9  8 11 16 23 30 34 34 31 27 2119 225Q1 650 431931 3499999999999999 054 101339  899999999999999
 17 14 15 18 23 30 36 40 40 36 31 25 19 15 13 12 14 17 22 26 29 29 27 2419 226Q1 726 402029 2999999999999999 122 141444 1299999999999999
 21 19 18 19 22 26 31 36 37 36 33 30 25 22 18 16 15 15 17 19 22 24 25 2519 227Q1 8 8 372223 2599999999999999 156 181626 1599999999999999
 24 23 22 21 22 24 27 31 33 35 34 32 30 27 24 21 18 16 15 15 16 18 21 2319 228Q1 9 7 35999999999999999999999 253 211829 1499999999999999
 25 26 25 24 23 23 24 26 28 31 33 33 33 31 29 26 23 18 15 12 12 13 16 2019 3 1Q1 116 261058 3399999999999999 445 231954 1299999999999999
 24 27 28 28 26 23 22 22 24 26 29 32 34 35 34 31 27 22 17 12  9  8 11 1519 3 2Q1 212 291253 3599999999999999 628 222045  899999999999999
 21 27 30 31 29 25 21 19 19 21 25 30 34 37 38 36 32 26 19 13  8  6  6 1019 3 3Q1 245 311344 3899999999999999 733 192122  699999999999999
 17 25 31 34 32 28 23 18 16 16 19 25 31 37 40 40 36 30 23 15  9  5  4  619 3 4Q1 313 341422 4099999999999999 821 152151  499999999999999
 13 22 30 35 35 32 26 19 14 12 14 19 26 35 41 43 40 35 27 19 11  5  2  319 3 5Q1 338 361456 4399999999999999 9 1 122216  299999999999999
  9 18 28 35 37 35 29 22 14 10  9 13 20 30 38 44 44 39 32 23 14  7  3  219 3 6Q1 4 1 371529 4499999999999999 939  92237  299999999999999
  6 14 24 33 38 38 33 25 17 10  7  8 14 23 33 42 45 42 36 27 18 10  4  219 3 7Q1 424 3816 2 45999999999999991014  72256  299999999999999
  5 12 21 31 38 39 36 29 20 12  6  5  8 16 27 37 43 44 39 31 22 13  6  319 3 8Q1 445 391636 44999999999999991049  52315  399999999999999
  4 10 19 29 37 40 38 32 24 15  8  5  5 10 20 30 39 43 41 35 26 17 10  519 3 9Q1 5 5 401710 43999999999999991122  42334  599999999999999
  5  9 17 26 35 40 40 35 27 19 11  6  4  7 13 23 33 39 41 37 30 21 13  819 310Q1 525 401746 41999999999999991154  42355  699999999999999
  6  9 15 24 33 39 40 37 31 23 15  9  5  6  9 16 25 33 37 37 32 25 18 1219 311Q1 548 401825 38999999999999991227  5999999999999999999999
  9 10 14 21 29 36 40 39 34 27 19 12  8  7  8 12 18 25 31 34 32 28 22 1619 312Q1 614 4019 8 3499999999999999 018  913 4  799999999999999
 12 12 14 19 26 33 38 39 36 31 24 17 12  9  9 10 13 18 23 27 29 28 24 2019 313Q1 646 3920 0 2999999999999999 044 111355  999999999999999
 17 15 15 18 23 28 34 37 37 33 28 23 18 14 12 11 11 12 16 20 23 24 24 2319 314Q1 726 372123 2499999999999999 115 151523 1099999999999999
 21 19 18 19 21 25 29 33 35 34 32 28 24 20 17 14 12 10 10 12 15 18 21 2219 315Q1 822 35999999999999999999999 157 181727 1099999999999999
 23 23 22 21 21 22 24 27 30 33 33 32 30 27 24 19 15 11  8  7  8 11 15 1919 316Q1 016 23 957 3399999999999999 338 2119 5  799999999999999
 23 26 26 25 23 21 21 21 24 27 31 34 35 34 31 26 21 14  9  5  3  4  8 1419 317Q1 146 2612 4 3599999999999999 557 2120 8  399999999999999
 21 27 29 29 26 22 19 17 17 20 25 31 36 38 38 34 28 20 13  6  1  0  2  919 318Q1 225 301321 3999999999999999 720 172053  099999999999999
 17 26 31 33 31 26 19 14 12 12 17 24 32 39 42 41 36 28 19 10  3 -1 -1  419 319Q1 254 331415 4399999999999999 817 122130 -299999999999999
 13 24 32 37 36 31 23 14  9  6  8 14 24 35 43 45 43 36 26 16  6  0 -2  019 320Q1 321 3715 0 4599999999999999 9 5  622 2 -299999999999999
  8 20 31 39 40 37 28 18  9  3  2  5 13 25 37 45 46 42 34 23 12  4  0  019 321Q1 347 411544 4799999999999999 950  22230 -199999999999999
  5 16 28 39 43 42 35 25 14  4 -1 -1  4 14 28 39 45 45 39 30 19 10  3  119 322Q1 413 441626 46999999999999991033 -12256  199999999999999
  4 12 24 37 44 45 41 32 21  9  1 -3 -1  5 17 30 40 44 42 35 26 16  8  419 323Q1 440 4617 8 44999999999999991115 -32321  499999999999999
  5 10 20 32 42 46 44 38 28 17  7  0 -2  1  8 19 31 38 40 37 31 22 14  919 324Q1 5 9 461751 40999999999999991158 -22347  899999999999999
  8 11 18 27 38 44 45 41 33 24 14  6  2  1  4 11 21 30 35 36 32 27 20 1419 325Q1 539 461834 36999999999999991242  1999999999999999999999
 11 12 17 24 32 40 43 42 37 29 21 14  8  5  5  8 14 22 28 31 31 28 23 1919 326Q1 610 441921 3299999999999999 013 111329  599999999999999
 15 15 17 22 28 35 39 40 37 32 27 20 15 11  9  9 11 16 21 25 27 27 25 2219 327Q1 644 402017 2799999999999999 043 151429  999999999999999
 19 18 18 21 25 29 34 36 36 34 30 25 21 18 15 13 12 13 16 19 22 24 24 2419 328Q1 725 372154 2499999999999999 118 181556 1299999999999999
 23 21 21 21 23 25 28 31 33 33 31 29 26 23 20 17 15 13 13 14 16 19 22 2319 329Q1 824 33999999999999999999999 212 211742 1399999999999999
 24 25 24 23 22 22 24 26 28 30 31 31 30 28 26 22 18 15 12 11 12 14 18 2219 330Q1 036 251020 3199999999999999 412 2219 7 1199999999999999
 25 27 27 26 23 21 20 21 23 26 29 31 32 32 31 27 23 18 13 10  8 10 13 1819 331Q1 138 271227 3399999999999999 6 9 2020 1  899999999999999
 24 28 30 29 26 22 19 17 17 20 24 29 33 35 35 32 27 21 15 10  7  6  9 1519 4 1Q1 214 301324 3599999999999999 718 172039  699999999999999
 22 28 32 32 30 25 19 15 13 14 18 24 31 36 38 36 32 26 18 12  7  5  6 1119 4 2Q1 242 3314 5 3899999999999999 8 7 1321 7  599999999999999
 18 27 33 35 33 29 22 15 10  9 12 18 26 34 39 40 36 30 22 14  8  5  5  819 4 3Q1 3 6 351441 4099999999999999 848  92131  499999999999999
 16 25 32 37 37 32 25 17 10  6  7 11 19 29 37 41 40 35 27 18 10  6  4  719 4 4Q1 327 371515 4199999999999999 927  62152  499999999999999
 13 22 32 38 39 36 29 20 12  6  3  6 12 22 33 40 42 38 31 22 14  7  5  619 4 5Q1 347 391550 429999999999999910 3  32212  599999999999999
 11 20 30 38 41 39 33 24 15  7  2  2  6 15 26 36 41 41 36 27 18 10  6  619 4 6Q1 4 5 411625 42999999999999991038  22233  599999999999999
 10 18 28 37 42 42 37 28 19 10  4  1  2  8 18 29 38 41 38 32 23 14  9  719 4 7Q1 424 4317 2 41999999999999991112  02256  799999999999999
  9 16 25 35 42 44 40 32 23 14  6  2  1  4 11 22 32 38 39 35 28 19 12  919 4 8Q1 446 441740 39999999999999991147  02321  999999999999999
  9 14 22 32 40 44 42 36 28 19 11  5  2  2  6 14 24 32 36 35 31 24 17 1219 4 9Q1 512 441821 36999999999999991224  12349 1199999999999999
 11 14 19 28 36 42 43 39 32 24 16  9  5  3  4  9 16 24 30 32 31 27 21 1619 410Q1 542 4319 8 329999999999999913 8  3999999999999999999999
 14 14 18 24 31 38 41 40 36 29 22 15 10  7  6  7 10 16 22 27 28 27 24 2119 411Q1 618 4120 6 2899999999999999 019 1414 7  699999999999999
 18 17 18 21 26 32 37 38 37 33 28 22 17 13 10  8  8 10 14 19 23 25 25 2419 412Q1 7 2 382134 2599999999999999 055 171532  899999999999999
 22 20 20 21 23 26 30 34 35 34 32 28 24 20 16 12  9  8  9 12 16 20 23 2419 413Q1 8 6 352342 2599999999999999 145 2017 8  899999999999999
 25 24 23 22 21 22 24 27 30 32 33 32 30 27 23 18 13  9  7  7 10 14 19 2319 414Q1 959 33999999999999999999999 343 211828  799999999999999
 26 27 27 24 22 20 19 20 23 27 31 34 35 34 31 25 19 13  8  5  5  9 14 2119 415Q1 1 2 2712 2 3599999999999999 556 191927  599999999999999
 27 30 31 29 25 20 16 14 15 19 24 31 36 38 37 33 26 18 11  6  4  5 10 1819 416Q1 144 311313 3899999999999999 712 142011  399999999999999
 26 32 35 34 30 23 16 11  9 10 15 23 32 38 41 39 34 26 17  9  4  3  6 1419 417Q1 215 3514 7 4199999999999999 8 8  92047  399999999999999
 24 33 39 40 36 29 20 11  6  4  6 13 24 34 41 43 40 33 24 14  7  4  5 1119 418Q1 242 401453 4399999999999999 857  42118  499999999999999
 20 31 40 44 42 36 26 15  6  1  0  4 13 25 36 43 44 39 31 21 12  7  6  919 419Q1 3 9 441538 4499999999999999 943  02147  699999999999999
 17 28 39 46 47 42 33 22 11  2 -2 -2  4 14 27 38 43 42 37 28 19 11  8  919 420Q1 337 471621 44999999999999991027 -32215  899999999999999
 14 24 36 45 49 47 40 29 18  7  0 -3 -1  6 17 30 39 42 40 34 25 17 11 1019 421Q1 4 5 4917 4 42999999999999991111 -32244 1099999999999999
 14 21 31 42 48 49 44 36 25 15  6  0 -2  1  9 20 31 38 39 36 30 23 16 1319 422Q1 435 501746 40999999999999991154 -22314 1399999999999999
 14 19 27 37 45 48 46 40 31 22 13  6  2  1  5 13 23 32 36 36 33 27 21 1719 423Q1 5 6 481830 37999999999999991237  12346 1599999999999999
 15 18 24 31 39 45 46 42 35 28 20 13  8  5  5  9 16 24 31 33 33 30 25 2119 424Q1 538 461916 34999999999999991322  5999999999999999999999
 18 18 22 27 34 40 43 42 37 32 26 20 14 10  9  9 13 18 24 29 31 30 27 2419 425Q1 615 4320 9 3199999999999999 021 181415  999999999999999
 21 20 21 24 29 34 38 39 38 34 30 25 21 17 13 12 12 15 19 23 27 28 28 2719 426Q1 659 392121 2899999999999999 1 3 201522 1299999999999999
 25 23 22 23 25 28 32 34 35 35 32 29 26 22 19 16 14 13 15 18 22 25 27 2819 427Q1 8 2 3523 8 2899999999999999 2 2 221642 1399999999999999
 27 26 25 23 23 24 26 29 31 33 33 32 30 28 24 20 16 14 13 14 17 21 25 2819 428Q1 944 33999999999999999999999 344 231756 1399999999999999
 29 29 28 26 23 22 21 23 25 29 32 33 33 32 29 25 20 16 13 12 13 17 21 2619 429Q1 036 301140 3499999999999999 537 211854 1299999999999999
 30 32 32 29 26 22 19 18 19 23 27 32 35 35 34 30 25 19 14 11 11 14 18 2419 430Q1 125 321250 3599999999999999 651 181936 1199999999999999
 30 34 35 33 29 24 19 15 14 17 21 27 33 37 37 35 30 23 17 12 10 12 15 2219 5 1Q1 158 351340 3799999999999999 745 1420 8 1099999999999999
 29 34 37 37 33 27 20 14 11 11 15 21 29 35 39 38 34 28 21 14 11 11 14 2019 5 2Q1 222 381422 3999999999999999 830 112035 1099999999999999
 27 35 39 40 37 31 23 16 10  7  8 14 22 31 38 41 38 33 25 18 13 11 12 1819 5 3Q1 243 4015 1 4199999999999999 911  721 1 1199999999999999
 26 34 41 43 41 35 27 18 11  5  4  7 15 25 34 40 41 37 30 22 15 12 12 1619 5 4Q1 3 2 431539 4299999999999999 949  42127 1199999999999999
 24 33 41 46 45 40 32 22 13  6  2  2  8 17 28 37 42 41 35 27 19 14 12 1519 5 5Q1 322 461618 42999999999999991027  22155 1299999999999999
 21 30 40 46 48 44 37 27 17  9  3  0  2  9 20 31 39 42 39 33 24 17 14 1419 5 6Q1 346 481658 429999999999999911 5  02225 1399999999999999
 19 27 37 45 49 48 41 32 22 13  6  1  0  4 12 23 33 39 40 36 30 22 17 1519 5 7Q1 413 491740 40999999999999991145  02257 1599999999999999
 17 23 32 41 48 49 45 38 29 19 11  5  2  2  6 15 25 34 38 38 33 27 21 1719 5 8Q1 445 491825 38999999999999991228  12332 1699999999999999
 17 20 27 35 43 48 47 42 34 26 18 11  6  3  4  9 17 26 33 35 35 31 25 2119 5 9Q1 521 481914 36999999999999991317  3999999999999999999999
 18 20 23 30 37 43 46 44 39 32 25 18 12  8  6  7 11 18 26 31 33 32 29 2519 510Q1 6 3 462012 3399999999999999 010 181415  699999999999999
 22 20 22 25 30 36 41 42 40 36 31 25 19 14 11  9  9 13 18 24 29 31 31 2919 511Q1 655 422123 3199999999999999 055 201522  899999999999999
 26 23 22 23 25 29 34 37 39 38 36 32 27 22 17 13 10 10 13 18 24 28 31 3119 512Q1 8 8 392244 3199999999999999 2 0 221632 1099999999999999
 30 27 25 23 23 24 26 30 33 36 37 36 33 29 24 19 14 11 11 14 19 24 29 3219 513Q1 959 372355 3399999999999999 352 231737 1199999999999999
 33 32 29 26 23 20 20 22 26 30 34 37 37 36 31 26 20 15 12 12 15 20 27 3319 514Q11144 37999999999999999999999 541 201832 1199999999999999
 36 37 35 31 25 20 17 16 17 21 28 34 38 39 38 33 27 20 15 12 13 17 24 3119 515Q1 046 371259 3999999999999999 656 161917 1299999999999999
 38 41 41 37 31 23 17 12 11 13 18 26 34 39 41 39 34 26 19 14 13 15 21 2919 516Q1 126 411358 4199999999999999 756 111956 1399999999999999
 37 44 46 44 38 29 20 13  8  6  9 17 26 35 41 43 40 33 25 19 15 15 18 2519 517Q1 2 0 461449 4399999999999999 849  62032 1499999999999999
 35 44 49 49 44 36 26 16  9  4  3  8 16 28 37 43 44 39 32 24 18 16 17 2319 518Q1 232 491536 4499999999999999 938  321 7 1699999999999999
 31 41 49 52 50 43 34 23 13  5  2  2  8 18 30 40 44 43 38 31 23 18 18 2119 519Q1 3 3 521620 44999999999999991024  12141 1799999999999999
 27 37 47 53 53 48 40 30 19 10  4  1  3 10 21 33 41 44 42 36 29 22 19 2019 520Q1 334 5417 2 449999999999999911 8  12216 1999999999999999
 25 32 42 50 54 51 45 36 26 16  9  4  2  6 14 25 36 42 43 40 34 27 22 2019 521Q1 4 6 541743 43999999999999991149  22252 2099999999999999
 23 28 37 45 51 52 48 41 32 23 15  9  5  5 10 18 29 37 41 41 37 31 25 2219 522Q1 439 531823 42999999999999991229  52329 2199999999999999
 22 25 32 40 47 50 49 44 37 29 22 15 10  8  9 14 22 31 37 40 38 34 29 2519 523Q1 515 5019 5 40999999999999991310  8999999999999999999999
 23 24 28 34 41 46 48 45 40 34 28 21 16 12 11 13 18 25 32 37 38 36 32 2819 524Q1 555 481951 3899999999999999 0 9 221353 1199999999999999
 25 24 25 29 35 40 44 44 42 38 32 27 22 17 14 14 16 21 27 32 35 36 34 3219 525Q1 642 452044 3699999999999999 054 241442 1499999999999999
 28 26 25 26 30 34 38 41 41 39 36 32 27 23 19 16 16 18 22 27 32 35 35 3419 526Q1 740 412149 3599999999999999 150 251538 1699999999999999
 32 29 27 26 27 29 32 35 38 39 38 35 32 28 24 20 18 18 20 23 28 32 35 3619 527Q1 857 3923 2 3699999999999999 310 261637 1799999999999999
 35 33 30 28 26 25 26 29 32 35 37 37 35 33 29 25 21 19 19 21 25 29 33 3619 528Q11032 37999999999999999999999 450 251732 1899999999999999
 37 37 34 31 27 24 23 23 26 30 33 36 37 36 33 29 25 21 19 19 22 27 32 3619 529Q1 0 7 3712 0 3799999999999999 614 231819 1999999999999999
 39 40 38 35 30 25 21 19 20 23 28 33 37 38 37 34 29 24 21 19 21 25 30 3619 530Q1 050 4013 8 3899999999999999 717 191859 1999999999999999
 40 43 42 39 34 28 22 17 15 17 21 27 33 38 40 38 34 29 23 20 20 23 28 3519 531Q1 121 4314 2 4099999999999999 8 8 151934 2099999999999999
 41 45 46 44 38 31 24 17 13 11 14 20 27 35 41 42 39 34 28 23 20 22 26 3319 6 1Q1 147 461449 4299999999999999 853 1120 9 2099999999999999
 40 47 49 48 43 36 27 19 12  8  8 12 20 29 38 43 43 39 33 26 22 21 24 3019 6 2Q1 213 501533 4499999999999999 936  82045 2199999999999999
 38 46 52 52 49 42 32 23 14  8  5  6 12 21 32 41 45 44 38 31 25 22 22 2619 6 3Q1 242 531615 45999999999999991018  52123 2199999999999999
 34 43 51 55 54 47 39 28 19 11  5  3  5 13 24 35 43 45 43 37 30 24 22 2419 6 4Q1 313 551657 459999999999999911 0  322 2 2299999999999999
 29 38 47 54 56 53 45 35 25 16  8  4  3  7 16 28 38 44 45 41 35 28 23 2319 6 5Q1 349 561740 45999999999999991143  32242 2299999999999999
 26 32 41 50 56 55 50 42 32 23 14  8  4  4 10 19 31 39 44 43 39 33 26 2319 6 6Q1 427 561823 44999999999999991228  42324 2399999999999999
 24 27 34 43 51 55 53 47 39 30 22 14  8  6  7 13 23 33 40 43 41 37 31 2619 6 7Q1 510 5519 9 43999999999999991313  6999999999999999999999
 24 25 29 36 44 50 52 50 45 38 30 22 15 11  9 11 17 26 34 40 41 40 35 3019 6 8Q1 558 521957 4199999999999999 0 9 2314 1  999999999999999
 26 24 26 29 35 42 47 49 47 42 36 29 23 17 13 12 15 21 29 36 40 41 39 3519 6 9Q1 653 492049 4199999999999999 1 1 241451 1299999999999999
 30 27 25 26 29 34 39 43 45 44 41 36 30 24 19 16 15 18 24 31 37 40 41 3919 610Q1 8 3 452145 4199999999999999 2 7 251544 1599999999999999
 35 31 28 26 25 27 31 35 39 42 42 40 36 31 26 21 19 18 21 27 33 39 42 4319 611Q1 933 422244 4399999999999999 339 251637 1899999999999999
 41 37 33 28 25 23 24 27 31 35 39 40 40 37 33 28 23 21 21 24 30 36 42 4519 612Q11114 402342 4599999999999999 517 231729 2199999999999999
 45 43 39 34 28 23 21 20 22 27 32 37 40 41 39 34 29 25 23 23 27 33 39 4519 613Q11244 41999999999999999999999 640 201819 2399999999999999
 48 48 46 41 34 27 21 17 16 18 24 30 37 41 42 40 36 30 26 24 26 30 36 4319 614Q1 033 491354 4299999999999999 749 1619 6 2499999999999999
 49 52 51 47 41 32 24 18 14 13 15 22 30 38 43 44 42 37 31 27 26 28 33 4019 615Q1 118 521451 4499999999999999 847 131951 2699999999999999
 47 53 55 53 47 39 30 21 15 11 10 14 22 32 40 45 46 43 37 31 27 27 30 3619 616Q1 157 551538 4699999999999999 938 102034 2799999999999999
 44 51 56 56 52 45 36 27 18 12  8  9 14 24 35 43 47 47 42 36 30 27 28 3219 617Q1 233 571620 48999999999999991023  82115 2799999999999999
 39 47 55 58 56 51 42 33 23 15 10  8 10 17 28 39 46 49 46 41 34 29 27 2919 618Q1 3 8 581658 499999999999999911 3  82156 2799999999999999
 35 42 51 57 58 55 48 39 30 21 13  9  9 13 22 33 43 48 48 45 39 32 28 2719 619Q1 343 581733 49999999999999991140  82236 2799999999999999
 31 37 45 53 58 57 52 44 35 27 19 13 10 11 17 27 37 45 48 47 42 36 30 2719 620Q1 420 5818 8 48999999999999991215 102316 2799999999999999
 28 32 40 48 54 57 54 48 40 32 24 17 13 12 15 22 32 41 46 47 45 39 33 2919 621Q1 458 571844 47999999999999991248 122357 2799999999999999
 27 29 34 41 49 54 54 51 45 37 30 23 18 15 15 20 27 36 43 46 46 42 37 3219 622Q1 538 551922 46999999999999991321 15999999999999999999999
 28 28 31 36 42 48 51 51 47 41 35 28 23 19 17 19 24 31 38 43 45 44 40 3619 623Q1 622 5220 2 4599999999999999 040 281356 1799999999999999
 32 29 29 32 36 42 46 48 47 44 39 33 28 23 21 20 23 28 34 40 43 44 42 3919 624Q1 711 492045 4499999999999999 128 291434 2099999999999999
 35 32 30 30 32 36 40 44 45 44 41 37 32 28 24 23 23 26 31 37 41 44 44 4219 625Q1 8 7 452132 4499999999999999 229 301515 2399999999999999
 39 36 33 31 30 32 34 37 40 42 41 39 36 32 29 26 25 26 29 34 39 43 45 4419 626Q1 918 422222 4599999999999999 352 3016 2 2599999999999999
 43 40 37 33 31 29 29 31 34 37 39 40 39 36 33 30 28 27 29 32 37 42 45 4719 627Q11050 402313 4799999999999999 523 291651 2799999999999999
 46 44 41 37 32 29 26 26 27 31 34 38 39 39 38 35 32 29 29 31 35 40 45 4819 628Q11230 40999999999999999999999 642 261743 2999999999999999
 49 48 45 41 35 30 25 22 22 24 28 33 38 41 41 40 36 33 30 30 33 37 43 4819 629Q1 0 1 491347 4199999999999999 744 211833 3099999999999999
 52 52 50 46 40 33 26 21 17 17 20 26 33 39 43 44 42 37 33 31 31 34 40 4619 630Q1 046 521444 4499999999999999 837 171923 3099999999999999
 52 56 55 52 45 37 29 22 16 13 13 18 25 34 42 46 46 43 37 33 31 32 36 4219 7 1Q1 128 561530 4799999999999999 925 132012 3199999999999999
 50 56 59 58 52 44 35 25 18 12  9 11 17 27 37 45 49 48 43 37 32 30 32 3719 7 2Q1 210 591612 49999999999999991011  921 0 3099999999999999
 45 53 60 62 58 51 42 31 22 14  9  7 10 19 30 41 48 50 47 41 35 30 29 3219 7 3Q1 252 621652 50999999999999991054  72147 2999999999999999
 38 47 56 62 62 58 49 39 29 19 12  7  7 12 22 35 45 50 51 46 39 33 29 2819 7 4Q1 334 631731 51999999999999991135  62233 2899999999999999
 32 39 49 58 63 62 56 47 37 26 17 11  7  9 16 28 40 48 51 50 44 37 30 2719 7 5Q1 418 6318 8 51999999999999991215  72319 2799999999999999
 28 32 40 50 58 62 59 53 45 35 25 17 11 10 13 22 33 44 50 51 48 42 34 2919 7 6Q1 5 4 621845 51999999999999991253 10999999999999999999999
 26 28 33 41 50 57 59 56 50 42 33 24 17 14 14 19 28 39 47 51 51 46 40 3319 7 7Q1 552 591923 5199999999999999 0 6 261330 1399999999999999
 28 26 28 33 41 48 54 55 52 47 40 32 24 19 17 19 25 34 43 49 51 50 45 3919 7 8Q1 645 5520 4 5199999999999999 058 2614 6 1799999999999999
 33 29 27 29 33 39 45 50 50 48 44 38 31 26 23 22 24 30 38 46 51 52 50 4519 7 9Q1 744 502048 5299999999999999 158 271444 2299999999999999
 39 34 30 28 29 32 36 41 45 46 45 42 37 32 28 26 26 29 35 42 48 52 52 5019 710Q1 857 462139 5299999999999999 317 281528 2699999999999999
 46 41 35 31 29 28 29 33 37 40 42 42 41 38 35 32 30 30 33 38 44 50 53 5319 711Q11038 422237 5399999999999999 454 281620 3099999999999999
 51 47 42 37 32 28 26 26 29 32 36 39 41 42 40 37 35 33 33 36 41 46 51 5419 712Q11239 422341 5499999999999999 629 261720 3399999999999999
 54 53 49 44 38 32 27 24 23 25 29 34 39 43 44 43 40 37 35 35 38 42 48 5319 713Q114 3 44999999999999999999999 748 231822 3599999999999999
 56 56 54 50 44 37 30 24 20 19 22 27 34 41 45 47 45 41 38 35 36 39 43 4919 714Q1 042 561458 4799999999999999 849 191920 3599999999999999
 55 58 58 55 50 43 34 27 21 17 17 21 28 37 44 49 49 46 42 37 35 36 39 4519 715Q1 132 581539 4999999999999999 938 172013 3599999999999999
 51 57 60 59 55 48 40 31 24 18 15 16 22 31 41 48 52 51 46 40 36 34 36 4019 716Q1 214 601614 52999999999999991018 1521 0 3499999999999999
 47 54 60 62 59 53 45 36 28 20 15 14 17 25 36 46 52 53 50 44 38 34 33 3619 717Q1 252 621645 53999999999999991053 142143 3399999999999999
 41 49 57 62 62 58 50 42 32 24 18 14 15 20 30 42 50 54 53 48 41 35 32 3219 718Q1 329 631714 54999999999999991123 142224 3199999999999999
 36 43 52 60 63 61 55 47 38 29 21 16 15 18 26 37 47 53 54 51 45 38 32 3019 719Q1 4 6 631744 54999999999999991150 1523 3 3099999999999999
 32 38 46 54 61 62 58 51 43 34 26 20 17 18 23 32 43 51 54 53 48 42 35 3119 720Q1 444 621813 54999999999999991216 172342 3099999999999999
 30 33 40 48 56 60 59 54 47 39 30 24 20 19 22 29 38 47 53 53 51 45 39 3319 721Q1 521 601843 54999999999999991240 19999999999999999999999
 30 31 35 42 49 55 58 56 50 43 35 28 23 21 23 28 35 44 50 53 52 48 43 3719 722Q1 6 0 581913 5399999999999999 021 3013 5 2199999999999999
 33 31 33 37 43 49 53 54 51 46 39 32 27 24 24 27 33 41 47 52 52 50 46 4119 723Q1 641 541944 5399999999999999 1 3 311330 2499999999999999
 36 33 32 34 38 43 48 50 50 47 42 36 31 28 27 28 32 38 45 50 52 52 49 4419 724Q1 726 512017 5299999999999999 150 321357 2799999999999999
 40 36 34 33 34 37 41 44 46 46 43 40 35 32 30 30 32 37 42 48 52 53 51 4819 725Q1 820 462055 5399999999999999 254 331430 3099999999999999
 44 40 37 34 33 33 35 38 41 42 43 41 39 36 34 33 34 36 40 45 50 53 53 5219 726Q1 938 432143 5399999999999999 423 331516 3399999999999999
 48 44 41 37 34 31 31 31 34 36 39 40 41 40 39 37 36 36 38 42 47 51 54 5519 727Q11154 412243 5599999999999999 6 1 311623 3699999999999999
 53 50 46 41 36 32 28 26 27 29 33 37 40 43 43 42 40 38 38 40 43 48 53 5619 728Q11346 432352 5799999999999999 723 261740 3899999999999999
 57 55 52 46 40 34 28 24 21 22 25 30 37 42 46 46 45 41 39 38 40 43 49 5419 729Q11444 47999999999999999999999 825 211851 3899999999999999
 58 60 58 53 47 39 31 24 19 17 18 22 30 39 46 49 49 46 42 38 37 39 43 4919 730Q1 057 601527 5099999999999999 915 171954 3799999999999999
 56 61 63 60 54 46 37 28 20 15 13 15 23 33 43 50 53 51 46 40 36 35 37 4219 731Q1 152 6316 3 5399999999999999 959 132050 3599999999999999
 50 59 64 65 62 54 44 34 24 16 12 11 16 26 38 48 54 55 51 44 37 33 32 3519 8 1Q1 242 661636 55999999999999991039 112141 3299999999999999
 42 52 61 67 67 61 52 42 31 21 14 10 12 20 32 44 53 57 55 49 41 33 29 3019 8 2Q1 328 6717 7 57999999999999991115 102228 2999999999999999
 34 42 53 63 67 66 59 50 39 28 19 13 12 16 26 39 51 57 58 54 46 37 30 2719 8 3Q1 413 681738 58999999999999991148 122313 2799999999999999
 28 34 43 54 63 66 63 56 47 36 26 18 15 16 22 34 46 56 59 58 52 43 34 2819 8 4Q1 458 6618 8 59999999999999991218 15999999999999999999999
 26 28 34 44 54 61 63 59 52 43 33 25 20 19 22 30 42 53 59 60 56 49 40 3219 8 5Q1 544 631841 6099999999999999 0 0 261246 1899999999999999
 27 26 29 35 44 53 58 58 54 48 40 32 26 23 24 29 38 48 56 60 59 54 47 3919 8 6Q1 632 581916 6099999999999999 049 261314 2399999999999999
 32 28 28 30 35 43 49 53 52 49 44 38 32 28 28 30 36 44 52 58 60 58 53 4619 8 7Q1 724 531954 6099999999999999 144 281343 2899999999999999
 40 34 31 30 31 35 40 45 47 47 45 42 38 34 32 33 36 41 48 54 58 58 56 5219 8 8Q1 826 482039 5999999999999999 255 301417 3299999999999999
 47 41 37 33 32 31 33 37 40 42 43 43 41 39 38 37 37 40 44 49 54 57 57 5519 8 9Q110 8 432135 5799999999999999 432 3115 4 3799999999999999
 52 48 43 39 35 32 30 31 33 36 39 41 43 43 42 41 40 40 42 45 49 53 56 5619 810Q11256 432251 5699999999999999 620 301623 4099999999999999
 55 53 50 45 40 35 31 28 27 29 33 37 41 45 46 46 44 42 41 42 45 49 53 5619 811Q11414 46999999999999999999999 746 271756 4199999999999999
 57 57 55 51 45 39 33 28 25 24 27 32 38 44 48 50 48 45 42 41 41 44 48 5319 812Q1 019 571456 5099999999999999 844 241911 4199999999999999
 57 59 58 56 51 44 37 30 25 22 22 26 34 42 49 52 52 49 44 40 39 39 43 4819 813Q1 121 591528 5399999999999999 927 2220 8 3999999999999999
 54 59 61 60 56 49 41 33 26 22 20 22 28 38 47 53 55 53 48 42 37 36 38 4319 814Q1 2 6 611556 559999999999999910 1 202054 3699999999999999
 49 57 62 63 60 54 46 37 29 23 19 19 24 33 44 52 57 56 51 45 38 34 34 3719 815Q1 244 631621 57999999999999991029 192136 3399999999999999
 43 52 60 64 63 58 51 42 33 25 20 19 21 29 40 50 57 58 55 49 41 34 31 3219 816Q1 320 641646 58999999999999991054 192214 3199999999999999
 38 46 55 62 65 62 55 47 37 29 22 19 20 26 36 47 55 59 57 52 45 37 31 3019 817Q1 356 651710 59999999999999991115 192251 3099999999999999
 33 39 49 58 63 64 59 51 42 33 26 21 21 25 33 43 53 58 59 55 48 40 33 3019 818Q1 431 641734 59999999999999991135 212328 2999999999999999
 30 34 42 51 59 63 61 54 46 37 29 24 22 25 31 40 50 57 59 57 51 44 37 3119 819Q1 5 7 631757 59999999999999991155 22999999999999999999999
 29 31 36 45 53 59 60 56 49 41 33 27 25 26 31 38 47 55 59 58 54 47 40 3419 820Q1 543 601820 5999999999999999 0 3 291214 2599999999999999
 31 30 33 39 46 53 57 56 51 45 37 31 28 27 31 37 45 53 58 59 56 50 44 3819 821Q1 620 571845 5999999999999999 040 301234 2799999999999999
 33 31 32 35 40 46 51 53 51 47 41 35 31 30 32 36 43 50 56 58 57 53 48 4219 822Q1 7 2 531913 5999999999999999 120 311257 3099999999999999
 37 34 32 33 35 40 44 48 49 47 43 39 35 33 34 36 41 47 53 57 58 56 51 4619 823Q1 751 491949 5899999999999999 211 321323 3399999999999999
 41 37 34 33 33 35 37 41 43 44 44 42 39 37 37 38 40 44 49 54 57 57 55 5119 824Q1 9 3 442036 5799999999999999 332 331357 3799999999999999
 46 42 38 35 33 32 32 34 36 39 41 42 42 42 41 40 41 43 46 49 53 56 56 5519 825Q11145 422143 5699999999999999 522 3215 4 4099999999999999
 52 48 44 39 35 31 29 28 29 31 35 39 42 44 45 44 43 42 43 45 48 52 55 5719 826Q11355 452318 5799999999999999 659 2817 9 4299999999999999
 56 54 50 45 39 34 28 25 23 24 28 34 40 45 48 49 47 44 42 41 43 46 51 5619 827Q11438 49999999999999999999999 8 6 231846 4199999999999999
 59 59 57 53 46 38 31 25 20 19 21 27 35 44 50 52 51 47 43 39 38 40 44 5019 828Q1 046 591510 5299999999999999 855 191955 3899999999999999
 57 62 63 60 54 45 36 28 21 17 16 21 29 40 49 55 55 52 46 39 35 34 36 4219 829Q1 148 631539 5699999999999999 935 162050 3499999999999999
 51 59 65 66 62 54 44 33 24 17 14 16 24 35 47 56 59 57 50 42 34 30 29 3319 830Q1 238 6616 5 59999999999999991010 142138 2999999999999999
 41 52 62 67 67 61 52 41 30 21 16 15 20 30 43 55 61 61 56 47 37 29 25 2619 831Q1 324 681631 62999999999999991041 152223 2599999999999999
 31 41 54 64 68 66 59 49 37 27 20 17 19 26 39 52 61 64 61 54 43 33 25 2219 9 1Q1 4 9 681658 649999999999999911 9 1723 7 2299999999999999
 24 31 42 55 64 66 63 55 45 34 25 21 20 25 35 48 59 65 65 59 50 39 29 2319 9 2Q1 453 661726 66999999999999991135 202352 2199999999999999
 22 24 32 44 55 61 62 58 51 41 32 26 24 26 33 43 55 64 66 63 56 47 37 2819 9 3Q1 537 631756 669999999999999912 0 24999999999999999999999
 23 23 26 34 44 53 58 57 53 46 39 32 28 29 33 40 50 60 65 65 60 53 44 3619 9 4Q1 624 581828 6699999999999999 039 231225 2899999999999999
 29 26 26 29 35 43 50 53 52 48 43 38 34 32 34 39 46 54 61 63 62 57 50 4319 9 5Q1 714 5319 4 6399999999999999 132 251252 3299999999999999
 36 32 29 29 31 36 41 46 47 47 45 42 39 37 37 40 44 50 55 59 60 58 54 4919 9 6Q1 814 481944 6099999999999999 237 291322 3799999999999999
 44 39 35 32 31 32 35 38 41 43 44 43 43 41 41 41 43 46 50 54 57 57 55 5219 9 7Q110 5 442037 5799999999999999 4 7 3114 4 4199999999999999
 49 45 41 38 34 32 31 33 35 38 41 43 44 45 45 44 44 44 46 49 52 54 54 5419 9 8Q113 4 4522 5 5499999999999999 554 311549 4499999999999999
 53 50 47 43 39 35 31 29 30 32 36 40 44 47 48 48 46 44 43 44 46 49 52 5419 9 9Q114 2 48999999999999999999999 719 2918 0 4399999999999999
 55 54 52 49 44 38 33 29 27 28 31 37 43 48 51 51 49 45 42 41 41 43 47 5119 910Q1 011 551435 5299999999999999 815 271918 4199999999999999
 55 57 56 53 49 42 36 30 26 25 27 32 40 47 52 54 53 48 43 39 37 38 41 4719 911Q1 118 5715 2 5499999999999999 855 242010 3799999999999999
 53 58 59 58 53 47 39 32 26 23 23 28 36 45 52 56 56 52 46 39 35 33 36 4119 912Q1 2 1 591526 5799999999999999 926 232052 3399999999999999
 48 56 60 61 58 51 43 35 28 23 22 25 32 42 51 57 59 56 49 42 35 31 31 3519 913Q1 237 611549 5999999999999999 951 222130 3099999999999999
 42 51 59 62 61 56 48 39 31 25 22 23 29 38 49 57 60 59 53 45 37 30 28 2919 914Q1 312 631610 60999999999999991012 2222 6 2799999999999999
 35 44 54 61 63 59 52 43 34 27 23 23 27 36 46 56 61 61 56 49 40 32 27 2619 915Q1 347 631630 62999999999999991031 232242 2699999999999999
 30 37 48 57 62 61 56 48 39 31 25 24 27 34 44 54 61 62 59 52 43 35 28 2519 916Q1 422 621649 62999999999999991050 242316 2599999999999999
 26 31 41 51 58 61 58 51 43 34 28 26 27 33 41 51 59 63 61 55 47 38 31 2619 917Q1 457 6117 8 639999999999999911 9 262349 2499999999999999
 24 27 34 44 53 58 58 54 47 39 32 28 28 32 39 49 58 63 62 58 50 42 34 2819 918Q1 533 591729 63999999999999991129 27999999999999999999999
 25 26 30 37 46 53 56 55 50 43 36 31 30 32 38 46 54 61 63 60 54 46 38 3219 919Q1 612 561753 6399999999999999 024 251152 3099999999999999
 27 26 27 32 38 46 51 52 50 46 40 35 33 33 37 43 51 58 61 61 56 50 43 3619 920Q1 655 521823 6299999999999999 1 2 261216 3299999999999999
 31 28 28 29 33 38 44 47 48 46 43 39 36 36 38 42 47 53 58 60 58 53 47 4119 921Q1 747 481859 6099999999999999 150 281244 3699999999999999
 36 32 30 29 30 32 36 40 43 44 44 42 40 39 40 41 45 49 53 56 57 55 51 4719 922Q1 9 7 441946 5799999999999999 3 6 291317 3999999999999999
 42 38 34 31 29 29 30 33 36 39 42 43 43 43 43 43 43 45 48 51 53 54 53 5119 923Q11154 4321 2 5499999999999999 451 291425 4399999999999999
 48 44 40 36 32 28 27 27 29 33 37 41 45 46 46 45 44 43 43 45 47 50 53 5419 924Q11335 4723 9 5499999999999999 625 261724 4399999999999999
 53 51 47 42 36 31 26 23 23 26 31 38 44 48 50 49 46 43 40 39 40 44 48 5219 925Q11410 50999999999999999999999 731 2319 0 3999999999999999
 56 56 54 49 43 35 28 23 20 21 26 33 42 49 53 53 50 45 39 35 34 35 40 4719 926Q1 045 561436 5499999999999999 819 2020 0 3499999999999999
 54 59 60 57 51 42 33 25 20 19 21 28 38 48 55 58 55 49 41 34 29 28 31 3819 927Q1 147 6015 1 5899999999999999 857 192049 2899999999999999
 47 56 62 62 58 50 40 30 23 19 19 24 34 46 56 61 61 55 46 36 28 23 23 2819 928Q1 236 631525 6299999999999999 929 182134 2399999999999999
 37 48 59 64 63 57 48 37 28 22 19 22 30 42 55 63 65 61 53 42 31 22 19 2019 929Q1 322 641550 6599999999999999 958 192218 1899999999999999
 26 37 50 60 64 62 55 45 34 26 22 22 28 38 51 62 68 66 60 49 37 26 18 1619 930Q1 4 6 641617 68999999999999991025 2223 2 1699999999999999
 18 26 39 52 60 62 59 51 42 32 26 25 28 35 47 59 67 69 65 56 45 33 23 171910 1Q1 451 621645 69999999999999991051 252346 1699999999999999
 16 19 28 41 52 58 59 55 48 39 32 28 29 34 43 54 64 69 67 61 52 41 30 221910 2Q1 536 591715 69999999999999991119 28999999999999999999999
 18 18 22 31 42 51 55 55 51 44 38 33 32 34 40 49 58 65 67 63 56 47 38 301910 3Q1 623 551746 6799999999999999 032 171147 3299999999999999
 24 21 21 26 33 42 48 51 50 47 42 38 35 36 40 45 53 59 63 62 58 52 44 371910 4Q1 714 511820 6399999999999999 121 211218 3599999999999999
 31 27 25 25 29 34 41 45 47 47 45 42 40 39 40 43 48 53 57 59 57 53 49 431910 5Q1 817 471859 5999999999999999 219 251254 3999999999999999
 38 34 30 28 28 30 34 39 43 45 45 45 43 42 42 43 45 48 51 54 54 53 50 471910 6Q1 959 451951 5499999999999999 335 281346 4299999999999999
 44 40 36 33 31 30 30 33 37 41 43 45 46 46 45 44 43 44 45 47 49 51 51 501910 7Q11215 462127 5199999999999999 5 4 301554 4399999999999999
 48 46 42 38 34 31 29 29 32 36 40 44 47 49 48 46 44 42 41 42 44 46 48 501910 8Q11319 492353 5199999999999999 624 2918 7 4199999999999999
 51 50 47 43 38 34 30 28 28 31 36 42 47 50 52 50 46 42 39 37 38 40 44 481910 9Q11355 52999999999999999999999 722 271916 3799999999999999
 51 53 52 48 43 37 31 27 26 27 32 38 45 51 54 54 50 44 39 34 33 34 38 44191010Q1 1 4 531424 5499999999999999 8 4 2620 3 3399999999999999
 50 54 55 53 48 41 34 29 25 25 28 34 43 50 55 57 54 48 41 34 29 29 31 37191011Q1 149 551448 5799999999999999 836 252044 2899999999999999
 45 52 56 56 52 46 38 31 26 25 26 32 40 49 56 59 57 52 44 35 29 25 26 30191012Q1 228 5615 9 5999999999999999 9 1 252121 2599999999999999
 39 48 55 58 56 50 42 35 28 25 26 30 37 47 56 60 60 56 48 38 30 24 22 24191013Q1 3 4 581528 6199999999999999 923 252157 2299999999999999
 31 41 51 57 58 54 47 39 31 27 26 29 36 45 54 61 62 59 51 42 32 24 20 20191014Q1 340 581546 6399999999999999 944 252231 1999999999999999
 25 34 44 53 58 57 51 43 35 29 26 28 34 43 53 61 64 62 55 46 36 27 20 18191015Q1 416 5816 4 649999999999999910 6 2623 5 1899999999999999
 20 27 37 48 55 57 54 47 39 32 28 28 33 40 50 59 64 64 58 50 40 30 23 18191016Q1 452 571624 65999999999999991029 282339 1799999999999999
 18 22 30 40 50 55 55 51 44 36 31 29 32 38 47 56 63 65 61 53 44 34 26 21191017Q1 531 561648 65999999999999991055 29999999999999999999999
 18 19 24 33 42 50 53 52 47 41 35 32 32 36 43 52 59 63 62 57 48 39 31 25191018Q1 612 531716 6499999999999999 015 181124 3199999999999999
 21 19 21 27 35 43 48 50 49 44 39 35 34 36 40 47 54 60 61 58 52 44 36 30191019Q1 659 501748 6199999999999999 056 191154 3499999999999999
 25 22 21 23 28 35 41 46 47 46 43 39 37 37 39 43 49 54 58 58 54 48 42 36191020Q1 757 471827 5899999999999999 147 211228 3699999999999999
 30 27 24 23 25 28 34 39 43 44 44 42 40 39 40 42 45 48 52 54 53 51 47 42191021Q1 918 441919 5499999999999999 257 231314 3999999999999999
 37 33 29 26 24 25 27 32 37 40 43 44 44 43 42 41 42 43 45 48 50 50 49 47191022Q11112 442047 5099999999999999 422 241459 4199999999999999
 44 39 35 31 27 24 24 26 30 35 40 44 46 46 45 43 41 39 39 41 43 46 48 49191023Q11237 4623 7 4999999999999999 541 241739 3999999999999999
 49 46 42 37 31 26 23 22 25 30 37 43 47 50 49 46 42 38 35 34 35 38 43 48191024Q11319 50999999999999999999999 642 221859 3499999999999999
 51 51 49 44 38 31 25 22 22 26 32 40 48 53 54 51 46 39 33 29 27 29 35 42191025Q1 040 521350 5499999999999999 730 211955 2799999999999999
 49 53 54 51 45 37 29 24 21 23 28 37 47 54 58 57 52 44 34 27 22 21 25 32191026Q1 142 541417 5899999999999999 8 8 212043 2199999999999999
 42 51 56 56 52 44 35 28 23 22 26 33 44 54 61 62 58 50 39 29 21 16 16 22191027Q1 233 571443 6399999999999999 842 222128 1699999999999999
 31 43 53 58 57 51 43 34 27 24 25 31 40 52 62 66 64 57 47 34 23 15 12 13191028Q1 321 581511 6699999999999999 913 242213 1299999999999999
 21 32 45 54 58 56 50 41 32 27 26 29 37 48 59 67 68 63 54 42 29 19 12 10191029Q1 4 7 581540 6899999999999999 944 262257 1099999999999999
 13 22 34 47 55 57 54 47 39 32 28 29 34 43 55 64 69 67 60 49 37 26 17 11191030Q1 452 571610 69999999999999991016 282341 1099999999999999
 11 15 25 37 48 54 55 51 45 37 32 31 33 40 49 59 66 67 63 55 44 33 24 16191031Q1 537 551641 68999999999999991049 30999999999999999999999
 13 13 18 28 39 48 52 52 48 42 37 33 34 38 44 53 61 65 63 57 49 40 31 231911 1Q1 623 531714 6599999999999999 025 121123 3399999999999999
 18 16 17 23 31 41 47 50 49 46 41 37 35 37 41 47 54 59 61 58 52 45 38 311911 2Q1 712 501750 6199999999999999 110 1612 1 3599999999999999
 25 21 20 21 26 34 41 46 47 47 44 41 38 37 39 43 48 52 56 56 53 48 43 371911 3Q1 8 8 471831 5699999999999999 159 201245 3799999999999999
 32 27 24 23 25 29 35 40 44 46 45 44 41 39 39 40 43 46 49 51 51 49 45 421911 4Q1 918 461925 5199999999999999 257 231346 3999999999999999
 38 33 30 27 26 27 30 35 39 43 45 45 45 43 41 40 40 41 43 45 47 47 46 451911 5Q11050 452053 4799999999999999 4 5 261536 4099999999999999
 42 39 35 31 28 27 27 30 34 39 43 46 47 46 44 42 39 37 37 38 41 43 45 461911 6Q11210 4723 4 4699999999999999 514 271739 3799999999999999
 45 43 40 36 32 28 27 27 30 35 40 45 48 49 48 45 41 37 34 33 34 37 41 441911 7Q113 2 49999999999999999999999 614 261853 3399999999999999
 46 47 45 41 36 31 27 26 27 31 37 43 48 51 51 49 44 38 33 29 28 31 35 401911 8Q1 032 471337 5299999999999999 7 0 261945 2899999999999999
 45 48 48 45 40 35 29 26 26 29 34 41 47 52 54 53 48 41 34 28 24 24 28 341911 9Q1 129 4814 3 5499999999999999 735 262028 2499999999999999
 41 47 50 49 45 39 33 28 26 27 32 39 46 53 56 56 52 45 36 28 22 20 21 27191110Q1 214 501424 5799999999999999 8 5 2621 7 2099999999999999
 35 43 49 51 49 43 36 30 27 27 30 36 45 53 58 59 55 49 40 30 22 17 16 20191111Q1 254 511443 5999999999999999 832 262143 1699999999999999
 28 37 46 51 52 48 41 34 29 27 29 34 42 51 58 61 59 52 43 34 24 17 14 15191112Q1 333 5215 3 6199999999999999 9 0 272219 1399999999999999
 20 30 41 49 53 51 46 38 32 28 28 32 40 49 57 62 62 57 48 38 27 19 13 12191113Q1 411 531525 6399999999999999 929 272255 1299999999999999
 14 22 33 44 51 53 50 43 36 30 28 30 36 45 55 62 64 60 52 42 32 23 15 11191114Q1 450 531551 649999999999999910 1 282332 1199999999999999
 11 16 25 36 46 51 51 47 40 34 30 30 33 40 50 58 63 62 56 47 37 28 19 14191115Q1 530 521621 63999999999999991034 29999999999999999999999
 11 13 19 28 39 47 50 49 44 38 33 30 32 37 44 53 60 62 59 52 43 34 25 18191116Q1 613 501655 6299999999999999 012 1111 9 3099999999999999
 14 13 15 22 31 40 46 48 46 42 37 33 32 34 39 46 53 58 58 54 48 40 31 24191117Q1 7 0 481733 5999999999999999 055 131147 3299999999999999
 19 16 15 18 24 32 40 44 46 44 40 36 34 34 36 41 46 52 55 54 50 44 38 31191118Q1 754 461818 5599999999999999 145 151229 3399999999999999
 25 21 18 17 20 26 33 39 43 44 43 40 37 35 35 37 40 44 49 51 50 47 43 38191119Q1 857 441917 5199999999999999 242 171327 3599999999999999
 32 27 23 20 19 22 27 33 38 42 43 43 41 38 36 35 36 38 41 44 46 47 45 43191120Q11010 442046 4799999999999999 347 1915 9 3599999999999999
 39 34 29 25 22 21 23 27 33 39 43 45 45 42 39 36 34 33 33 35 39 42 44 45191121Q11119 452249 4599999999999999 451 211714 3399999999999999
 44 41 36 31 26 23 22 24 29 35 42 46 48 47 44 40 35 31 28 28 30 34 39 43191122Q11214 48999999999999999999999 548 221838 2799999999999999
 46 45 43 38 32 26 23 23 26 32 39 46 51 52 50 45 39 32 26 22 22 25 30 37191123Q1 025 461256 5299999999999999 637 221940 2299999999999999
 43 47 47 44 38 32 26 24 24 28 36 44 51 56 56 52 45 36 27 20 16 16 20 28191124Q1 135 481332 5699999999999999 719 232034 1699999999999999
 37 45 49 49 45 39 32 26 25 27 32 41 50 57 60 58 52 43 32 22 15 12 12 18191125Q1 232 4914 6 6099999999999999 759 252123 1199999999999999
 27 38 46 51 50 45 38 31 27 26 30 37 46 56 62 63 58 50 39 28 18 11  8 10191126Q1 322 511438 6399999999999999 837 262210  899999999999999
 17 28 40 48 52 50 44 37 30 27 28 33 41 51 60 64 63 56 46 35 24 14  8  7191127Q1 4 8 521511 6599999999999999 915 272254  799999999999999
 10 19 31 43 50 52 49 43 35 30 28 31 37 46 56 63 64 60 52 42 31 20 12  8191128Q1 451 521545 6599999999999999 953 282335  799999999999999
  7 12 22 35 45 51 51 47 41 34 30 30 33 40 49 58 63 62 56 47 38 27 18 12191129Q1 533 511619 63999999999999991031 29999999999999999999999
  9 10 16 27 38 47 50 49 44 38 33 30 31 36 43 51 58 61 58 51 43 34 25 18191130Q1 613 501656 6199999999999999 015  91111 3099999999999999
 13 12 14 21 31 41 47 48 46 42 36 32 31 33 38 45 52 56 57 53 47 39 32 241912 1Q1 654 481735 5799999999999999 055 121152 3199999999999999
 19 16 15 19 26 34 42 46 46 44 40 35 32 32 34 39 45 50 53 52 48 43 37 301912 2Q1 737 471818 5399999999999999 134 151237 3199999999999999
 25 20 18 19 23 29 36 42 44 44 42 39 35 33 33 35 39 43 47 49 48 45 40 351912 3Q1 827 451910 4999999999999999 217 181331 3299999999999999
 30 26 22 21 22 26 31 37 41 43 43 41 39 36 34 33 34 37 40 43 45 44 42 391912 4Q1 925 432017 4599999999999999 3 6 211446 3399999999999999
 35 31 27 24 23 24 28 32 37 41 43 43 42 39 37 34 33 33 34 36 39 41 42 411912 5Q11032 432150 4299999999999999 4 1 231632 3299999999999999
 38 35 32 28 25 24 26 29 34 38 42 44 44 43 40 37 33 31 30 30 33 36 39 401912 6Q11139 442334 4099999999999999 456 2418 6 3099999999999999
 40 39 36 32 29 26 25 27 31 36 40 44 46 46 44 41 36 31 27 25 26 29 33 371912 7Q11230 46999999999999999999999 547 251913 2599999999999999
 40 41 40 37 33 29 26 26 29 33 38 44 47 49 48 44 39 33 27 23 21 22 26 321912 8Q1 056 4113 4 4999999999999999 631 2620 4 2199999999999999
 37 41 42 41 37 32 28 26 27 31 36 43 48 51 51 48 43 36 28 22 18 17 19 251912 9Q1 155 421332 5199999999999999 710 262048 1799999999999999
 32 39 43 44 41 36 31 27 26 29 34 41 47 52 54 52 47 39 31 23 16 13 13 17191210Q1 242 441358 5499999999999999 748 262128 1299999999999999
 25 34 42 46 45 41 35 30 27 27 31 37 45 52 56 56 52 44 35 26 17 12  9 11191211Q1 325 461426 5799999999999999 825 2622 8  999999999999999
 17 27 37 44 47 45 40 34 28 26 28 33 41 50 57 59 56 49 40 30 21 13  8  7191212Q1 4 5 471457 5999999999999999 9 4 262247  799999999999999
 10 19 30 40 47 48 44 38 31 27 26 29 36 45 54 59 59 54 46 36 25 16 10  6191213Q1 444 481531 6099999999999999 943 262327  599999999999999
  6 12 22 33 43 48 47 42 36 29 26 26 31 39 48 56 60 58 51 42 32 22 14  8191214Q1 524 4816 8 60999999999999991023 26999999999999999999999
  6  7 15 25 37 44 47 45 40 33 28 25 27 33 41 50 57 58 55 48 39 29 20 13191215Q1 6 4 471648 5999999999999999 0 7  511 3 2599999999999999
  8  7 10 18 29 39 44 45 43 37 31 27 26 28 34 42 50 55 55 51 44 36 27 19191216Q1 645 461732 5699999999999999 049  71145 2599999999999999
 13 10 10 14 22 32 40 44 44 40 35 29 26 26 29 35 42 48 52 52 47 41 34 26191217Q1 728 441821 5299999999999999 131  91231 2699999999999999
 19 15 12 13 18 26 34 40 43 42 38 34 29 27 27 29 34 40 45 48 47 44 39 33191218Q1 814 431919 4899999999999999 216 121326 2699999999999999
 26 21 17 15 17 22 29 36 41 43 41 38 34 30 27 27 28 32 36 41 43 43 41 38191219Q1 9 5 432034 4499999999999999 3 3 151444 2799999999999999
 33 27 23 19 18 20 25 31 38 42 43 42 39 35 31 28 26 26 28 32 36 39 40 40191220Q110 1 432214 4099999999999999 355 181630 2699999999999999
 37 34 29 25 22 21 23 28 34 40 44 45 44 41 36 31 27 24 22 23 26 31 35 38191221Q111 0 45999999999999999999999 449 2118 7 2299999999999999
 39 38 35 31 27 24 23 25 30 36 42 46 48 46 43 37 31 25 20 18 18 21 27 32191222Q1 0 4 391159 4899999999999999 544 231925 1899999999999999
 37 40 40 37 33 28 25 25 27 33 39 46 50 51 49 44 37 29 22 17 13 14 17 24191223Q1 131 401251 5199999999999999 637 252028 1399999999999999
 32 38 42 42 39 34 29 26 26 29 35 42 49 53 53 50 44 36 27 19 13  9 10 15191224Q1 234 421336 5499999999999999 727 262122  999999999999999
 24 33 40 44 44 39 34 28 26 27 31 37 45 52 56 55 50 42 33 23 15  9  6  8191225Q1 323 441417 5699999999999999 814 2622 8  699999999999999
 15 25 36 43 46 44 39 32 27 26 27 32 40 49 55 57 55 48 39 29 20 12  7  5191226Q1 4 5 461455 5799999999999999 859 262250  599999999999999
  9 18 29 40 46 47 43 37 30 26 25 28 34 43 52 57 57 53 45 36 26 16  9  6191227Q1 443 471531 5899999999999999 941 252327  599999999999999
  6 12 22 34 43 47 46 41 34 28 24 25 29 36 46 54 57 55 49 41 32 22 14  8191228Q1 517 4716 8 57999999999999991021 24999999999999999999999
  6  9 16 27 38 45 47 44 38 31 25 23 25 30 39 48 54 56 52 45 37 28 19 13191229Q1 550 471646 5699999999999999 0 1  611 1 2399999999999999
  9  9 13 22 32 41 45 45 41 35 28 23 23 26 32 41 49 53 53 48 41 33 25 18191230Q1 623 461726 5499999999999999 033  81140 2399999999999999
 13 11 12 18 26 35 42 44 42 37 32 26 23 24 28 34 42 48 51 49 44 37 30 23191231Q1 659 4418 7 5199999999999999 1 6 111220 2399999999999999
