 48 45 41 36 30 27 28 34 41 49 54 57 55 51 44 37 29 21 18 20 25 33 40 4619 1 1Q21111 57999999999999999999999 518 271811 1899999999999999
 50 51 49 44 38 31 28 28 34 42 49 55 58 58 53 44 35 25 17 14 16 23 31 4019 1 2Q2 046 511224 5899999999999999 621 2719 7 1499999999999999
 48 54 55 52 46 38 31 27 28 34 42 50 57 61 60 53 43 31 21 13 10 14 22 3219 1 3Q2 145 561323 6199999999999999 719 271958 1099999999999999
 43 52 59 59 53 45 37 30 26 28 35 44 53 61 65 62 52 39 27 16  9  7 13 2319 1 4Q2 231 6014 9 6599999999999999 813 262045  799999999999999
 35 47 58 63 60 52 43 35 28 25 28 37 48 58 65 67 61 49 34 22 12  6  6 1419 1 5Q2 310 631448 6799999999999999 9 2 252128  599999999999999
 27 40 53 62 64 59 49 40 32 26 25 30 40 52 62 69 67 58 43 29 17  9  4  819 1 6Q2 345 651523 6999999999999999 946 2422 7  499999999999999
 18 33 47 59 65 63 55 45 36 29 24 25 33 45 58 67 70 65 52 36 23 13  6  519 1 7Q2 419 651555 70999999999999991026 232242  599999999999999
 12 25 40 53 62 65 60 50 40 32 26 23 26 37 50 62 68 68 59 45 30 18 10  619 1 8Q2 450 651626 699999999999999911 2 232313  699999999999999
  8 18 32 47 58 64 63 55 45 35 28 23 23 29 41 54 64 67 63 52 38 25 15  919 1 9Q2 520 641657 67999999999999991134 222342  899999999999999
  8 14 26 40 52 60 63 58 49 39 31 25 22 25 33 45 56 63 63 56 44 31 21 1419 110Q2 549 631731 649999999999999912 5 22999999999999999999999
 10 13 21 33 46 56 60 59 53 44 35 28 23 23 27 37 47 56 60 58 50 38 27 1919 111Q2 620 6118 9 6099999999999999 0 8 101237 2299999999999999
 14 14 18 28 39 49 56 59 55 48 39 31 26 23 24 30 39 47 54 56 52 44 34 2519 112Q2 653 591853 5699999999999999 036 141313 2399999999999999
 20 17 19 24 33 42 51 55 56 51 43 36 30 26 24 26 31 38 45 51 52 48 41 3319 113Q2 732 561944 5299999999999999 110 1714 0 2499999999999999
 26 23 22 24 29 36 44 50 54 52 47 40 34 29 26 25 26 30 36 43 47 49 45 4019 114Q2 815 542045 4999999999999999 153 2215 6 2599999999999999
 34 29 27 26 27 31 38 44 50 52 50 46 40 35 30 26 23 24 27 33 40 45 47 4519 115Q2 9 5 5222 2 4799999999999999 258 261626 2399999999999999
 41 37 34 31 29 29 33 38 44 49 51 50 46 41 36 30 24 20 20 23 30 37 43 4719 116Q210 8 512339 4899999999999999 421 291737 1999999999999999
 48 45 42 38 33 30 30 33 39 45 49 52 52 49 43 36 28 20 15 15 19 27 35 4419 117Q21129 52999999999999999999999 536 301837 1499999999999999
 50 52 50 46 40 34 30 29 33 39 45 51 55 56 53 45 35 25 15  9  9 15 24 3519 118Q2 1 4 521246 5699999999999999 642 291932  999999999999999
 46 54 57 55 48 41 34 29 28 32 39 47 54 60 62 56 46 33 20 10  4  4 12 2419 119Q2 2 1 571344 6299999999999999 743 282025  399999999999999
 37 50 60 62 57 48 39 32 27 26 30 39 49 59 66 66 58 44 29 15  4 -1  1 1119 120Q2 247 621432 6799999999999999 839 252115 -299999999999999
 25 41 56 65 65 57 46 37 29 23 23 30 41 53 64 71 69 57 41 25 11  0 -5  019 121Q2 329 661517 7199999999999999 931 2222 2 -599999999999999
 13 30 47 62 69 65 55 43 33 24 19 20 30 43 57 68 73 68 53 36 21  7 -3 -619 122Q2 410 6916 1 73999999999999991019 182246 -699999999999999
  2 18 36 53 66 70 63 51 39 29 20 15 19 31 46 60 70 72 64 48 32 18  5 -319 123Q2 450 701644 729999999999999911 4 152328 -499999999999999
 -3  8 25 43 59 68 68 59 46 34 24 15 13 20 34 48 61 68 68 58 43 28 16  519 124Q2 530 701729 69999999999999991147 13999999999999999999999
 -1  3 16 33 49 62 68 65 53 41 29 20 13 13 22 36 49 59 64 62 51 38 26 1619 125Q2 610 681814 6499999999999999 0 9 -11230 1299999999999999
  7  5 11 25 40 53 63 65 60 48 36 26 18 13 15 24 36 47 55 58 55 45 34 2519 126Q2 650 6619 2 5899999999999999 050  51315 1399999999999999
 18 12 12 20 32 45 55 61 61 54 43 33 24 18 15 17 26 36 44 50 52 49 41 3319 127Q2 731 621955 5299999999999999 132 1114 4 1599999999999999
 27 22 18 19 26 37 47 54 58 56 49 40 31 25 20 17 19 26 33 40 45 47 45 4019 128Q2 813 582058 4799999999999999 220 1815 5 1799999999999999
 35 31 27 24 25 31 39 46 52 54 52 46 39 33 27 22 18 19 24 30 36 41 44 4419 129Q2 9 2 552226 4499999999999999 320 241619 1899999999999999
 41 39 36 32 29 28 32 39 45 49 51 50 46 41 35 29 22 18 17 21 27 33 39 4319 130Q210 7 51999999999999999999999 435 281736 1799999999999999
 45 45 43 40 35 31 29 32 37 43 47 50 51 48 43 37 29 21 16 15 18 24 31 3819 131Q2 031 461143 5199999999999999 553 291845 1499999999999999
 45 49 50 47 42 36 31 28 30 36 42 47 51 53 52 45 37 27 18 12 11 15 23 3219 2 1Q2 142 5013 5 5499999999999999 7 4 281943 1199999999999999
 41 49 54 54 49 42 35 29 26 28 34 42 49 55 57 54 45 34 23 14  8  8 14 2319 2 2Q2 226 551358 5799999999999999 8 4 262033  899999999999999
 34 46 55 59 56 48 40 32 26 23 27 35 44 53 60 61 54 42 30 18 10  5  7 1519 2 3Q2 3 2 591438 6199999999999999 855 232116  599999999999999
 27 40 52 60 60 54 45 36 28 22 21 27 38 49 59 64 61 51 37 24 13  5  3  719 2 4Q2 335 611513 6499999999999999 937 202154  399999999999999
 19 33 47 58 62 59 50 40 30 22 18 20 29 42 55 63 65 59 45 31 18  8  2  319 2 5Q2 4 5 621545 65999999999999991014 182227  299999999999999
 11 26 41 54 62 62 55 44 33 24 17 15 21 33 48 59 65 63 53 38 24 13  5  219 2 6Q2 433 631616 65999999999999991047 152256  299999999999999
  6 18 34 49 59 63 59 49 37 27 18 13 15 25 39 53 62 64 58 46 31 18  9  319 2 7Q2 459 631647 64999999999999991117 132323  399999999999999
  4 13 27 42 55 61 61 53 42 30 20 14 12 18 30 44 56 62 61 52 38 25 14  719 2 8Q2 525 621720 62999999999999991146 122349  599999999999999
  5 10 21 36 49 58 61 56 46 34 24 16 12 14 22 35 47 56 60 55 45 32 20 1219 2 9Q2 552 611756 60999999999999991215 12999999999999999999999
  8 10 18 30 42 53 58 57 50 39 28 20 14 13 17 27 38 48 55 55 49 38 27 1919 210Q2 622 591835 5699999999999999 016  81245 1399999999999999
 14 12 16 25 36 47 54 56 53 44 33 24 18 15 15 21 30 39 48 52 51 44 34 2619 211Q2 654 561919 5299999999999999 044 121321 1499999999999999
 20 17 18 23 32 41 48 53 53 47 38 29 23 18 17 18 23 31 39 45 48 47 41 3319 212Q2 729 542012 4899999999999999 117 1714 8 1799999999999999
 27 24 23 24 29 35 43 48 51 49 44 36 29 24 20 18 19 23 29 36 42 45 44 4019 213Q2 810 512118 4599999999999999 2 1 231520 1899999999999999
 35 31 29 28 29 32 37 42 47 48 47 42 36 31 26 22 18 17 20 25 32 38 42 4419 214Q2 9 3 482256 4499999999999999 316 281649 1799999999999999
 42 39 37 34 32 31 32 36 41 45 47 47 44 40 35 28 22 16 14 15 20 28 35 4219 215Q21029 47999999999999999999999 455 3118 8 1399999999999999
 46 47 45 41 37 33 30 31 34 39 43 47 50 49 45 38 29 20 12  8  9 16 24 3519 216Q2 046 471221 5099999999999999 623 301915  899999999999999
 44 51 53 50 44 38 31 27 27 31 37 44 50 55 55 50 40 28 16  7  2  4 12 2419 217Q2 151 531333 5699999999999999 736 272013  299999999999999
 37 49 57 58 52 44 35 28 22 22 27 36 46 55 62 61 52 39 25 11  1 -4  0 1119 218Q2 236 581425 6299999999999999 835 2121 4 -499999999999999
 26 42 56 63 61 52 41 31 22 16 17 24 36 49 61 67 64 52 36 20  7 -4 -7  019 219Q2 316 631511 6799999999999999 924 152149 -799999999999999
 14 31 49 62 67 61 49 36 25 15  9 13 24 39 54 65 70 63 48 31 16  2 -7 -719 220Q2 355 671555 709999999999999910 9  92231 -999999999999999
  3 21 39 56 67 68 57 43 30 18  8  4 11 26 42 57 67 69 59 43 26 12  0 -719 221Q2 432 691637 70999999999999991051  42311 -799999999999999
 -3 11 30 48 62 69 65 52 36 23 11  3  3 13 29 46 59 66 64 52 36 22 10  019 222Q2 5 8 691719 67999999999999991131  12349 -399999999999999
 -3  5 21 39 54 65 68 59 44 29 17  7  1  5 17 33 47 58 62 58 45 31 20 1019 223Q2 544 6818 1 62999999999999991210  1999999999999999999999
  3  4 14 30 46 58 65 63 52 37 24 14  6  3  9 22 36 47 55 57 50 39 28 1919 224Q2 619 651844 5799999999999999 026  21250  399999999999999
 13  9 13 24 38 50 58 61 56 45 31 21 13  8  8 14 26 36 45 50 50 44 35 2719 225Q2 654 611930 5199999999999999 1 4  91332  799999999999999
 22 18 17 21 31 42 50 56 56 49 39 29 21 16 12 13 19 27 35 41 45 44 40 3419 226Q2 731 562023 4599999999999999 146 161423 1299999999999999
 30 26 24 23 27 34 42 48 51 50 44 36 29 24 20 17 16 20 26 32 37 40 41 3919 227Q2 812 512139 4199999999999999 239 231532 1699999999999999
 36 34 32 29 28 30 35 40 44 46 45 42 37 32 28 23 19 18 19 24 29 34 37 4019 228Q2 9 9 46999999999999999999999 357 2817 0 1899999999999999
 41 41 39 36 33 30 30 33 37 41 43 44 43 40 36 31 25 19 16 17 20 26 31 3719 3 1Q2 015 411057 4499999999999999 531 291823 1699999999999999
 42 45 46 43 39 33 29 27 29 34 38 42 45 46 44 39 32 24 17 13 13 17 24 3219 3 2Q2 136 461254 4699999999999999 653 271927 1299999999999999
 40 47 50 49 44 38 31 25 23 26 32 38 45 49 51 47 39 30 20 12  8  9 16 2519 3 3Q2 216 501349 5199999999999999 755 232017  899999999999999
 35 45 52 54 50 43 34 26 20 19 24 32 41 49 55 54 47 37 25 15  7  4  8 1719 3 4Q2 248 541428 5599999999999999 841 192059  499999999999999
 29 41 51 57 55 48 38 28 20 15 16 24 35 46 55 59 55 44 31 19  9  3  2  919 3 5Q2 317 5715 1 5999999999999999 920 142134  199999999999999
 21 35 48 57 58 53 42 31 21 13 10 15 26 40 52 60 60 52 39 25 13  4  0  319 3 6Q2 344 591532 6199999999999999 954 1022 6  099999999999999
 14 29 43 55 60 57 47 35 23 13  7  8 17 32 46 58 62 58 46 32 18  7  1  019 3 7Q2 4 8 6016 2 62999999999999991024  72234  099999999999999
  8 22 38 51 59 60 52 39 26 15  7  4  9 22 38 52 61 61 53 39 24 12  4  019 3 8Q2 432 611633 62999999999999991053  423 1  099999999999999
  4 16 31 46 57 61 56 44 31 18  9  3  4 14 29 44 56 61 58 46 32 19  9  319 3 9Q2 457 6117 6 61999999999999991121  22327  399999999999999
  4 12 25 40 53 59 58 49 36 23 12  5  3  8 20 35 49 57 59 52 39 26 15  819 310Q2 523 601740 59999999999999991149  22354  699999999999999
  6 10 21 34 47 56 58 53 41 28 17  9  4  6 14 27 40 50 56 54 45 33 22 1519 311Q2 551 581817 56999999999999991218  4999999999999999999999
 11 11 18 29 41 51 56 54 46 34 22 14  8  7 11 20 31 42 50 53 49 40 29 2119 312Q2 620 561857 5399999999999999 022 101250  799999999999999
 17 16 18 26 36 45 51 53 49 40 29 20 14 11 11 15 23 33 41 47 48 44 36 2919 313Q2 652 531945 4899999999999999 052 161330 1099999999999999
 24 22 22 25 32 39 45 49 49 44 36 27 20 17 14 14 18 24 31 38 42 44 41 3619 314Q2 729 492048 4499999999999999 129 211431 1499999999999999
 31 28 27 27 29 34 39 43 46 45 41 35 29 24 21 18 16 17 21 27 33 38 41 4119 315Q2 820 462222 4199999999999999 232 2716 8 1699999999999999
 38 36 34 32 30 30 33 36 40 42 43 41 38 34 29 24 19 14 13 16 22 29 36 4119 316Q2 953 43999999999999999999999 428 301745 1399999999999999
 43 43 41 38 34 30 28 29 32 36 40 43 45 44 40 33 26 17 10  8 11 17 26 3519 317Q2 026 4412 9 4599999999999999 615 281859  899999999999999
 44 49 49 45 39 33 26 22 22 26 33 40 47 51 51 45 35 24 13  5  2  6 15 2619 318Q2 133 491326 5299999999999999 728 221957  299999999999999
 39 49 55 54 47 38 28 20 15 16 22 32 42 52 58 56 47 34 21  9 -1 -3  3 1519 319Q2 217 551418 5899999999999999 822 142046 -399999999999999
 30 45 56 60 55 45 33 21 12  7 10 20 33 47 58 63 59 46 31 17  4 -5 -5  519 320Q2 255 6015 2 6499999999999999 9 8  72130 -699999999999999
 20 37 53 63 63 53 39 26 13  4  0  7 21 37 52 63 66 57 42 26 12  0 -7 -319 321Q2 331 641544 6699999999999999 950  02210 -799999999999999
 10 28 46 60 67 62 48 32 18  6 -3 -3  8 24 41 56 66 64 53 36 22  9 -2 -519 322Q2 4 6 671625 67999999999999991030 -42249 -599999999999999
  3 19 37 54 65 67 57 41 24 11  0 -6 -2 12 29 46 59 64 60 46 31 18  7  019 323Q2 441 6817 4 649999999999999911 8 -72326 -199999999999999
  0 12 29 46 59 66 63 50 33 18  6 -3 -6  2 18 35 49 58 60 53 39 26 16  819 324Q2 514 661744 61999999999999991146 -6999999999999999999999
  4  8 22 38 52 61 63 56 41 26 13  4 -2 -1  9 24 38 49 55 54 46 34 24 1719 325Q2 547 641823 5699999999999999 0 3  41223 -299999999999999
 12 11 17 30 44 54 59 58 48 34 21 12  6  3  6 17 29 40 47 50 48 40 31 2419 326Q2 620 5919 4 5099999999999999 039 1013 1  399999999999999
 20 17 18 25 36 46 52 54 50 41 30 20 14 10  9 13 22 31 39 44 45 42 37 3119 327Q2 653 541951 4599999999999999 118 171344  999999999999999
 27 25 23 25 30 38 44 48 48 44 36 28 22 19 16 15 18 24 30 36 39 41 39 3619 328Q2 731 492056 4199999999999999 2 7 231443 1599999999999999
 34 32 30 28 28 31 36 41 43 43 40 35 30 27 23 21 19 20 23 28 32 36 38 3919 329Q2 822 432311 3999999999999999 323 281614 1999999999999999
 39 38 36 33 30 29 30 33 36 39 39 39 37 34 31 27 23 19 18 20 24 29 34 3819 330Q2 959 39999999999999999999999 5 6 291750 1899999999999999
 41 43 42 39 34 29 26 26 28 33 36 39 41 41 39 34 28 21 16 14 16 22 28 3519 331Q2 1 8 431231 4199999999999999 632 251859 1499999999999999
 41 45 47 44 38 32 25 21 21 25 31 37 42 46 46 41 34 26 18 12 10 14 21 2919 4 1Q2 150 471331 4699999999999999 731 201950 1099999999999999
 38 45 50 49 43 35 26 19 15 17 23 32 40 47 51 49 41 31 21 13  7  7 13 2319 4 2Q2 221 5014 9 5199999999999999 815 152030  799999999999999
 34 44 51 53 48 39 29 19 12 10 14 24 35 46 53 55 49 38 26 15  7  4  7 1619 4 3Q2 248 531442 5599999999999999 851 1021 5  499999999999999
 28 40 50 55 53 44 32 21 11  6  6 15 28 41 52 58 56 46 33 20 10  4  3  919 4 4Q2 312 551513 5899999999999999 924  52136  299999999999999
 22 36 48 56 57 50 37 24 13  4  1  6 18 34 48 58 60 53 40 26 15  6  2  519 4 5Q2 336 571544 6099999999999999 954  122 5  299999999999999
 15 30 44 55 59 55 43 29 16  5 -1  0  9 24 41 54 61 59 48 34 21 10  4  319 4 6Q2 4 0 591615 61999999999999991024 -22234  399999999999999
 11 24 39 52 59 59 49 35 20  9  0 -3  2 15 32 47 58 61 54 41 28 16  8  519 4 7Q2 425 601648 61999999999999991054 -323 3  599999999999999
  8 19 33 47 57 60 54 41 26 13  4 -2 -1  8 23 39 52 59 58 48 35 23 14  919 4 8Q2 452 601722 60999999999999991124 -32333  899999999999999
  9 16 28 42 53 59 57 48 33 19  9  2 -1  4 15 30 44 54 57 53 42 30 21 1519 4 9Q2 521 591759 57999999999999991155 -1999999999999999999999
 12 15 24 36 47 55 57 52 40 27 15  8  3  4 10 22 35 45 52 53 47 37 28 2119 410Q2 552 571840 5499999999999999 0 4 121229  399999999999999
 18 17 22 31 41 49 53 53 46 35 23 15 10  7  9 16 26 36 44 49 49 43 35 2819 411Q2 625 541928 4999999999999999 037 1713 9  799999999999999
 24 22 23 28 35 42 47 49 48 41 32 23 17 14 12 14 19 26 34 40 44 44 40 3519 412Q2 7 4 492030 4599999999999999 118 2214 8 1299999999999999
 31 28 27 27 30 35 40 44 45 43 39 32 26 22 19 16 16 18 24 30 36 41 42 4119 413Q2 8 2 452156 4299999999999999 225 271540 1599999999999999
 38 35 32 30 28 29 32 35 39 41 42 40 36 32 28 23 18 15 15 19 26 33 39 4319 414Q2 944 422346 4499999999999999 417 281720 1499999999999999
 44 42 39 35 30 26 24 26 30 34 39 43 44 42 38 32 24 16 11 11 15 23 32 4019 415Q21157 44999999999999999999999 6 0 241834 1099999999999999
 47 49 47 41 34 27 20 17 19 24 32 40 46 50 48 42 33 23 13  7  6 13 23 3419 416Q2 059 491313 5099999999999999 7 7 171931  699999999999999
 44 52 54 49 40 30 20 12  9 13 21 32 43 52 56 53 44 32 19  9  3  4 13 2519 417Q2 146 5414 5 5699999999999999 758  92019  299999999999999
 39 51 58 58 49 36 24 13  4  2  9 20 34 47 58 61 54 42 28 16  5  0  5 1619 418Q2 225 591449 6199999999999999 843  221 3  099999999999999
 31 46 58 63 58 45 30 16  5 -3 -2  8 23 39 53 63 62 52 38 24 12  3  1  819 419Q2 3 2 631530 6499999999999999 925 -42145  099999999999999
 23 39 53 64 65 55 39 23  9 -2 -7 -3 11 28 44 58 64 60 48 33 21 10  3  419 420Q2 337 6616 9 659999999999999910 5 -72225  299999999999999
 15 31 47 60 67 63 49 31 16  4 -5 -8  1 16 34 49 60 63 56 42 29 19 10  619 421Q2 412 671647 63999999999999991044 -823 3  599999999999999
 10 23 40 54 63 66 57 41 24 11  1 -5 -4  7 24 39 52 60 59 49 37 26 18 1219 422Q2 445 661725 61999999999999991122 -62341 1099999999999999
 10 18 32 46 57 63 61 50 34 19  9  1 -2  3 15 30 43 53 57 53 43 33 25 1919 423Q2 517 6418 3 57999999999999991158 -2999999999999999999999
 15 17 26 39 50 58 60 54 42 28 17  9  5  4 11 23 35 45 51 52 47 39 31 2619 424Q2 549 601842 5399999999999999 018 151234  499999999999999
 22 20 23 32 42 50 55 54 47 36 25 17 12 10 11 18 28 37 44 48 47 43 37 3119 425Q2 621 551925 4899999999999999 057 201312 1099999999999999
 28 25 25 28 35 42 48 50 47 41 33 25 20 17 16 17 23 30 37 42 44 44 41 3719 426Q2 659 502020 4499999999999999 143 241359 1699999999999999
 33 31 29 28 30 35 40 43 44 42 38 32 27 24 22 20 21 24 29 34 39 41 41 4019 427Q2 750 452142 4299999999999999 250 281516 2099999999999999
 38 36 34 31 29 29 32 36 39 40 40 37 34 31 28 25 22 21 23 27 32 37 40 4219 428Q2 9 9 412349 4299999999999999 425 291655 2199999999999999
 42 41 39 35 30 27 26 28 32 36 39 40 40 38 35 30 25 21 19 20 25 30 36 4119 429Q21120 40999999999999999999999 552 261810 1999999999999999
 44 45 43 39 33 27 22 21 23 29 35 40 43 44 42 37 30 23 18 16 18 23 31 3819 430Q2 057 451251 4499999999999999 651 2119 4 1699999999999999
 44 48 48 44 37 29 21 16 16 20 28 36 43 48 48 44 37 28 20 14 13 17 24 3419 5 1Q2 135 481338 4999999999999999 735 151946 1399999999999999
 42 49 51 49 42 32 22 14 10 12 19 30 41 49 53 51 44 34 24 16 11 12 18 2819 5 2Q2 2 5 511415 5399999999999999 812 102023 1199999999999999
 39 48 54 54 48 37 25 14  7  5 10 21 34 46 55 57 52 42 30 19 12 10 13 2219 5 3Q2 231 551448 5799999999999999 847  52058 1099999999999999
 34 46 55 58 54 43 30 17  7  1  3 11 25 40 53 60 59 50 37 25 16 10 10 1719 5 4Q2 257 581521 6099999999999999 920  12131  999999999999999
 29 42 53 60 59 50 36 22 10  1 -2  3 16 32 47 59 62 57 45 32 22 14 10 1319 5 5Q2 325 611555 6399999999999999 954 -222 4 1099999999999999
 23 37 50 59 63 57 44 29 15  4 -2 -2  7 22 39 53 62 62 53 40 28 19 13 1319 5 6Q2 354 631630 63999999999999991028 -32239 1299999999999999
 19 31 45 56 63 62 52 37 22 10  1 -3  1 13 29 45 57 63 59 48 35 26 19 1519 5 7Q2 425 6417 6 639999999999999911 3 -32314 1599999999999999
 17 26 39 51 60 63 58 46 30 17  8  1  0  7 20 35 49 58 60 54 43 32 25 2019 5 8Q2 457 631746 61999999999999991139  02351 1899999999999999
 18 22 33 45 54 60 60 53 39 26 15  8  4  5 14 26 39 50 56 56 49 39 31 2619 5 9Q2 532 611829 57999999999999991219  3999999999999999999999
 22 22 28 38 47 54 58 56 47 35 24 16 11  8 11 19 30 40 49 53 52 46 38 3219 510Q2 610 581919 5499999999999999 031 2113 4  899999999999999
 28 25 26 31 39 46 51 53 50 43 33 25 19 15 13 15 22 31 39 46 50 49 44 3819 511Q2 658 532019 5099999999999999 120 2514 2 1399999999999999
 34 30 28 28 32 37 43 47 48 47 41 34 29 24 20 17 18 22 29 37 44 48 48 4519 512Q2 8 4 482132 4899999999999999 228 281520 1799999999999999
 40 36 32 29 27 29 33 37 42 45 45 43 38 33 28 23 19 17 21 27 35 42 47 4919 513Q2 938 452255 4999999999999999 4 2 271646 1799999999999999
 47 43 38 33 27 23 23 27 32 38 43 46 46 43 38 32 24 18 16 18 25 34 43 4919 514Q21129 47999999999999999999999 531 231758 1699999999999999
 52 51 46 38 30 22 17 17 21 28 36 44 50 51 48 41 33 24 16 14 17 26 36 4519 515Q2 010 521250 5199999999999999 636 161856 1399999999999999
 53 56 54 46 36 26 16 10 10 17 26 37 47 54 56 51 42 32 22 14 12 18 28 3919 516Q2 1 5 561346 5699999999999999 728  91946 1299999999999999
 50 58 61 55 44 31 19  9  4  6 15 27 40 51 59 60 52 41 30 20 13 12 20 3219 517Q2 151 611432 6199999999999999 815  42033 1299999999999999
 44 56 63 63 54 40 25 13  3  0  4 16 30 44 56 63 61 50 38 27 18 13 14 2419 518Q2 231 651514 6399999999999999 859  02118 1299999999999999
 38 51 62 67 63 50 34 19  8  0 -2  5 19 35 49 61 65 59 47 35 25 18 14 1819 519Q2 3 9 671553 6599999999999999 942 -322 1 1499999999999999
 30 44 57 66 68 60 44 28 15  5 -2 -1 10 25 41 54 63 63 55 43 32 24 18 1619 520Q2 345 691632 65999999999999991023 -32242 1699999999999999
 23 37 51 62 68 66 55 38 23 12  3 -1  4 16 32 46 58 63 60 50 39 31 24 1919 521Q2 419 6917 9 639999999999999911 2 -12322 1999999999999999
 20 30 43 56 64 67 61 48 32 19 11  4  3 11 24 38 50 59 61 55 46 37 30 2419 522Q2 452 671746 61999999999999991139  3999999999999999999999
 22 25 36 48 58 63 63 54 41 28 18 11  8 10 18 31 43 52 57 57 51 42 35 3019 523Q2 524 641824 5899999999999999 0 1 221214  899999999999999
 26 25 30 40 50 57 60 57 48 36 26 18 14 13 16 25 36 46 52 55 53 47 40 3519 524Q2 558 6019 4 5599999999999999 039 251249 1399999999999999
 31 28 29 34 42 50 54 55 51 43 33 25 20 18 18 22 30 38 46 51 52 49 45 3919 525Q2 637 551950 5299999999999999 122 281327 1899999999999999
 35 32 30 31 35 41 47 50 50 46 40 33 27 24 22 22 26 32 39 45 49 49 47 4419 526Q2 726 512045 4999999999999999 215 301420 2299999999999999
 40 36 33 31 31 34 39 43 47 47 44 39 34 30 27 25 25 27 32 38 44 47 48 4719 527Q2 830 472153 4899999999999999 331 311538 2499999999999999
 44 41 37 33 30 29 31 35 40 44 45 44 41 37 33 29 26 25 26 31 37 43 47 4919 528Q2 954 452311 4999999999999999 454 291658 2599999999999999
 48 46 42 36 31 26 24 27 32 38 43 46 46 44 40 35 29 25 24 25 31 38 44 4919 529Q21132 46999999999999999999999 558 2418 0 2499999999999999
 51 50 47 41 34 26 21 20 23 30 38 45 49 50 47 42 35 28 24 22 25 32 40 4719 530Q2 019 511248 5099999999999999 647 201849 2299999999999999
 52 54 52 47 38 28 20 15 15 21 30 40 48 53 54 50 42 34 26 22 22 26 34 4319 531Q2 1 5 541339 5599999999999999 729 141932 2199999999999999
 51 57 58 53 44 33 22 14 10 12 20 32 44 53 59 58 51 41 31 24 21 22 29 3919 6 1Q2 143 581420 5999999999999999 8 8 102013 2199999999999999
 49 57 62 60 52 40 27 15  8  6 11 22 36 49 59 63 59 49 38 29 23 21 24 3319 6 2Q2 217 621458 6399999999999999 847  62054 2199999999999999
 44 55 63 66 61 49 34 20 10  4  4 12 26 41 55 64 65 58 46 36 28 22 22 2819 6 3Q2 252 661536 6699999999999999 927  32136 2199999999999999
 39 51 62 68 68 58 43 28 15  6  1  4 15 31 47 60 67 65 55 43 34 27 23 2419 6 4Q2 326 691615 679999999999999910 8  12218 2299999999999999
 32 45 57 67 71 67 54 37 23 12  4  1  7 21 37 52 63 67 62 51 40 32 26 2319 6 5Q2 4 3 711655 67999999999999991049  123 1 2399999999999999
 27 37 50 61 69 70 63 48 33 20 10  4  4 12 27 42 56 65 66 58 48 39 32 2619 6 6Q2 440 711737 66999999999999991131  32344 2599999999999999
 25 31 42 54 63 68 67 58 43 30 19 11  6  8 18 32 46 57 64 63 55 45 38 3119 6 7Q2 521 691823 64999999999999991214  6999999999999999999999
 27 27 34 44 54 62 65 62 53 40 29 20 13 10 14 24 36 48 57 62 60 52 44 3719 6 8Q2 6 6 651912 6299999999999999 030 2613 1 1099999999999999
 32 28 29 35 44 52 58 60 57 49 39 30 23 17 15 19 28 38 48 56 60 57 51 4319 6 9Q2 659 6020 6 6099999999999999 121 281353 1599999999999999
 37 32 29 29 35 42 48 54 56 54 47 39 32 26 21 19 22 30 39 48 55 58 56 5019 610Q2 8 3 5621 4 5899999999999999 223 281456 1999999999999999
 44 38 33 28 28 31 37 44 49 52 52 47 42 36 30 25 22 24 31 40 48 55 58 5619 611Q2 920 5322 7 5899999999999999 338 2816 7 2299999999999999
 51 45 38 32 26 24 27 33 40 46 50 52 50 45 40 34 27 24 25 32 40 49 56 5919 612Q21052 522315 5999999999999999 456 241715 2499999999999999
 58 53 46 38 29 22 20 22 29 37 44 51 54 53 49 43 35 28 24 26 33 42 51 5719 613Q21221 54999999999999999999999 6 2 201816 2499999999999999
 61 60 55 45 35 26 18 15 18 26 35 45 53 58 57 52 44 36 28 25 27 34 44 5319 614Q2 020 611326 5899999999999999 658 151911 2499999999999999
 60 65 63 55 44 32 21 13 11 16 25 36 47 57 62 60 53 44 35 28 25 28 37 4719 615Q2 116 651417 6299999999999999 749 1120 3 2599999999999999
 57 65 68 65 54 40 27 17  9  8 15 26 39 51 61 65 61 52 43 34 28 26 30 4019 616Q2 2 3 6815 0 6599999999999999 837  82053 2599999999999999
 51 61 69 71 64 50 35 23 13  7  8 17 30 43 56 65 67 60 50 41 34 28 26 3319 617Q2 245 711541 6899999999999999 923  62141 2699999999999999
 44 56 66 72 71 61 45 31 19 11  6  9 21 35 49 61 68 66 58 48 39 32 27 2819 618Q2 323 731619 689999999999999910 7  62226 2799999999999999
 36 49 61 70 74 69 56 40 27 17  9  7 14 27 41 55 65 68 64 54 45 38 31 2819 619Q2 359 741656 68999999999999991047  723 7 2899999999999999
 31 41 54 65 72 72 64 49 35 24 15 10 11 20 34 48 59 66 66 60 50 42 36 3019 620Q2 432 731732 67999999999999991124  92346 2999999999999999
 29 34 45 58 67 71 68 57 44 31 22 15 13 16 27 41 53 62 65 63 56 47 40 3419 621Q2 5 6 7118 7 65999999999999991158 13999999999999999999999
 30 31 38 49 60 66 67 62 51 39 28 21 17 17 23 34 46 56 62 63 59 52 44 3819 622Q2 540 671843 6499999999999999 022 301230 1699999999999999
 33 31 34 41 51 59 63 62 56 46 35 27 22 20 22 29 39 50 57 61 61 56 49 4219 623Q2 619 641921 6299999999999999 1 0 3113 1 2099999999999999
 37 33 32 36 42 51 57 60 57 51 42 34 28 24 24 27 34 43 51 57 60 58 53 4619 624Q2 7 4 6020 2 6099999999999999 143 321338 2499999999999999
 41 36 33 33 36 42 49 54 56 54 48 41 34 30 28 28 31 37 44 52 57 58 56 5119 625Q2 758 562049 5899999999999999 238 331429 2799999999999999
 46 41 36 33 32 35 40 46 51 53 52 47 42 37 33 31 30 33 38 45 52 56 57 5519 626Q2 9 2 532142 5799999999999999 348 321537 3099999999999999
 51 46 41 36 31 30 32 37 44 49 52 52 49 44 40 36 33 32 34 40 47 53 57 5819 627Q21018 522243 5899999999999999 458 301648 3299999999999999
 55 51 46 40 33 28 26 29 35 42 49 53 54 52 48 43 37 34 32 35 41 48 54 5919 628Q21146 542351 6099999999999999 556 261748 3299999999999999
 60 58 53 46 37 29 23 22 25 33 42 50 56 58 56 51 44 38 34 33 36 43 50 5719 629Q213 0 58999999999999999999999 646 221841 3399999999999999
 62 63 60 53 44 33 24 18 18 23 32 43 53 60 62 59 52 44 38 33 33 38 45 5419 630Q2 051 631354 6299999999999999 733 171933 3399999999999999
 61 67 68 63 52 40 28 18 13 14 22 33 46 57 65 66 61 52 44 37 33 34 39 4819 7 1Q2 141 681440 6799999999999999 820 132024 3399999999999999
 58 66 72 71 63 49 35 23 14  9 12 22 35 50 63 70 69 61 51 43 36 32 34 4119 7 2Q2 225 731522 7099999999999999 9 7  92116 3299999999999999
 52 63 72 76 73 61 45 31 19 10  7 12 24 39 55 68 73 69 59 49 41 35 31 3419 7 3Q2 3 6 7716 3 7399999999999999 954  622 6 3199999999999999
 43 55 67 76 79 72 57 41 27 16  7  6 14 28 45 60 71 74 67 57 47 39 33 3019 7 4Q2 348 791645 74999999999999991039  52253 3099999999999999
 35 46 59 70 78 78 68 53 38 25 14  7  8 18 34 50 65 73 73 65 54 45 37 3019 7 5Q2 431 791728 74999999999999991123  62339 2999999999999999
 29 36 48 61 71 77 75 64 49 35 23 14  9 12 25 40 55 67 74 71 61 51 42 3419 7 6Q2 515 771812 749999999999999912 6  9999999999999999999999
 29 29 38 50 61 70 73 70 59 45 33 24 15 13 19 31 46 59 69 72 68 58 48 4019 7 7Q2 6 3 731857 7299999999999999 025 281250 1399999999999999
 32 28 30 39 50 59 66 69 64 54 43 34 25 19 19 25 37 50 61 69 70 65 55 4619 7 8Q2 655 691943 7199999999999999 113 281336 1899999999999999
 38 32 28 31 38 48 56 62 64 60 52 43 35 29 24 25 31 42 53 62 68 68 62 5319 7 9Q2 752 642031 6999999999999999 2 6 281427 2499999999999999
 45 38 32 29 30 37 44 52 57 60 57 51 44 39 33 30 30 36 45 54 62 67 66 6019 710Q2 857 602123 6799999999999999 3 9 281527 2999999999999999
 53 45 38 32 28 29 34 41 48 54 57 56 52 48 43 38 34 33 38 46 55 62 66 6519 711Q21015 572223 6699999999999999 420 281633 3399999999999999
 61 54 46 38 31 26 26 31 38 45 52 56 57 56 52 46 41 36 36 40 47 55 62 6619 712Q21152 572335 6699999999999999 530 251739 3599999999999999
 66 62 55 46 37 29 23 23 28 36 44 52 58 61 60 55 49 43 38 37 41 48 56 6219 713Q21313 61999999999999999999999 633 231842 3699999999999999
 67 68 64 56 46 35 26 20 20 26 35 44 54 62 65 63 57 50 43 38 37 41 49 5719 714Q2 047 6814 8 6599999999999999 729 201942 3699999999999999
 65 70 71 66 55 43 32 23 18 18 25 36 47 58 66 69 65 57 49 42 37 36 41 5019 715Q2 143 721452 6999999999999999 822 172038 3699999999999999
 60 68 74 74 66 53 39 28 20 15 18 26 39 51 63 71 71 65 56 48 41 36 36 4319 716Q2 229 751532 7299999999999999 910 152129 3599999999999999
 53 64 73 77 74 63 48 35 25 17 14 19 30 44 57 68 74 71 62 53 45 38 34 3619 717Q2 3 8 7716 8 7499999999999999 954 142214 3499999999999999
 45 57 68 76 78 71 58 43 31 21 15 15 22 36 51 63 72 74 68 58 49 42 35 3319 718Q2 344 781643 74999999999999991033 142253 3399999999999999
 37 49 62 72 78 76 66 52 38 27 19 15 18 29 43 58 68 74 72 64 54 45 38 3219 719Q2 418 781715 749999999999999911 8 152329 3299999999999999
 33 40 53 65 74 76 71 60 45 33 24 18 17 24 36 51 63 71 73 68 59 49 41 3419 720Q2 451 771745 73999999999999991139 17999999999999999999999
 31 34 44 57 68 73 73 65 53 40 30 22 19 22 31 44 57 67 72 70 63 53 44 3719 721Q2 525 741816 7299999999999999 0 3 3112 7 1999999999999999
 32 32 37 48 59 68 71 68 59 47 36 28 23 23 28 39 51 62 69 70 66 58 49 4119 722Q2 6 2 711847 7099999999999999 036 311234 2399999999999999
 35 32 34 40 50 60 66 67 63 54 43 34 29 26 28 35 45 55 64 68 68 62 54 4519 723Q2 644 671921 6999999999999999 111 3213 4 2699999999999999
 39 34 33 36 42 51 58 63 63 58 50 41 35 31 31 34 40 49 58 64 67 64 58 5019 724Q2 731 6420 0 6799999999999999 152 331341 3199999999999999
 44 38 35 34 37 42 50 56 60 60 55 49 42 38 36 36 39 44 52 59 64 65 62 5619 725Q2 825 612043 6599999999999999 247 341431 3599999999999999
 49 43 39 35 34 36 41 48 54 58 58 55 50 45 42 40 39 42 47 54 60 64 64 6119 726Q2 930 592135 6499999999999999 356 341540 3999999999999999
 56 50 44 39 34 32 33 38 46 52 57 58 57 53 50 46 43 42 44 48 55 60 64 6419 727Q21053 582242 6499999999999999 5 6 321655 4299999999999999
 62 57 51 44 37 31 28 30 35 43 51 57 60 60 58 53 49 45 43 44 49 55 61 6519 728Q21229 61999999999999999999999 6 9 2818 3 4399999999999999
 67 65 60 53 43 34 27 24 26 32 41 51 60 65 65 62 56 50 45 42 44 49 56 6219 729Q2 0 4 671337 6699999999999999 7 6 2419 8 4299999999999999
 68 71 70 63 52 41 30 22 19 22 30 41 53 64 70 70 64 57 49 44 41 42 48 5719 730Q2 113 711427 7199999999999999 8 0 192010 4199999999999999
 65 73 77 74 64 50 37 25 17 14 19 29 43 57 69 75 73 65 55 47 41 38 40 4819 731Q2 2 7 771511 7599999999999999 852 1421 7 3899999999999999
 58 69 78 81 76 63 47 33 21 12 11 18 31 47 63 75 79 73 63 53 44 37 34 3819 8 1Q2 254 811552 7999999999999999 941 102158 3499999999999999
 48 61 73 82 83 75 59 43 29 17  9 10 20 36 54 70 80 80 72 60 49 40 32 3019 8 2Q2 339 841632 81999999999999991026  82244 3099999999999999
 37 50 64 76 84 82 71 55 40 26 15  9 13 26 43 61 75 82 79 68 56 45 35 2819 8 3Q2 424 841712 829999999999999911 9  92328 2799999999999999
 28 37 52 66 77 83 79 66 51 37 25 15 11 19 34 51 67 79 82 76 63 51 40 3019 8 4Q2 5 9 831751 82999999999999991150 11999999999999999999999
 25 28 39 53 66 76 79 74 61 47 35 25 17 17 27 42 58 71 80 80 71 58 46 3619 8 5Q2 555 791831 8199999999999999 011 251230 1699999999999999
 28 25 30 41 54 65 72 74 68 56 44 35 27 22 25 36 50 63 73 79 76 66 54 4319 8 6Q2 643 741911 7999999999999999 055 251312 2299999999999999
 34 28 26 32 42 53 62 68 68 62 53 44 37 32 29 33 43 55 65 73 76 71 61 5119 8 7Q2 734 691953 7699999999999999 143 261357 2999999999999999
 42 35 29 29 34 42 51 58 63 63 59 52 46 41 37 36 39 48 57 66 71 72 67 5919 8 8Q2 832 642039 7299999999999999 238 281450 3699999999999999
 50 43 37 32 30 34 41 48 55 59 60 58 54 50 46 43 41 44 50 58 64 68 69 6519 8 9Q2 945 602134 6999999999999999 345 301557 4199999999999999
 59 52 45 39 33 31 33 39 45 52 56 59 59 58 55 51 47 44 45 50 57 62 66 6719 810Q21134 602253 6799999999999999 5 0 311713 4499999999999999
 65 61 54 47 39 33 29 31 36 43 50 56 61 63 62 59 54 48 45 45 49 55 61 6519 811Q21311 63999999999999999999999 611 291828 4499999999999999
 68 68 64 56 47 38 30 27 28 34 42 50 59 66 68 66 61 55 48 44 43 47 54 6119 812Q2 026 6814 4 6899999999999999 714 261934 4399999999999999
 67 71 71 66 56 45 35 27 23 26 33 42 53 63 71 72 68 61 53 46 41 41 46 5419 813Q2 131 721445 7399999999999999 8 9 232031 4099999999999999
 63 70 75 74 65 53 41 31 23 21 25 34 46 58 69 75 74 67 58 50 42 37 39 4619 814Q2 218 751520 7699999999999999 856 212119 3799999999999999
 56 67 75 78 74 62 49 36 27 20 19 26 38 52 65 75 78 73 63 53 45 37 34 3819 815Q2 257 781552 7899999999999999 937 1922 0 3499999999999999
 48 61 71 78 79 71 57 43 31 23 18 20 30 45 59 71 78 77 69 58 48 39 33 3219 816Q2 332 801622 79999999999999991013 182236 3199999999999999
 39 52 65 76 80 76 65 50 37 27 20 18 24 38 53 67 76 79 73 63 51 41 33 2919 817Q2 4 5 801650 79999999999999991045 1823 9 2999999999999999
 32 43 57 70 78 78 71 58 44 32 24 19 22 32 46 61 73 78 76 68 56 45 35 2919 818Q2 437 791716 78999999999999991113 192339 2899999999999999
 28 35 48 62 72 77 75 65 51 38 29 23 22 28 40 55 68 76 77 71 61 49 39 3119 819Q2 510 771742 78999999999999991139 22999999999999999999999
 28 30 39 52 65 73 75 69 58 45 35 28 25 27 36 49 62 72 76 74 65 54 43 3519 820Q2 545 751810 7699999999999999 0 8 2812 5 2599999999999999
 29 29 34 44 56 66 71 70 63 52 42 34 30 29 35 44 56 66 73 74 69 59 48 3919 821Q2 623 721840 7499999999999999 039 281232 2999999999999999
 33 30 32 38 48 57 65 69 66 58 49 41 36 34 36 42 51 60 68 72 70 63 53 4419 822Q2 7 5 691913 7299999999999999 112 3013 2 3499999999999999
 38 34 32 35 41 49 57 63 65 62 55 48 42 40 39 42 48 55 62 68 69 66 59 5119 823Q2 754 651951 6999999999999999 155 321341 3999999999999999
 44 39 35 34 36 41 48 55 60 62 60 55 50 47 45 44 46 51 57 63 66 67 63 5719 824Q2 854 622038 6799999999999999 256 341441 4499999999999999
 51 45 41 37 34 35 39 45 52 58 60 60 57 54 52 49 48 49 52 57 61 64 65 6319 825Q21017 602145 6599999999999999 417 341613 4899999999999999
 59 53 48 42 36 32 32 35 42 49 56 60 62 61 59 56 52 49 49 51 55 60 63 6619 826Q212 8 622329 6699999999999999 537 321745 4999999999999999
 66 63 57 50 42 34 28 27 31 38 47 56 63 67 67 63 58 53 48 46 48 52 58 6419 827Q21326 67999999999999999999999 645 2719 2 4699999999999999
 69 70 68 61 51 40 30 23 21 26 35 47 59 68 73 72 66 58 50 44 41 43 49 5819 828Q2 057 701414 7399999999999999 743 2120 6 4199999999999999
 66 73 76 72 62 49 36 25 17 17 23 35 50 64 75 78 74 65 55 46 38 35 39 4819 829Q2 157 761455 7899999999999999 836 162059 3599999999999999
 59 70 79 81 74 61 46 32 20 13 14 24 39 56 71 81 82 73 61 50 39 31 29 3519 830Q2 246 811533 8399999999999999 923 122146 2999999999999999
 47 61 74 83 83 73 57 42 28 16 10 15 28 45 63 78 86 82 70 56 43 32 25 2519 831Q2 331 851610 869999999999999910 7 102229 2399999999999999
 34 49 65 78 85 82 69 53 38 25 14 11 19 36 54 71 84 87 79 64 49 37 26 2019 9 1Q2 415 851646 87999999999999991048 112310 1999999999999999
 23 36 52 67 79 84 78 64 48 35 24 15 16 28 45 63 77 86 85 73 57 43 31 2119 9 2Q2 458 841723 87999999999999991127 142351 1899999999999999
 18 25 39 55 69 78 80 72 58 45 34 25 20 24 37 54 69 81 85 80 66 50 38 2719 9 3Q2 542 801759 859999999999999912 6 20999999999999999999999
 20 20 29 43 57 68 75 74 65 53 43 35 28 27 33 47 61 73 80 81 73 59 46 3519 9 4Q2 626 751835 8299999999999999 032 191244 2699999999999999
 27 22 24 34 46 57 65 70 68 60 51 44 38 34 35 42 53 65 73 77 75 66 54 4419 9 5Q2 714 701913 7799999999999999 115 221326 3399999999999999
 36 30 26 29 37 47 55 62 65 63 57 51 47 43 41 42 48 57 65 70 72 69 61 5219 9 6Q2 8 7 651955 7299999999999999 2 5 261417 4099999999999999
 44 38 34 31 33 38 46 52 58 60 60 57 54 51 49 46 46 50 57 62 66 67 65 5919 9 7Q2 918 612047 6799999999999999 3 8 311528 4699999999999999
 53 47 42 37 34 34 38 43 49 54 58 60 60 59 57 53 50 48 50 54 59 62 64 6319 9 8Q21124 602212 6499999999999999 428 331658 4899999999999999
 60 56 51 45 39 34 33 35 40 47 53 59 63 64 63 60 55 50 47 47 51 55 59 6319 9 9Q213 9 64999999999999999999999 550 331823 4699999999999999
 64 63 60 53 46 38 32 30 32 38 46 54 62 67 69 67 61 54 47 43 43 47 53 5919 910Q2 012 641354 6999999999999999 657 301930 4399999999999999
 64 68 67 62 53 43 35 28 26 30 38 47 58 67 72 72 67 59 50 43 38 39 45 5319 911Q2 122 681429 7399999999999999 750 262020 3899999999999999
 61 68 72 69 61 50 39 30 24 24 30 40 52 63 72 76 72 64 54 44 37 33 36 4519 912Q2 2 7 721459 7699999999999999 834 2321 2 3399999999999999
 56 66 73 75 69 58 45 34 25 21 23 32 45 59 70 77 77 69 58 47 37 30 29 3619 913Q2 244 751527 7899999999999999 912 212138 2999999999999999
 48 61 71 77 75 65 52 39 29 22 20 26 38 53 66 76 79 74 63 50 39 30 25 2819 914Q2 317 771553 7999999999999999 946 202211 2599999999999999
 38 53 66 75 78 72 59 45 33 25 20 22 32 46 61 73 79 78 68 55 42 32 24 2319 915Q2 349 781617 80999999999999991016 202242 2299999999999999
 30 43 59 71 78 76 66 52 39 29 23 21 27 40 56 69 78 79 73 60 46 34 26 2119 916Q2 420 781641 80999999999999991043 212310 2199999999999999
 24 34 49 64 74 77 72 60 46 35 27 23 26 35 50 64 75 79 76 65 51 39 29 2219 917Q2 452 7717 5 799999999999999911 9 232338 2199999999999999
 21 28 41 55 68 75 74 66 53 41 32 27 27 33 45 58 70 77 77 70 57 44 33 2519 918Q2 525 751732 78999999999999991135 26999999999999999999999
 22 25 34 47 60 69 73 69 59 48 39 33 31 33 41 53 64 73 76 72 62 49 38 3019 919Q2 6 1 7318 0 7699999999999999 0 7 2212 2 3199999999999999
 25 25 30 40 51 61 68 69 64 55 45 39 36 36 40 49 59 67 72 72 66 55 44 3619 920Q2 641 701830 7399999999999999 038 241230 3599999999999999
 30 28 29 35 43 53 61 65 65 60 52 46 42 41 42 47 54 62 67 69 67 61 51 4219 921Q2 728 6619 5 6999999999999999 115 2813 4 4199999999999999
 36 33 31 32 37 44 51 58 62 62 58 52 49 47 46 47 51 56 61 65 66 63 57 5019 922Q2 828 621950 6699999999999999 2 9 311358 4699999999999999
 44 39 36 33 33 36 42 48 54 59 60 58 56 53 52 50 50 51 55 58 61 62 61 5719 923Q2 952 6021 4 6299999999999999 333 331548 5099999999999999
 53 48 43 38 34 31 33 37 44 51 57 61 62 60 58 55 52 49 48 50 54 57 60 6219 924Q21149 6223 9 6299999999999999 5 8 311742 4899999999999999
 61 57 52 46 38 31 27 28 33 41 50 58 65 67 66 62 56 50 45 43 44 49 55 6119 925Q213 6 67999999999999999999999 624 2719 0 4399999999999999
 65 66 63 56 46 36 27 22 23 29 39 51 62 70 73 69 62 53 44 38 35 38 45 5419 926Q2 048 661352 7399999999999999 723 211956 3599999999999999
 63 70 72 68 57 45 32 22 17 19 28 41 56 69 77 77 70 59 47 37 29 28 33 4419 927Q2 148 731430 7899999999999999 814 172043 2799999999999999
 56 68 76 77 69 56 41 28 18 14 18 31 47 63 76 83 79 67 53 39 28 21 21 3119 928Q2 236 7815 6 8399999999999999 859 142126 2099999999999999
 45 59 73 81 79 67 52 37 25 15 13 22 37 55 71 83 85 76 61 45 31 20 14 1819 929Q2 320 811542 8699999999999999 942 1322 7 1499999999999999
 31 48 64 77 82 77 63 47 34 23 15 17 29 46 64 78 87 84 70 53 37 24 14 1119 930Q2 4 2 821617 87999999999999991022 142247 1199999999999999
 19 35 52 67 78 81 72 57 43 32 22 18 23 38 56 71 83 87 79 63 45 31 19 121910 1Q2 443 811651 879999999999999911 1 182327 1099999999999999
 12 23 40 56 69 77 76 66 52 41 32 25 24 32 48 64 76 84 83 71 54 39 27 181910 2Q2 525 781725 84999999999999991140 23999999999999999999999
 13 17 29 45 58 68 73 70 60 49 40 34 29 31 41 55 68 77 80 76 63 48 35 261910 3Q2 6 7 731759 8099999999999999 0 6 131218 2999999999999999
 20 18 24 36 48 59 66 68 64 55 47 42 38 36 39 48 60 69 74 74 68 56 44 351910 4Q2 651 681834 7599999999999999 047 181259 3699999999999999
 29 24 24 30 40 49 57 62 63 59 54 49 46 43 42 45 52 60 66 69 68 61 52 431910 5Q2 742 631912 6999999999999999 132 231349 4299999999999999
 37 33 30 30 34 41 48 54 58 59 58 55 52 50 48 46 48 52 58 61 63 62 57 511910 6Q2 850 5920 3 6399999999999999 229 2915 3 4699999999999999
 46 41 37 34 33 36 40 46 51 55 58 58 58 56 54 51 48 47 50 53 56 58 58 561910 7Q21049 582127 5899999999999999 349 331642 4799999999999999
 53 49 45 41 36 33 34 38 43 49 55 59 61 62 60 56 51 46 44 45 48 52 55 571910 8Q21244 622347 5899999999999999 519 331811 4499999999999999
 58 56 53 47 41 35 31 31 35 42 49 56 62 66 65 62 55 48 41 38 40 44 50 551910 9Q21327 66999999999999999999999 628 311912 3899999999999999
 60 62 60 55 47 39 31 27 28 34 42 51 60 67 69 67 60 51 42 35 33 36 43 51191010Q2 1 4 6214 0 6999999999999999 720 271957 3399999999999999
 58 64 66 62 54 44 34 27 24 27 35 46 56 66 71 71 65 55 44 34 28 28 34 44191011Q2 149 661429 7299999999999999 8 2 242035 2799999999999999
 54 63 69 68 61 50 39 29 23 22 28 39 51 63 71 74 70 59 47 35 26 22 25 34191012Q2 226 691455 7499999999999999 839 2221 9 2299999999999999
 47 60 69 72 68 57 44 33 25 21 23 32 45 59 70 76 74 65 51 38 27 20 18 25191013Q2 258 721518 7699999999999999 912 212140 1899999999999999
 38 53 65 73 73 65 52 39 29 23 21 27 39 54 67 75 77 70 57 42 30 20 15 18191014Q2 329 741542 7799999999999999 942 212210 1599999999999999
 29 44 59 71 75 70 59 45 34 26 22 25 34 48 62 73 78 75 63 48 34 23 15 14191015Q2 4 0 7516 5 78999999999999991010 222239 1499999999999999
 21 35 51 65 74 74 66 53 40 31 25 25 31 43 57 70 77 77 69 54 39 27 18 14191016Q2 432 751631 78999999999999991039 2423 9 1499999999999999
 17 27 42 57 69 74 70 59 47 37 30 27 30 39 52 64 74 77 73 61 46 33 23 17191017Q2 5 5 741658 779999999999999911 7 272339 1599999999999999
 16 22 34 49 61 70 71 65 54 43 36 32 31 36 47 59 69 74 74 66 53 39 29 22191018Q2 541 721727 75999999999999991137 31999999999999999999999
 18 20 28 41 53 63 68 67 60 50 42 37 35 37 43 53 63 69 72 68 59 46 35 28191019Q2 621 691758 7299999999999999 012 1812 9 3599999999999999
 23 22 25 34 44 54 61 65 63 56 48 43 41 40 42 49 56 63 67 67 62 53 43 35191020Q2 7 8 651833 6799999999999999 050 221246 4099999999999999
 30 27 26 30 36 44 52 58 61 59 54 49 46 45 44 46 51 56 60 62 62 58 51 43191021Q2 8 8 611923 6299999999999999 141 261346 4499999999999999
 38 34 31 29 31 36 42 49 55 58 58 56 53 50 48 47 46 48 52 55 57 58 56 52191022Q2 928 592048 5899999999999999 3 1 291537 4699999999999999
 47 42 38 33 30 29 32 38 45 53 58 60 59 57 54 50 46 43 43 45 49 53 56 57191023Q21110 602256 5799999999999999 439 291731 4399999999999999
 56 52 47 41 34 28 26 28 35 44 53 60 64 64 60 55 48 41 36 35 38 44 51 57191024Q21228 64999999999999999999999 557 261842 3599999999999999
 61 61 57 50 41 32 24 21 25 34 44 55 65 69 68 62 53 43 34 28 27 33 41 51191025Q2 035 621318 7099999999999999 656 211933 2799999999999999
 60 66 67 61 51 39 28 20 18 24 35 48 61 71 75 70 60 47 35 25 19 20 29 41191026Q2 135 671359 7599999999999999 746 182018 1999999999999999
 53 65 72 71 62 49 36 25 18 17 26 39 54 68 77 78 69 55 40 27 16 12 16 28191027Q2 222 721436 7999999999999999 831 1621 1 1299999999999999
 43 58 70 76 72 59 45 33 23 17 19 31 46 62 75 82 79 65 48 32 19  9  7 16191028Q2 3 6 761512 8299999999999999 914 162143  799999999999999
 30 47 62 74 77 69 55 42 31 22 18 24 38 55 70 81 84 75 58 40 25 13  6  7191029Q2 347 771547 8499999999999999 956 182223  599999999999999
 18 35 52 66 75 75 64 50 39 30 23 22 31 46 62 75 83 81 68 50 33 20 10  6191030Q2 427 761622 83999999999999991037 2123 3  699999999999999
 11 24 41 56 68 74 70 59 47 38 30 26 28 39 54 68 78 81 75 60 43 29 18 11191031Q2 5 7 741655 81999999999999991117 252342  999999999999999
  9 17 31 46 59 68 70 64 54 44 38 32 30 34 46 60 70 76 76 67 52 38 27 191911 1Q2 547 711728 77999999999999991156 30999999999999999999999
 14 16 25 38 50 60 66 65 59 51 44 39 36 35 41 51 62 69 72 69 59 47 35 281911 2Q2 630 6618 2 7299999999999999 021 141238 3599999999999999
 22 20 23 31 42 51 58 62 61 56 50 45 42 40 40 45 53 60 65 65 61 53 43 351911 3Q2 717 621839 6699999999999999 1 2 201326 3999999999999999
 30 27 26 29 35 44 51 56 58 57 54 50 48 45 43 43 46 51 56 59 59 56 49 431911 4Q2 815 581928 5999999999999999 150 261433 4399999999999999
 38 34 32 30 32 37 43 49 53 56 56 55 53 50 48 45 43 44 47 51 54 54 52 491911 5Q2 937 562042 5499999999999999 258 3016 6 4399999999999999
 45 41 38 34 32 32 36 41 47 52 55 57 57 55 52 48 43 40 40 42 46 50 52 521911 6Q21128 572241 5299999999999999 427 321735 3999999999999999
 51 48 44 40 35 31 31 34 39 46 52 56 59 59 57 52 45 39 34 34 37 43 48 521911 7Q21237 60999999999999999999999 542 311836 3499999999999999
 54 54 51 46 39 33 29 28 32 39 47 54 60 62 61 56 49 40 32 28 29 34 42 491911 8Q2 026 551317 6399999999999999 638 281921 2899999999999999
 55 58 58 53 45 37 30 26 27 32 41 50 58 64 65 62 53 43 32 25 22 25 33 441911 9Q2 121 591348 6599999999999999 722 251959 2299999999999999
 53 60 63 60 52 42 33 26 24 27 35 45 56 64 68 66 59 47 35 24 18 17 24 35191110Q2 2 0 631415 6899999999999999 8 0 242034 1799999999999999
 48 58 65 66 59 49 38 29 24 23 29 39 52 62 69 71 64 53 39 26 17 13 16 26191111Q2 235 661441 7199999999999999 834 2321 7 1399999999999999
 40 53 64 69 66 56 44 34 26 23 25 34 46 59 69 73 70 59 45 30 19 11 10 17191112Q2 3 7 6915 7 7499999999999999 9 7 232139 1099999999999999
 30 46 60 69 71 64 52 40 31 25 24 30 41 54 66 74 75 66 52 36 23 13  8 11191113Q2 340 711534 7599999999999999 940 242212  899999999999999
 21 36 52 65 72 69 59 47 36 29 25 27 36 49 62 72 76 72 60 44 29 18 10  8191114Q2 413 7216 3 76999999999999991013 252245  899999999999999
 14 28 43 58 69 71 65 54 42 34 29 27 32 43 56 67 74 75 67 52 36 24 15 10191115Q2 448 711634 76999999999999991047 272320  999999999999999
 11 20 35 49 62 69 68 60 49 40 34 30 31 38 49 61 70 74 70 60 45 31 22 15191116Q2 526 7017 6 74999999999999991123 302357 1299999999999999
 12 16 27 40 53 63 67 64 55 46 39 35 33 35 43 54 63 69 70 64 53 40 29 22191117Q2 6 7 671742 709999999999999912 2 33999999999999999999999
 17 16 22 32 43 54 61 64 60 52 45 40 37 36 39 46 55 61 65 64 58 48 38 30191118Q2 655 641824 6599999999999999 039 161247 3699999999999999
 24 21 21 26 35 44 52 58 60 57 51 46 42 39 38 41 46 52 57 59 59 54 46 38191119Q2 752 601922 5999999999999999 130 201349 3899999999999999
 33 28 25 24 28 35 42 50 56 58 56 52 48 44 41 39 39 43 47 51 54 55 52 47191120Q2 9 0 582046 5599999999999999 239 241520 3999999999999999
 42 37 32 28 26 28 33 41 48 55 58 57 54 50 45 40 36 35 36 40 45 50 53 53191121Q21018 582233 5499999999999999 4 4 261658 3599999999999999
 51 46 41 35 29 25 26 31 39 48 56 60 60 57 51 45 37 31 28 29 34 41 48 54191122Q21134 61999999999999999999999 521 251810 2799999999999999
 57 55 51 44 36 28 23 24 30 40 50 58 64 64 60 51 41 31 23 20 22 30 39 49191123Q2 012 571235 6599999999999999 623 2319 4 2099999999999999
 57 61 60 54 45 35 26 21 23 31 42 54 63 69 68 60 48 36 24 16 13 18 28 40191124Q2 118 621324 6999999999999999 715 211951 1399999999999999
 51 61 66 63 54 43 33 24 20 24 34 47 59 69 73 70 58 43 29 17  9  8 16 28191125Q2 2 8 6614 6 7499999999999999 8 3 202036  799999999999999
 42 56 66 70 64 53 41 31 23 21 27 39 52 65 74 77 69 53 37 22 11  4  6 16191126Q2 252 701446 7799999999999999 849 212120  499999999999999
 31 46 60 70 71 62 49 39 30 23 23 31 44 59 70 78 77 65 47 30 17  7  3  7191127Q2 333 721523 7999999999999999 934 2222 3  399999999999999
 20 36 52 65 72 69 58 46 37 29 24 26 36 51 64 75 79 73 58 40 25 14  6  4191128Q2 413 721559 79999999999999991018 242244  499999999999999
 12 26 42 56 67 71 65 54 43 35 29 26 30 42 56 68 76 76 67 51 34 22 13  7191129Q2 452 711634 779999999999999911 0 262323  799999999999999
  8 18 33 48 60 67 67 60 50 41 35 30 29 35 47 60 69 73 70 59 44 30 21 14191130Q2 531 6817 7 74999999999999991141 28999999999999999999999
 11 15 26 40 52 61 65 63 55 47 40 35 31 32 40 51 61 68 69 63 52 39 28 211912 1Q2 610 651741 6999999999999999 0 1 111222 3199999999999999
 17 16 22 32 44 54 60 62 58 52 45 40 36 34 36 43 52 60 63 62 56 46 36 281912 2Q2 651 621819 6399999999999999 037 1613 5 3499999999999999
 23 21 22 28 37 46 54 58 58 55 49 44 40 37 36 38 43 50 56 58 56 50 43 351912 3Q2 737 5919 4 5899999999999999 116 211357 3699999999999999
 30 27 25 27 32 39 47 52 55 55 53 48 44 41 38 36 37 41 47 51 53 51 47 421912 4Q2 830 5620 5 5399999999999999 2 2 2515 9 3699999999999999
 36 33 30 29 29 33 39 46 51 54 54 52 49 45 41 38 35 35 37 42 47 49 49 471912 5Q2 933 542126 4999999999999999 311 291634 3499999999999999
 43 39 36 32 30 30 33 39 45 50 53 54 53 50 46 40 35 31 30 33 38 44 48 491912 6Q21050 5423 9 4999999999999999 433 301744 3099999999999999
 48 46 42 38 33 30 29 32 38 45 51 54 55 54 50 44 37 30 25 25 29 36 43 491912 7Q212 2 55999999999999999999999 540 291835 2599999999999999
 52 52 49 44 38 32 28 28 32 39 47 53 57 58 56 50 41 32 24 19 21 27 36 451912 8Q2 036 521253 5899999999999999 632 281918 1999999999999999
 52 56 56 51 44 36 30 27 28 33 41 50 57 61 61 56 47 35 25 17 14 18 26 381912 9Q2 130 561330 6299999999999999 716 271957 1499999999999999
 48 57 61 59 52 42 34 28 26 29 36 45 55 62 65 63 54 41 28 18 11 11 17 28191210Q2 210 6114 3 6599999999999999 756 262034 1099999999999999
 41 54 62 64 59 50 40 31 26 26 31 40 51 61 68 68 62 49 34 21 11  7  9 18191211Q2 247 641436 6999999999999999 836 262112  799999999999999
 32 47 60 67 65 57 46 37 29 26 27 34 45 57 67 72 69 58 42 28 15  7  4 10191212Q2 322 6715 9 7299999999999999 916 262151  499999999999999
 22 37 53 65 69 64 54 43 34 28 26 29 39 51 63 72 74 66 52 36 22 11  4  4191213Q2 358 691544 7499999999999999 956 262230  399999999999999
 13 27 44 58 68 69 61 50 40 32 27 26 33 44 57 68 74 72 61 45 30 18  9  4191214Q2 435 691619 74999999999999991037 2623 9  499999999999999
  7 18 34 49 62 68 66 57 46 37 31 27 28 36 49 60 69 72 68 55 40 26 16  9191215Q2 515 691657 72999999999999991119 272350  699999999999999
  6 12 24 39 53 63 67 62 53 43 36 30 27 30 40 51 61 67 68 62 49 36 25 16191216Q2 557 671739 699999999999999912 3 27999999999999999999999
 11 10 18 30 43 54 62 64 59 49 41 35 30 28 32 41 51 59 63 63 56 45 34 25191217Q2 643 641827 6499999999999999 033 101249 2899999999999999
 18 14 15 23 34 45 55 61 61 55 47 40 34 30 29 33 40 48 54 58 57 52 43 34191218Q2 733 621925 5899999999999999 120 141345 2999999999999999
 27 22 19 20 27 36 45 54 59 59 53 46 40 35 30 29 31 37 43 49 53 53 49 43191219Q2 828 602036 5499999999999999 216 191454 2999999999999999
 36 31 26 23 23 29 37 45 53 58 57 53 46 40 35 29 26 27 32 38 44 49 51 49191220Q2 928 5822 2 5199999999999999 325 231616 2699999999999999
 45 40 35 30 26 25 29 37 45 53 57 58 54 48 41 34 27 22 22 27 33 41 47 51191221Q21034 582342 5299999999999999 438 251731 2299999999999999
 52 49 44 39 32 27 25 29 37 46 53 58 60 56 49 41 31 23 17 17 22 30 39 47191222Q21146 60999999999999999999999 546 251833 1699999999999999
 53 56 53 48 40 33 27 25 30 38 47 55 61 63 59 50 39 27 18 12 12 18 28 39191223Q2 1 1 561249 6399999999999999 645 251927 1199999999999999
 49 57 60 57 49 40 32 26 25 30 40 50 59 65 66 60 48 35 23 12  7  9 17 29191224Q2 157 601342 6799999999999999 740 252016  799999999999999
 41 53 62 64 58 49 39 31 25 25 32 42 53 63 70 69 59 45 30 18  8  4  8 18191225Q2 243 641427 7099999999999999 832 2421 4  499999999999999
 32 45 58 66 65 57 47 37 30 24 26 34 46 58 68 73 69 56 40 25 14  5  3  9191226Q2 324 6715 7 7399999999999999 921 242149  299999999999999
 22 36 51 63 68 64 54 44 35 28 24 27 37 50 63 71 73 66 50 34 21 11  4  4191227Q2 4 3 681545 749999999999999910 8 242230  399999999999999
 13 27 43 57 66 68 61 50 40 33 26 24 29 41 55 66 72 71 60 44 29 18  9  4191228Q2 440 681620 73999999999999991050 2323 9  499999999999999
  8 19 34 49 61 67 65 56 46 37 30 24 25 33 46 59 67 70 65 53 37 25 15  9191229Q2 516 671654 70999999999999991130 242344  799999999999999
  7 14 27 42 54 62 65 60 51 41 34 28 24 27 37 50 60 66 66 58 46 32 22 15191230Q2 551 651728 679999999999999912 7 24999999999999999999999
 11 12 21 34 47 56 62 61 55 46 38 32 27 26 31 40 51 59 62 59 51 39 28 21191231Q2 626 6218 4 6299999999999999 016 111244 2699999999999999
