 82 9913317421424926726424121017814913313916520023326127626923819514810519 1 1Q9 6202691813277999999999999991215132999999999999999999999
 71 61 8112217121926228728526022719015513213616420023526427926823018113119 1 2Q9 72528919 827999999999999999 050 61132213099999999999999
 84 49 43 7212317923528330830127123218914812513316620624227128326421716219 1 3Q9 816309195528399999999999999 140 41141512499999999999999
108 60 28 32 7413519825730532430726922417813511713517621925628228625419819 1 4Q9 9 0324203728899999999999999 225 2515 011799999999999999
138 83 36 13 33 8915822328332533130225620715811911314519423727229228223619 1 5Q9 939334211529399999999999999 3 4 13153911199999999999999
172111 57 16  9 4611418625130633732728523418413610811916321525628629627019 1 6Q91015338215029799999999999999 341  6161510799999999999999
212144 84 35  5 17 7214621727832433831126120815811710413318623527329629219 1 7Q91049339222429899999999999999 416  4164810399999999999999
249183117 61 19  6 3910618124630133432728623318113410411115420825228429719 1 8Q91121336225729799999999999999 449  6172010199999999999999
277221153 93 44 14 21 7214421327231733230725820515611510112517522526328919 1 9Q91152332233129399999999999999 521 11175310099999999999999
289253191129 76 36 21 4911018024129232331928122918013510410714419323626819 110Q91223326999999999999999999999 553 21182610199999999999999
284271225166112 68 39 42 8414821026230331729725320415912010211815920323919 111Q9 0 7284125531899999999999999 626 3519 310299999999999999
265272249201150105 70 54 7212017823127430230227222818414411210612916820519 112Q9 046273132930699999999999999 7 1 54194310599999999999999
236256256229188146110 84 7910415019924227529128125021017013311011013316719 113Q9 13025914 829299999999999999 741 78203010699999999999999
19922724524322118815512510610713016820724326827626323419816012710710812719 114Q9 225247145427699999999999999 829103212810599999999999999
157189217236239226201173147131129145173206236256263253227191153120 99 9619 115Q9 340240155426399999999999999 9351282242 9599999999999999
111141177210235248244224197171151142147169199227248257251226187145109 8319 116Q9 51624817 82579999999999999911 91412355 7499999999999999
 74 88123167210245268270251221189162142140159191223247261257228183134 9219 117Q9 6362721819262999999999999991237138999999999999999999999
 59 46 6410916521826429529927523819916113312614918822625527226723117511819 118Q9 738301192027499999999999999 057 46134312599999999999999
 69 30 17 4310217023328732332429124519815211711314519423626928827823016319 119Q9 832328201428999999999999999 152 17143711099999999999999
 99 44  1 -9 31105183252312348340296242189136 9910415020625128630428522419 120Q9 92035021 530499999999999999 243-111525 9599999999999999
147 79 20-24-26 31118200273335365345289230173116 8310216222226630231728519 121Q910 6366215331899999999999999 332-321610 8299999999999999
211130 61  0-42-28 45138220292353373336273213153 95 7210917723527931632319 122Q91050373224032699999999999999 418-451653 7299999999999999
276194116 48-14-46-14 71162239311365367317252192130 76 7012219124528832319 123Q91132373232632899999999999999 5 3-461736 6599999999999999
318260178106 41-17-33 16103187259326365348290228169107 64 7613619924829219 124Q91213366999999999999999999999 546-351818 6199999999999999
320303240167103 42 -5 -3 56138210275331351320261203145 89 62 8814620124619 125Q9 011321125335199999999999999 629-1219 1 6299999999999999
287306281223162107 54 23 39 99168229284324326288234180126 81 69 9914919619 126Q9 058306133333199999999999999 712 221946 6899999999999999
239274284260214166120 79 63 85135190239281305296259211163116 82 7910514519 127Q9 148285141430699999999999999 756 632036 7699999999999999
186224254262246214178142113105124161201238267279268237196153114 89 8510419 128Q9 24926315 127999999999999999 8481052138 8499999999999999
135171207235248243224198171149141149172200227247256248224189151117 93 8519 129Q9 41324816 32569999999999999910 01412258 8599999999999999
 95121155191223245252242222199177162158169190212230241239221189153119 9119 130Q9 5542521724242999999999999991145158999999999999999999999
 76 8010514218322325526926424421919116515215817720122323924222519115211419 131Q9 713270184024399999999999999 017 75131315299999999999999
 80 60 64 9413918823527329028225722418815513814517020022724725123019014419 2 1Q9 8 9290194025299999999999999 121 59141213799999999999999
100 62 42 52 9314820425629530729025521417113512113917521124226326122917919 2 2Q9 853308202726699999999999999 212 41145512199999999999999
127 79 40 26 5010516822828231631528423919314611311214519123126227926521919 2 3Q9 92932021 727999999999999999 254 26153110799999999999999
159104 55 20 20 62129196257306328310265214164118 9611516421425428329025819 2 4Q910 2328214229199999999999999 331 1416 3 9699999999999999
198134 78 31  7 28 89162228286326328290236184133 94 9213218923827629928919 2 5Q91032332221630099999999999999 4 5  71633 8799999999999999
238170107 53 12  8 53126198260311334312260204151103 7910215821526029430519 2 6Q911 1334224830599999999999999 436  417 2 7999999999999999
273209141 82 32  6 27 92167233289328327285226172120 80 7912318523727730419 2 7Q91129334232130699999999999999 5 6  61732 7399999999999999
296246177115 62 21 16 62136206263311331305250192140 92 69 9214920825228719 2 8Q91157331235430299999999999999 537 1218 2 6999999999999999
302276215151 97 51 25 45106178237287320317273214161113 75 7211317222326219 2 9Q91226324999999999999999999999 6 8 251834 6799999999999999
290289249189134 88 53 46 84149211260298313290238182134 92 69 8513318723019 210Q9 030294125631399999999999999 640 4319 8 6999999999999999
264282269225173128 91 69 79124182232270294292258207158115 82 74 9914619219 211Q9 1 8283132729799999999999999 715 681946 7399999999999999
230259269251213172136108 97114155201239266278265230185142106 82 8110714619 212Q9 15426914 227899999999999999 755 972031 7899999999999999
187222248256243216184155134128142172205233252257243213175137105 85 8410319 213Q9 253256144725799999999999999 8481272133 8299999999999999
135173208236250248231207182162153156172195218234240233211177140108 85 7719 214Q9 42225115582409999999999999910151522259 7799999999999999
 86114153194229255265257236209184164154159178202223235236221188147108 7719 215Q9 6 42651735238999999999999991211154999999999999999999999
 59 60 8813418523227029028726222819416113913816019322224425324020215210319 216Q9 721292185925399999999999999 026 56133213699999999999999
 61 32 30 6312218624429231931327923418914611511615019523326227726221314919 217Q9 82032120 427799999999999999 136 27142911199999999999999
 91 40  3  1 48122197262318345329281227174121 8810015220825128730427921419 218Q9 9 8346205930499999999999999 233 -41515 8699999999999999
140 76 17-24-16 49136215285343363330269209149 89 64 9716422527231332628519 219Q9 952364214732799999999999999 322-291557 6499999999999999
206128 60 -5-42-15 68160237309364366314245183117 59 5110618224229233433519 220Q91032373223234299999999999999 4 8-431637 4699999999999999
276191116 47-19-42  8101188261331372351285216153 83 36 5312419925630834519 221Q91111373231534799999999999999 450-431716 3399999999999999
328258176107 37-20-19 49140216285346364321250184119 55 28 6714321126531719 222Q91148365235734199999999999999 530-291755 2899999999999999
340308236165101 37 -1 23 97177242302345338282214153 90 39 36 8815821727019 223Q91223349999999999999999999999 6 9 -21833 3099999999999999
314321281218159102 51 35 74143206260307327301243183126 72 40 5610816721819 224Q9 040324125732799999999999999 648 341912 3999999999999999
266298294256207159113 80 83123177225266295295261210159110 70 56 7812216919 225Q9 124301133129999999999999999 727 761953 5699999999999999
214253274267240205169136119128159195229256269259229188146107 81 77 9512719 226Q9 21627514 626999999999999999 8101192041 7599999999999999
164202233250250236214188167156161176197219235239230209180147117 98 9310119 227Q9 329252145123999999999999999 9111562153 9399999999999999
122152185214235246244231212195182175176185199211217216205184157132112 9919 228Q9 52124616232179999999999999911221742339 9699999999999999
 9711013717020423325426025223421218917016116517919520921721519817114111419 3 1Q9 6532611819218999999999999991310160999999999999999999999
 92 83 9412416420624427228126824321217915113814716919421723323321217714019 3 2Q9 753281193123599999999999999 1 0 8314 513899999999999999
104 75 64 8112117222126529429727323719715612411814017520923825625121817219 3 3Q9 835299201925799999999999999 156 64144211699999999999999
126 84 52 47 79133191245290313301263217170124 9910914919423326527925921119 3 4Q9 9 9313205727999999999999999 239 451513 9899999999999999
155104 59 31 43 93158219274315321289238187135 92 8411817122126229229225219 3 5Q9 939323213029799999999999999 315 301542 8299999999999999
191132 78 33 20 56123191251303330312262206151 98 68 8614120125029131128919 3 6Q910 733022 231199999999999999 346 1916 9 6899999999999999
230164105 51 16 28 88162226284326329287227169113 66 6010617223027731331519 3 7Q91034334223332099999999999999 417 131637 5699999999999999
270201137 79 29 15 57132202260312336310250188132 77 47 7113620325529932419 3 8Q911 033623 532499999999999999 446 1417 6 4799999999999999
303240171113 58 22 36101177237289328326275209150 96 50 46 9616922827531419 3 9Q91128334233932499999999999999 516 201735 4099999999999999
320277208147 95 48 33 74149215266308327298233169116 66 38 6112719524729019 310Q91156327999999999999999999999 547 3218 6 3899999999999999
317303248184132 86 53 63120189243283312307258192135 87 49 44 8615421325919 311Q9 013318122431599999999999999 619 511838 4099999999999999
295307279224171127 90 75103160217257287298274219160111 71 48 6111017022119 312Q9 050308125329899999999999999 654 751912 4799999999999999
261289290259213170135109108140187228257275271240190141100 69 59 7912317319 313Q9 132294132427799999999999999 7321051952 5999999999999999
217253275273249215183155138141164196224244253244216177137103 79 73 8912219 314Q9 22627714 325399999999999999 8231362047 7399999999999999
162202236259264253231206182166162171188207223231227210182149117 93 82 8619 315Q9 348265151223199999999999999 9481622215 8199999999999999
106140180219249267269256233207184167160166183203219226222203171135103 7919 316Q9 53827017112269999999999999912 1160999999999999999999999
 70 8011316020825128129428425622118615413513816219422124124823319514710319 317Q9 7 3294185224899999999999999 0 3 70132313399999999999999
 67 44 49 8914920926230432230626621917212810211215319923726828226221115019 318Q9 8 2322195828299999999999999 122 42141410199999999999999
 96 47 14 24 79153222282331344313258202146 92 69 9815821526230131528221419 319Q9 848345205031699999999999999 220 121457 6999999999999999
145 83 24-10 14 88171242307355353302236175110 54 4710017423628933333828519 320Q9 929361213534399999999999999 3 8-101537 4299999999999999
207135 68  4-19 27115197266332368343275205140 70 24 4211719525731535634219 321Q910 7368221835999999999999999 351-201615 2199999999999999
274194125 53 -6 -7 62152226292350364315238170102 35  9 5614021527633436319 322Q91043367225936399999999999999 431-161652  899999999999999
329254181114 44  2 28107189253313355341275200134 67 12 15 8116323029134319 323Q91118358233935699999999999999 5 9  11728  599999999999999
352304233170107 47 30 76153220274323340303232164102 41 10 3810918124229919 324Q91150341999999999999999999999 547 2818 3 1099999999999999
337327277217162106 66 72125189241285316309259194134 79 34 28 6913319424919 325Q9 020339122131999999999999999 623 621838 2499999999999999
296317298254207160117 98118165212251282292269220166115 71 46 57 9815020119 326Q9 1 1317125129399999999999999 7 0 981914 4699999999999999
247282290272240204167140135155187219246263259232193150111 81 72 8711815819 327Q9 147291132026499999999999999 7401341952 7199999999999999
199237261267256236210184167166176193212228235227207180150121102 9810812719 328Q9 249267135723599999999999999 8361652046 9899999999999999
15619022024125225324222320419018117918319320420920720018416314112511711519 329Q9 4322541514209999999999999991056179223911599999999999999
12414617520523125126025624022019918016516217118419620520920218416113912119 330Q9 6112601754209999999999999991245162999999999999999999999
11011113116420023426127627125122319216214113815317720022023122520217114019 331Q9 717277191323199999999999999 024108133813799999999999999
112 93 9412016320724828029428124921017013311312115118722024725924521016819 4 1Q9 8 129420 025999999999999999 128 90141411299999999999999
128 92 71 82122175226271302305277232185138100 9211916521025027928225220319 4 2Q9 835308203728599999999999999 212 711444 9099999999999999
153106 67 55 84140199252298319303257203150100 71 8513419124028330729224419 4 3Q9 9 5320211030899999999999999 248 541512 7099999999999999
186131 80 45 53105170229282321323283224167110 64 56 9816322227331432328519 4 4Q9 933328214132599999999999999 320 421539 5399999999999999
223163106 55 37 72140205261310333308248186127 70 38 6112619625230433632119 4 5Q910 0333221433799999999999999 351 3616 7 3899999999999999
263198139 82 40 48108181239290330328276207146 88 37 31 8416122628132834219 4 6Q91028335224734499999999999999 422 361637 2699999999999999
303236174118 64 42 79153218268312333302233165108 52 19 4411719425230434219 4 7Q91057333232134599999999999999 454 4117 7 1999999999999999
333276210154101 59 63121194247289321317263190128 74 29 21 7115122027332019 4 8Q91126326235734199999999999999 526 531739 1799999999999999
341312250191142 95 71 98163224265298313286221152 98 52 23 3910317723728619 4 9Q91156313999999999999999999999 6 1 711812 2299999999999999
324327288231182138102 97136194240272293290249185127 80 44 33 6512819224419 410Q9 035331122629699999999999999 637 941847 3299999999999999
288314307269223182146122129165209242265275260218164116 78 53 54 8814019419 411Q9 11831613 027599999999999999 7191201929 4999999999999999
240278298290262227193164148154178207231247251236202161123 91 72 74 9913919 412Q9 213298134425199999999999999 8141472025 7099999999999999
183226261281282266240212185168164174191210225231225205176143113 93 86 9719 413Q9 33128415 223199999999999999 9461642154 8699999999999999
124163206245273285280260231201175158153165186208224232226204171136107 8619 414Q9 51328617 72329999999999999911461532343 8199999999999999
 8210114119023727529930128024420416613512213616820323325425923819715211019 415Q9 6353031842260999999999999991259122999999999999999999999
 76 60 77125185241288319321290242191142101 8811416321225428729626721315719 416Q9 733325194529799999999999999 1 2 601350 8899999999999999
106 59 38 63125194254307340331284224166108 62 6110817323128232232628221719 417Q9 819342203533099999999999999 2 0 381432 5599999999999999
155 95 41 25 67142214274329354326261194132 68 28 4911819225431235234128219 418Q9 9 0354211935599999999999999 247 241511 2799999999999999
211147 82 28 29 91171238297346353302227160 93 30  9 5613921427833936833819 419Q9 93735722 136899999999999999 330 201549  899999999999999
269201137 70 29 53128203262317353334265189124 56  4 10 7916523530035636819 420Q91012354224137199999999999999 410 281625 -299999999999999
321252189126 65 46 91167231283329343300224153 90 28 -3 3010918825431736019 421Q91046345232136499999999999999 448 4417 1 -399999999999999
351297235178117 72 78134201253297328317259186122 63 15 11 6213820827032519 422Q91118330999999999999999999999 525 671735  699999999999999
349326274220167116 92116171224266299311281220156 99 49 22 40 9616322428019 423Q9 0 0349114931199999999999999 6 1 9218 9 2299999999999999
321328299255208162126121151195235268288281243189135 88 53 46 7512518123519 424Q9 040330121828999999999999999 6381181842 4499999999999999
281307304277241202165144149174205235258265249213170127 91 72 7710514619219 425Q9 123309124926599999999999999 7191431917 7199999999999999
237272287283263235203176164168183203224239238223197165133108 9810512615619 426Q9 215288132924199999999999999 81316420 3 9899999999999999
19423025727027025823621119017817417819120621721821019617415013112212313419 427Q9 330272143621899999999999999 959174212312299999999999999
15618721924426126826224422019717916616217118720121121420919417215213712819 428Q9 5 426817 0214999999999999991146162232212899999999999999
13014717721024026327527125222319316614514015217519921923223321719016213819 429Q9 6182761832235999999999999991249139999999999999999999999
12111813617121124727528928025221417514111811814217721224226125923419816119 430Q9 7 9289192626399999999999999 040117133011499999999999999
128105104131176222263293302281240192147108 8910514619423727329127824019319 5 1Q9 74930220 629199999999999999 13210114 3 8999999999999999
149109 86 97140194243285312306268214161110 73 7010816522026930731428423219 5 2Q9 822314204231699999999999999 213 851434 6699999999999999
180130 88 75105162219268308323296240180123 71 45 6712819425130333432427519 5 3Q9 853323211633699999999999999 248 7415 4 4599999999999999
217162109 71 78129193246293326320270203142 84 37 32 8215722428333335031719 5 4Q9 923329215135199999999999999 323 671536 2799999999999999
257198143 89 66 98164225272313331300232163104 48 15 3811119025331135435119 5 5Q9 955332222735999999999999999 357 6616 8 1499999999999999
300236181125 78 77130199251292325321267192127 70 21 10 6014421827833336219 5 6Q9102733023 436299999999999999 432 701642  799999999999999
338278218166112 81103166227270305323297229155 97 44  8 22 9117324029734519 5 7Q911 0323234335999999999999999 5 8 801717  699999999999999
356318258205155109 96134196245280307308265194128 75 31 13 4711919425530919 5 8Q91134313999999999999999999999 546 941753 1299999999999999
345341298245197151117119161213252280297284234169113 67 33 31 7314020626219 5 9Q9 025350121029799999999999999 6271121833 2699999999999999
309335323284238196156133141178218249271279259213159111 72 49 55 9415120819 510Q9 112336125227999999999999999 7151311920 4799999999999999
259300319309277239201167149154180210235254259243207165124 91 72 7610615119 511Q9 2 8320134726099999999999999 8161482021 7099999999999999
202249286306302279246211178157154168191216236246240217184148116 94 9010719 512Q9 319307151024699999999999999 9401532143 8999999999999999
143189235274299303287256219182153139145167196224244252241213176140110 9419 513Q9 44230416562529999999999999911131392316 9399999999999999
10013017722626930031129726221817413611311614418422325627527224320115711819 514Q9 5573111823277999999999999991224111999999999999999999999
 91 88119171226273309323304259206155108 80 8813018323327730630326721616519 515Q9 656323192630999999999999999 035 851318 7999999999999999
118 82 79118178235284322332300243183126 74 49 7113019425230433632527822119 516Q9 745333201733799999999999999 135 7514 3 4999999999999999
166112 73 78129195251299335331283216153 93 40 27 7014321327533135733427719 517Q9 82733921 235799999999999999 224 691444 2599999999999999
218161103 70 91153217269315340318255184121 59 14 22 8416423429935336632819 518Q9 9 6341214436899999999999999 3 8 691523  999999999999999
267210151 95 77116182240286326335293220151 89 31  3 3411018925732136536019 519Q9 942337222537099999999999999 349 7616 1  399999999999999
312253198139 94 96147210259300329317260186121 62 15  9 6013921227833636419 520Q9101733023 536499999999999999 428 871636  499999999999999
344292237183130102122177232274308320289225156 97 45 14 31 9216723529634219 521Q91050320234335499999999999999 5 61011711 1399999999999999
353321271220169127118150201246282305300258194133 80 40 29 6212519225430719 522Q91122308999999999999999999999 5431161745 2899999999999999
338333298252204160132138172215253282293274228171118 74 49 56 9615321326819 523Q9 022341115529399999999999999 6211301819 4799999999999999
309326312278236193158143156186221252273272248205158114 81 70 8612517522719 524Q9 1 1326123027699999999999999 7 21431855 7099999999999999
273303309293262225188162155167191219244257251228193155121 98 9611314718919 525Q9 145310131325799999999999999 7501551938 9499999999999999
23327029129327925322018816716116918620923024023621919416413712011913215919 526Q9 237295141224099999999999999 856161203511799999999999999
19423226328028327325021919016815816017419521622923122420618115714013414119 527Q9 3432841544232999999999999991021158215713499999999999999
16119222725627528127325021818616114514415818220922924124022620117415213919 528Q9 4572811728242999999999999991136142232913899999999999999
14015718822425627828627724921117414212312314317821324326226524721618315419 529Q9 6 12861838266999999999999991231120999999999999999999999
134131151188228263287295278241195151115 9510413818422926729028926322318319 530Q9 650295192829399999999999999 0391301314 9599999999999999
147122122151196240277301302271222169121 82 69 9414620225429731930826822119 531Q9 732305201032099999999999999 1311181352 6999999999999999
176134109119162213258294314301253194137 86 50 52 9816422728332834131426419 6 1Q9 810314205034299999999999999 2141081428 4599999999999999
212163118101128183235277311320288226161103 52 25 4911519025431235335230919 6 2Q9 846322212935999999999999999 25410015 5 2599999999999999
253200148105103147208256295323317265193128 71 24 13 6014021628033736935119 6 3Q9 92332622 936999999999999999 333 971542 1099999999999999
297240187134100115173231274308327302236161100 44  5 15 8116623830135537319 6 4Q910 1327225137499999999999999 413 981621  299999999999999
340282227174124103136197249286316322280206136 78 26  1 3010618825731836419 6 5Q91040324233337299999999999999 45410317 1  199999999999999
367325267216164120115157215260292316308256183118 64 20  9 5313020627032819 6 6Q91120318999999999999999999999 5361101743  799999999999999
364354309255206157123129174224263292308290235169111 62 27 28 7714921827819 6 7Q9 01836612 430899999999999999 6221191829 2199999999999999
330355339295246200155129141181224258285295274223165115 71 44 52 9916322419 6 8Q9 1 6355125329599999999999999 7121281918 4299999999999999
280324342324285240196155134145179215247272281263221174129 91 68 7711617019 6 9Q9 159342135228199999999999999 8 91342016 6799999999999999
225276314328313279237194155134140166200232259271261231192152116 94 9712719 610Q9 25832815 527199999999999999 9161332124 9299999999999999
17222226930431830727623419015112712614718121724927027125121717814211611119 611Q9 4 33181633273999999999999991031123224311099999999999999
13117121826229631330527423018314011010412516420724727828927624320216313219 612Q9 5123131758289999999999999991143103999999999999999999999
118131169216260294313305269220168122 87 8010615420625529431330026321917719 613Q9 61431419 531399999999999999 0 21181243 7999999999999999
138118131171220263298316303259203148 98 62 59 9615521527031633531727522819 614Q9 7 831720 033599999999999999 1 91181334 5599999999999999
181137116134180230271306319296242181124 72 39 47 9916723129133835132327619 615Q9 755320204835299999999999999 2 41151420 3699999999999999
227176131115144195243283314318281218156 99 48 24 4911418625231235535631919 616Q9 837321213136199999999999999 25111515 1 2499999999999999
268218165123121160214259296320310259192130 75 30 21 6413720927433236435019 617Q9 917321221236599999999999999 3341161541 1899999999999999
305254203151120133181233274306320294233165106 55 21 32 8916523429634636219 618Q9 954320225136399999999999999 4141191618 1999999999999999
335286235184139123151202250287312312271206142 87 42 25 5512019325931535319 619Q91030317232835899999999999999 4521221654 2599999999999999
352315264214165131132170221264295311296246181122 73 40 42 8515322128132919 620Q911 5311999999999999999999999 5291261729 3699999999999999
350334291241193151131146188234272298302274220161108 68 50 6711818324529819 621Q9 0 4350114030499999999999999 6 513118 3 4999999999999999
333339312268220176143136161202242274292286251199147103 73 69 9815020926319 622Q9 039341121729499999999999999 6421351838 6799999999999999
307329321290247203164141145172209244270281267232187143107 88 9512817722819 623Q9 115330125828199999999999999 7221391916 8799999999999999
27430731730327123119115814315117720923926126725222118414912110912115319519 624Q9 154318134726899999999999999 8 814320 010999999999999999
23827630030328725722018315514415217420223025125724622219316313913214316919 625Q9 238305144925799999999999999 9 2144205513299999999999999
20424127329129227624821217715013914416419222224525625223520918115914915419 626Q9 33229416132569999999999999910 913822 914999999999999999
17520523926728428627124220516813912512915018321924826626925522819817315719 627Q9 4372871740270999999999999991119124233515599999999999999
15617320323726528328727023619415312110410913818022326128629327624521017919 628Q9 5422881846293999999999999991218103999999999999999999999
156150168202239269289292269226177132 96 78 9013218523728231331729425521419 629Q9 638293193931999999999999999 04615013 8 7899999999999999
177148142166207247279299297264210155106 67 53 7813419925830834033730325719 630Q9 727302202634399999999999999 1421401353 5399999999999999
211167136136171219260292311300253189130 78 39 34 7514621728033336234830319 7 1Q9 812312211136299999999999999 2301311438 3099999999999999
252202154124135182235276307321297237166105 52 16 24 8216323830235637635019 7 2Q9 857321215637699999999999999 3161231522 1299999999999999
296242190140117142199252290319326289217144 83 30  1 25 9818425732237238119 7 3Q9 942328224038499999999999999 4 011716 7  199999999999999
342284230176127115155216265301329326275198127 68 16 -3 3712020327433838119 7 4Q91027333232538699999999999999 4441131652 -499999999999999
377328269216160117119169229274309333319259182116 58 12  6 5914322128935019 7 5Q91113334999999999999999999999 5281111737  199999999999999
382364310254200145111126181236277312331307243173113 58 19 27 8716623730119 7 6Q9 0 938312 133199999999999999 6131101822 1599999999999999
355374345291238185133110134187236276309321292233171117 67 39 5711718725019 7 7Q9 053374125032299999999999999 7 011019 9 3899999999999999
308351357324273222170125112139186230268300308280230179131 88 69 9114320319 7 8Q9 139360134430999999999999999 7491111959 6999999999999999
25830733933730425820916012111313717721825728729527423719415211710412216419 7 9Q9 226342144629599999999999999 844112205510499999999999999
21225929932231728824519815311911112916320324327428727825121617914913514519 710Q9 32032416 528899999999999999 94811022 513599999999999999
17521525528730630227723719114711510311514718923126728929127224020617615719 711Q9 42230717332939999999999999911 0103233015499999999999999
157178212247276295294271230184141106 89 9813217922626930030929326222719319 712Q9 5302971849309999999999999991210 89999999999999999999999
166158175208242271291292268224176130 92 72 8412417723128131832830927623719 713Q9 633295194932899999999999999 04915813 9 7299999999999999
197164153172207243274295294264215163115 74 56 7512518524529933734231727819 714Q9 729298203934499999999999999 15115314 1 5699999999999999
234190154147173213251283302295256200145 96 56 45 7713720426532035234831319 715Q9 818304212335599999999999999 2421451446 4499999999999999
268221174141144181227265296310293242181125 76 41 44 9116022828933936134219 716Q9 9 131022 236199999999999999 3251381528 3799999999999999
298249200154131150198245282309315282222158104 58 34 5411618925531235436019 717Q9 941317223836399999999999999 4 413116 5 3499999999999999
326275225176136130165218264298319311263197136 85 45 38 7814822028133336119 718Q91017321231136299999999999999 4391271641 3599999999999999
347301248198152124137186239281311322297238172116 69 42 5511118425030634819 719Q91052322234235999999999999999 5121231714 4199999999999999
357325273221172132122154207256293317315274212151100 62 51 8515021827732619 720Q91126321999999999999999999999 5451211746 5099999999999999
352341297245195149121130173225267300315298248189136 92 66 7412218724729919 721Q9 01335312 231599999999999999 6171191818 6499999999999999
336344316268218172133120144190236273300304276226174130 94 8210716021826919 722Q9 043346123930799999999999999 6511201851 8299999999999999
31133432628924219615412512715820124027329428825621217013310810914219123919 723Q9 115335132029599999999999999 727121192810499999999999999
28131232130226422117914212413416620323926828327424621117614613013917021019 724Q9 14932214 928399999999999999 8 9124201113099999999999999
24928230330328024520616713712513716519923226027426924822119216715616318719 725Q9 229306151327499999999999999 85912521 715599999999999999
21824927528928626623419616013312313115618922525427327526324021318917617619 726Q9 32029016402769999999999999910 2123222917499999999999999
19021524226527827726022919115412611211614017821925528229328526223420718619 727Q9 42728018 5293999999999999991117111999999999999999999999
177184207234259275278263229187145112 92 9512316821826430031731028324821419 728Q9 543279191231799999999999999 0 41771225 9099999999999999
184167172198231261281288271230180132 92 67 7110716522628032334333129625319 729Q9 64928820 834399999999999999 1181661325 6599999999999999
211173151160195237271295302280229168113 68 41 49 9917124030134836634529919 730Q9 748303205836699999999999999 2151501419 3999999999999999
249200156134152200249287313319286222153 94 44 16 3610218525832237138234719 731Q9 841320214438399999999999999 3 413415 9 1699999999999999
291236183135119154214266304332332285209137 76 23  0 3511720427734338938619 8 1Q9 932337222839599999999999999 3491181556  099999999999999
337275219161113111163230280320348338277195124 62  8 -4 5014222629636239819 8 2Q9101935123 939999999999999999 4321051642 -799999999999999
378317255197136 95113178244291333358334262182116 53  4 10 8017024731537519 8 3Q911 6358235039699999999999999 514 941725 -299999999999999
395357292232172112 86122192252298341357320247175113 52 16 4111719926733119 8 4Q91151358999999999999999999999 556 8618 8 1599999999999999
379378329265208147 95 87135200254300340345302235174117 64 45 8315522428419 8 5Q9 030386123734999999999999999 638 831851 4599999999999999
338368351298240184127 89 97145202250296328325285231180130 90 8712718724219 8 6Q9 1 9369132633399999999999999 721 851935 8299999999999999
292333345319270218166117 9310815019724228431030627523519415312713016320819 8 7Q9 150346142231299999999999999 8 8 93202412499999999999999
25028931531729124920315711810211514718722926729129327624821518416516618619 8 8Q9 233320153529599999999999999 9 3102212716299999999999999
21624727529229127123719715712511011513917421325127929128626724121519418619 8 9Q9 328294171229199999999999999101510923 418699999999999999
19321123525727227526223419816113011010812515920024227730030328826423620919 810Q9 4442751839304999999999999991138106999999999999999999999
190186199221243262271264239202164129103 9411114919624428731632230527624219 811Q9 6 8271194332399999999999999 0421851251 9499999999999999
207179171186212240264279273245203160119 88 7910114820325830633633731227519 812Q9 716279203234099999999999999 1501711349 7999999999999999
233191160156180216250278293283245195147103 70 6710216022227932835234130419 813Q9 810293211135399999999999999 2381541436 6499999999999999
259212167140149187231268297308286236179128 82 54 6511718424830534835933119 814Q9 853308214636199999999999999 3161391516 5299999999999999
283234184140127156207254290317317278216157105 62 46 7814521527733036335319 815Q9 931322221736599999999999999 3491261552 4599999999999999
308254203153119127175232277313332314258191133 83 47 5310718224930635236519 816Q910 5332224736699999999999999 4201161624 4399999999999999
333277222170124109142202257299330335296229165111 65 46 7814722028133336319 817Q91038338231536599999999999999 4501081654 4699999999999999
351301242189138104114167229278316339324268201143 93 57 6311719125530935119 818Q91110340234236299999999999999 5191021724 5399999999999999
359324265209157113 99133194250293327335300238178127 84 66 9616223028432919 819Q91143337999999999999999999999 548 981754 6699999999999999
355339288230178130 98108157217264303328319273214163119 88 9113920425930419 820Q9 010355121733099999999999999 619 961826 8499999999999999
337342307251198152112 9812618023227330631929724920015812310612717923427719 821Q9 038345125531999999999999999 651 97185910699999999999999
31132931627222017413310510814419423827430130427823819916513913616320825019 822Q9 1 8329133730799999999999999 726101193713499999999999999
28230530928624419915812510812015519723626929029127023920918216416718922219 823Q9 140311143029499999999999999 8 7108202516399999999999999
25227528928526222718815312611512615418922625828028527525422920619118820019 824Q9 220290154828699999999999999 9 0115213918899999999999999
22024226027026825122318915613011612014017321124827629229227725423020919619 825Q9 3212711729294999999999999991018116233519499999999999999
19520622524425926425523219816213010810311715119724328230931730427724521419 826Q9 4552641852317999999999999991149102999999999999999999999
189177185209237260274272250210164122 91 76 8913219024829733334532728924619 827Q9 626276195334599999999999999 1 617713 5 7699999999999999
205169152166202242274295297270217159108 67 47 6412119426131836036833828719 828Q9 737300204337099999999999999 2 515214 6 4699999999999999
235185142126155208258295322324283215148 90 41 20 5112721028134238438133419 829Q9 833328212739099999999999999 2511261457 2099999999999999
272215157110107157224278320350343286206135 72 18  5 5714723230236640137819 830Q9 92335422 740199999999999999 3341011543  299999999999999
314248187124 82101171243296343372350276193124 57  4  9 8317825632538640319 831Q910 9373224640599999999999999 414 801627 -399999999999999
358285219155 91 65109190259312361382341260182116 48  7 3612221028034639419 9 1Q91053382232439999999999999999 453 6417 8  799999999999999
387325251188122 65 64127207269323370375321244176112 51 31 8016524030135819 9 2Q91136381999999999999999999999 532 551748 3099999999999999
386356287219158 94 55 77147218274328365355298233175116 70 7313020326231419 9 3Q9 0 0386121936899999999999999 610 541827 6399999999999999
356361316251190133 80 62 9816322227532334832828022818013110412217422927519 9 4Q9 03636513 534899999999999999 650 6119 810399999999999999
315338324278222169119 82 8211917122126830832230527023219315814616520324119 9 5Q9 111338135632299999999999999 731 76195314699999999999999
274300308288248204159120 9810413317221425528629929127024321419118419421519 9 6Q9 14730815 429999999999999999 818 97205318499999999999999
23926127527626023219816313411812013716620123726728528928026123922020720419 9 7Q9 233278164928999999999999999 925117225120499999999999999
21022323824925324823120517615113312513115318622225628429829728225923521219 9 8Q9 35725318243009999999999999911 6125999999999999999999999
19619220221823424625124222019116213611911813817421725929431531529626723319 9 9Q9 554251192831899999999999999 043192123311699999999999999
19917517018420923425626726123519916212810310112817422527331433432629725819 910Q9 711268201333599999999999999 1441691335 9999999999999999
215174148151179215249277290277239193149109 83 8913018724429633634832528219 911Q9 8 3290204934899999999999999 2241461420 8199999999999999
234186143126147191236274304310282230177128 85 67 9114921327132335534830719 912Q9 842312212035799999999999999 2561261458 6799999999999999
254202150114117160216263304329319271210154103 64 6311118024530234836233119 913Q9 916330214936399999999999999 3261091531 5799999999999999
276219165115 96126187245293331343311248184129 78 53 8014721827833136335219 914Q9 948344221636599999999999999 354 9616 1 5399999999999999
300238181127 88 96152219274319350341287219159104 62 6211519025530935336319 915Q91019352224236599999999999999 421 851631 5599999999999999
324260199144 93 77115185248298340355322256192137 86 62 9116123228733436119 916Q9105035623 936299999999999999 449 7617 0 6299999999999999
343284218162109 73 85146217272318351344292226170120 80 8113420726531134719 917Q91123354233635599999999999999 518 701730 7499999999999999
351307240180129 84 70109179242290330348321262204157114 9111718024328832419 918Q91156349999999999999999999999 547 6818 1 9199999999999999
343322265201149104 73 8413920625830133333429524019315312011815821726529819 919Q9 0 4343123233999999999999999 618 71183411499999999999999
322322285225171127 91 7810716422126630332531427523019216014115219223827219 920Q9 031326131232599999999999999 651 78191114099999999999999
295306292250198153117 93 9412717722426429630929726723320417916918221224219 921Q9 1 130614 230999999999999999 728 89195816999999999999999
26528028126322718715012110411013717621525228129529127224922420319319821319 922Q9 137283151429699999999999999 817104211219399999999999999
23124725825924722319216113411811713216019623426829029729027224822420619619 923Q9 23726017 029799999999999999 934115232419599999999999999
19720822524025025023721218014912411011313417321826229631531629726623320219 924Q9 4282511831318999999999999991122109999999999999999999999
178170182207235257269265240200157119 92 8410615421226731234134231427122519 925Q9 618270193334599999999999999 0551701249 8499999999999999
182147137160203244278300299266211155106 67 54 8414822028333536736031625919 926Q9 729303202037099999999999999 1481361351 5499999999999999
204150110109152213265307336330281211146 89 41 32 7916123830436038736229919 927Q9 82333921 238799999999999999 2321031441 2999999999999999
234172111 74 93161232289338368348281203135 71 21 27 9718726332838239334419 928Q9 910369214139699999999999999 312 731525 1599999999999999
269201135 72 49 96180254313366388349269192124 56 16 4613121928735039438019 929Q9 954389221839799999999999999 350 4816 7 1599999999999999
311232165 96 40 43114203272333385391334253183116 51 31 8417424930936538819 930Q91036396225438999999999999999 428 321647 2999999999999999
348269195130 63 25 56140222286347389375311239176112 61 661332122733253671910 1Q91118392232837399999999999999 5 5 251725 5499999999999999
364306229162100 44 31 83164235295351377349288229173117 871131782402883291910 2Q912 0377999999999999999999999 542 2818 4 8799999999999999
351326263195137 81 44 551121822422983433533212722241761341251582102552911910 3Q9 0 1351124335599999999999999 619 41184312399999999999999
319320284228172122 80 62 861371932452923243252992632251871611631902252561910 4Q9 033324133132899999999999999 656 62192615899999999999999
281294283249205162122 95 911141531972402783003012862622332061901922052241910 5Q9 1 6294143330399999999999999 738 89202518999999999999999
2442592632522281981651371201191331591922282592802892852692482272112032021910 6Q9 146263161128999999999999999 834118223420299999999999999
2102222332372352242051821601441371391541812132442712882932822632402171961910 7Q9 3 72371747293999999999999991020136999999999999999999999
1851871992132262352362242031801581401321411672032402742993072952702392051910 8Q9 536237185330799999999999999 02118412 213299999999999999
1751591631832082322522592482211891581311171271602042492893173213002632221910 9Q9 655259194032299999999999999 11715813 711699999999999999
180145133149183219253279285265226185145111 99119165218268311334326289242191010Q9 744286201533699999999999999 1551321354 9899999999999999
192145113115151199244284309305268218169123 89 88127186243294334344316264191011Q9 822312204634599999999999999 2271091432 8399999999999999
208154107 89115170227277317333309256199146 97 73 94152216273322351338289191012Q9 855333211435299999999999999 255 8915 4 7399999999999999
227169113 75 82134200259310345342296234175120 77 73119188250303345353314191013Q9 926350214135699999999999999 323 721535 6899999999999999
250187128 76 58 96166234290339360333271208151 97 69 93159227281328356336191014Q9 95836022 835699999999999999 350 5816 5 6899999999999999
275206146 89 50 62125202264318359358309243185130 84 79130202261307344348191015Q91030365223635399999999999999 419 471635 7499999999999999
302230165108 58 42 84162234290339365341279218166115 85108174239286323345191016Q911 336523 434599999999999999 448 4117 7 8599999999999999
322258186129 78 42 54118197259309351356314252200153111104147213264300327191017Q91137360233333299999999999999 519 39174010099999999999999
328284214151101 60 45 80152222276321349337288234190149122133183238276302191018Q91214351999999999999999999999 550 44181612099999999999999
316298244180127 86 57 62110177236283322337315270227189157144164208248275191019Q9 0 3316125533799999999999999 624 54185514499999999999999
292293265214160118 85 70 86132189239281312319299264230199174168186216243191020Q9 034296134532099999999999999 7 3 70194616799999999999999
262272267241200158124 98 89105141186229268296305294270243216194185191207191021Q9 115273145530599999999999999 753 8921 518599999999999999
225241251249232205173143119107113136171211251283300301286261233206186178191022Q9 222251163230299999999999999 91210723 617899999999999999
184199219236245243228200168138116107118148192238278306317306278241204171191023Q9 42124618 03179999999999999911 0107999999999999999999999
151152173205235258270261232190149114 92 93126179236285323338324283234185191024Q9 6 827019 233899999999999999 0281481227 8999999999999999
141114119156204248285306298257203150104 70 71114181246301344357329273212191025Q9 716307195035899999999999999 1211121330 6599999999999999
155102 75 96154217271318343326270205145 89 51 60121197264321364365317246191026Q9 8 8344203237199999999999999 2 5 751420 4799999999999999
180116 61 45 90166238299351372338269199136 74 40 69145223286342376356288191027Q9 854372211137799999999999999 246 4315 5 4099999999999999
211143 76 25 32101188261325377385334259191126 64 46 96179250307357373329191028Q9 937389214837599999999999999 325 201546 4499999999999999
249173106 40  5 40125211281346391379317246183117 65 70135214273323361354191029Q91019394222336699999999999999 4 2  51626 5999999999999999
290208138 73 16  6 64152231298360388360296233174113 80107176241289331351191030Q911 1388225735199999999999999 439  217 5 8099999999999999
320248173109 50 11 27 96177247310361372334276222167119107146207258297326191031Q91142374233033199999999999999 516  9174310599999999999999
325280211146 90 43 26 591271972593153513463082602131661341391782252642931911 1Q91224354999999999999999999999 552 25182313199999999999999
308291243184130 84 53 55 941522112653103313202882492091731561671972302591911 2Q9 0 230813 933199999999999999 627 4919 615699999999999999
278280257216169126 92 77 881231702192642973092992752442111861761832012241911 3Q9 03628214 230999999999999999 7 6 7720 317699999999999999
2442552522322021681361131061171421782182552802912872712452191981861851931911 4Q9 117256151529199999999999999 753106214118499999999999999
2082232322312212031791551381311351501772112422672822852742522262031841731911 5Q9 226232164328599999999999999 911131232417299999999999999
1741862022162242262182001781591461401471692012342632832912812562261951681911 6Q9 44422717562919999999999999911 2140999999999999999999999
1501511671912142342452422231961701471331361601972352692943012862532131741911 7Q9 617246185030299999999999999 030148122113299999999999999
1401231301581942292582732662392031671361181251582032472853103102812371881911 8Q9 713273193031399999999999999 114122131611799999999999999
142107 971201642112552893012822421971541181031221682202673053233082632081911 9Q9 75430120 432399999999999999 148 96135710399999999999999
153104 74 82126184239288320320284234183134 99 97134191245291325327291231191110Q9 829325203433199999999999999 219 721433 9299999999999999
170113 66 52 85148214272321344324273217163113 86105160220271314336316259191111Q9 9 234421 433699999999999999 249 5115 7 8699999999999999
192130 73 36 47106180246304348353312253197142 95 87130194250295331333288191112Q9 936357213433899999999999999 319 341539 8499999999999999
218151 91 39 22 62138213276332364346291231177123 88105164227274313335314191113Q9101036522 533699999999999999 350 211613 8799999999999999
250176114 58 18 26 90173242302352365328267211159111 96134199253291322326191114Q91045367223732999999999999999 422 141648 9599999999999999
282208139 83 34 13 47125203266321359353304245195147110115166226269299319191115Q91123363231031999999999999999 456 13172510699999999999999
303245172111 62 24 24 76155225283332355334282230185143121140192242274298191116Q912 2355234530599999999999999 531 1818 412099999999999999
304274212147 95 53 30 46105177239291331342314267223182148137162206244270191117Q91246343999999999999999999999 6 9 29184913799999999999999
286282247191136 92 59 47 71126188242289321325300261222187159152173206235191118Q9 023288133732899999999999999 653 47194315199999999999999
256268261230185140104 77 70 91136188237279308312294262228195168159169192191119Q9 113268144131499999999999999 746 69205715999999999999999
216237250248228195159126100 90102135179226267296307296270236200169151152191120Q9 225251155930799999999999999 859 90222914999999999999999
168193219239249242220187152122103103126166214258292310305279240198159130191121Q9 4 72491718311999999999999991030100234912299999999999999
123139171208240263269252217175137108 96113155208257296319316283234183135191122Q9 5462701823322999999999999991157 96999999999999999999999
 99 88112158208253289302284241191145105 85103152211264307332322277217158191123Q9 656302191533399999999999999 048 8813 4 8599999999999999
103 62 57 96158220275319334307254198145 97 76102162225277321341317257189191124Q9 75133420 034199999999999999 137 531358 7699999999999999
126 66 27 37 96171239300348355316256197139 88 75115183243293334342300227191125Q9 839359204134499999999999999 220 241445 7399999999999999
156 91 32  3 34109190260325369363312249191130 83 85139208262308340330271191126Q9 923373212034399999999999999 3 1  31528 7699999999999999
192123 59  5 -5 48132212282346377355298238180120 86107169231279318336307191127Q910 6378215733799999999999999 340 -816 9 8599999999999999
236159 94 33 -7  6 74159234301357372338280224167115 99134196249290321321191128Q91047374223232699999999999999 418-101649 9899999999999999
275201131 71 19 -2 31105184254316358356314260208155117118162217261294313191129Q9112836323 731399999999999999 455 -2172811199999999999999
297242172110 57 19 18 65137207270323348334291241193148125140183229265290191130Q912 8349234129799999999999999 532 1318 812599999999999999
295267212150 97 55 33 49 991642272813213313102692241821481381581952322611912 1Q91249332999999999999999999999 6 7 33185013899999999999999
277272239189138 95 65 58 821301862402843113112882522131761531501681972271912 2Q9 017278133131599999999999999 644 57193714899999999999999
250258248218178137104 85 871121532002452792962932722412061761581561691911912 3Q9 059258142029899999999999999 725 83203715599999999999999
2152332392302081781471221101141341662052432702832802632362041771581531601912 4Q9 154239152028499999999999999 816109215615399999999999999
1771992172262242111901651441321321451702042362612752752612342021721501391912 5Q9 319226163227799999999999999 930130231613999999999999999
1431601842072242312272101861631461391461671992322582752772622311941591311912 6Q9 51023217392789999999999999911 4139999999999999999999999
1171221451782102362512502322031741501361391621972332632822822602211771361912 7Q9 627253183228599999999999999 016116122113599999999999999
104 901041391832252602792742482111751441261321622032432752932852512011511912 8Q9 719280191529399999999999999 1 1 90131612599999999999999
104 72 67 961462002502903062902532101671301141301722182592903022802311731912 9Q9 8 1306195330299999999999999 139 6514 011499999999999999
117 69 42 53102165226281319325295248200151114107139190237277305304263201191210Q9 839328202830999999999999999 214 40144010599999999999999
139 82 35 21 54120191255311343332289236184134101111159213258295314295237191211Q9 91634421 431499999999999999 249 201517 9999999999999999
167104 48  8 13 69147219283336355327274220167117 97126184237277308314275191212Q9 954355214031799999999999999 325  41555 9799999999999999
204133 72 20 -7 21 94176245308353356313256203150107103148208255290314304191213Q91033361221831699999999999999 4 2 -71634 9899999999999999
248172104 47  2 -7 40122201268326360346295238187137104117170227267297311191214Q91113361225731199999999999999 441-11171510299999999999999
286220145 83 31 -4  5 66149222285337357330276223174128108133188237271296191215Q91156357233830399999999999999 521 -7175810899999999999999
300264196127 72 27  3 26 93171237295338346312260211165125116147197239268191216Q91240349999999999999999999999 6 4  3184411499999999999999
288284243180121 72 34 21 52116186246298332331295248203159126122152195231191217Q9 024291132833699999999999999 650 21193611999999999999999
258275268230177127 84 53 46 77134194248294320315283240197156126123148183191218Q9 116276142032299999999999999 741 44203612199999999999999
216243261256228186144106 78 73 98144196244285307303275236193152123116133191219Q9 221262152030899999999999999 841 71214611599999999999999
163197228250254238207169134106 96111147193238275296296272233188145112 98191220Q9 343255162829999999999999999 955 9623 3 9899999999999999
109140178216247264259234198161129111116145188231268292294271228179132 93191221Q9 5172641737296999999999999991120110999999999999999999999
 73 83119166213255282285261223183145118115141185229267293297269219164112191222Q9 636287183729999999999999999 012 73123711299999999999999
 68 46 60106163219271306310283240195151116111141189234272299298261203143191223Q9 737313192930399999999999999 1 8 45133910899999999999999
 88 40 21 46104171234292330329294246197147109109147199244282306296247181191224Q9 828335201630799999999999999 158 21143010499999999999999
119 61 15  5 45115187255314347336293242189136103114161214257293310286226191225Q9 914349205931099999999999999 242  3151610199999999999999
156 94 36 -3  2 58135209277334355331281228174123100125179231271302307269191226Q9 957355213931099999999999999 324 -8155910099999999999999
200130 70 17-11 14 82162233298346352316262209155111105143200247283306296191227Q91038356221730899999999999999 4 4-11163810199999999999999
245172106 50  5 -4 38113190257316349338293239187137105116164218260291303191228Q91116351225330399999999999999 442 -7171610399999999999999
277217147 86 36  5 15 71147218279327343317266214164122107132183232268292191229Q91152343232829599999999999999 518  3175310699999999999999
290252189125 72 32 18 46108179243296329326290240190145114115149197239270191230Q91227333235828499999999999999 553 18182911099999999999999
283269224165111 67 40 42 81143206260302319303264218173135117128164205240191231Q913 2319999999999999999999999 626 3719 811799999999999999
