 89112131144147140126109 94 87 89101119141159169168154130101 73 50 39 4119 1 1QI 347147152417099999999999999 918 872220 3899999999999999
 56 81109134151157151136117100 91 92103123145164173169152123 89 57 33 2319 1 2QI 4581571613174999999999999991025 9023 8 2399999999999999
 29 49 80114144162168159141119100 90 92106128152171178169146111 73 39 1619 1 3QI 5511681658178999999999999991121 892349 1199999999999999
 11 23 51 88126157174175162139114 95 87 92110135161178180165135 95 54 2119 1 4QI 63417617381829999999999999912 6 87999999999999999999999
  3  5 25 60102141170182177158131105 88 84 95118146171184179156119 75 3519 1 5QI 711182181518599999999999999 025  11245 8499999999999999
  6 -4  6 35 76120157180185172148119 95 83 85102129158180186173143100 5619 1 6QI 745185185118699999999999999 1 0 -41320 8299999999999999
 18 -3 -4 16 51 95138170185181162134106 86 80 90112141169185183162125 8019 1 7QI 817186192418799999999999999 132 -61352 8099999999999999
 38  7 -4  4 32 72117155178184171147118 94 80 82 9812415317618517414610519 1 8QI 847184195718599999999999999 2 4 -51424 7999999999999999
 62 25  4  2 20 53 95136167181177158131104 85 79 8710713516217817816012819 1 9QI 916181203118199999999999999 235  01456 7999999999999999
 87 48 20  9 16 40 76116151173177166144117 94 81 81 9411614316417416714419 110QI 94617821 517499999999999999 3 7  81530 7999999999999999
110 73 42 23 20 35 63 98134160173170154130106 88 80 8410012214516116415219 111QI1017173214216599999999999999 338 1916 8 8099999999999999
128 97 66 43 32 37 55 84117146164169161143120 99 84 80 8710212314215315219 112QI1051169222615499999999999999 412 321653 8099999999999999
139117 90 67 51 47 56 75102129151163163152134113 94 82 79 8510011813314219 113QI1129164232214399999999999999 449 471749 7999999999999999
141130112 92 74 64 63 73 91113136152160158147129109 90 78 74 79 9110812319 114QI1216160999999999999999999999 534 621857 7499999999999999
132134128116101 87 79 79 86100119137151158155144127105 85 70 63 66 78 9519 115QI 042134131515899999999999999 635 782011 6399999999999999
113127134134126115102 93 89 93104120137151159157146126101 76 57 47 49 6219 116QI 226135142115999999999999999 758 892120 4699999999999999
 83107128142146142130116102 95 95104119138154164163150125 94 63 38 26 2919 117QI 359146152516599999999999999 928 942219 2599999999999999
 46 74106135155163158144125106 94 92101119141162174172154123 84 46 17  419 118QI 5 71631622175999999999999991042 922312  399999999999999
  9 33 70110147172180173153128104 89 87 99121149173185181157118 71 27 -519 119QI 6 11801715186999999999999991140 86999999999999999999999
-17 -5 26 72120162188194181156125 97 82 82 98126159186197188157110 56  819 120QI 64819418 419799999999999999 0 0-171230 8099999999999999
-23-30-12 27 80134177201202183151116 88 74 78100134170197206190152 99 4219 121QI 733204185220699999999999999 047-311316 7399999999999999
 -6-34-35-10 36 94149190208203178141104 77 67 77104142179205208187144 8819 122QI 815209193921099999999999999 133-3814 0 6799999999999999
 32-13-34-29  2 53111163198209196166127 92 68 64 7810914818420520417813319 123QI 856209202620899999999999999 218-361445 6399999999999999
 79 27-11-25-13 23 74129175200202184151113 80 62 62 8011315118319819216519 124QI 936204211319999999999999999 3 2-251530 6099999999999999
122 72 29  1 -5 12 49 97145181196191168135 99 72 59 63 8311414817418417619 125QI101419722 318499999999999999 345 -61617 5899999999999999
150112 72 38 20 21 41 76118156181187177152121 90 68 59 64 8311113915916619 126QI1052187225716699999999999999 427 1817 7 5999999999999999
158137108 78 55 44 49 69 99133160175176163139111 85 67 59 64 8010312514219 127QI1131177999999999999999999999 510 4418 6 5999999999999999
148143129109 89 74 69 75 92115140158167165152131106 84 67 59 62 73 9111019 128QI 0 4148121716899999999999999 558 691916 5999999999999999
125134135129117104 94 91 95106122139153159157146128106 84 66 56 55 63 7819 129QI 138136131515999999999999999 7 0 912036 5499999999999999
 96114128135135129120110105105111122135147154154145128106 82 61 48 44 5019 130QI 331136142815599999999999999 8321042152 4499999999999999
 66 87110130142146142132119110105108117131145155156148130104 76 52 36 3219 131QI 45614615411579999999999999910 81052251 3199999999999999
 40 60 87115139154158151137120106 99101113130148160162151129 98 66 38 2219 2 1QI 5491581640163999999999999991115 992336 1999999999999999
 21 34 61 94128154167167154134112 96 90 96112135156169168152123 86 50 2319 2 2QI 62816917271709999999999999912 1 90999999999999999999999
 10 15 36 70109144168177169149124100 85 83 96118145168178171147111 70 3319 2 3QI 7 017718 717899999999999999 014 101237 8299999999999999
  9  3 16 47 87129162180180164137108 85 76 81101130159179183168136 94 5119 2 4QI 730182184318499999999999999 048  213 8 7599999999999999
 17  0  3 27 65109150177185175151120 91 73 71 85112144173188183159119 7419 2 5QI 757186191618899999999999999 120 -11338 7099999999999999
 33  6 -1 13 45 89133168186183164133100 75 65 72 94126159183189175143 9919 2 6QI 823187194919099999999999999 150 -114 6 6599999999999999
 55 20  3  7 31 70115155181187174146113 83 64 63 7810614017118718416112419 2 7QI 848187202118899999999999999 218  21436 6199999999999999
 80 41 15  9 24 55 97139171186180158127 94 69 59 65 8711815117618417214319 2 8QI 913186205418499999999999999 247  915 6 5999999999999999
105 65 34 20 24 47 82123158180183168140108 79 61 58 71 9712815717417415619 2 9QI 939184212917699999999999999 315 191539 5799999999999999
126 90 58 37 32 45 72108143169180173152123 92 69 57 61 7810413315616616019 210QI10 618022 816699999999999999 345 321616 5799999999999999
141112 83 59 48 51 68 96127155171173160137109 82 64 57 64 8210613114915519 211QI1036174225515599999999999999 416 471659 5799999999999999
147130107 85 69 65 72 90114139158167163148126100 77 62 58 64 8010212313819 212QI1111167999999999999999999999 453 641754 5799999999999999
143138126110 95 85 83 91105124142155160155141120 97 76 61 55 59 72 9111119 213QI 0 0143115816099999999999999 541 8319 6 5599999999999999
126135137131121111103100103112125139149154151140122 99 77 58 48 47 57 7519 214QI 14013713 915499999999999999 6581002032 4699999999999999
 97118134143144138128118110107111120132145154155147129104 76 51 34 29 3819 215QI 336145144115699999999999999 8571072151 2999999999999999
 58 86115140156161156143126112103103111127145160166160139108 72 39 16  919 216QI 45716116 11669999999999999910321022255  899999999999999
 19 45 81120153174180170151126105 91 91103125151173182174149109 64 24 -419 217QI 55118017 4182999999999999991134 892349-1199999999999999
-10  5 39 85132170192194178150118 91 76 79 98128162188198187154106 53  819 218QI 6361951758198999999999999991222 75999999999999999999999
-20-23  0 42 96149188206201176140102 73 62 70 97135175203211193153 98 4119 219QI 716207184821199999999999999 037-2513 5 6199999999999999
 -4-28-24  6 56115168203213199165122 82 56 50 66100144187213215191145 8819 220QI 754213193521899999999999999 122-301346 4999999999999999
 32 -9-25-13 24 79137185211211187147101 63 42 44 6610615319321521018113319 221QI 829214202021699999999999999 2 4-251427 4099999999999999
 78 28 -4-11  9 51105158196211200168125 81 49 35 43 7111315819320719716619 222QI 9 321121 520799999999999999 245-1115 7 3599999999999999
120 71 32 11 14 39 81131174199201182146104 65 41 34 48 7811815718419117819 223QI 935203215119199999999999999 323  91548 3499999999999999
148109 71 44 34 44 71110150181193185161125 88 57 40 39 55 8411915016917119 224QI10 6193223917299999999999999 4 0 341631 3899999999999999
158134104 78 62 61 74100131160178180167141110 79 56 45 47 63 8711413715019 225QI1038181233715399999999999999 436 591719 4499999999999999
152142126107 91 83 86 99119142160168164150128102 78 61 53 55 67 8510512219 226QI1112168999999999999999999999 515 831817 5299999999999999
134137134126115107103106114128141151155151140122102 83 68 59 58 65 77 9319 227QI 1 1137115915599999999999999 6 71031937 5799999999999999
109122131135133128122117116119125133140144144137124108 90 73 61 55 58 6719 228QI 3 9135132314599999999999999 7491162112 5599999999999999
 83101119134143144140132123116113115122131140144142132115 94 73 56 46 4719 3 1QI 44514515111449999999999999910 21132226 4599999999999999
 58 77101126145155156148134119107101104114129143152151140119 92 66 45 3519 3 2QI 53415716261539999999999999911101012317 3499999999999999
 38 53 80110139159168163148127107 93 89 96113135154164161144116 83 52 3119 3 3QI 6 81681717164999999999999991150 892356 2499999999999999
 24 33 57 91127157174176162139112 90 78 80 96120147168176166142106 68 3619 3 4QI 6361771757176999999999999991221 77999999999999999999999
 18 19 37 70110147174184176153122 92 72 67 78102134164182183165132 90 5019 3 5QI 7 2184183218599999999999999 029 161249 6799999999999999
 22 12 22 50 91134168187186167135100 72 58 62 83116152180192183156115 7119 3 6QI 72618919 519299999999999999 1 0 121316 5799999999999999
 34 14 14 35 72117158185192179149112 77 54 50 64 95133169192194176140 9519 3 7QI 750193193719699999999999999 128 111343 4999999999999999
 53 24 14 26 57100144179194188163126 87 56 43 49 7311015018219618916112119 3 8QI 81319520 919799999999999999 156 141411 4299999999999999
 77 41 23 25 47 85128167191193175141101 64 42 38 54 8612616418919317614319 3 9QI 836195204119499999999999999 224 211440 3799999999999999
103 64 38 31 44 73113153182193183155117 78 48 35 41 6510014017118718216019 310QI 9 0193211618899999999999999 251 311511 3599999999999999
126 90 60 45 48 68100137169187186166133 95 61 40 35 48 7611214717117816819 311QI 926189215417899999999999999 320 441545 3599999999999999
144114 85 65 60 70 92123153175182171147114 80 53 38 40 57 8511714616316619 312QI 953182224016799999999999999 350 591623 3799999999999999
154134110 89 78 79 92113138160172171156131102 73 52 42 46 62 8711413815119 313QI1025173234115499999999999999 425 771712 4299999999999999
153145131114101 95 98109125142156162158145123 99 75 57 48 50 62 8110412419 314QI11 6163999999999999999999999 511 951820 4799999999999999
139145144137127118112112117127138147152150141126105 83 63 51 47 53 68 8919 315QI 118145121615299999999999999 6311121953 4799999999999999
111130144151150143133124118116119126136145150148137118 94 69 48 37 38 5119 316QI 321151141315099999999999999 8531152127 3699999999999999
 73102129152165167159144127112104104113128146159163154133103 69 40 22 2019 317QI 44016715501639999999999999910291032238 1999999999999999
 35 63100137166182183169145119 97 85 86101126153174182173146107 64 28  719 318QI 5311841658182999999999999991124 842333  399999999999999
  6 26 63108153185199193170136102 75 64 71 95130166193201187153105 56 1619 319QI 61119917532019999999999999912 7 64999999999999999999999
 -5 -1 27 73125172202210194160118 78 52 45 61 95139181209214193152 98 4619 320QI 648210184121599999999999999 020 -61247 4599999999999999
  8 -7  5 40 92147192214211184141 93 53 32 33 58100150194218217190144 8919 321QI 722216192722199999999999999 1 3 -71326 2999999999999999
 39  8  2 22 64118170206217202165116 68 33 19 29 6211016120121921117913219 322QI 755217201121999999999999999 144  114 4 1999999999999999
 81 39 18 21 48 93144188211209183140 91 47 20 15 34 7212016720021019616319 323QI 825214205521099999999999999 222 161441 1499999999999999
119 76 46 36 47 78122165196206192159115 69 34 17 21 44 8312816819119417719 324QI 855206213819599999999999999 258 361519 1699999999999999
146110 79 60 59 76107144177194192170135 94 56 31 22 32 58 9413216117617419 325QI 923196222317799999999999999 332 571557 2299999999999999
158134107 87 78 84102129157177183173148115 81 53 36 34 47 7110113015015919 326QI 951183231516099999999999999 4 6 781637 3399999999999999
157144127110 99 97105121141159168167153131104 78 58 48 48 59 7910112213719 327QI1022169999999999999999999999 443 971726 4699999999999999
145144138128119113113118129141150154150139122102 83 68 60 60 67 80 9611219 328QI 02714511 115499999999999999 5341121834 5999999999999999
126136140140136130125122122126132137140139133123109 94 80 69 65 67 75 8819 329QI 223140121614099999999999999 7201212012 6599999999999999
104120135144148145139130122116115118124131136136131119104 87 72 62 61 6719 330QI 4 5148143413799999999999999 9431152144 6099999999999999
 81101123142154158154142127113103101106117130142147143130110 87 67 54 5219 331QI 45615816 41479999999999999910481012244 5199999999999999
 61 80106133155167167156137115 97 87 88 99118139154160154135109 80 57 4419 4 1QI 5301691659160999999999999991125 862326 4299999999999999
 45 60 87119150171178170150122 96 77 71 80100127153170173160134100 68 4419 4 2QI 5581781740174999999999999991154 71999999999999999999999
 35 44 68103139169185183164134101 73 59 61 80110143171185180158124 86 5319 4 3QI 623186181518599999999999999 0 0 351221 5899999999999999
 34 34 52 85125162186192178148111 75 51 45 59 88126162187194180150110 7019 4 4QI 647193184919499999999999999 031 321248 4599999999999999
 42 31 41 69109151183197190164125 83 50 34 39 64102145180199196173135 9319 4 5QI 710198192220099999999999999 1 1 311316 3499999999999999
 57 37 37 58 93136174197199178141 97 56 30 25 42 7612016319320319015911919 4 6QI 734201195520399999999999999 129 351344 2499999999999999
 79 51 41 52 80120160191201190158115 70 35 19 24 51 9213817719919917814419 4 7QI 759201203020199999999999999 158 411414 1899999999999999
105 72 53 54 73105144179198195172134 89 48 22 16 31 6410815118319618816419 4 8QI 82419921 619699999999999999 228 511446 1599999999999999
130 96 72 63 72 96129163187194181151110 68 35 18 21 43 7912015818218717519 4 9QI 851194214718799999999999999 259 631521 1799999999999999
151121 95 80 79 93117146172186183163131 93 57 31 22 31 55 8912615617317519 410QI 920187223517699999999999999 333 7816 1 2299999999999999
163142120102 94 97111132154171176168147117 84 55 37 32 41 63 9312414816219 411QI 954176233916499999999999999 412 931650 3299999999999999
163155141125113109112122137152162164155137113 87 63 47 42 48 65 8911413619 412QI1040164999999999999999999999 5 51091757 4299999999999999
151157155147136127121119124132141149152149137120 98 76 58 49 49 60 7910219 413QI 113157115915299999999999999 6421191929 4799999999999999
126146158162158149136125117114118126137147151147135114 90 67 50 43 49 6719 414QI 25916214 515199999999999999 85411421 2 4399999999999999
 93122149167175171158139119103 96 99111130149162164154131101 70 46 34 3919 415QI 4101751542165999999999999991013 962215 3499999999999999
 58 90126160182189181160131103 82 73 80100129158178184171144106 68 39 2619 416QI 45818916491849999999999999911 3 732310 2599999999999999
 32 58 96139176198200183152114 79 56 51 65 96134171195200184150106 63 3319 417QI 5372021744201999999999999991145 512358 2299999999999999
 22 34 67112158194210203176134 89 52 32 34 58 98145186210210188148101 5819 418QI 6122111832213999999999999991225 30999999999999999999999
 31 27 46 85133179208215197159110 62 28 15 26 59106157197217212184141 9419 419QI 645216191821899999999999999 040 2613 2 1599999999999999
 56 36 40 66109156195215210181135 83 38 11  7 27 6711816820321620517313119 420QI 71721620 121699999999999999 120 351339  599999999999999
 89 59 49 60 91133176205212195158109 59 21  3  9 37 8013117520220719115919 421QI 748212204420899999999999999 158 491416  399999999999999
121 87 67 66 84116155188205200174132 85 42 14  7 20 52 9514117619419317519 422QI 817205212619699999999999999 234 641451  699999999999999
146114 91 80 86107137168190195181150110 68 35 17 18 37 6910914617218217719 423QI 84619622 918299999999999999 3 8 801527 1599999999999999
159135113 98 95105125150172184180160130 94 60 37 28 34 54 8411714516316819 424QI 915184225616899999999999999 343 9416 5 2899999999999999
162148131116107108119135153167170162142115 87 62 47 43 51 69 9411914015319 425QI 948171235715799999999999999 4231071649 4399999999999999
157153143131122117118126137148156155147130110 88 71 60 58 64 79 9711713419 426QI1028156999999999999999999999 5181161745 5799999999999999
145151150144136128123121124130137142142137127113 97 83 73 69 72 81 9611219 427QI 122151113514399999999999999 65012119 5 6999999999999999
129142151153150142132123117115118124131136136132122108 94 81 73 72 79 9219 428QI 254153133913799999999999999 8491152038 7299999999999999
110129146157161156145130116105101105114126137143142133118100 83 72 68 7519 429QI 35616115231449999999999999910 21012150 6899999999999999
 91112136156168169160142120101 88 86 93109128146155155144124101 79 66 6319 430QI 4361701627157999999999999991044 852241 6399999999999999
 74 95122150170179174156130102 80 69 72 88112139160170166149123 95 71 5919 5 1QI 5 81791713170999999999999991117 692320 5899999999999999
 61 78106139167185186171143109 78 57 53 65 90123155177183173148116 85 6319 5 2QI 5351881752183999999999999991147 522355 5699999999999999
 56 65 90124159185195186160122 83 52 37 42 65100140173192192173142106 7519 5 3QI 6 21951829194999999999999991216 37999999999999999999999
 58 58 76108146179199198177140 96 55 29 23 39 72116159190202194168132 9519 5 4QI 62820119 520299999999999999 029 561246 2399999999999999
 69 59 68 94130168195205192159114 68 31 12 17 44 8613417620120618915812019 5 5QI 655205194220799999999999999 1 1 591317 1199999999999999
 87 68 66 83114152185204202178137 88 43 13  5 20 5510215018720620218014719 5 6QI 724206202020799999999999999 134 651351  499999999999999
112 85 73 79102135169196204191158113 65 26  5  6 29 6911716119220319416919 5 7QI 75420421 120399999999999999 2 9 731427  299999999999999
137107 88 84 96120151180197196175138 93 50 19  6 14 42 8312816619019518319 5 8QI 826199214619599999999999999 245 8315 6  699999999999999
159132109 96 97111135161183191183158122 81 45 21 15 27 55 9313316518218519 5 9QI 9 1191223818699999999999999 325 951550 1499999999999999
173153132115107110123142163177180169146113 79 49 30 27 39 65 9813215817319 510QI 943181234217699999999999999 4131071643 2699999999999999
176168153136123116117126141156166168159140114 85 60 44 40 49 69 9712715119 511QI1040169999999999999999999999 5191151749 4099999999999999
167172168157143129120117121131143153158155142122 98 75 58 50 54 70 9412119 512QI 1 217212 615899999999999999 6551171910 5099999999999999
147165175173164148131116108107114128142154158152137115 90 69 56 56 68 9019 513QI 224175135715899999999999999 8341062033 5499999999999999
119148170182182169149125104 90 87 96114136155167167154130102 76 58 55 6619 514QI 327184152816999999999999999 945 872144 5499999999999999
 91123156181193189171142111 83 67 65 79104135163180182168141108 78 59 5519 515QI 4161931637184999999999999991037 642242 5499999999999999
 69 97133169194202192165128 90 59 43 46 67102141175194195178147110 78 5919 516QI 4572021733197999999999999991121 422332 5699999999999999
 58 77109149184205207187152107 65 35 24 34 64106151187205203181146108 7719 517QI 53420918232079999999999999912 1 24999999999999999999999
 62 67 90126166198212204175132 83 41 16 12 31 6811616219721120317714110419 518QI 6 921219 921199999999999999 016 621240 1199999999999999
 78 69 80107145182207212194157108 60 22  5 10 36 7912917320221019716913319 519QI 642213195221099999999999999 057 691317  499999999999999
101 82 80 96126162193209203177134 85 41 11  3 16 49 9514218120220318615719 520QI 715210203320599999999999999 136 781353  399999999999999
125100 88 93113143175198204189156112 66 30  9 10 30 6711115318419719217319 521QI 747204211319799999999999999 213 881429  799999999999999
146120102 97107128156182196192171135 94 54 27 16 24 49 8512516018218818019 522QI 819197215318899999999999999 249 9715 4 1699999999999999
160137117106106119140163182187177152118 82 50 32 28 41 6710113516217717819 523QI 852187223617999999999999999 3271041541 2899999999999999
168151132117111115127146164175175161137107 77 54 42 44 59 8411314016017019 524QI 929177232417199999999999999 4 81111622 4199999999999999
169160145131120116120131145158164161148127103 80 63 56 60 74 9511914115719 525QI1011165999999999999999999999 5 011617 9 5699999999999999
165164156144132122118120128139148153150140124105 87 75 69 72 8410212214119 526QI 022165111015399999999999999 6 911818 8 6999999999999999
155163163157146133122115115120128137144144139128113 98 86 79 80 8910512319 527QI 131164123814599999999999999 7361141921 7999999999999999
142157166166159147131116106103107117129140145144136123108 94 85 84 9110619 528QI 236167142114699999999999999 8541032037 8399999999999999
126146163172172162144123104 91 88 94108126142153155147132114 97 86 84 9219 529QI 327173154115599999999999999 949 882141 8399999999999999
110133156173181176160135108 85 72 72 84105130152166167157139116 96 84 8319 530QI 4 71811638168999999999999991031 702232 8299999999999999
 95117144169186188176151119 86 62 52 58 79109141167180179164140114 92 8119 531QI 44218917251829999999999999911 8 522316 8199999999999999
 85102129159184196192170136 96 61 39 35 50 80119156183194188167138109 8819 6 1QI 51519718 7194999999999999991142 342356 8199999999999999
 81 90113144176198203189157115 71 36 19 24 49 8813317219820419116513210319 6 2QI 5472041849204999999999999991217 18999999999999999999999
 86 84 99127161191207204180140 91 46 16  6 20 5410014818720820819015912619 6 3QI 621209193021099999999999999 035 831254  699999999999999
100 87 92112143176202211199166120 69 27  2  1 23 6311416219721220718415319 6 4QI 656211201321399999999999999 115 871333 -199999999999999
121 99 92102125157188208209189150101 52 15 -2  4 32 7612617220121120117719 6 5QI 733211205821199999999999999 155 921414 -399999999999999
146118101 99112137167194207202176135 88 43 12  1 13 44 8913617720120519319 6 6QI 813208214520699999999999999 238 981459  199999999999999
169142118106107121145172194201191164124 81 42 17 12 26 5810014317719619819 6 7QI 857201223719999999999999999 3251051546 1199999999999999
186164139120110112126147170187191180154119 81 49 29 27 41 7110814617519119 6 8QI 947192233319399999999999999 4191101639 2699999999999999
191180161139122113113124142162176180171150121 89 62 45 43 56 8211514717319 6 9QI1048180999999999999999999999 5241121739 4299999999999999
187188177160139121110109116131149164170166151128102 78 62 59 69 9011914819 610QI 03518912 717099999999999999 6411081846 5899999999999999
172186187178160138117103 97102116135152164166158140117 94 77 71 78 9712319 611QI 139188134216799999999999999 8 1 971958 7199999999999999
151174188190179158133108 89 81 85100122145163171168153131107 89 81 8510219 612QI 238191151217299999999999999 910 8021 9 8199999999999999
128156180194194180154123 93 71 62 67 86114143167180179165142117 96 87 9119 613QI 33019616261829999999999999910 8 612213 8699999999999999
108135164188200196177145108 74 51 43 53 78112147176191190174148121100 9019 614QI 4162011726192999999999999991057 4323 8 9099999999999999
 96116144174197205196170132 90 55 33 29 45 7611715618620019617714912110019 615QI 4582051817201999999999999991141 282356 9399999999999999
 94102125156185205207190157114 70 36 19 22 45 8312716819620619817514511819 616QI 53820919 2206999999999999991221 18999999999999999999999
100 97111136168195209204180141 95 52 23 12 23 53 9514117920320719416813819 617QI 615210194320899999999999999 040 961259 1299999999999999
113100103121149179202209196165122 76 38 15 13 32 6711115518920520318515719 618QI 652209202220699999999999999 1201001336 1199999999999999
130109102111132160188204204183148104 61 29 15 22 47 8512916819420219417319 619QI 727206205820299999999999999 1571021411 1599999999999999
146122107107120143170193202194168130 88 51 28 22 36 6610514517719519618319 620QI 8 2202213419799999999999999 2331051446 2299999999999999
160136116108112128152176193195180151114 77 47 33 35 54 8612315718219218719 621QI 83819622 919299999999999999 3101081521 3299999999999999
171149128114110118136158178188184166137103 72 51 43 52 7410513816618318619 622QI 915188224718799999999999999 3481101557 4399999999999999
178161141124113113122139159174179172153126 97 73 59 58 69 9212014817018119 623QI 956179232818299999999999999 4321121636 5799999999999999
181171154136121113114123138154166168160144121 98 80 71 73 8610713115417119 624QI1045169999999999999999999999 5251131720 7199999999999999
179176166150133119111111119132146156159153140123105 91 84 87 9911713815819 625QI 016179114915999999999999999 6291101814 8499999999999999
172178175164148130115105104111123137149154152143130115102 96 9710712314319 626QI 110178131515499999999999999 7401041919 9599999999999999
161174180176164145124106 94 92 9911313014515615815214012511210410411212719 627QI 2 7180144615899999999999999 845 91203210399999999999999
147165179184178163139114 92 78 76 8510412714816316916415113411810810611419 628QI 25918416 116999999999999999 940 75214010599999999999999
131152172187190181159129 98 73 58 59 7410013015717618217616013912010810619 629QI 3471901659182999999999999991028 57223810699999999999999
116136160182196196181152115 78 51 38 44 6610013817019119618616614111910619 630QI 4301981749196999999999999991111 38232910499999999999999
106120143171194206201177140 97 57 29 21 33 6410615018520520719216713811519 7 1QI 5122061836208999999999999991154 21999999999999999999999
104107125153183206214202171126 78 36 11  9 29 6711616319921621319416413419 7 2QI 555214192121799999999999999 0161031237  799999999999999
111103110133164195216218200162112 61 20  0  4 31 7512817621022221419015819 7 3QI 63822020 622299999999999999 1 11031321 -299999999999999
128107103115141174204222219194151 99 48 11 -3  7 39 8714118721622321018319 7 4QI 722223205022399999999999999 14610214 6 -499999999999999
150122105104120148181209222214185141 89 42 11  2 17 5310215319521821920319 7 5QI 8 8223213522199999999999999 2321021452  299999999999999
174142116103106123152184209218206176132 84 43 19 15 34 7011716419921521219 7 6QI 857218222021699999999999999 3201021539 1499999999999999
193165135112102106125152181202208195167127 86 52 34 34 54 8913217219921019 7 7QI 94820823 621099999999999999 4121021628 3199999999999999
204184157129109100105122147173191195184160127 93 67 53 57 7610714417719819 7 8QI1047196235520499999999999999 5 91001719 5399999999999999
204195176150124105 97100115138161177183176158132106 85 75 79 9612215217819 7 9QI1157183999999999999999999999 612 961815 7599999999999999
195198189170145120101 91 92104124146164173172160142121104 95 9711113215719 710QI 047199132317499999999999999 723 901919 9599999999999999
179192195186167141115 94 81 80 9111013315416817316815413612011111012013819 711QI 143195145717399999999999999 834 79203210999999999999999
159179192194185165137108 84 69 67 77 9812515017018017816614913112011712419 712QI 242195162018099999999999999 941 66214711699999999999999
140161181194196185162131 98 71 55 54 66 9112315417718918817515613612211819 713QI 3391971723190999999999999991037 52225211899999999999999
125142164186199199184157121 86 57 42 43 61 9212816318819919517915613411919 714QI 4312011813199999999999999991125 40234511599999999999999
116125145170193204201181148108 71 43 31 38 63 9914017619920619717615012719 715QI 51720518552069999999999999912 7 31999999999999999999999
114114128152179201209200174135 93 55 31 26 41 7211315518920820819316814019 716QI 6 0209193221099999999999999 0291121246 2699999999999999
119109115134161189208211194162119 76 42 25 28 50 8813117220121120418315519 717QI 63821220 521299999999999999 1 71091321 2499999999999999
128111108119143173199212207184146102 61 34 26 37 6710815118720821019516919 718QI 715213203621199999999999999 1421071355 2599999999999999
140117106109127155184206212199169128 86 51 33 33 53 8813017019820920218219 719QI 75021221 620999999999999999 2151051427 3099999999999999
154127109104114137165192207206186152112 74 48 38 48 7411115118420320519119 720QI 825209213520699999999999999 2481041459 3899999999999999
167139116104106121146173195203195170136 99 69 51 51 68 9713416919320319719 721QI 9 020322 520399999999999999 3221031531 4999999999999999
178152127109103110128152176192194181155123 93 70 62 69 8912015318019619819 722QI 937195223719999999999999999 35910316 3 6299999999999999
187166141119106103113131154174185182168144117 93 79 77 8811013816518619519 723QI1019186231219599999999999999 4411031638 7699999999999999
191177155133114103103113131151168175172158139118101 92 9410612715017218619 724QI1111175235319199999999999999 5311021719 9299999999999999
19118416914912711010110111012614415916616515514112511310711012013815717419 725QI1220167999999999999999999999 630 99181210799999999999999
185187180165145123105 95 9310111713515116116416015013712612012112914215919 726QI 044187135316499999999999999 739 93192412099999999999999
174184186179164142119 98 84 81 8810512614616217117016315013812912613114319 727QI 146186152717299999999999999 848 81205212699999999999999
158174186189183165140111 86 69 64 73 9312014817018318517716214613212612919 728QI 253190164018599999999999999 951 64221112699999999999999
141159178192197189167136101 70 50 45 58 8411915418319820018916914713012119 729QI 3541971736201999999999999991046 45231312199999999999999
125140162186203208196168130 87 51 30 28 46 8112416619821421319617014312319 730QI 4482081824216999999999999991136 26999999999999999999999
114121140168197216219202167120 72 33 13 16 41 8313318021322722019716513419 731QI 53922019 822799999999999999 0 41141223 1199999999999999
113107118144177209228228205162110 58 19  2 11 44 9314819622623422019115519 8 1QI 628231195123499999999999999 05010713 9  299999999999999
122103101118149187220237231202155 99 47 12  1 16 5510816420923423521418019 8 2QI 716238203123799999999999999 135 991355  199999999999999
141110 94 97119154194226239229195146 91 43 14 10 31 7412818121923522820219 8 3QI 8 4240211123699999999999999 220 931439  899999999999999
165127 99 88 96121159198226234220185137 87 47 26 28 54 9714819422323021719 8 4QI 852235214923199999999999999 3 5 881523 2499999999999999
187149114 91 85 96123160195218223206174131 89 58 46 54 8112216620222122019 8 5QI 942223222722399999999999999 351 8416 7 4599999999999999
202171136106 87 84 97123156186205206192164130 98 77 71 8210814317820421419 8 6QI103620823 721499999999999999 441 831651 7199999999999999
208187158127101 86 85 97120148173188190180159135113 99 9710813015718320019 8 7QI1140191235020499999999999999 536 831739 9699999999999999
204196176150123100 87 84 9411313615717217717316114513012011912714316318119 8 8QI13 3177999999999999999999999 641 84183811899999999999999
193195187170147122101 86 82 8810312314316017117316815814613713313714716119 8 9QI 044195144817399999999999999 756 8220 013399999999999999
176186189184169148123100 83 76 78 9111113515617218017817015714613813814419 810QI 153189162018099999999999999 914 75213613799999999999999
156171183189186172150123 97 76 66 68 8210513416018119018917816214613513219 811QI 3101891722191999999999999991021 65225013299999999999999
138152170185194191175150118 88 65 55 59 7810714117219320119618015813812619 812QI 41519418 5201999999999999991112 54234012399999999999999
124133152174193202196176144108 75 52 45 56 8111715518620520819617414812619 813QI 5 82021840209999999999999991155 45999999999999999999999
115118133158184203209198171134 94 60 42 41 59 9313417320221420918916013219 814QI 551209191121499999999999999 0191141231 3999999999999999
113107116139169197214213194160118 77 48 36 45 7211115519121321620217414319 815QI 629216193921799999999999999 05210713 4 3699999999999999
116102104121150183209220211184144100 62 40 38 57 9113517720721921118815619 816QI 7 422020 621999999999999999 1231001335 3699999999999999
124102 95106131164197218220202168125 83 52 40 49 7611616019621621719916919 817QI 737221203121999999999999999 152 9514 4 4099999999999999
135107 92 95113144178207220213187149107 71 51 50 6810114318220921820718219 818QI 810220205621899999999999999 221 911433 4899999999999999
148116 95 88 99124157189211215200170131 94 68 58 67 9212816719821421119219 819QI 843216212121599999999999999 252 8815 1 5899999999999999
162129102 88 89106134166194208204184153118 89 73 72 8811715218420621120019 820QI 918208214821199999999999999 324 861530 7099999999999999
175144115 94 86 94114142171192199190169141113 92 85 9211113916919420520219 821QI 956199221620699999999999999 4 0 8616 1 8599999999999999
185159130105 90 88 9811914516918518717715813611510310211213115617919519919 822QI1041188224919999999999999999 441 87163610199999999999999
190172147122101 90 9010012014216217517716915513912511811912914516418019019 823QI1141177233119199999999999999 531 88172011799999999999999
190181164142119101 90 89 9711413415216517016816014913913413414015116417619 824QI1311170999999999999999999999 637 88183013399999999999999
183184177162143121101 87 82 8810212114215917117517216415414614114214815919 825QI 03518515 317599999999999999 759 82202214199999999999999
170180184181168148123 99 79 70 72 8610813516017918818817916515114013614019 826QI 2 6184162618999999999999999 919 6922 113699999999999999
151167182191191179155125 92 66 52 53 70 9913416819320520319017014813112519 827QI 3301931722206999999999999991025 5023 512599999999999999
130145168190205207192162122 82 49 33 36 59 9714118121022221519416513711719 828QI 43620818 7222999999999999991120 32235311099999999999999
110120143174204222222202164116 69 33 17 26 5610315419922723421918915311919 829QI 53122518472349999999999999912 9 17999999999999999999999
 99 97114145184219238234207162107 56 20  9 25 6411717321724023821417613419 830QI 621239192524299999999999999 037 951254  999999999999999
100 83 87112151195232248239206154 97 47 17 13 36 8113819323124523320115719 831QI 7 924820 224599999999999999 118 821338 1199999999999999
113 81 70 82113158204238250235197145 89 46 24 28 5810616221023824122018119 9 1QI 756250203724399999999999999 159 701420 2299999999999999
135 94 68 64 82118164208237242223185135 87 53 41 53 8613318322023722920119 9 2QI 843243211023799999999999999 241 6315 0 4199999999999999
160115 80 62 64 86123167205227227207172130 92 69 66 8211615819722222721119 9 3QI 931230214322899999999999999 323 601540 6599999999999999
180140102 74 62 69 92127165195211208190161130104 91 9411214117420221521119 9 4QI1021212221721699999999999999 4 8 621620 9099999999999999
192162127 96 75 68 77 9812715718019219017715713612011411913515718119720219 9 5QI1121192225320299999999999999 457 6817 311499999999999999
195176150122 97 82 77 8310012314616417517617015914713713413714816317718619 9 6QI1243177234218999999999999999 555 7718 013499999999999999
188181166146124104 90 83 86 9711413315016417117216715915214614615015816719 9 7QI1437172999999999999999999999 712 83193814599999999999999
174177175165150131112 95 85 84 9010412314316117417917817015914914314314719 9 8QI 1 3177161318099999999999999 843 83213814299999999999999
156166174176171157138116 96 81 76 81 9611914416818419018617515814313313019 9 9QI 24917617 71909999999999999910 1 76224713099999999999999
136149165178184180165141114 89 71 66 74 9412315418019620019017114912911819 910QI 4 71841744200999999999999991055 66232911799999999999999
118130149171189195188168138105 77 60 58 7210013617019620820318515913211219 911QI 5 01951814208999999999999991136 57999999999999999999999
104111131158184202205192164127 91 63 50 56 7911515518921021319917214011219 912QI 541206184021499999999999999 0 21041211 5099999999999999
 96 95111139172200214210188152111 75 52 48 63 9513717720721921118615211719 913QI 61721519 521999999999999999 031 931242 4799999999999999
 92 84 94119154189214221207176135 93 61 47 54 8011916219921921819916512719 914QI 650221192922199999999999999 058 841311 4799999999999999
 95 77 79 99133171205223220197159116 78 55 52 6910314618621422220917914019 915QI 722224195222299999999999999 125 761338 5199999999999999
102 77 69 81110149188216224211181140100 70 58 66 9213017220522121619215519 916QI 754224201522299999999999999 153 6914 6 5799999999999999
115 82 65 68 90125165200219217197163123 90 70 69 8711815719221521820116919 917QI 826221203921999999999999999 221 641433 6799999999999999
130 94 69 62 74102139177204214205180146112 88 79 8711114317820421520618219 918QI 9 021421 321599999999999999 251 6215 1 7999999999999999
147110 79 64 65 84114150182202204190164135110 95 9510913316319020620519019 919QI 937205213020899999999999999 324 621530 9399999999999999
162128 96 73 65 73 9412415518119319117615513211510811412915117419219919219 920QI1020194215919999999999999999 4 1 6516 410899999999999999
173146117 91 75 71 8010012615317218117916815313712712513114316017618618819 921QI1117182223818899999999999999 446 71164712499999999999999
179162139114 93 80 76 8410012114316117117316815914914213914214915916917619 922QI1246173234017899999999999999 549 7618 113999999999999999
177172159141120100 85 78 80 9110913015016517417617216315414714314415015819 923QI1445176999999999999999999999 718 78201814399999999999999
167173173166152131108 88 73 69 76 9411814416818419018717616114613513113619 924QI 13517416 819099999999999999 853 69215813199999999999999
147162176184182168144114 84 62 53 59 8011214717819920720018215813411811219 925QI 31918517 02079999999999999910 6 53225411299999999999999
120139164187202201184153114 76 48 37 46 74114158195217221206178144114 9519 926QI 42920417412229999999999999911 3 372337 9199999999999999
 93108137172204222219196157109 64 34 26 41 77126176214232228203164122 8919 927QI 5242231818233999999999999991151 26999999999999999999999
 72 76101141185221238232201154101 54 27 24 48 92146196231240225189142 9619 928QI 614239185324199999999999999 018 711235 2299999999999999
 64 53 66101148197234248235198147 92 50 29 35 6511416921524023921216711619 929QI 7 1248192624399999999999999 057 531317 2899999999999999
 71 45 42 64106158207240247228188137 88 53 41 55 9114119122724022719114219 930QI 747248195924099999999999999 136 401357 4199999999999999
 91 52 34 40 69114166211236237215175129 88 64 62 821191652062302302071661910 1QI 832240203023399999999999999 215 331436 6099999999999999
117 73 42 33 46 79124171207225220197162125 96 82 871101451822112222121831910 2QI 91822621 122299999999999999 255 331513 8299999999999999
143 99 63 43 41 58 901311691972072011811531271081031121341621892062071911910 3QI10 6207213220999999999999999 335 39155110399999999999999
162126 91 64 52 54 721001331631821891841691501331231231321491691861931881910 4QI11 218922 519399999999999999 419 51163312299999999999999
171146118 92 73 65 69 841061301521671741721641531431371371431541661741771910 5QI1217174224917799999999999999 510 65173213699999999999999
171158140119100 86 79 80 901051231411561651681661601531461431431481541601910 6QI14 6168999999999999999999999 620 78192214399999999999999
163161154142127112 98 88 85 891001151331511641721731681591481391351351401910 7QI 010163154017499999999999999 756 85212713499999999999999
147155159159151139122104 90 83 83 931101321541721811821731581421271201201910 8QI 223160163218399999999999999 925 82222911999999999999999
128141156166169163148127104 85 75 76 891111391651841921871711491271101031910 9QI 35116917 7192999999999999991025 7423 610399999999999999
107122144165179182173152124 96 75 66 71 91120153181197199185161132106 90191010QI 44518317362009999999999999911 8 662336 8899999999999999
 89102126155180194193176148114 84 64 61 74102137172197207198174141108 83191011QI 52619518 1207999999999999991143 60999999999999999999999
 74 81105137171196206197172137100 71 57 63 85120159192210209188154116 82191012QI 6 1206182521299999999999999 0 3 741214 5799999999999999
 63 63 82115155189210212194161121 85 62 58 73104144183209215201169128 88191013QI 634214184921699999999999999 030 611243 5799999999999999
 59 50 61 91132174205218210183145105 74 61 67 92129169202217210184143 99191014QI 7 6218191221899999999999999 057 501311 6099999999999999
 62 43 45 68106151191215218201168128 93 71 68 84115154190213215196160115191015QI 739220193621799999999999999 124 411339 6699999999999999
 73 44 35 48 80124168202217211186151114 87 75 82105139176204215204175133191016QI 81221820 121599999999999999 153 3514 8 7599999999999999
 89 53 34 37 59 96140180206212198171137107 89 87101127160190207206186151191017QI 847212202720999999999999999 224 331437 8699999999999999
110 71 43 34 45 73111152185202201184157129107 98103120146174194201191166191018QI 925204205520299999999999999 257 3415 9 9899999999999999
131 93 61 43 42 57 86122157182192188171149128115112120136158178190189175191019QI10 9193212719199999999999999 334 40154611199999999999999
149117 86 62 50 52 68 94125154173181177165149135126125132145160173179176191020QI11 718122 817999999999999999 420 49163512599999999999999
162140114 89 70 60 61 74 95121145162171172166155145137135137144153162167191021QI1233173231716799999999999999 521 5918 313599999999999999
165157141121100 81 69 66 73 89111134154168175174166155144135131132139148191022QI1420175999999999999999999999 649 66201713199999999999999
157162161152136115 93 75 65 66 78100126152173185186177161143126115114121191023QI 122162153618799999999999999 825 64214211399999999999999
135153167174170154129100 74 58 55 67 92125159185199198183159131106 92 91191024QI 3 9174162620099999999999999 942 542234 9099999999999999
104128156180193190171139103 70 49 46 61 93133172201213206181146109 80 66191025QI 42019417 6213999999999999991040 452316 6599999999999999
 70 92127165196212207182143100 63 42 42 64103149191217222205169125 82 52191026QI 5162121743223999999999999991129 392356 4299999999999999
 42 55 87132178212226217186142 95 58 41 48 76121169208228223194149 98 54191027QI 6 62271817229999999999999991214 40999999999999999999999
 28 26 48 90142191224234218182135 90 58 48 62 96143189221230213174123 70191028QI 653234185123099999999999999 035 241255 4899999999999999
 30 12 19 50 98153200228232211173128 88 64 62 82119164204225222195150 97191029QI 738233192322799999999999999 113 111335 6099999999999999
 48 16  7 23 60110162204224222198161121 90 76 81105142181210220206172125191030QI 823226195522099999999999999 151  71413 7599999999999999
 75 34 12 12 34 74122168201214206182150118 97 91102127159190207206185148191031QI 9 7214202620999999999999999 229  91451 9199999999999999
104 62 31 19 26 51 891321691921991891681421201071071201421681891961871631911 1QI 952199205819699999999999999 3 8 18152910599999999999999
129 91 58 38 33 44 691021361641801831741581391241171201321501681791801681911 2QI1042183213318199999999999999 348 32161311799999999999999
145116 87 64 50 50 61 831101361571681701641531401301261281361481591651631911 3QI1143171221516699999999999999 433 48171112699999999999999
152134113 91 75 66 66 75 921121321491591631611541441361301291321391461501911 4QI13 5163232515199999999999999 529 65184412999999999999999
150144132117102 88 79 77 82 941101271441561631631581481371271221211251321911 5QI1433164999999999999999999999 648 77203712199999999999999
139143143138127114 99 88 82 83 921071251441601691691621481321171081061111911 6QI 129144153517099999999999999 820 82214710599999999999999
121134145150148139123106 90 81 80 89106129151169177175162141119100 90 901911 7QI 314151161617899999999999999 934 792229 8899999999999999
100118138154163160148128105 86 75 76 89112139164181185176154126 99 79 711911 8QI 4181631648186999999999999991026 7423 2 7199999999999999
 78 96122149169176170152126 99 79 70 76 95124155180192188169138104 74 571911 9QI 5 317617161939999999999999911 6 702332 5499999999999999
 56 72101135165184187175149118 90 71 68 81108141173194198183153114 76 49191110QI 5421881743199999999999999991141 67999999999999999999999
 39 49 75113152183197193172141107 80 68 72 94126162191203196170130 86 49191111QI 61719818 920499999999999999 0 0 391213 6799999999999999
 28 28 49 86130171197205192164129 96 74 70 83112148181203205185148102 57191112QI 651205183520799999999999999 029 251245 6999999999999999
 26 15 26 58102149187207205185152117 88 74 78 99132168196207197167123 74191113QI 72620919 320799999999999999 059 151316 7399999999999999
 34 11 10 33 72120166197209199174140107 85 80 92118151183203203182144 97191114QI 8 2209193120599999999999999 131  81348 8099999999999999
 52 18  5 15 45 89137177201204189161129103 89 91108135166191201191164122191115QI 83920520 220199999999999999 2 4  51422 8899999999999999
 77 37 13  9 26 60104148181197194177150123104 97104122148173190192176145191116QI 921198203619399999999999999 241  81459 9799999999999999
105 65 33 16 19 40 74114152179189184167144123110107116133154173183179161191117QI10 8189211418399999999999999 322 15154310799999999999999
131 96 62 37 26 32 52 84119151172180175161143127117115122135151165171166191118QI11 518022 417199999999999999 410 26164111599999999999999
150125 96 69 48 40 44 61 88118145164173171161147133122118120129141152159191119QI1218173231915999999999999999 5 9 3918 811899999999999999
157146128105 81 63 52 53 66 87114140160171173166152136122112110114125138191120QI1340173999999999999999999999 625 51195211099999999999999
149154151139120 97 76 62 58 66 84110137161176180172156135114 98 91 94107191121QI 110154145018099999999999999 751 582111 9099999999999999
125144158162155137112 87 67 59 64 82110141168185189177155125 97 76 67 72191122QI 253162154418999999999999999 9 9 5922 7 6699999999999999
 91118146168178172153124 93 69 58 63 83115150180197196178146108 73 49 42191123QI 4 81781628198999999999999991012 582254 4299999999999999
 53 80117154181193186163130 95 69 58 66 90126164193206198171130 85 47 24191124QI 5 819317 72069999999999999911 6 582336 2099999999999999
 22 41 77122165195205195167130 94 69 61 73103141179205210193156108 60 22191125QI 6 02051744211999999999999991153 61999999999999999999999
  4  9 37 81132176205212197165126 92 70 68 86118158193211207180136 84 36191126QI 648212182021299999999999999 016  31236 6799999999999999
  3 -7  7 42 92144186210211191158120 90 75 79101135173201210196162114 62191127QI 733213185521099999999999999 055 -71317 7499999999999999
 19 -6 -8 14 55105155191208203180147114 90 82 92117150182202202180141 92191128QI 816209192920599999999999999 134-101357 8299999999999999
 45 10 -6  1 29 71120163191200191167137109 93 92106131161186196188160120191129QI 85720020 419699999999999999 211 -61435 9099999999999999
 75 35  9  3 17 48 89132167187189176153128107 98101117141166183185170141191130QI 938190203818699999999999999 248  31514 9899999999999999
103 64 33 17 19 36 671051401671791771631431221081031101251451641731701521912 1QI1020180211517499999999999999 326 16155510399999999999999
124 92 61 39 31 37 56 841161441631701651531361201101081141271431561601541912 2QI11 5170215716099999999999999 4 5 31164510899999999999999
138114 88 65 51 47 55 73 971221441581621581471331211121091141231351441471912 3QI1158162225114799999999999999 449 47175110999999999999999
141128110 91 75 64 62 69 841041251431541581551461331201101061071141231311912 4QI13 2158999999999999999999999 543 62191510699999999999999
136134126114100 86 77 74 79 91107126142154159156147133117104 96 951011111912 5QI 01513614 915999999999999999 653 742037 9599999999999999
122130134131123110 97 86 81 83 93109127145158163159147128108 91 80 79 871912 6QI 2 513415 516399999999999999 813 812137 7999999999999999
101118132141141134120105 91 83 84 94111132152166169161143118 92 72 62 631912 7QI 333142154917099999999999999 924 832221 6199999999999999
 77 98121141153154144127107 91 82 84 96117142163175174159133101 71 50 431912 8QI 4341551626176999999999999991020 812257 4299999999999999
 51 72102132156167165151128105 87 79 85102128155175183175151116 78 46 271912 9QI 52016816591839999999999999911 5 792331 2599999999999999
 27 45 76113148171180172152125 99 82 78 89112142170187187169135 93 52 21191210QI 6 11801732189999999999999991145 78999999999999999999999
  9 18 46 86129165186189174148118 92 79 81 98126158183194185157115 68 26191211QI 63919018 419499999999999999 0 5  91222 7899999999999999
  1 -2 17 54100146180196192171140109 87 79 87110141173193196178141 93 44191212QI 717197183819899999999999999 039 -41259 7999999999999999
  6-12 -6 22 66117161191200189163131102 84 82 97123156184198192165122 72191213QI 756200191319999999999999999 115-121336 8199999999999999
 25 -6-16 -1 34 81132173196198182154122 97 85 89107136166190196183150104191214QI 836200195119799999999999999 153-161416 8599999999999999
 55 14-10-12  9 48 96144179195192172144116 96 89 97117144172189189170136191215QI 919196203119199999999999999 234-141458 8999999999999999
 91 47 12 -5 -1 24 63109151179190183163137113 97 93103122147170182178158191216QI10 4190211718399999999999999 318 -61546 9399999999999999
124 84 46 18  7 15 40 77118154177183175156132111 98 96104122143162171166191217QI1054183221017199999999999999 4 5  71643 9599999999999999
148119 85 53 31 23 32 55 88124154172177169152130111 98 94100114133149158191218QI1150177231915999999999999999 458 231753 9499999999999999
156142120 92 66 48 41 48 67 96127153169173166150129109 93 86 89100117134191219QI1251174999999999999999999999 6 0 411914 8699999999999999
146150143127105 83 65 57 61 77101128152168173167150127103 83 72 72 82100191220QI 050150135517399999999999999 711 572032 7199999999999999
121139149149139121100 81 70 71 83104130155171177169149122 93 68 53 51 63191221QI 231151145417799999999999999 829 692138 5199999999999999
 85112137154160153136114 93 79 76 87108134160177181170146113 78 49 32 31191222QI 357160154718299999999999999 942 762233 3099999999999999
 47 75109141164173167148123 99 82 79 90112141168184186170139 99 59 28 12191223QI 5 51731634187999999999999991044 782320 1199999999999999
 15 37 72113150175184176154125 99 83 81 94119150177191187164127 82 39  9191224QI 6 01841718192999999999999991138 79999999999999999999999
 -3  6 35 77123162186192179153122 96 81 83100128160185195184154111 63 21191225QI 647192175919599999999999999 0 4 -31225 8099999999999999
 -6-11  6 41 88136173193193175146115 91 81 87108139171191194176140 92 44191226QI 730196183819699999999999999 044-1213 7 8099999999999999
  6-13-10 14 55104150182195189166135106 86 82 94119150179193188163122 74191227QI 8 9195191519499999999999999 122-151346 8199999999999999
 29 -2-12 -1 30 74122162186191178153123 97 84 86102130160183189176146103191228QI 845192195119099999999999999 159-121422 8399999999999999
 57 20 -2 -3 15 51 95138170186183164138110 91 84 92112139165181180161127191229QI 919186202718399999999999999 234 -51458 8499999999999999
 86 46 17  5 12 36 73114150174180171150124101 88 87 98120145166175167144191230QI 95318021 317599999999999999 3 8  51534 8599999999999999
110 73 41 22 18 31 58 93129156171171158137115 97 89 92105125146161163151191231QI1028173214016499999999999999 342 171614 8899999999999999
