100110115114107 98 90 86 88 95107121133139139130114 93 72 54 43 40 48 6219 1 1QK 216115132614099999999999999 713 862043 4099999999999999
 81100115123124118108 98 93 93100112126137143140128108 83 58 38 27 28 3919 1 2QK 332125141314399999999999999 826 922128 2699999999999999
 59 83106124133133125113102 95 96103116131142146140124 99 70 43 23 15 2019 1 3QK 426134145614699999999999999 927 9422 8 1599999999999999
 37 63 91117135142138127113100 94 96106122137148149138116 86 55 28 11  819 1 4QK 5 91421535150999999999999991015 942244  799999999999999
 19 42 72103129144147139124108 96 93 98112129144152148132105 72 40 15  319 1 5QK 5451471612152999999999999991055 932317  299999999999999
  6 24 53 86117139150147135118102 92 92102119137151154145123 91 57 26  619 1 6QK 6181501647154999999999999991130 912350  199999999999999
  1 11 35 68101129147151143127109 94 89 94108127144154152137110 76 43 1619 1 7QK 64915117211559999999999999912 2 89999999999999999999999
  3  5 22 51 84116139150147135117 99 89 88 98115134149154146125 96 62 3219 1 8QK 719150175515499999999999999 022  21233 8799999999999999
 12  6 15 38 68100127144148140124106 92 86 90103121138149148136112 82 5119 1 9QK 749148182915099999999999999 053  613 5 8699999999999999
 27 14 15 30 55 85114135145143131114 97 87 85 93107124138144139123 98 7019 110QK 81914619 414499999999999999 124 121340 8499999999999999
 44 27 21 29 47 73101124139142136122105 91 84 85 95109123134136127110 8719 111QK 849143194213699999999999999 156 211420 8399999999999999
 63 44 33 33 45 65 89113130139138128113 98 87 82 85 9410611812512511610019 112QK 922140202612699999999999999 228 3215 7 8299999999999999
 81 63 49 44 48 61 80101120133136132121107 93 83 79 81 8910011011511510819 113QK 957136212511699999999999999 3 3 4416 7 7999999999999999
 96 81 68 60 58 63 76 92110124132133127116102 88 78 73 74 80 89 9910610819 114QK1039134225410899999999999999 345 581721 7299999999999999
105 97 88 79 73 72 77 87100114125131131125113 98 82 70 62 61 67 77 88 9919 115QK1129132999999999999999999999 440 721838 6199999999999999
106108105 99 92 86 84 87 94105116126132132125111 93 74 58 47 45 51 64 8019 116QK 057108122813399999999999999 6 0 841945 4599999999999999
 96109117118113106 98 93 92 97107118129135135126109 87 63 42 29 27 36 5319 117QK 239118132813699999999999999 734 922042 2799999999999999
 76 99118129132127116105 97 94 98108121134141140128107 78 49 25 11 10 2319 118QK 348132142314299999999999999 856 942133  999999999999999
 47 76106129142144136123108 97 93 98110127141149146130102 68 34  7 -6 -319 119QK 441145151415099999999999999 957 932220 -799999999999999
 15 46 82115141153153141124106 94 91 99115134150157151130 97 57 20 -7-1819 120QK 52715516 3157999999999999991046 9123 6-1899999999999999
-11 14 50 90126151161156140119100 88 88100120142158163153127 89 47 10-1619 121QK 6 91611651163999999999999991130 872351-2399999999999999
-23-10 20 60102136158163153133110 91 82 86102125148163165151121 81 39  419 122QK 6501631738166999999999999991212 82999999999999999999999
-17-18 -1 33 74114144160160145123 99 83 77 85104128150163161144113 74 3519 123QK 728162182616499999999999999 035-201254 7799999999999999
  5-10 -6 16 51 90125149158152134110 88 75 73 84104127147156153134104 6919 124QK 8 4158191415799999999999999 117-111337 7299999999999999
 36 13  5 14 38 71106134151153141121 98 79 69 70 82101122138145140122 9619 125QK 83815420 514599999999999999 158  51423 6899999999999999
 67 42 27 26 38 61 91119139148144130109 88 72 65 67 79 9511312613112611219 126QK 91114821 113199999999999999 237 251515 6599999999999999
 92 71 54 46 49 62 83107127140143135120100 82 68 62 64 73 8610011111611419 127QK 945143221211699999999999999 316 461616 6299999999999999
105 92 79 70 66 71 83 99117130137136127113 95 78 65 58 58 64 74 86 9710419 128QK1022138235810699999999999999 356 661732 5799999999999999
106104 98 91 86 85 89 97109121129133131123109 93 76 62 53 50 54 62 74 8619 129QK11 8133999999999999999999999 445 841857 5099999999999999
 97105108107104100 98 99104112120127130129121108 92 74 57 46 40 43 51 6519 130QK 215108121313099999999999999 6 7 982013 4099999999999999
 82 98110117118115110105103105110117125130129123109 90 69 50 36 30 33 4519 131QK 343118132813099999999999999 8 31032110 3099999999999999
 63 85105120127127122113105100101107116126133133125108 85 61 39 24 20 2719 2 1QK 430128143213499999999999999 9241002154 2099999999999999
 44 68 93116131136133122110 99 94 97105118131138137125104 77 50 27 14 1319 2 2QK 5 41361522139999999999999991013 942232 1299999999999999
 26 49 78106128140141132117102 91 88 94108125139145140123 97 66 37 15  719 2 3QK 53314216 5145999999999999991049 8823 6  799999999999999
 13 32 61 93121140146140126107 91 83 84 96114133146149139116 85 52 24  719 2 4QK 6 11461642150999999999999991119 822337  499999999999999
  5 19 44 77109134147146134114 94 80 77 85102123142152149133105 71 38 1519 2 5QK 6271481718153999999999999991148 77999999999999999999999
  4 11 31 62 95125144149141122100 82 72 75 89110132149154144122 91 57 2819 2 6QK 652149175215499999999999999 0 8  41217 7299999999999999
 11  9 23 49 82113137148145130108 86 71 68 77 95118139151150135108 76 4519 2 7QK 717149182615299999999999999 036  81247 6899999999999999
 23 14 20 41 70101128144147136117 94 74 65 67 81102124141148141122 94 6419 2 8QK 74114819 014899999999999999 1 5 141318 6499999999999999
 39 25 24 37 61 91118138146141124102 81 66 62 69 85106126138140129109 8319 2 9QK 8 5146193714199999999999999 132 231352 6199999999999999
 58 40 33 40 57 82108130142142131111 90 71 61 61 71 88107123132130117 9819 210QK 830143201913299999999999999 2 1 331431 5999999999999999
 77 58 48 48 58 77 99120135140134119100 80 65 58 60 70 8610311612211910919 211QK 857140211012299999999999999 231 461516 5799999999999999
 93 78 66 61 64 76 93111126135134125110 92 74 61 55 57 67 80 9510611211119 212QK 927136222211399999999999999 3 4 611614 5599999999999999
105 95 85 78 77 81 91104117127131128119104 87 71 58 51 51 58 70 83 9610419 213QK10 6131999999999999999999999 347 761729 5099999999999999
108107103 98 93 92 94100109117124127125117104 87 69 54 44 41 45 56 71 8619 214QK 01910811 512799999999999999 456 921855 4099999999999999
101111116116112107103101103108114121126126120107 89 68 48 33 26 29 41 5919 215QK 230117123312799999999999999 7 21012013 2699999999999999
 81102119128130125117108102100103111121129133128114 92 65 39 20 10 13 2819 216QK 345130135713399999999999999 8531002116 1099999999999999
 53 82109130141142134120106 96 93 98109124137143138121 93 60 29  6 -5  119 217QK 43314315 414399999999999999 955 9322 9 -599999999999999
 22 53 88120143152149135116 98 86 84 93110131147154147125 92 54 18 -6-1419 218QK 51315316 0154999999999999991040 832256-1499999999999999
 -4 23 60100133153158149129105 84 74 76 91114139157163152125 88 46 10-1219 219QK 5501591652163999999999999991120 732340-1699999999999999
-15  1 34 74114145160158142116 89 69 62 70 91119146164166152121 81 40  719 220QK 6231611740167999999999999991158 62999999999999999999999
-10 -7 16 52 93129154161151128 99 72 56 54 68 93123149164164146113 74 3719 221QK 655161182716699999999999999 021-111237 5399999999999999
 11  1 11 38 74112142157156139111 82 58 46 50 68 95124147159154135104 6919 222QK 725159191415999999999999999 059  11316 4699999999999999
 39 22 20 36 63 97128149155145123 94 67 48 42 50 69 95121140147141122 9519 223QK 75315520 214799999999999999 135 191356 4299999999999999
 68 48 39 44 62 88116138149147132107 80 57 44 42 51 70 9311412813212611119 224QK 819150205313399999999999999 2 8 391439 4199999999999999
 91 73 61 60 68 86108128141144136118 95 72 54 44 44 53 69 8810411411811319 225QK 845144215511899999999999999 239 591529 4399999999999999
104 92 82 77 80 89104119132138135124107 88 69 55 47 47 54 66 79 9210210619 226QK 912138233010799999999999999 310 771630 4699999999999999
106103 98 94 93 96103113122128130125116102 86 71 58 50 48 51 59 70 82 9219 227QK 945130999999999999999999999 345 931754 4899999999999999
101106108107106105106109113118121122119112102 89 75 61 51 46 46 51 61 7519 228QK 215108104412299999999999999 5 41051930 4599999999999999
 89102112117117115111108107107110114117118115106 94 78 61 48 39 37 43 5619 3 1QK 341118124511899999999999999 8101072043 3799999999999999
 74 93109121126125119110103 98 98103110118122121112 97 77 57 40 30 30 3919 3 2QK 415127141712299999999999999 929 982134 2999999999999999
 56 79102121132134127116103 92 88 91100112124130128116 96 72 48 30 21 2519 3 3QK 44213415151309999999999999910 7 882213 2199999999999999
 40 63 91115133140136123106 90 80 79 88103120133139133116 91 62 37 20 1619 3 4QK 5 71401559139999999999999991036 782247 1699999999999999
 26 48 77106130142142131112 91 76 69 75 90110130143145133110 80 50 26 1419 3 5QK 53014416371469999999999999911 3 692318 1399999999999999
 17 35 62 94123141147139120 96 75 63 63 75 97121141151146129100 68 38 1919 3 6QK 5531471712151999999999999991130 612347 1499999999999999
 15 26 50 82113137148145128104 78 60 53 61 81107132149153142119 87 55 3019 3 7QK 6151491747154999999999999991157 53999999999999999999999
 18 23 42 71103130147149136112 85 61 48 49 65 90117141153150133106 74 4619 3 8QK 637150182115499999999999999 014 181225 4799999999999999
 28 25 38 62 93122143150142122 94 67 48 42 50 71 99126145151142121 93 6419 3 9QK 659150185615199999999999999 041 241254 4299999999999999
 43 33 39 57 84113136148146130104 76 52 39 40 55 79106130143144132109 8319 310QK 720149193314599999999999999 1 8 331326 3899999999999999
 61 47 46 57 79104128143146135114 87 61 43 36 42 60 8510912913713412010019 311QK 743146201413899999999999999 135 4514 0 3699999999999999
 79 64 58 62 77 98119135142137122 99 73 52 39 37 46 64 8610812312812411219 312QK 8 614221 312899999999999999 2 4 571440 3699999999999999
 97 82 73 73 80 94111127136136127109 88 66 48 39 39 48 64 8310111311811619 313QK 832137221211899999999999999 236 721531 3799999999999999
109 99 91 87 88 95106118127131127117102 83 65 50 41 39 46 58 74 9010211019 314QK 9 4131999999999999999999999 315 871640 3999999999999999
113112108104101102105111117122123121113101 86 69 54 42 37 39 48 61 78 9419 315QK 0 7113 95612399999999999999 4251011814 3799999999999999
107116120120117112108106107110114117119116108 94 77 58 41 31 28 34 49 6819 316QK 225120115411999999999999999 7161061947 2899999999999999
 90110124132132126117107100 97100107116123125120105 84 60 37 21 16 22 4019 317QK 330133134912599999999999999 9 1 972058 1699999999999999
 65 93118136143140128113 97 87 84 90103119133138133116 89 59 30 11  5 1519 318QK 41114315 313899999999999999 949 842153  599999999999999
 38 70103131148151142123100 81 70 70 83104127145152144123 90 55 24  4  119 319QK 44515116 1152999999999999991027 682239  099999999999999
 16 45 82117144156153135109 82 61 53 60 80108136156161150124 88 50 19  319 320QK 51615716511629999999999999911 3 532321  299999999999999
  6 27 61 99133155159147121 90 61 43 40 54 81114144162165150120 83 46 2019 321QK 5461601739166999999999999991139 392359 1199999999999999
 11 21 47 82119147160155134102 68 42 29 33 54 85119148163162144113 77 4619 322QK 6141601825165999999999999991215 28999999999999999999999
 28 26 42 71105136155158144116 82 49 28 22 32 57 90122147158153133104 7419 323QK 640159191115899999999999999 035 251252 2199999999999999
 52 42 47 67 95124147156149128 97 63 36 21 21 37 63 94122141148140121 9819 324QK 7 5156195714899999999999999 1 8 411329 1999999999999999
 75 62 60 70 91115137150149135110 80 51 30 22 27 44 69 9511813213512711219 325QK 729151204513599999999999999 139 5914 7 2299999999999999
 95 81 75 79 91109128141145138120 95 69 46 32 28 36 51 72 9411012012211619 326QK 752145214212299999999999999 2 8 751449 2899999999999999
107 97 90 89 95106119131137135124107 86 65 48 39 37 44 57 73 8910211011319 327QK 81513723 511399999999999999 237 891540 3799999999999999
111107102100101106113121126127123113 99 83 67 55 47 45 49 58 69 82 9410319 328QK 842128999999999999999999999 3131001649 4599999999999999
109112112110109108110112115117116113107 98 86 74 63 54 49 50 55 64 76 8919 329QK 130112 92311799999999999999 4471081827 4999999999999999
102111117119118114109106104104106108109107102 93 82 69 57 49 46 49 59 7319 330QK 259119115710999999999999999 8231041958 4699999999999999
 90106119125126121112103 96 92 93 98105111113110101 87 71 55 44 40 45 5719 331QK 335127135911399999999999999 917 922059 4099999999999999
 76 97115128133129118104 91 82 80 85 96108119123119107 88 67 49 37 35 4319 4 1QK 4 213315 312399999999999999 947 802142 3499999999999999
 61 85109128138137126109 90 75 68 71 83100117130133125108 84 60 41 31 3419 4 2QK 4261391548133999999999999991013 682218 3099999999999999
 48 72 99123139143134116 93 72 59 57 67 86109129140140127104 76 51 34 2919 4 3QK 4481431627142999999999999991039 572249 2999999999999999
 39 60 88116137147142125100 74 54 46 51 70 95121141149142123 96 67 43 3219 4 4QK 51014717 31499999999999999911 5 452319 3199999999999999
 34 51 78107133148148134109 79 53 38 37 52 77107133150152139115 86 58 4019 4 5QK 5321501738153999999999999991132 352347 3599999999999999
 36 46 69 98126145151142119 88 57 35 27 35 57 88119143154150132105 77 5419 4 6QK 55315118141559999999999999912 0 27999999999999999999999
 43 46 64 90118141152148129 99 66 38 22 22 38 66 99128148153144123 96 7119 4 7QK 615152185115399999999999999 015 421230 2099999999999999
 55 52 62 83109133148150137111 79 48 25 17 24 46 76108133147148135113 9019 4 8QK 637151193014999999999999999 044 5113 2 1799999999999999
 71 62 66 80102125142149142122 93 62 35 19 17 30 54 8411213314213912610719 4 9QK 7 0149201414299999999999999 113 621337 1699999999999999
 89 77 74 82 98117134143142129106 78 51 30 19 22 37 60 8711112713413011919 410QK 72414421 613499999999999999 144 741417 1999999999999999
105 93 87 88 97110124135138132117 95 70 47 31 24 28 42 62 8510511912512319 411QK 752138221712599999999999999 219 8715 7 2499999999999999
117108102 99101107116124129129122108 90 70 51 38 31 33 43 60 78 9611011819 412QK 825130999999999999999999999 3 7 991615 3199999999999999
121120116111108108110113117120119115106 93 77 60 46 37 35 40 53 69 8710419 413QK 0 6121 92512099999999999999 4451081746 3599999999999999
117125127125119113107104103105109113114111102 88 71 54 40 33 34 45 62 8319 414QK 156127115011499999999999999 7381031920 3299999999999999
104122133136131121109 97 90 88 92101112120122116102 81 59 40 29 28 39 5919 415QK 253136134812299999999999999 848 882033 2799999999999999
 85111131142142133116 97 81 71 71 81 97116130136130113 88 61 38 25 26 4019 416QK 33214415 113699999999999999 929 702129 2499999999999999
 64 94122142150144127103 78 59 51 57 74 98123142148141120 91 61 37 25 2919 417QK 4 415015581489999999999999910 6 512215 2499999999999999
 48 77109136153154139114 83 56 38 35 47 72103132152157146122 90 59 38 3019 418QK 4341551649157999999999999991042 342257 3099999999999999
 39 63 95126149158150127 95 61 34 20 24 44 76111141159160146119 88 60 4319 419QK 5 21581737162999999999999991117 202334 4099999999999999
 42 56 83114141157157140110 73 40 16 10 21 47 82118146160158141114 85 6319 420QK 5291591822161999999999999991153 10999999999999999999999
 53 58 77104132152159149124 90 53 23  7  7 25 55 90123146156150132108 8419 421QK 55515919 715699999999999999 010 531228  599999999999999
 69 66 77 97122144155153136106 71 38 15  6 13 34 64 9712514314814012310319 422QK 621156195114899999999999999 042 6613 3  699999999999999
 86 78 81 94114134148151141119 89 57 30 14 12 23 45 7310212413613813011519 423QK 645152203813999999999999999 114 781340 1199999999999999
101 91 89 95108124138145141127104 76 49 30 20 22 35 56 8010312012812812219 424QK 711145213012999999999999999 145 881419 1999999999999999
112102 97 98105116128135136129113 92 69 49 35 30 34 46 64 8310111412112219 425QK 737137223612299999999999999 220 9715 3 3099999999999999
118112106104105110117124127125116103 86 69 54 44 41 44 54 68 83 9810911619 426QK 8 8127999999999999999999999 3 910416 0 4199999999999999
119118115111108107109112114115113108 98 87 74 63 54 50 51 57 68 81 9510719 427QK 010119 85311599999999999999 4481071717 5099999999999999
116121122119114108104101101103105106105100 93 83 72 62 55 53 57 67 80 9519 428QK 14012211 110699999999999999 7321011848 5399999999999999
109120126126121112102 94 89 89 92 98104108107101 91 78 65 56 52 56 66 8219 429QK 231127132310899999999999999 837 8820 2 5299999999999999
 99116128133129119105 91 80 75 77 85 97108116117110 97 81 65 54 50 55 6919 430QK 3 5133143811799999999999999 911 752055 5099999999999999
 88109126136137128111 91 74 63 61 69 84102117126126117100 80 62 51 50 5919 5 1QK 333138152912899999999999999 940 612137 4999999999999999
 77100122137143136119 96 72 54 47 51 67 89112129137134119 98 76 58 50 5319 5 2QK 35714316111389999999999999910 7 472213 4999999999999999
 68 90115135146144129104 76 51 36 34 47 71 99124141146137118 94 71 56 5219 5 3QK 4211471650146999999999999991035 332246 5299999999999999
 62 81107131147150139115 84 53 30 21 28 49 79111137151150137114 89 68 5719 5 4QK 44415117291529999999999999911 4 212319 5799999999999999
 60 75 98124144153147127 96 62 32 14 13 28 56 91123146156150133108 84 6819 5 5QK 5 815318 8156999999999999991135 112351 6399999999999999
 63 72 91115138152153138111 76 41 15  4 11 33 66102132151156146126103 8319 5 6QK 53315418481569999999999999912 8  4999999999999999999999
 72 74 87107130147154146125 93 57 26  6  2 15 42 7611013715115114012010019 5 7QK 559154193115399999999999999 023 711243  199999999999999
 85 80 86101121139150149135109 77 43 17  4  6 23 51 8411413614714513311619 5 8QK 627151201914799999999999999 058 801322  399999999999999
101 91 90 98113129142147141123 96 66 37 17  8 14 32 59 8811413214013812819 5 9QK 657147211414099999999999999 135 9014 6  899999999999999
115104 98100107119131138139130112 88 62 39 23 17 23 40 63 8811012613313319 510QK 733140222213499999999999999 219 981458 1799999999999999
126117109105105110118125130129121106 87 65 46 33 27 32 45 64 8610612112919 511QK 820130234613199999999999999 32410516 4 2799999999999999
131128121113108105106110114118119115106 92 75 58 44 37 38 47 63 8310311919 512QK 942119999999999999999999999 5141051723 3699999999999999
130134131124114104 97 94 96101107113115111102 87 70 55 44 42 48 63 8310419 513QK 1 5134115511599999999999999 710 941847 4299999999999999
122134138134124109 94 82 77 79 87 99111120121115100 82 63 50 45 50 65 8719 514QK 2 0138134212299999999999999 816 771959 4599999999999999
110129141143135118 97 77 63 57 62 76 95114128133127111 90 69 54 48 55 7219 515QK 241144145613399999999999999 9 1 572057 4899999999999999
 95120139149146131107 80 56 41 39 49 70 97121138144136118 95 73 57 54 6319 516QK 316149155514499999999999999 941 382147 5499999999999999
 83108133149153143121 90 59 35 23 25 43 70102130147151142121 97 75 62 6219 517QK 3481531647152999999999999991019 222230 6199999999999999
 75 97123145156153135106 71 39 17  9 19 43 76110138154155142121 96 77 6919 518QK 4181571734156999999999999991056  92310 6999999999999999
 73 90113137154158147122 88 51 21  4  4 20 49 84118144156154139117 95 8119 519QK 4471581819157999999999999991132  22347 7799999999999999
 77 86105127147158154136106 70 35 10  0  6 27 59 95126147154148132112 9519 520QK 51615819 21549999999999999912 7 -1999999999999999999999
 85 87 99118138152156145122 89 54 24  6  2 14 39 7110413014614914112510819 521QK 545156194415099999999999999 022 841243  299999999999999
 95 91 96110128144152149133107 75 44 20  8 11 27 53 8311113214314213311819 522QK 615152202614499999999999999 056 911319  899999999999999
105 97 97105118133144146138119 93 64 39 22 16 23 41 66 9211513113813512619 523QK 645146211113899999999999999 131 961356 1699999999999999
114104100102110121132138137126107 83 60 40 29 28 37 54 76 9811712813212919 524QK 71813922 013299999999999999 2111001437 2799999999999999
121112105102105111120127129125115 98 79 60 46 39 40 49 64 8310111612612919 525QK 757129225912999999999999999 3 21021523 3899999999999999
126120112106103104107113117119115107 94 80 66 55 49 50 58 71 8710311612519 526QK 848119999999999999999999999 4181031620 4999999999999999
128126120112105100 98 99103107109108104 96 85 73 64 58 58 64 76 9010511719 527QK 0 6128101810999999999999999 6 3 981730 5899999999999999
126130127120110100 92 87 87 91 97103107106101 93 82 72 65 64 68 79 9310819 528QK 1 6130122410799999999999999 727 871845 6499999999999999
122131133129118104 90 78 73 74 81 92103111114110102 90 78 69 67 71 83 9819 529QK 152133135911499999999999999 818 731952 6799999999999999
115129137136127111 92 74 61 57 62 75 91107119124120109 95 81 71 69 75 8919 530QK 22813815 212499999999999999 856 572046 6999999999999999
106124138142137121 99 75 55 43 43 54 74 96117131135128115 97 82 72 72 8119 531QK 259142155213599999999999999 930 422132 7199999999999999
 98118135146145133110 82 54 34 26 33 51 78106129142144134117 97 81 74 7719 6 1QK 32814716371459999999999999910 3 262213 7499999999999999
 90110130146152144124 94 61 33 16 14 28 54 86117141152150136116 96 82 7819 6 2QK 3571521720153999999999999991037 132252 7899999999999999
 85101123142154153138111 76 41 15  2  7 28 61 96128150158152135114 95 8419 6 3QK 42715518 3158999999999999991113  22331 8299999999999999
 84 95114135152158150128 95 58 24  2 -5  7 34 69106137155159150132111 9519 6 4QK 4591581847160999999999999991151 -5999999999999999999999
 88 92105125144157157143116 81 44 13 -4 -5 12 42 7911414115615714612810919 6 5QK 533159193315899999999999999 010 881231 -799999999999999
 96 93100115133149157152134105 69 35  9 -3  1 21 51 8711914215415214012419 6 6QK 6 9157202115499999999999999 050 931315 -499999999999999
108 99 98106121136148152144124 95 63 33 12  4 11 31 61 9312114114914613519 6 7QK 650152211214999999999999999 134 9714 2  499999999999999
121108101101109121134143144135116 90 62 37 20 15 23 43 69 9712213814414119 6 8QK 73714422 714499999999999999 2261001453 1599999999999999
131119107101101106116126133134126111 90 67 47 33 29 36 53 7610112213614119 6 9QK 83613423 614199999999999999 3321001550 2999999999999999
138129117105 98 95 98105114121124121110 95 76 59 47 43 49 63 8310412313619 610QK 959124999999999999999999999 457 951655 4399999999999999
140137127114100 90 84 85 90100110117119114103 88 73 61 56 60 72 8910912619 611QK 0 4140114811999999999999999 625 8418 5 5699999999999999
138142137125109 91 77 69 68 75 87101114121121114101 86 74 67 69 80 9611519 612QK 057142133112299999999999999 736 671916 6799999999999999
131142144137121100 79 61 51 51 60 77 97115127130125112 97 83 76 77 8710419 613QK 144145145213099999999999999 831 502021 7599999999999999
122138147146135114 88 63 43 34 36 50 72 98120135140134120104 89 82 84 9519 614QK 225148155514099999999999999 917 332118 8299999999999999
112131146152146129103 73 46 26 20 27 46 74103128144147140124107 93 87 9019 615QK 3 3152164814799999999999999 959 2022 8 8799999999999999
103121140152154143120 90 57 30 13 11 24 49 80112137151151141124107 94 9019 616QK 3401551734153999999999999991038 102251 9099999999999999
 97112131148157153137109 75 42 17  5  9 27 57 91122145155152139121104 9419 617QK 4151571816155999999999999991116  42331 9399999999999999
 94104121140154158148126 95 60 29  9  3 13 37 6910313215015514813311510119 618QK 4491581855155999999999999991152  3999999999999999999999
 95 98111129146156155140114 81 48 21  7  7 23 50 8311413915215214212510919 619QK 523157193115399999999999999 0 7 941227  599999999999999
 98 96104118136150155148129101 69 39 18 10 17 37 65 9612414315014613311719 620QK 55815520 715099999999999999 042 9513 2 1099999999999999
103 96 98109124139149150139117 89 59 35 20 19 30 52 8010813114414613912519 621QK 633151204214799999999999999 117 961337 1899999999999999
111100 96101112126138144141127106 80 55 36 27 31 45 68 9311713414214113219 622QK 710145211914399999999999999 156 961413 2799999999999999
118106 98 97102113125134136131117 96 74 55 42 38 45 60 8110412313614013619 623QK 751137215914099999999999999 240 961451 3899999999999999
126114103 96 96101110119126127121108 91 74 59 51 50 58 73 9211112613513719 624QK 839127224313799999999999999 336 951533 5099999999999999
132122110100 93 92 95103111116118113104 92 78 68 62 63 71 8410011612813519 625QK 944118233113699999999999999 446 921622 6199999999999999
135129119107 95 87 84 86 93101108112111105 97 87 78 73 74 80 9210612013119 626QK1120112999999999999999999999 6 3 841723 7399999999999999
136135128116101 87 77 72 74 82 92102110114112106 97 88 82 82 87 9811112419 627QK 02313713 911499999999999999 711 721836 8299999999999999
134139136127111 92 75 62 57 61 71 86102114122122116107 97 89 88 9210211519 628QK 111139143312399999999999999 8 5 571948 8799999999999999
129139142137123103 80 59 45 41 48 64 85106123133133126115103 94 91 9610719 629QK 155143153513499999999999999 850 412052 9199999999999999
122136146147137117 91 64 40 27 27 39 61 88114134145144134120106 96 9310019 630QK 236147162614699999999999999 933 252146 9399999999999999
113130145153150135109 77 46 22 11 15 34 62 95125146155152139122106 96 9519 7 1QK 3161531713155999999999999991014 112234 9499999999999999
104120139153158151130 99 63 30  7 -1  9 34 68104135155162155140120104 9619 7 2QK 3561581758162999999999999991056 -12318 9599999999999999
 98110129148161162149123 87 49 16 -4 -7  9 38 7611414416116415513611710119 7 3QK 4381631842165999999999999991139 -8999999999999999999999
 96101116136154165163145115 77 39  8 -8 -6 14 47 8612315016416315013111119 7 4QK 521166192616599999999999999 0 1 961223 -999999999999999
 98 96104121141158165159139107 70 33  7 -5  2 25 59 9613015316315814312319 7 5QK 6 616520 916399999999999999 044 9513 8 -599999999999999
106 95 95106123142156161153132101 65 34 12  5 15 39 7210713615415915113519 7 6QK 654161205115999999999999999 130 941354  599999999999999
116100 92 94104121138150153144124 96 66 39 23 21 33 56 8711614015315314319 7 7QK 746153213215599999999999999 219 911440 2099999999999999
127109 95 88 90100114129140142135118 95 71 50 39 40 52 7410012414215014719 7 8QK 845143221415099999999999999 316 871528 3899999999999999
136120102 89 82 83 91104117127131127115 98 80 65 58 60 71 8911113014314719 7 9QK 959131225914799999999999999 423 821619 5799999999999999
143131114 97 83 75 74 80 91103115121122116105 92 81 76 77 8710111813314319 710QK1134122234714599999999999999 538 731717 7599999999999999
145139127110 91 75 65 62 66 77 91105116122121115105 96 91 91 9810912313519 711QK1323122999999999999999999999 654 621827 9099999999999999
143145138124105 84 66 53 49 53 65 8110011612612912511710810210010411412619 712QK 041145145612999999999999999 8 1 49194610099999999999999
137145146138122100 76 55 41 36 42 57 7810112113413813512611510710410711619 713QK 13514616 213899999999999999 857 3621 010499999999999999
129141148148137118 92 66 43 29 26 35 54 8010712914314714112911710710310819 714QK 227149165114799999999999999 944 25215710399999999999999
118133146152149135112 83 54 31 19 20 34 59 8911714015115214212811310310219 715QK 3141531731153999999999999991026 17224210199999999999999
109122138151156149131103 71 42 21 13 19 39 69101129149157152139122107 9919 716QK 35615618 61579999999999999911 3 132320 9899999999999999
101111128145157158146123 92 59 31 14 12 25 50 8311514115615714813111310019 717QK 4361591838158999999999999991139 112354 9599999999999999
 95102117135152160156140112 79 47 23 12 17 36 65 9912915015815413912010319 718QK 51316019 8158999999999999991212 12999999999999999999999
 94 94105123142156160151130100 67 38 20 17 28 52 8311514015515614612810919 719QK 550160193715799999999999999 026 921244 1699999999999999
 95 90 96110129146157156142118 87 57 34 23 27 44 7010112814815515013611719 720QK 62515820 615599999999999999 059 901316 2399999999999999
100 89 89 98114133147153148131105 77 52 36 32 41 62 8911613915115214212519 721QK 7 2153203415399999999999999 133 881347 3299999999999999
107 93 86 89101117133144146137119 95 71 52 43 45 59 8010512814415014613319 722QK 74114621 315099999999999999 211 861418 4299999999999999
116 99 88 84 89101116129137136126109 89 71 58 55 61 76 9711813614614713919 723QK 824138213414899999999999999 254 841451 5599999999999999
124108 93 84 82 87 98111122128126118104 89 76 69 69 77 9211012713914414219 724QK 91712822 914599999999999999 345 821528 6899999999999999
132118102 88 80 78 82 92103113119119114105 95 86 82 83 9110411813113914219 725QK1032120225214299999999999999 448 771614 8299999999999999
138127113 97 83 73 70 73 82 94105113117117112105 99 95 9610111112213213919 726QK1219118234614199999999999999 6 0 701720 9599999999999999
140136125110 92 76 63 58 61 70 84 9911212112412311711110610410711412313319 727QK14 9125999999999999999999999 710 58185210499999999999999
140142137125107 86 66 51 44 47 58 76 9611512913613613012111310810911512419 728QK 049142152613799999999999999 813 43202410899999999999999
135144146141126103 78 53 35 28 32 48 72 9912314014914713912611510810711419 729QK 151146162014999999999999999 9 7 28213310799999999999999
126140150153145126 99 68 39 19 13 21 42 7310513315216015514312611210410519 730QK 24815317 616099999999999999 957 13222510399999999999999
114130147159161150126 93 57 26  6  2 15 42 78115145163167158141121105 9819 731QK 3391621747167999999999999991044  123 9 9899999999999999
102116136155168167152123 86 47 15 -3 -3 16 49 88126155170169155134112 9719 8 1QK 4291691827171999999999999991129 -52351 9299999999999999
 92100119142162174170151119 78 39  9 -5  1 24 6110213816317216614712310119 8 2QK 51817419 4173999999999999991213 -5999999999999999999999
 88 87100121146166175169147112 72 35 10  2 13 40 7811614916717015813511019 8 3QK 6 7175194017199999999999999 032 861255  299999999999999
 90 80 83 99122147165171162139106 69 38 19 17 32 61 9613115616716314612219 8 4QK 656171201416899999999999999 115 801337 1599999999999999
 98 80 74 80 97120143158162152130101 70 46 34 38 55 8311414215916315313319 8 5QK 748162204616399999999999999 2 0 741417 3499999999999999
109 88 73 70 77 94115134147149141122 99 76 60 55 62 7910412914815815614319 8 6QK 843150211915899999999999999 248 701456 5599999999999999
122100 81 69 67 74 88106122133136130117101 87 77 76 8410011913715015314719 8 7QK 949136215315399999999999999 344 661537 7699999999999999
133114 94 78 67 64 69 80 95109120125124118109100 95 9610311512814014714719 8 8QK1120125223414899999999999999 451 641624 9599999999999999
141128111 92 76 65 60 62 70 83 9710911812312311911411111011412113013814319 8 9QK1326123233114499999999999999 611 60173511099999999999999
143137126110 92 75 61 54 53 60 73 8810511912813113012612111811812112813419 810QK1511131999999999999999999999 732 53192811799999999999999
140142138127111 91 72 55 46 44 52 66 8610712513714113913212411811511712419 811QK 05014216 814199999999999999 839 4421 311599999999999999
132140144141129111 88 65 47 36 36 47 66 9011513514714914313212111210911219 812QK 2 4144164614999999999999999 931 35215810999999999999999
122134145149145131108 82 56 37 28 32 47 7210112714615515314212711210310219 813QK 3 31491717155999999999999991013 28223610199999999999999
110124140152155147129102 72 46 28 23 33 55 84115141156159151134116101 9519 814QK 3501551745160999999999999991050 2323 8 9499999999999999
 98112130148159159146122 91 60 35 22 24 40 68101131153162158143122103 9019 815QK 4301601811162999999999999991123 212337 8899999999999999
 89 99117139156164159140112 79 49 28 22 31 55 86119145161162150130108 9019 816QK 5 71641836163999999999999991153 22999999999999999999999
 83 88103126147162165154130 99 66 40 27 29 46 74106136156163156138115 9319 817QK 54216619 016399999999999999 0 6 821223 2699999999999999
 80 79 90110134154164161144117 86 57 38 32 42 65 9512514916216014612410019 818QK 617164192316399999999999999 035 781251 3299999999999999
 81 74 79 95117140156161152132104 76 53 42 45 61 8611514115716115213210819 819QK 652161194616199999999999999 1 6 741318 4199999999999999
 87 73 71 81100122142153153141119 94 71 56 52 62 8110713215115915514011819 820QK 729155201015999999999999999 139 711345 5299999999999999
 95 77 69 72 84103124139147143129110 89 72 65 68 8110112314215415514512719 821QK 8 9147203415699999999999999 215 691414 6499999999999999
106 86 72 67 73 86104121133138133121105 90 80 78 85 9911613414715114713419 822QK 85713821 115199999999999999 257 671444 7899999999999999
116 97 80 69 66 72 84100115125129126117107 98 93 9410111312613814514613919 823QK10 2129213414799999999999999 349 661522 9399999999999999
127110 92 77 67 64 68 78 9210511612212312011511010710811312113013714114119 824QK1145123222314299999999999999 456 64161910799999999999999
135123108 91 76 64 58 59 67 80 9510912012712912712412011811912212813413819 825QK14 0129234513999999999999999 618 58181511899999999999999
139135126111 92 74 58 48 47 54 68 8710712413614114113512812211811812313019 826QK1522142999999999999999999999 739 46202411899999999999999
138142141132116 94 70 49 35 32 40 59 8310913214815415114213011811111111819 827QK 121143161015499999999999999 847 32213211099999999999999
129142150151141121 94 64 38 21 18 30 54 8611814416016415714212410810110319 828QK 235152164916599999999999999 942 18221810099999999999999
114132150162163150125 91 56 26 10 10 27 57 94130157171169155134111 94 8919 829QK 3351641724172999999999999991030  72257 8999999999999999
 96114137159173172155125 86 48 18  4  9 32 68109144168176168146120 95 7919 830QK 4271741758176999999999999991114  42335 7799999999999999
 78 91115144168180176156121 80 42 16  7 18 47 86126158175175159132102 7819 831QK 5171811829177999999999999991156  7999999999999999999999
 66 71 90118148172182175151115 76 42 21 19 37 68107142167176167144114 8419 9 1QK 6 618219 017699999999999999 014 661235 1899999999999999
 63 57 67 90120150170177167143109 74 47 35 40 61 93127156171171155127 9619 9 2QK 654177192817399999999999999 053 571313 3499999999999999
 69 54 53 66 91120146163167156133104 77 59 55 65 8711614316316916013911119 9 3QK 744167195516999999999999999 134 511348 5499999999999999
 82 60 50 53 68 91117138151153143124103 85 76 77 9011013315216216114712519 9 4QK 837154202216399999999999999 217 491422 7599999999999999
 99 75 58 51 55 69 89110127137139132120107 97 94 9911112714215315615013519 9 5QK 939139204915699999999999999 3 6 511455 9499999999999999
115 93 73 60 55 59 69 8510111512412812612111511111111512413414314814714019 9 6QK11 9128212114899999999999999 4 5 55153311099999999999999
127110 92 77 65 59 60 67 78 9110411512312712712512412312412813313713913819 9 7QK1337127221313999999999999999 522 59165212399999999999999
133124111 96 82 69 61 58 62 70 83 9811312513313613513212812512412512813119 9 8QK1515136999999999999999999999 656 58195212499999999999999
133132126116102 86 70 59 53 55 64 79 9811713214214414113412511811511612119 9 9QK 011133155414499999999999999 816 53211511599999999999999
128134137133122105 86 67 52 46 49 61 8110412614315115014112811610610410819 910QK 155137162215199999999999999 912 46215310499999999999999
118130140144139126105 81 59 44 39 47 65 90117139154157149135117102 94 9519 911QK 259144164715799999999999999 954 392223 9399999999999999
105121138149152144125 99 72 50 37 37 51 75104132152161157142122101 87 8319 912QK 3451531711161999999999999991029 352250 8399999999999999
 91108129148159157143119 90 61 41 34 41 62 91122147162163151129105 85 7519 913QK 42516017331649999999999999911 0 342316 7499999999999999
 78 93116140158165158138109 78 52 37 37 52 79111140160166158137111 86 7019 914QK 5 01651755166999999999999991129 352342 6699999999999999
 67 78100126150165166153128 97 67 46 39 48 70100131155166163146119 91 6919 915QK 5351681816167999999999999991156 39999999999999999999999
 59 64 83109137158167162143115 85 60 47 49 65 92122148164166153129100 7319 916QK 6 9168183716799999999999999 010 591223 4699999999999999
 57 55 67 91119145161164153131104 78 60 55 65 86113140159166158138110 8219 917QK 643165185816699999999999999 039 541249 5599999999999999
 60 51 56 73 99127148159157142120 95 76 66 69 84107132152163160145121 9319 918QK 719160191916399999999999999 1 9 501315 6699999999999999
 68 52 50 60 81106130147153147132112 93 81 78 8710412514415715914913010519 919QK 759153194116099999999999999 142 491342 7899999999999999
 79 60 50 52 65 86109129141144137124109 97 91 9410412013614915415013711719 920QK 84614420 515499999999999999 219 501411 9199999999999999
 94 72 58 52 56 69 8710612313313513112211310610510911812914014714714012719 921QK 948135203314899999999999999 3 5 52144610499999999999999
108 89 72 59 54 57 68 83 9911412412912912612211811812012513213714013913319 922QK1131130211314099999999999999 4 7 54154411899999999999999
122108 91 76 63 56 55 61 73 8810411812813413513313012712512512713013213319 923QK1355135225513399999999999999 535 54183112599999999999999
131125114 99 82 65 53 48 51 61 78 9711713314314714413812912111711612012619 924QK15 5147999999999999999999999 710 48203711699999999999999
133136134125108 87 65 48 38 39 50 71 9712214315515715113812311010310311119 925QK 111137154515899999999999999 826 37212610299999999999999
124138147148138117 90 62 40 28 29 45 71103133155166163150129108 92 86 9119 926QK 234149161816699999999999999 923 2622 4 8699999999999999
106127148161162148123 90 57 32 21 26 48 80116147168173162140113 88 72 7019 927QK 3341631649173999999999999991011 212239 6999999999999999
 82106134159173172155124 87 53 29 21 32 60 96133162176173153124 92 66 5419 928QK 4271741719177999999999999991054 212315 5399999999999999
 58 78108141168181176155122 84 51 32 30 48 79116150172178165138103 70 4719 929QK 5161811747178999999999999991134 282352 4099999999999999
 40 52 78113147172182174150117 81 54 42 48 70102137164177172151118 81 5119 930QK 6 41821815177999999999999991211 42999999999999999999999
 34 34 51 81117149171177166142111 82 63 59 70 94125153171174160133 98 641910 1QK 651177184117599999999999999 029 311246 5899999999999999
 39 28 34 55 86119147164166155133108 88 77 79 94117142162170164144115 821910 2QK 73916719 617099999999999999 1 7 281319 7699999999999999
 53 35 30 40 62 90119141153153143126109 97 931001151341521621621501281001910 3QK 831155193016499999999999999 147 301351 9399999999999999
 72 50 38 38 49 69 921151321411411341231131081091161281421521551501361151910 4QK 930142195415599999999999999 231 37142310799999999999999
 92 70 54 47 48 58 73 911091221301321301251211191211261331411451441371241910 5QK1054132202014599999999999999 321 4615 311999999999999999
108 91 75 63 57 57 63 74 881021141241291311311291271261281301321331321271910 6QK1310131205713399999999999999 429 56164812699999999999999
119108 96 83 72 65 62 64 72 83 971111231321371371341301251211201201221231910 7QK1436138233012399999999999999 6 2 62201912099999999999999
123120114104 91 79 68 62 62 68 79 951131281391441421361261161091071081141910 8QK1513144999999999999999999999 734 6121 610799999999999999
120126127122112 97 81 67 58 57 65 80100121138148150143130115102 95 941001910 9QK 144127154115099999999999999 837 572134 9399999999999999
112124133136130117 98 78 62 53 54 66 86110133149155151137118 99 85 80 85191010QK 25013616 515599999999999999 923 5222 0 8099999999999999
 99116133144145136117 94 72 55 49 56 73 98125146158158145124100 80 69 70191011QK 337146162816099999999999999 959 492225 6899999999999999
 83103126145154151136113 87 64 51 51 64 87115141158163153132105 79 62 57191012QK 4161541649163999999999999991031 492251 5799999999999999
 66 87113138156161152132105 78 58 51 58 78105134156165160142113 83 59 47191013QK 45216117101669999999999999911 0 512317 4699999999999999
 50 68 96126150164163148123 95 71 58 58 72 97125150165165150123 91 61 42191014QK 5261651731167999999999999991128 562344 3899999999999999
 38 51 76108138159167160140114 87 69 63 71 91117143162167158134102 69 44191015QK 6 11671752168999999999999991156 63999999999999999999999
 32 37 57 87119147163165152130105 83 72 73 88110136156166162143114 81 51191016QK 637166181316799999999999999 012 321223 7199999999999999
 32 29 41 66 98129151162158143121100 85 81 88106128149162163150126 95 64191017QK 714162183516499999999999999 043 281251 8099999999999999
 40 29 32 50 76107133151156149134115100 92 93104122140154160153135109 80191018QK 755156185816099999999999999 116 281320 9199999999999999
 53 36 31 39 58 84111132145148141128115105102107118132145153152141121 97191019QK 844148192315499999999999999 153 31135210299999999999999
 71 51 38 37 46 64 87109127138140135127119114113118126136143145141129112191020QK 948140195214599999999999999 238 36143411399999999999999
 91 71 55 45 44 51 66 84103119130135135131127123122124127132135135131123191021QK1125136203613599999999999999 339 43155612299999999999999
110 94 78 63 53 49 52 62 78 95112126135139139135130124121120120123125126191022QK1321140224412699999999999999 5 3 4919 412099999999999999
123116104 89 73 59 50 49 56 70 89110128141147147140130119110105105110118191023QK1424148999999999999999999999 639 49202510499999999999999
126130127118101 82 63 49 44 50 66 88113135151156152139122104 91 86 89101191024QK 11013015 315699999999999999 758 4421 6 8699999999999999
117132142142132112 87 63 46 40 48 67 94123147161162151130106 83 69 66 76191025QK 232143153616399999999999999 857 402143 6599999999999999
 96120142155156143119 90 63 45 41 52 76107137160169163143114 83 59 46 50191026QK 33315716 616999999999999999 947 402218 4699999999999999
 67 96127153167166149122 90 63 47 47 63 91124152170171156128 92 59 36 29191027QK 4261681635173999999999999991030 452254 2999999999999999
 39 65100135162174170150121 90 65 55 60 81111142165175167143107 69 37 19191028QK 51517517 4175999999999999991110 542330 1699999999999999
 19 37 68106142166176168146118 90 71 67 78101130156172172156125 86 49 21191029QK 6 21761731175999999999999991147 66999999999999999999999
 10 17 41 75113146166171161140114 92 81 82 97121146165172163140105 68 35191030QK 649172175817299999999999999 0 7 101222 8099999999999999
 14 10 23 50 84119146162163152133112 97 92 99115136155166165149122 88 55191031QK 736164182416799999999999999 044 101256 9299999999999999
 29 16 18 34 61 92121143154153142127113104104113128144156160152133106 761911 1QK 824155185016099999999999999 122 15132910399999999999999
 49 31 24 30 47 71 97121137145143135124115112114122134145151149138119 951911 2QK 918145191715199999999999999 2 2 2414 611299999999999999
 71 51 39 36 43 59 791001181311371361311251201181201261331381401351251091911 3QK1023137194714099999999999999 246 36145711899999999999999
 91 73 59 50 49 55 67 831001151261321341321271231211201221251271271231151911 4QK1152134202712799999999999999 340 49164012099999999999999
105 92 80 69 61 59 63 71 84 981121241321351351301251191141121121141151151911 5QK1318136223111599999999999999 453 59192911299999999999999
112107 99 89 78 70 66 66 72 84 98113127136140138131121111103 98 981021081911 6QK14 9140999999999999999999999 623 652029 9899999999999999
113116114108 98 86 75 68 67 72 84101118133143145139127111 97 87 83 86 951911 7QK 111116144414599999999999999 739 6621 1 8399999999999999
107117124124117104 89 75 67 66 74 89108128143150147134116 96 79 69 69 791911 8QK 230125151215099999999999999 836 652129 6899999999999999
 94112127134133123107 88 73 65 67 79 98120140152153143123 99 75 59 54 601911 9QK 322135153715499999999999999 919 652156 5499999999999999
 77100122138145140125105 85 70 66 72 89111134152158152133106 77 53 41 43191110QK 4 414516 115899999999999999 956 662223 4099999999999999
 58 83111135150152143124101 81 70 70 82103127148160159143116 84 54 34 28191111QK 4421531624161999999999999991029 682251 2899999999999999
 38 62 93124147159156141119 96 79 72 78 96119143159163152128 95 60 33 19191112QK 51815916471649999999999999911 1 722320 1899999999999999
 22 41 71106136157163155136113 92 79 79 91112135155165160140109 73 40 18191113QK 5551631711165999999999999991131 772350 1199999999999999
 12 23 49 83118146161162150129107 91 84 90106127148162163150124 89 53 25191114QK 63316417361649999999999999912 3 84999999999999999999999
 10 11 30 60 95128151161157143123105 93 92102120139155162156136106 72 39191115QK 71316118 316299999999999999 023  81235 9199999999999999
 17  9 17 40 71104133151157150136119105 99102114130146156156145122 92 60191116QK 756157183115899999999999999 059  913 9 9999999999999999
 33 17 15 27 50 79109133147150144131118109107111122135146151146132110 82191117QK 84615119 315199999999999999 140 14135010699999999999999
 55 34 23 24 36 58 84110130142144139130121114113117124133140141135122103191118QK 947144194314199999999999999 226 22144511399999999999999
 80 59 42 33 34 45 63 86108126137141138132124118115115119124128129126116191119QK11 3141204712999999999999999 324 32162011599999999999999
102 85 68 53 44 43 51 65 85105123135141140135126117110107106110114119120191120QK1223141225212099999999999999 437 42183110699999999999999
117109 96 80 65 54 50 54 66 84105124138145144137125111 98 90 88 92101111191121QK1326146999999999999999999999 6 1 501949 8899999999999999
120123120109 94 77 63 55 57 68 86108129144151148135117 97 80 69 68 76 91191122QK 1 3123141115199999999999999 720 552038 6799999999999999
109124133133123106 86 69 60 61 72 93116138153156148129103 77 57 47 49 63191123QK 228135144815699999999999999 825 592119 4699999999999999
 86111133145146134115 92 74 64 66 80103128149161158143116 84 55 34 27 35191124QK 332147152116199999999999999 919 632158 2799999999999999
 57 87118142156155141119 96 78 70 75 92117141160165156132 99 63 33 15 13191125QK 42715715531659999999999999910 6 702236 1199999999999999
 28 57 92126151163160144120 97 81 77 86106131153166165148117 79 43 15  2191126QK 5161641625168999999999999991049 772313  199999999999999
  7 29 62100134157166159141119 98 86 87 99121144162168159135100 61 26  4191127QK 6 31661655168999999999999991128 852350 -399999999999999
 -2  9 36 72110141160164155136115 99 92 97112133153165164148119 83 46 16191128QK 64816417261669999999999999912 5 92999999999999999999999
  1  1 19 48 84118144158158147129112100 98107123142156162154134103 68 36191129QK 731160175716299999999999999 027 -11241 9899999999999999
 14  5 12 32 62 95124145153150138123109103105115130145154154142119 90 59191130QK 813154182815599999999999999 1 4  5131710299999999999999
 33 18 15 26 48 76104128142147142131118109106110119132142147142128106 801912 1QK 85614719 114799999999999999 141 14135610699999999999999
 55 36 27 29 41 62 87110128139141135126116109108112119128135136129115 961912 2QK 942141193813699999999999999 219 26144610799999999999999
 75 57 44 39 43 56 74 941141281351361311231151091071091141201241231171061912 3QK1035136202512499999999999999 3 2 39155710799999999999999
 92 77 63 54 51 56 67 82 991151271331341301221141071031021051081121121091912 4QK1137134214311299999999999999 352 51174210299999999999999
103 93 82 72 65 63 66 75 88103117128134135130121111101 94 91 92 961011051912 5QK1238135999999999999999999999 456 631915 9199999999999999
107105 99 91 82 75 71 73 80 92106120131137137130118104 90 80 76 78 85 941912 6QK 0 1107132813899999999999999 613 712010 7699999999999999
103110112109101 91 82 77 77 84 95110125136141138127110 91 74 63 60 66 781912 7QK 15211214 714199999999999999 727 762049 6099999999999999
 93108119122119109 97 86 80 80 88101118133143145137119 96 73 54 45 46 581912 8QK 3 0122144014699999999999999 828 792122 4499999999999999
 77 99118130133127115100 87 81 83 93109128143150146131106 78 52 34 29 371912 9QK 350133151115099999999999999 917 812154 2999999999999999
 56 82109130142142133117100 87 83 88101120139151153142119 89 57 31 17 18191210QK 432143154015499999999999999 959 832226 1599999999999999
 33 60 92121142151148134116 98 87 86 95112132150158153134104 69 36 12  4191211QK 51215216 9158999999999999991037 852259  499999999999999
 13 36 69104134152157149132112 96 88 91104124144158160148122 87 49 18 -1191212QK 5511571640161999999999999991114 882335 -499999999999999
 -2 14 44 81116144158159147128108 95 91 98115135153161157139108 70 33  6191213QK 6311601712162999999999999991150 91999999999999999999999
 -7 -1 21 54 92126150160156142123105 95 96107124143157160150127 94 56 23191214QK 712160174716199999999999999 012 -71227 9499999999999999
  1 -5  5 31 66102132152157151135118104 97101113130146156155141115 82 48191215QK 756157182515799999999999999 052 -613 8 9799999999999999
 20  3  2 16 43 76109135150152144130114103100105117131144150146130106 75191216QK 84115319 815099999999999999 134  0135410099999999999999
 46 23 11 14 29 55 85114136147147138125112103100105114126136140135121100191217QK 931148195914099999999999999 221 11145110099999999999999
 74 50 32 24 28 43 66 92117135143142134122110101 97 99106115124127125115191218QK102314421 712799999999999999 312 2416 6 9799999999999999
 99 79 60 46 40 43 56 76 98119134141140132119106 95 89 88 93101109116117191219QK1120142224811799999999999999 410 391738 8899999999999999
113103 89 74 61 55 57 67 84103122135141139130116100 86 76 72 75 84 95107191220QK1216142999999999999999999999 517 5519 1 7299999999999999
114116112101 89 77 69 69 77 91108125138143140129111 91 72 58 53 57 68 85191221QK 04811613 914499999999999999 632 6820 5 5399999999999999
102116124123115102 89 80 78 84 97114131143147141126103 77 55 39 34 41 57191222QK 225124135614799999999999999 746 782056 3499999999999999
 79103122133134126113 98 88 84 90103121138149150140119 91 62 36 21 18 29191223QK 336135143915199999999999999 852 842141 1899999999999999
 52 80108131143144134119103 92 89 95110129145154152137110 77 45 19  6  8191224QK 433145151915599999999999999 948 882223  599999999999999
 25 53 86117140152150138120103 93 92101118137152158150129 98 62 29  6 -3191225QK 5211521557158999999999999991035 9123 2 -399999999999999
  5 28 61 96127149156151136117101 93 95107126145158158145119 84 47 16 -2191226QK 6 31561634160999999999999991117 922339 -699999999999999
 -5  9 37 73108137154156147129111 97 93 99115134151159155136106 70 35  8191227QK 6421571710159999999999999991154 93999999999999999999999
 -4  0 20 51 87120144155152139121104 94 94104122140154157147124 92 57 26191228QK 718155174615799999999999999 015 -41229 9399999999999999
  6  1 12 36 68101129147152145129112 98 92 96109127143152150136110 79 47191229QK 752152182115399999999999999 049  113 4 9299999999999999
 23 10 12 27 53 84114136147146135119104 94 92 99113129142146140123 97 68191230QK 825148185714699999999999999 123  91340 9199999999999999
 42 24 19 26 44 70 97122138143139127112 99 93 94102115127136136127110 86191231QK 9 1143193313799999999999999 157 191421 9299999999999999
