 89 97100 98 92 85 80 79 83 91102113121125122113 98 79 61 46 38 38 45 5919 1 1QP 2 410013 512599999999999999 645 792033 3799999999999999
 75 90102108108102 94 88 86 88 96107118126129124111 92 70 49 33 25 27 3819 1 2QP 324109135312999999999999999 8 0 862118 2499999999999999
 56 78 97111118116109 99 92 88 91 99111123131132124107 84 58 35 20 14 2119 1 3QP 417118143813399999999999999 9 4 882157 1499999999999999
 38 61 86108121126121111100 91 89 93103117129136134122100 73 45 22  9  919 1 4QP 458126151813699999999999999 954 892233  799999999999999
 21 43 71 98118130130122109 97 89 88 95108123135139133116 90 60 32 12  319 1 5QP 5331311555139999999999999991035 8723 6  399999999999999
  9 27 54 84110127134130118104 92 86 89100115131140140129107 77 47 21  519 1 6QP 6 613416301419999999999999911 9 862338  299999999999999
  3 15 39 68 97120133134126111 96 86 84 92106123136142137120 94 64 35 1319 1 7QP 63613517 3142999999999999991141 84999999999999999999999
  4  9 26 53 83110127134130118102 89 82 85 96112128139140130109 81 51 2619 1 8QP 7 6134173614199999999999999 010  31212 8299999999999999
 10  8 19 41 69 97119131132123108 93 83 81 87101117131138134119 96 68 4219 1 9QP 73413318 913899999999999999 040  71244 8099999999999999
 22 13 18 34 58 85109125130126114 99 86 79 81 90105119130132124107 84 5919 110QP 8 3130184313299999999999999 110 131319 7999999999999999
 37 24 22 31 50 74 98116127127119106 92 81 78 82 92105117124122112 95 7419 111QP 833128192012499999999999999 140 211358 7899999999999999
 53 38 31 34 47 66 88107121126122112 99 87 78 77 81 91102111115111101 8619 112QP 9 512620 411599999999999999 211 311446 7699999999999999
 69 54 44 42 48 62 80 98113122123117107 94 83 76 74 78 86 94101104102 9419 113QP 93912421 110499999999999999 244 421547 7499999999999999
 82 70 60 54 55 63 75 90105116121120113102 90 79 71 68 70 76 84 91 95 9519 114QP10191222233 9699999999999999 322 5417 6 6899999999999999
 91 85 77 70 67 69 75 85 97109117120118111100 87 74 64 59 59 64 72 81 8919 115QP11 7120999999999999999999999 413 671829 5899999999999999
 94 95 93 88 83 80 80 84 92101111118121118110 98 82 66 53 45 44 49 60 7419 116QP 047 9512 512199999999999999 529 791939 4399999999999999
 87 98104104101 95 90 87 89 95103113120124121111 95 75 55 38 28 27 35 5119 117QP 23710513 612499999999999999 7 7 872035 2699999999999999
 71 91106115117112104 96 91 91 96105116125129125112 92 66 41 21 10 11 2419 118QP 34411714 312999999999999999 832 902124  999999999999999
 46 72 98117127128121109 98 91 90 96108121132136130113 87 56 26  4 -6 -119 119QP 434129145513699999999999999 936 902211 -699999999999999
 17 46 78107128137135124109 95 88 88 97112128140143133111 80 44 12-10-1719 120QP 5171371544143999999999999991027 872256-1799999999999999
 -8 17 51 86117136142136121104 89 83 86 99117135147147134107 72 34  2-1819 121QP 5581421632149999999999999991110 832339-2299999999999999
-21 -6 23 60 96125141143132114 95 82 78 85101121140150147130101 64 26 -319 122QP 6381441719151999999999999991152 78999999999999999999999
-19-16  3 35 73107131142138124104 85 74 73 84102123140148142123 93 57 2319 123QP 71514218 614899999999999999 022-201233 7299999999999999
 -2-11 -3 19 52 87116134139130113 92 76 67 70 83102121136141133113 84 5319 124QP 750139185314199999999999999 1 3-111315 6799999999999999
 25  7  4 16 40 70100123134132120101 82 68 63 67 80 98115126129120102 7819 125QP 823135194312999999999999999 142  414 1 6399999999999999
 52 32 22 25 39 62 88111126131124110 91 74 63 59 65 76 91105113115107 9319 126QP 854131203811599999999999999 219 221452 5999999999999999
 75 57 45 41 47 62 81102118126126116101 84 69 60 57 61 70 81 92 99101 9719 127QP 925127214910199999999999999 253 411555 5799999999999999
 88 77 67 61 61 68 81 96110121124120110 96 81 67 58 54 55 61 70 79 86 9119 128QP 9591242341 9299999999999999 328 601716 5499999999999999
 91 89 84 79 77 79 84 94104114120121116107 94 80 66 56 49 47 51 58 68 7819 129QP1041121999999999999999999999 4 8 771848 4799999999999999
 86 92 94 94 92 91 91 94100107113118119115107 95 80 65 51 42 38 41 49 6119 130QP 218 95114311999999999999999 519 9120 6 3899999999999999
 75 88 98104105103100 97 98100105111117119117109 96 79 60 44 33 28 32 4419 131QP 34610513 411999999999999999 728 9721 2 2899999999999999
 60 79 96108114114109103 98 96 97103111118122120111 95 75 53 35 23 20 2819 2 1QP 426115141312299999999999999 9 2 962145 2099999999999999
 44 65 88107119122118110100 93 91 94102113123127124111 91 67 43 24 14 1519 2 2QP 45712215 612799999999999999 955 912222 1399999999999999
 28 50 76100118127126118105 93 86 86 93105119129132125108 84 56 31 14  819 2 3QP 5241281549132999999999999991032 852255  899999999999999
 16 35 62 89113127131124111 96 84 79 84 95111127135135123101 73 44 20  819 2 4QP 55013116261369999999999999911 2 792326  699999999999999
  8 23 47 77104124132130118101 85 75 75 85101119134139133116 90 59 32 1319 2 5QP 61513317 0139999999999999991131 742355  799999999999999
  7 15 36 64 93117131132123107 88 74 69 74 89108126138138127105 76 47 2319 2 6QP 6391331734140999999999999991159 69999999999999999999999
 11 12 28 53 82108126133128113 94 76 66 66 76 94114131138133117 92 63 3719 2 7QP 7 213318 713899999999999999 023 101229 6499999999999999
 20 15 24 45 72 99120131130119100 81 66 60 66 80100118130133123104 79 5319 2 8QP 726132184113399999999999999 050 1513 0 6099999999999999
 33 23 26 41 64 90113127131123108 88 70 59 58 68 84102118126124112 92 6919 2 9QP 749131191812699999999999999 116 231334 5899999999999999
 48 35 33 42 60 82105122129126114 96 77 62 56 58 69 85101114118113101 8319 210QP 812129195911899999999999999 142 321413 5599999999999999
 64 50 44 47 59 77 98115125126118104 86 69 58 54 58 69 83 97106108103 9319 211QP 837127205010899999999999999 210 441458 5499999999999999
 79 67 58 57 64 76 92108119124120110 95 79 64 55 52 56 65 76 88 96 99 9719 212QP 9 512422 2 9999999999999999 240 571556 5299999999999999
 90 82 75 71 72 79 89101112119120115104 90 75 62 52 48 49 56 66 77 86 9219 213QP 939120999999999999999999999 315 711715 4899999999999999
 95 93 90 87 85 86 90 97105112116116111102 90 75 60 48 40 39 43 53 65 7819 214QP 0 9 95103011799999999999999 412 851846 3999999999999999
 90 98102103101 98 96 97 99104109114115113105 93 76 58 41 29 25 28 39 5619 215QP 239103115711599999999999999 619 9620 5 2499999999999999
 75 92106114115112106100 96 96100106114119119112 98 78 54 32 16  9 13 2819 216QP 346115133312099999999999999 830 9621 7  999999999999999
 50 76 99117125125118107 97 90 89 95105117126128120103 77 48 21  2 -5  319 217QP 428126144412899999999999999 937 892158 -599999999999999
 23 52 83110128134130117102 88 80 82 91107124135138128105 74 40 10 -9-1319 218QP 5 51341542138999999999999991023 802244-1499999999999999
 -1 25 59 93121136138128110 90 75 69 74 90111131144144131104 69 32  2-1419 219QP 53913916331469999999999999911 2 692327-1699999999999999
-14  5 36 72106131141136120 97 75 61 59 70 90115136148146129 99 62 26  019 220QP 6111411722149999999999999991140 58999999999999999999999
-11 -4 19 53 89119137140128106 81 60 49 52 67 91117138147142122 91 56 2419 221QP 64114118 914799999999999999 0 6-111218 4999999999999999
  5  1 14 40 73105129139133116 90 65 47 41 49 67 92117134140132111 83 5219 222QP 7 9139185514099999999999999 043  01257 4199999999999999
 29 17 20 37 64 94119134135123101 75 53 39 38 48 68 91112126128119100 7619 223QP 735136194312999999999999999 117 161337 3799999999999999
 54 39 35 43 62 87110127133127111 87 64 46 37 38 50 68 87104114114106 9119 224QP 8 0133203311599999999999999 148 351420 3699999999999999
 74 60 53 55 67 84104120129128117 99 78 58 44 38 41 51 66 81 94101101 9619 225QP 823130213410299999999999999 215 5315 9 3899999999999999
 87 77 70 70 75 86100114123125120107 91 73 57 46 42 44 51 62 73 83 89 9219 226QP 8481252312 9299999999999999 239 691611 4299999999999999
 91 88 85 83 85 90 98108115119118112101 87 73 60 51 45 44 48 56 65 74 8219 227QP 917119999999999999999999999 3 0 831738 4499999999999999
 89 93 94 95 95 96 99103108111113111107 99 89 77 65 54 46 42 43 48 57 6919 228QP10 31139999999999999999999991919 42999999999999999999999
 81 92 99104105103102100101102104106107106102 93 82 68 54 43 36 36 42 5419 3 1QP 35110512 410799999999999999 7281002033 3599999999999999
 69 85100109113111106100 96 93 94 98104109110107 99 84 67 50 36 28 29 3919 3 2QP 411113135711099999999999999 913 932123 2899999999999999
 55 75 95110118119113103 93 86 84 88 96106114117113101 83 62 41 27 21 2619 3 3QP 434120145911799999999999999 952 8422 2 2199999999999999
 41 63 86107120124120108 94 82 76 77 86 99112122124117100 77 52 31 19 1819 3 4QP 4561251544125999999999999991021 752235 1799999999999999
 29 49 75100119128126114 98 81 70 67 74 88106121130128116 94 67 41 22 1519 3 5QP 5191281621131999999999999991047 6723 5 1499999999999999
 20 38 63 91114128130120103 83 67 59 62 75 95115130135128110 84 55 31 1719 3 6QP 5401301656135999999999999991114 582333 1599999999999999
 16 29 53 81107125132126110 88 67 53 51 61 80103124136135123100 72 44 2519 3 7QP 6 11321730137999999999999991141 502359 1899999999999999
 18 25 45 71 99121132130117 95 71 52 44 48 64 88111129137131113 88 60 3719 3 8QP 62213318 41379999999999999912 9 43999999999999999999999
 25 26 40 64 91115130133123103 78 55 40 39 50 70 95117131133122102 77 5319 3 9QP 642134183913499999999999999 025 241238 3899999999999999
 36 32 40 59 84108126133127110 86 62 42 34 38 54 76100119128125112 91 6919 310QP 7 3133191612999999999999999 050 321310 3499999999999999
 51 42 45 58 79102120131129117 96 71 49 35 32 41 59 81102116121116102 8419 311QP 723131195712199999999999999 116 421344 3299999999999999
 67 56 54 61 77 96114126128121104 82 60 42 33 34 44 62 82 99110112106 9519 312QP 745129204611299999999999999 142 531424 3299999999999999
 82 71 66 68 78 92107119125122110 93 72 53 40 33 36 46 61 77 9210110310019 313QP 8 9125215410399999999999999 210 661513 3399999999999999
 93 85 80 79 83 91102112119119113102 86 69 53 41 35 36 43 55 69 81 91 9719 314QP 8371202355 9899999999999999 242 791623 3599999999999999
 98 97 94 92 92 94 99105110113113107 98 86 71 57 44 36 33 36 44 57 71 8419 315QP 918114999999999999999999999 333 921759 3399999999999999
 95102105105103101 99100101104106107106101 92 79 63 47 33 26 25 32 46 6319 316QP 23210511 210799999999999999 627 991935 2499999999999999
 82 98110115115110103 97 93 92 95100106110110102 88 68 47 28 16 13 21 3819 317QP 327116132211199999999999999 842 922045 1399999999999999
 61 85106120125121111 98 87 80 80 86 98110119121113 96 71 44 21  6  4 1519 318QP 4 2125144312299999999999999 932 792139  399999999999999
 38 66 95117130130120104 85 71 64 68 80 99117130133122100 71 40 14  0  119 319QP 4331311542133999999999999991010 642225 -199999999999999
 18 45 78108128136130113 90 68 53 49 58 78103125139140127100 67 35 11  119 320QP 5 31361634142999999999999991046 4923 6  199999999999999
  7 29 61 94121136137123 98 71 48 36 38 54 79108132144142125 96 63 32 1319 321QP 5311381722145999999999999991122 352343  999999999999999
  9 22 48 80111132139131109 80 52 31 24 32 53 82112134143138118 90 59 3419 322QP 55713918 8144999999999999991158 24999999999999999999999
 22 25 43 71101125138136120 93 62 35 19 18 32 56 86113132137129109 83 5819 323QP 622139185413799999999999999 017 211234 1799999999999999
 41 37 46 67 93118134138127105 76 46 24 15 19 36 61 88112125127118100 7919 324QP 646138193912899999999999999 048 371311 1499999999999999
 61 53 55 68 89110128135131115 90 62 37 21 17 25 42 66 89107116116107 9319 325QP 7 8136202711799999999999999 116 521350 1799999999999999
 78 69 67 74 88105121130130120101 77 53 34 24 24 33 49 68 86100106105 9919 326QP 730132212310699999999999999 142 671431 2399999999999999
 90 82 79 81 89101113123126121108 90 70 52 38 32 33 41 53 68 82 92 97 9819 327QP 7531262244 9999999999999999 2 7 791521 3199999999999999
 96 92 89 89 93 99107114118117110 99 84 69 56 45 40 40 46 54 65 76 86 9219 328QP 818118999999999999999999999 233 891628 4099999999999999
 97 98 98 98 98 99102105108109107102 94 84 73 63 53 47 45 46 52 61 72 8319 329QP 123 98 85010999999999999999 327 9718 5 4599999999999999
 92100104105104102 99 98 98 98 99 99 98 95 89 80 70 59 50 44 43 48 57 7019 330QP 2551051047 9999999999999999 745 981939 4399999999999999
 84 97107112111107100 94 89 87 89 92 97101101 97 87 75 60 48 40 39 44 5719 331QP 324112133510199999999999999 9 2 872042 3899999999999999
 73 91106116118113104 92 83 77 77 82 91100107109104 92 75 57 43 34 35 4419 4 1QP 349118144510999999999999999 932 762127 3399999999999999
 61 82102116123120109 94 79 69 65 69 80 95108117117108 92 71 51 36 30 3519 4 2QP 412123153211899999999999999 958 6522 3 3099999999999999
 50 71 95114125126116 99 80 63 54 55 66 84103118125122108 87 64 43 31 3019 4 3QP 4341271611126999999999999991024 532234 2999999999999999
 41 61 86109125130123106 83 62 47 43 51 69 92113128131123104 80 55 37 3019 4 4QP 4551301648132999999999999991050 4223 3 3099999999999999
 36 53 78103123133129114 90 64 43 33 36 51 75102123134133119 97 71 49 3619 4 5QP 5151331723135999999999999991117 322330 3499999999999999
 36 48 70 96119133134122 99 71 45 28 24 34 57 85111130137130112 88 64 4619 4 6QP 5361351759137999999999999991145 232358 4099999999999999
 40 47 65 89113130136128109 81 52 29 17 21 38 65 94119133135123103 80 6019 4 7QP 5561361836136999999999999991215 17999999999999999999999
 49 50 63 83106126135133117 92 62 35 18 13 24 45 73101122131128115 95 7619 4 8QP 618136191513299999999999999 025 481247 1399999999999999
 62 58 64 80100119132134123103 75 47 25 13 15 29 53 80104120126120107 9119 4 9QP 640134195912699999999999999 053 581322 1299999999999999
 76 69 70 80 95112126131126111 88 62 38 21 15 20 36 58 8210211411811310219 410QP 7 3131205111899999999999999 122 6814 2 1599999999999999
 90 82 79 83 93106118125125116100 78 55 36 23 20 26 40 59 79 9610611010719 411QP 72912622 111099999999999999 154 791451 2099999999999999
101 94 90 90 94101110117120116107 92 74 56 40 29 26 30 41 56 73 88 9910519 412QP 759120235210699999999999999 234 891557 2699999999999999
106105101 99 98 99102106110111108101 90 77 62 48 37 30 31 37 50 65 81 9419 413QP 846111999999999999999999999 355 981728 3099999999999999
104110111109105100 97 96 97 99101102101 96 86 72 57 43 32 28 32 43 59 7719 414QP 14711111 110299999999999999 7 5 9619 2 2899999999999999
 95109117118114105 95 87 83 83 87 94102106106 98 84 65 46 31 24 26 38 5819 415QP 242118132310799999999999999 830 822016 2499999999999999
 80101117125123113 98 83 71 65 68 77 91106116118110 93 70 47 29 21 25 4019 416QP 318125144211899999999999999 912 652112 2199999999999999
 63 89112127130123106 85 65 51 48 55 72 93113126129119 98 72 47 28 22 2919 417QP 349131154112999999999999999 949 472158 2299999999999999
 49 75103124135132116 92 66 44 32 33 47 71 98121135136123 99 71 46 31 2919 418QP 4171351632137999999999999991025 312239 2899999999999999
 41 64 92118135138127104 74 45 24 16 24 45 74104128140138122 97 70 48 3819 419QP 44413917201419999999999999911 1 162315 3799999999999999
 41 58 83110131141136117 88 55 26 10  8 22 48 80110132140135117 93 69 5319 420QP 51014118 6141999999999999991136  72349 4999999999999999
 49 58 77102125139141128102 70 37 13  2  7 26 55 87114132136128111 89 7119 421QP 5351421851137999999999999991212  2999999999999999999999
 61 63 76 96118135141134115 86 54 25  7  3 13 35 63 92115128129120104 8719 422QP 6 0141193513099999999999999 021 601248  299999999999999
 75 71 78 92111128137136124101 72 43 20  8 10 23 45 72 96114122121112 9919 423QP 625138202112399999999999999 050 711324  799999999999999
 87 81 82 91105120131134127111 87 61 38 22 16 21 35 55 78 9711011511310619 424QP 650134211211699999999999999 120 8014 2 1699999999999999
 97 90 88 92100111121127125115 99 78 57 39 29 26 33 46 63 81 9610511010819 425QP 717127221511099999999999999 152 881445 2699999999999999
104 99 95 95 98104111117118114104 90 74 58 46 38 37 43 53 67 81 9310210619 426QP 746118234510799999999999999 235 941539 3799999999999999
107105102 99 98100102106108108104 97 87 75 64 54 48 46 49 57 67 79 9110019 427QP 825108999999999999999999999 357 981652 4699999999999999
107110109106102 98 96 95 96 98 98 98 95 89 81 72 62 55 51 51 57 67 79 9219 428QP 11811010 5 9899999999999999 648 951822 5099999999999999
103111114113108100 92 87 84 85 88 92 96 98 95 89 79 68 58 52 51 56 67 8119 429QP 2121151255 9899999999999999 817 841939 5199999999999999
 96109118120115105 93 81 74 71 75 82 92100105104 96 84 70 58 51 50 57 7019 430QP 247120141910599999999999999 854 712035 4999999999999999
 87105118124122112 97 80 66 59 60 68 82 96109114112102 86 69 56 49 51 6119 5 1QP 315125151311499999999999999 924 582118 4899999999999999
 78 98116127128120103 82 63 49 45 51 66 86105119123118104 85 66 53 49 5519 5 2QP 340129155612399999999999999 953 452155 4999999999999999
 70 91111127133128112 89 64 43 33 35 48 70 95116129130120102 81 63 53 5319 5 3QP 4 31331636131999999999999991021 322228 5199999999999999
 64 83105125135135121 98 70 43 25 20 30 51 78106127136133119 98 77 61 5619 5 4QP 4261371714137999999999999991051 2023 0 5699999999999999
 61 77 99120135139130109 80 49 24 11 14 30 58 89116134140132115 93 74 6319 5 5QP 4491391754140999999999999991122 102331 6199999999999999
 63 73 92114132141137120 93 61 31 10  4 13 36 67 98124138139128110 90 7419 5 6QP 5131411834140999999999999991154  4999999999999999999999
 68 73 87107126139141130107 76 44 18  3  3 18 44 76105127137134122105 8819 5 7QP 539141191713799999999999999 0 3 681230  199999999999999
 78 77 85101118133140135119 93 62 33 11  2  7 25 52 8210812613212811610219 5 8QP 6 614020 513299999999999999 036 7613 8  299999999999999
 90 84 87 96111125134135126107 81 53 28 12  7 15 33 59 8510712112612211319 5 9QP 63613621 012699999999999999 112 841352  799999999999999
102 94 91 95104115125130127116 97 74 50 30 17 15 23 40 62 8510411612011819 510QP 71013022 712099999999999999 154 911443 1599999999999999
111104 98 97100106113119121117107 92 73 54 37 27 24 31 44 63 82 9911111719 511QP 753121233011899999999999999 252 971547 2499999999999999
117113107102 98 98101105109110109103 92 78 62 48 37 33 36 47 62 80 9711019 512QP 9 5110999999999999999999999 437 9817 4 3399999999999999
117119116109101 94 90 89 91 96101104103 98 87 73 59 46 39 40 48 63 81 9819 513QP 049119112210499999999999999 645 891826 3999999999999999
113121123118108 95 84 76 73 76 84 94103108107 99 85 68 54 44 43 51 66 8519 514QP 143123132010899999999999999 757 731938 4299999999999999
104120128127117102 84 68 57 55 62 75 91106116117109 94 76 59 48 47 56 7319 515QP 224128143811899999999999999 845 552037 4799999999999999
 94114128133127112 90 67 48 38 39 51 70 93113125127118101 80 63 53 54 6519 516QP 257133153912799999999999999 926 372126 5299999999999999
 84106126137136124102 74 48 29 22 28 45 71 98121133133122104 83 66 59 6319 517QP 32813816311359999999999999910 4 2222 9 5999999999999999
 77 98120136142135116 88 57 30 13 11 22 46 76106128139136123103 84 70 6719 518QP 3581421719139999999999999991041 102248 6799999999999999
 75 91113132143143129104 72 40 15  3  7 24 53 85113133140135121101 85 7519 519QP 42714518 4140999999999999991117  32324 7499999999999999
 76 87106125141146139119 89 56 26  6  1 10 32 62 94120135139131116 99 8619 520QP 4561461847139999999999999991153  02359 8199999999999999
 81 86100118134144143130106 75 44 18  4  5 19 44 74102124135134125110 9619 521QP 5251451929136999999999999991228  3999999999999999999999
 88 88 96110126138143136118 93 63 36 16  9 14 32 57 8410812513112811810619 522QP 554143201013199999999999999 032 8713 4  999999999999999
 95 91 94103117130137136126106 81 55 33 20 18 27 45 69 9211212312712211319 523QP 625138205312799999999999999 1 6 911341 1799999999999999
103 96 94 99108119128131127115 96 74 52 36 28 29 40 57 78 9811312112211819 524QP 658131214112399999999999999 145 941421 2799999999999999
110102 97 97101109117122123117105 89 71 54 43 38 41 52 67 8410011211911919 525QP 735123223812099999999999999 234 9715 5 3899999999999999
116109103 99 98100105110113113108 98 86 72 60 51 48 51 60 73 8810211211819 526QP 823114234311999999999999999 345 981559 4899999999999999
119116110103 98 95 95 97101103104102 96 87 77 67 60 57 59 66 78 9110411419 527QP 946104999999999999999999999 530 9417 6 5799999999999999
120121117110101 93 87 85 86 90 95 99101 99 93 85 75 68 63 64 70 81 9410719 528QP 044121115910199999999999999 7 6 851821 6399999999999999
118124124118108 95 83 75 72 74 81 90 99104105101 93 82 73 67 67 74 85 9919 529QP 132124134110699999999999999 8 3 721928 6799999999999999
113124129126116101 84 69 60 58 64 76 90103112114109 99 87 76 70 70 78 9119 530QP 2 9129144711499999999999999 843 582024 6999999999999999
107122131133125109 89 68 52 44 46 57 75 95112122124117104 89 77 72 74 8419 531QP 240133153812499999999999999 917 432111 7199999999999999
100117131137134120 98 73 49 33 29 37 55 80104123132131121105 89 78 74 8019 6 1QP 310138162313399999999999999 951 292153 7499999999999999
 93111128140141131110 83 54 30 18 19 34 58 88114133140136123105 89 79 7919 6 2QP 33814217 6140999999999999991025 162232 7899999999999999
 88104123138146141124 97 66 35 14  6 14 35 65 97124141144137121103 89 8219 6 3QP 4 814617491459999999999999911 1  62310 8299999999999999
 86 98116134146148137114 83 49 20  3  1 14 40 73106131144145135118101 9019 6 4QP 4391481833146999999999999991138  02348 8799999999999999
 87 93108126141149145129102 69 36 11 -2  1 19 48 8111213414414213111510019 6 5QP 5121491919145999999999999991219 -3999999999999999999999
 92 92101116132144148140120 92 59 29  8  0  7 27 56 8811613414113712611119 6 6QP 54914820 714199999999999999 027 9113 2  099999999999999
100 94 97107120134142142131111 83 54 28 11  7 16 37 64 9311613113613212119 6 7QP 628144205813699999999999999 110 941348  799999999999999
109100 96100108120131136134123103 79 54 32 19 18 27 47 71 9611612813212719 6 8QP 714136215313299999999999999 2 0 961439 1799999999999999
118107 99 96 99105114122126124115 99 79 59 41 31 30 39 56 78 9911612612919 6 9QP 811127225012999999999999999 3 5 961535 3099999999999999
124116106 97 93 93 97104111115115110 99 84 68 53 45 44 51 65 8410211712619 610QP 932116234712899999999999999 431 921637 4399999999999999
128123114103 92 85 82 84 90 98105109109103 92 79 66 58 56 61 74 9010612019 611QP1125110999999999999999999999 6 5 821745 5599999999999999
128129123112 98 84 73 67 69 75 86 98107112110102 90 78 69 66 71 81 9711219 612QP 039130131311299999999999999 719 671854 6699999999999999
125132131123108 89 71 58 51 53 63 78 95109118118112100 88 78 75 79 8910419 613QP 124133143611999999999999999 816 511958 7599999999999999
120132137133120101 78 57 42 36 41 55 75 96115125127120108 94 84 81 86 9719 614QP 2 5137154012799999999999999 9 3 362055 8199999999999999
113128139141133115 91 64 42 27 24 33 52 77102122133134126112 98 88 86 9319 615QP 243141163313599999999999999 945 232145 8699999999999999
106122137145143130107 79 50 28 16 17 31 55 84111130140138127112 99 91 9119 616QP 3201451719140999999999999991025 152228 9099999999999999
100114131144148142124 97 66 38 17 10 16 36 64 94120137143138125110 98 9219 617QP 35514818 11439999999999999911 2 1023 7 9299999999999999
 96107123139148148137114 85 54 28 12 10 22 45 75105128141143135121106 9619 618QP 4301501839143999999999999991138  92344 9499999999999999
 94101114130144150145129103 73 44 22 12 15 32 58 8811413314213912911410219 619QP 5 41501916142999999999999991214 11999999999999999999999
 95 97106121136146147138118 92 63 37 21 17 26 46 7210012213613913412210819 620QP 538148195113999999999999999 018 951248 1699999999999999
 98 95100111125138144141129107 81 56 35 25 26 39 60 8510912713613512711519 621QP 613144202613799999999999999 053 951323 2499999999999999
103 96 96102114127136139133118 97 74 52 38 32 38 53 74 9711612913413012119 622QP 64913921 213499999999999999 131 951358 3299999999999999
110100 95 97104114124131131123108 90 70 54 44 43 51 67 8610512113013112619 623QP 729132214213199999999999999 215 951435 4299999999999999
117106 98 94 96102110118123121114101 86 71 59 53 55 64 78 9511112312912919 624QP 817123222513099999999999999 311 941516 5399999999999999
123114104 96 92 92 97103110113113108 98 87 75 67 64 66 75 8810211512512919 625QP 923114231412999999999999999 423 9116 4 6499999999999999
128121112101 92 86 85 88 94100106108106100 92 83 77 74 76 84 9510711912719 626QP11 1108999999999999999999999 546 8517 4 7499999999999999
130128120109 96 85 77 74 77 84 93101107109106100 92 86 82 84 9010011212219 627QP 0 5130125410999999999999999 659 741814 8299999999999999
130132128118104 88 73 64 61 65 75 88101111116115109101 93 89 89 9510511619 628QP 053132142111699999999999999 754 611926 8899999999999999
127135135129115 96 76 59 48 46 54 69 87105119126125118108 98 92 93 9911019 629QP 137136152312699999999999999 840 462029 9299999999999999
123134140138127109 85 61 42 32 34 46 67 91113129136134124112101 95 9510319 630QP 218140161413699999999999999 922 312124 9499999999999999
116130142146140124100 71 45 25 18 24 42 69 98123139144139127113101 95 9819 7 1QP 25714617 01449999999999999910 3 182212 9599999999999999
108123139149150140119 89 57 29 11  7 19 43 74106131146149141127111100 9619 7 2QP 3371511744150999999999999991045  72256 9699999999999999
101114131146155152137111 78 44 17  2  2 19 47 81114138150150140124108 9819 7 3QP 4181551828152999999999999991128  02338 9699999999999999
 96104120137152158152133103 69 35 10 -1  4 24 55 9012114215114713511810319 7 4QP 5 11581912151999999999999991211 -2999999999999999999999
 95 97107124141154157147126 96 61 30  9  2 11 34 65 9812614314814212811219 7 5QP 546157195514899999999999999 021 951256  299999999999999
 98 93 97108125141151152141119 89 58 31 14 12 23 47 7710612914214413512019 7 6QP 633153203714599999999999999 1 6 931341 1199999999999999
105 94 90 95107122136144143132112 86 59 37 26 26 39 62 8911413214013812819 7 7QP 725145211814199999999999999 155 901426 2499999999999999
113 99 89 87 91102115127133133123106 85 64 48 41 44 57 7710012013313713319 7 8QP 824134215913799999999999999 252 871512 4199999999999999
122108 94 85 82 85 93104115121122116104 89 74 62 58 62 74 9110912413313519 7 9QP 938123224213599999999999999 4 0 8216 2 5899999999999999
129118103 90 79 74 75 82 91102110114113106 96 85 77 75 78 8810211612713419 710QP1116114232913599999999999999 520 741657 7599999999999999
134127115100 85 73 65 64 69 79 90102110113112106 98 91 88 91 9810912113019 711QP13 9113999999999999999999999 640 6418 4 8899999999999999
135134127113 97 79 64 54 52 57 68 83 98111118120116109102 98 9910411412419 712QP 021136144312099999999999999 749 521921 9899999999999999
133138136127112 92 71 54 43 41 48 62 8110011612612812411610810310210711619 713QP 116138154912899999999999999 845 41203410299999999999999
127137141138127109 86 62 43 33 32 42 61 8410712513413612911910910310310919 714QP 2 8141163713699999999999999 932 31213310299999999999999
120132142145140125103 77 52 33 25 28 43 66 9211613414113913011810710110219 715QP 2561451716142999999999999991014 24221910199999999999999
111124138147148140121 95 67 42 25 20 29 49 76104127141145139126112102 9819 716QP 3391491751145999999999999991051 202257 9899999999999999
103114130144151149136114 85 56 33 20 21 35 59 88115136145144134119105 9719 717QP 4181521823146999999999999991127 192331 9699999999999999
 97105120136149153147129104 74 47 27 21 27 47 73102126142146140126110 9819 718QP 45515318531469999999999999912 0 21999999999999999999999
 93 97109126142152152141120 92 63 40 26 26 39 61 8911513514414313211710119 719QP 531153192114599999999999999 0 3 931232 2499999999999999
 92 91 99114131145151146131108 81 56 37 30 36 53 7710312613914313612310719 720QP 6 6151195014399999999999999 035 9013 2 3099999999999999
 94 88 91102118133144146138120 97 73 52 40 39 50 70 9311613314113912911419 721QP 642146201814199999999999999 110 881333 3899999999999999
 99 89 86 92104119132139137127110 89 68 53 48 52 66 8610712513713913312119 722QP 721139204714099999999999999 148 8614 3 4899999999999999
106 93 86 86 92104117127131128117102 84 69 60 59 67 8110011713113713612719 723QP 8 4131211813899999999999999 232 851436 5899999999999999
114101 89 83 84 90100111119122119110 98 85 75 70 72 81 9511012413313613219 724QP 859122215313699999999999999 325 831511 7099999999999999
122109 96 86 80 80 85 94103111114113108 99 91 84 82 85 9310511712713313419 725QP1015114223513499999999999999 432 791556 8299999999999999
128119106 93 82 75 73 76 84 94103109112110106100 96 94 9610211112012813319 726QP12 6112232713399999999999999 548 7317 0 9499999999999999
133127117103 88 75 65 62 65 73 85 9810811511811611110610310310711412212919 727QP14 0118999999999999999999999 7 2 62182810299999999999999
134134128117100 82 65 53 48 52 63 79 9611212312812612111410810610811512319 728QP 030135151512899999999999999 8 4 48195810699999999999999
132138138131117 96 73 53 38 33 39 54 76 9911913313813512711710910510711519 729QP 13213916 813899999999999999 858 3321 810599999999999999
126137145144135116 91 63 39 23 20 29 50 7710512814214614112911610610210619 730QP 229146165314699999999999999 946 1922 110299999999999999
116131144152151138114 84 52 25 10 10 24 50 82113137150151142126111100 9719 731QP 3211531734152999999999999991033  82246 9799999999999999
104119136152160155138110 76 41 15  2  6 25 56 91123145154151137119102 9219 8 1QP 4101601813155999999999999991117  12328 9199999999999999
 93103122142158164157136105 68 34 10  1  9 33 66102131150154146129108 9219 8 2QP 45916418501549999999999999912 1  1999999999999999999999
 85 89103124145160163154131 98 62 31 11  8 21 47 81113138151150137117 9719 8 3QP 547164192515299999999999999 0 9 851243  799999999999999
 83 79 86102124144157158146123 92 60 34 20 22 39 65 9612414314914312610619 8 4QP 636159195914999999999999999 052 781323 1999999999999999
 87 75 74 83100121138149148136115 88 62 43 36 42 60 8511113314414413411619 8 5QP 728150203014699999999999999 136 7314 2 3699999999999999
 95 79 70 71 80 96114129137136126108 87 69 57 55 64 8110212313714213812519 8 6QP 82413821 214299999999999999 226 691440 5599999999999999
107 88 74 67 68 76 90104117124124117105 91 80 74 75 84 9911513013813913119 8 7QP 931125213413999999999999999 323 661518 7499999999999999
118101 85 72 65 65 71 81 93104112114112106 99 93 90 9310011112313213613519 8 8QP11 4114221413699999999999999 433 6416 1 9099999999999999
127115100 84 72 63 61 64 71 82 9310311011311210910610410511011712513113419 8 9QP1315113231013499999999999999 558 6117 710499999999999999
132126115101 85 71 60 55 55 62 73 8710011111812111911511211111311712312919 810QP15 1121999999999999999999999 723 54185611199999999999999
132132127117102 85 68 55 47 47 55 69 8610311812712912612111411111011412019 811QP 031133155612999999999999999 830 46203411099999999999999
128134136131120102 82 62 47 39 41 52 69 9111112713513512912011110610511119 812QP 148136163113699999999999999 921 39213310599999999999999
120131139141135120100 76 54 39 33 38 53 76101122136141137127114104 9910119 813QP 24714117 11419999999999999910 2 332212 9999999999999999
110123136145145136118 93 67 45 31 29 40 61 87113133143143134119105 95 9319 814QP 3341461729144999999999999991038 292245 9399999999999999
 99113129143151147134111 83 56 36 27 31 48 73101125141146140126109 94 8719 815QP 4131511755146999999999999991111 272314 8799999999999999
 90101119137150154146127100 71 46 31 28 39 61 89116136146144132114 96 8419 816QP 4491541819147999999999999991141 282343 8199999999999999
 82 90106126144154152139117 88 61 40 31 36 53 78106129143146137120101 8419 817QP 52415518431469999999999999912 9 31999999999999999999999
 77 80 93112133148153147129104 77 53 39 38 49 70 96121139146141127107 8819 818QP 55815319 614699999999999999 013 761237 3799999999999999
 76 73 81 98118136147148137117 93 69 51 44 50 66 89113133144143133115 9519 819QP 633149192914599999999999999 044 7213 3 4499999999999999
 78 70 72 84102121136143139126106 84 66 55 55 66 8410612614014313712210319 820QP 710143195214499999999999999 118 701329 5499999999999999
 85 72 68 73 87104121132135129116 98 81 68 64 69 8310111913414113912811219 821QP 750135201614199999999999999 155 681357 6499999999999999
 94 78 69 68 75 87103117125126120108 95 83 77 77 85 9811312713613813212019 822QP 839127204313899999999999999 238 671426 7699999999999999
104 87 74 67 67 74 85 98109116118114106 98 91 88 91 9910912113013513312619 823QP 944118211513599999999999999 331 6615 0 8899999999999999
113 99 84 73 66 65 69 78 9010010811211210910510210110310811612312913112919 824QP113011322 113199999999999999 442 64155310199999999999999
122111 98 84 71 62 58 60 68 79 9110311111611711611311111011211612212612919 825QP1354117232112999999999999999 6 9 58174311099999999999999
128123114100 84 68 55 48 48 55 68 8410111512412812712211611211111311812419 826QP1513128999999999999999999999 731 47195311199999999999999
130132129120104 84 63 45 35 34 42 59 8110412213413813412611610810510711419 827QP 1 1132155813899999999999999 837 3321 610499999999999999
125135140138127107 82 55 33 21 21 33 56 84111132144145137123109 98 9510019 828QP 217141163514699999999999999 931 192154 9599999999999999
113128143151148133108 77 46 22 10 13 31 59 92122142151147133114 97 86 8519 829QP 3161511710151999999999999991018  92234 8499999999999999
 95113134151160155136106 71 38 14  5 13 36 69104133150153143123100 82 7319 830QP 4 816017421549999999999999911 1  52313 7399999999999999
 77 92115140158165157134101 65 33 12  9 22 50 85118143154150133109 84 6719 831QP 4581651813154999999999999991142  82352 6299999999999999
 62 71 91118143160164153129 95 60 33 19 21 40 69103131149152141119 92 6919 9 1QP 5461651843153999999999999991221 18999999999999999999999
 55 55 68 91118142157158145120 89 60 39 33 41 62 91119141150146129104 7819 9 2QP 635159191015199999999999999 031 531257 3399999999999999
 57 48 52 68 91116137148147134112 86 65 52 52 64 85110132146147136116 9119 9 3QP 724149193714899999999999999 112 481330 5099999999999999
 67 51 46 53 69 90111128136134122105 87 74 69 73 8710512513914414012510419 9 4QP 81713620 214499999999999999 156 4614 2 6999999999999999
 82 63 51 48 55 69 86104116122121114103 93 86 86 9310511913213913913111619 9 5QP 920123202914099999999999999 245 481431 8599999999999999
 97 79 64 54 53 57 68 81 94105111113110106101 9910110711512413113413112319 9 6QP105111321 113499999999999999 346 5215 3 9999999999999999
111 96 81 68 60 56 58 65 74 85 9610411011211211111011111411812312612712519 9 7QP1329112215112799999999999999 5 9 5616 511099999999999999
119110 99 86 74 63 57 56 59 67 79 9110311311812011911711411311411611912219 9 8QP15 6120234812299999999999999 647 5519 711399999999999999
122120114104 91 77 64 54 51 53 62 76 9210812012612712411711110710610911419 9 9QP1540128999999999999999999999 8 6 51204610699999999999999
120124125120110 94 76 60 49 44 49 61 79 99117129134131123112103 97 9810319 910QP 13912616 613499999999999999 9 0 442128 9799999999999999
113123131132126112 92 71 53 41 39 48 65 87109127137137129116102 91 87 9119 911QP 243132163113899999999999999 942 392159 8799999999999999
102117130139138128110 86 63 44 35 38 52 74100122137141135121104 88 79 8019 912QP 3291401654142999999999999991016 352227 7899999999999999
 90106124139145141126103 77 53 37 34 43 63 89115134143141128108 89 74 7019 913QP 4 71461717144999999999999991047 342254 7099999999999999
 77 93114134147149139119 93 66 45 35 38 54 79106129143144134115 92 73 6319 914QP 4421501738145999999999999991115 352321 6299999999999999
 65 78 99123142151148133109 81 57 41 39 50 71 97122140146139122 99 76 6019 915QP 5161511759146999999999999991141 382349 5599999999999999
 55 64 83108131147151142123 97 72 52 44 49 66 90115136146143129107 82 6119 916QP 54915118191469999999999999912 7 44999999999999999999999
 51 53 68 90115136147146133111 87 66 54 53 65 85109130143145135115 91 6719 917QP 624148183914699999999999999 019 501232 5299999999999999
 51 47 55 74 97120137143137122101 81 66 61 67 82103124139144139123100 7619 918QP 7 114319 014499999999999999 050 471257 6199999999999999
 57 46 48 60 80102122133135127112 95 80 72 73 83 99117133141140129110 8719 919QP 740136192214299999999999999 124 451322 7199999999999999
 66 52 46 51 64 83103118127126118106 94 85 82 87 98112126136138131117 9919 920QP 827128194513899999999999999 2 1 461350 8299999999999999
 79 62 51 48 54 67 83 99112118118113105 98 94 9410010912012913313112310919 921QP 930119201213399999999999999 248 481421 9399999999999999
 93 76 62 53 51 55 64 77 9110211011311210910610510610911512112512712411719 922QP1115113205212799999999999999 353 50151010599999999999999
106 93 79 66 56 50 51 57 68 81 9410511311711811611411211211311611912012019 923QP1350118222412199999999999999 525 50174211299999999999999
117110 99 85 70 56 46 43 46 56 71 8810411712512712411911210710510711111619 924QP1455127999999999999999999999 7 1 4320 710599999999999999
121123119108 92 73 54 39 32 35 47 66 88110126135135128117105 96 93 9610519 925QP 049123153213699999999999999 814 3221 1 9399999999999999
116127133130118 98 73 49 30 22 26 42 67 94119136142138125107 91 80 78 8619 926QP 21413316 314299999999999999 910 222141 7899999999999999
102120136145141126101 71 42 22 16 24 46 75106131145146134114 91 72 62 6519 927QP 315145163314799999999999999 957 162218 6299999999999999
 79102126146154149129100 67 37 20 17 31 57 90121142150144124 98 71 53 4719 928QP 4 715417 2150999999999999991039 162254 4799999999999999
 55 77105133153159151128 96 63 36 23 27 46 75108135150150135109 78 52 3619 929QP 4561591729152999999999999991118 232331 3499999999999999
 36 51 77109137155158147122 91 62 41 35 44 67 96125145152143121 91 60 3619 930QP 5441591756152999999999999991154 35999999999999999999999
 26 31 51 80111137152152138115 88 64 51 52 66 89116138150148132105 74 461910 1QP 631154182115199999999999999 0 9 261227 5099999999999999
 27 23 33 55 83111133143141128108 87 71 66 72 88109130145148139118 90 611910 2QP 720144184614899999999999999 048 221258 6699999999999999
 38 26 26 39 60 85109126133130118103 89 81 82 91106123137144140127105 791910 3QP 811133191014499999999999999 128 241326 8099999999999999
 56 38 31 34 46 65 86104116121119112102 95 93 96105117129137137130115 961910 4QP 910122193513899999999999999 212 311355 9399999999999999
 75 57 44 40 43 53 68 84 981081121131101061031031071131211271301271191071910 5QP103311320 313099999999999999 3 4 40142710399999999999999
 92 76 63 53 49 51 57 68 80 911011081111121111101101111141171191201171121910 6QP1254112204212099999999999999 413 49154311099999999999999
104 93 82 71 62 56 55 58 65 76 87 991081151181171151121091081081091101111910 7QP1423118225711199999999999999 549 55192510899999999999999
110106 99 90 78 67 59 54 55 62 73 87101114121124121115108101 97 97 991041910 8QP1458124999999999999999999999 720 542037 9699999999999999
110113113107 96 83 68 57 51 52 60 74 92109122129128121110 98 89 85 87 941910 9QP 124113152412999999999999999 822 502110 8499999999999999
104114120121113100 82 65 52 46 50 62 80101119131134128114 98 84 74 73 80191010QP 232121154813499999999999999 9 7 462138 7399999999999999
 93109122129127116 98 78 59 47 44 52 70 92114130138134121102 82 67 61 66191011QP 318130161013899999999999999 944 4422 5 6199999999999999
 79 99118132137131115 93 70 52 44 47 61 82107127139140128108 85 64 52 52191012QP 3571371632141999999999999991015 432231 5099999999999999
 63 84108128140141130109 85 63 48 46 55 74 99122139143135116 91 65 47 41191013QP 4331421652143999999999999991044 452258 4199999999999999
 48 67 92118137145141124101 77 58 49 53 69 92116136145141125 99 71 47 34191014QP 5 71451712145999999999999991111 492326 3299999999999999
 35 49 74103128143146136116 92 71 57 56 66 86110131144145132109 80 52 33191015QP 5421461733146999999999999991137 552356 2699999999999999
 26 35 56 84112134144142128107 85 69 62 67 83104125141146138119 91 62 38191016QP 61814517541469999999999999912 3 62999999999999999999999
 25 25 40 64 93119136141134119 99 82 72 72 82 99119136144141127103 75 48191017QP 656141181514499999999999999 026 231230 7099999999999999
 30 23 30 48 73 99121133134126111 95 83 79 84 96113129139140131113 88 62191018QP 737135183814199999999999999 1 0 231258 7999999999999999
 41 28 26 36 55 78101118127126118107 96 89 90 97108121132136132120101 78191019QP 82512819 313699999999999999 138 251328 8999999999999999
 56 40 31 32 42 59 79 98112119119114107100 98100106115123129129123110 93191020QP 930120193213099999999999999 224 3014 5 9899999999999999
 75 57 44 37 37 45 59 75 92104112115114111108106107110114118121120114105191021QP1110115201412199999999999999 325 36151310699999999999999
 93 78 63 51 43 40 45 55 69 84 98109116118117114111107106106108110111110191022QP131111822 811199999999999999 451 40181810699999999999999
106 98 87 73 58 47 40 41 48 62 79 96111121125124118109101 95 93 95100107191023QP1412125999999999999999999999 627 3920 0 9399999999999999
112113109 98 82 64 48 37 35 43 58 78100118129132127115100 86 78 76 81 93191024QP 047113144913299999999999999 743 352045 7699999999999999
106118124121109 90 67 47 34 32 41 60 85109128138136124105 84 67 58 59 70191025QP 212124152113899999999999999 842 312122 5799999999999999
 89110127136132118 94 68 46 33 33 46 69 97122139143134114 88 63 45 38 45191026QP 314136155014399999999999999 930 312159 3899999999999999
 64 90117137145140122 95 68 46 36 41 58 84113135147143126 99 68 41 25 24191027QP 4 61451617147999999999999991012 362236 2299999999999999
 37 63 94124144150142121 94 68 50 45 54 75102128146149138113 81 48 22 11191028QP 4561501645150999999999999991051 452312 1099999999999999
 16 36 66100129147150139117 92 69 57 58 72 94120141151146127 97 62 31 10191029QP 5431511711151999999999999991126 562350  499999999999999
  4 15 40 72105131145145133112 90 74 68 74 90112134148149137113 80 47 20191030QP 63014717381509999999999999912 0 68999999999999999999999
  5  6 22 48 79109130139137124107 90 80 80 89106125141147142125 98 67 38191031QP 71714018 414899999999999999 027  41231 7999999999999999
 17  9 14 32 57 85109126132128117103 92 88 92103117132141141131111 85 581911 1QP 8 5132183114299999999999999 1 5  913 2 8899999999999999
 35 21 18 26 44 66 89108120123120111103 96 96101111122131135131118 99 771911 2QP 857123185913599999999999999 146 181336 9599999999999999
 56 39 30 30 39 54 72 90105114117115110104101102106113120125125119107 921911 3QP10 2117192912599999999999999 230 29142010199999999999999
 75 59 47 41 42 49 61 75 901021101141141111081051051061091121141131081001911 4QP112911420 911499999999999999 324 41154510599999999999999
 90 78 66 57 52 51 56 65 76 891001091141161141111061021001001011031031021911 5QP1258116215410399999999999999 436 51183810099999999999999
 99 93 84 75 66 59 56 59 66 76 89101112119120117111103 95 90 88 89 93 981911 6QP1351120999999999999999999999 6 4 5620 3 8899999999999999
101102 99 92 82 72 63 58 59 66 78 92107118125124117106 93 82 76 75 79 881911 7QP 046102142712599999999999999 721 582041 7499999999999999
 97106109107 99 87 74 63 57 59 68 82 99115126130125113 96 79 66 61 64 731911 8QP 210110145513099999999999999 817 572111 6199999999999999
 88103114118115104 88 73 61 57 61 73 91110126134132121102 80 61 50 48 571911 9QP 3 3118152013499999999999999 9 1 572139 4799999999999999
 73 93112124127119105 87 70 60 58 67 83103123135138129110 85 61 42 35 39191110QP 346127154413899999999999999 938 5822 7 3599999999999999
 56 79103123133132121102 83 67 60 64 77 97118134141137120 94 65 41 26 24191111QP 42413416 6142999999999999991011 602236 2399999999999999
 37 60 88114133139133118 98 79 66 64 73 90112131143142129105 75 45 23 14191112QP 5 11391629144999999999999991041 6423 5 1499999999999999
 20 40 69100125139141131113 93 76 69 72 86105126141146137117 87 55 27 10191113QP 5381421652146999999999999991111 682336  899999999999999
  9 22 48 80110132142139126107 89 77 75 83100119137146143127101 69 38 15191114QP 6161421717146999999999999991141 74999999999999999999999
  5 10 29 58 90117135140134119102 87 80 83 95112130142144135114 86 54 27191115QP 656140174314599999999999999 010  51212 8099999999999999
  9  6 16 38 67 97120133135127113 99 89 87 93106121134141138124101 73 45191116QP 740135181114199999999999999 046  51245 8799999999999999
 22 10 11 24 47 74 99118128128121110 99 93 94101113124133135128112 90 65191117QP 830129184313599999999999999 126  91323 9399999999999999
 42 24 16 20 33 53 77 99114122123117109102 98100105114121126125117103 84191118QP 931123192112699999999999999 213 161414 9899999999999999
 64 45 31 25 28 39 57 77 96110118120116111105102101103108112115114109 99191119QP1048120201911599999999999999 311 25154110199999999999999
 85 69 53 41 35 35 44 58 76 93107117120119113107100 96 94 96 99103105104191120QP1210120222010599999999999999 423 3418 1 9499999999999999
100 91 78 64 51 43 41 47 59 75 93108119124122115104 93 84 79 79 84 91 99191121QP1312124999999999999999999999 546 411929 7999999999999999
105106101 90 76 61 50 45 49 61 78 97114125129124112 96 80 67 60 61 70 83191122QP 041106135512999999999999999 7 3 452021 5999999999999999
 98110115112102 85 68 55 49 53 66 85105123133133123105 82 61 46 40 45 59191123QP 210115143113499999999999999 8 6 4921 3 4099999999999999
 80101118126123111 92 73 59 54 60 74 95116133139134117 92 64 40 25 22 33191124QP 31512615 413999999999999999 9 0 542142 2299999999999999
 54 81107126135131116 96 77 64 61 69 86108129142143131107 76 45 21  8 11191125QP 410135153514499999999999999 946 602220  799999999999999
 27 55 86115134141134118 97 79 69 69 81100122140147142123 93 59 27  5 -2191126QP 45914116 6147999999999999991027 682258 -299999999999999
  6 29 61 94122139142134116 97 81 75 79 94114134147148136111 78 43 14 -3191127QP 54614316361499999999999999911 5 752335 -699999999999999
 -5 10 36 70102127140140129112 95 83 82 90106125141149144126 97 63 31  7191128QP 63014217 7149999999999999991141 81999999999999999999999
 -4  0 19 48 80109129138135123107 93 87 89100116132144145135113 84 52 24191129QP 713138173814699999999999999 012 -41215 8699999999999999
  6  2 11 32 60 89113128133128116103 93 90 95107122134140137123100 72 45191130QP 75513318 914199999999999999 049  21250 9099999999999999
 23 12 13 25 47 72 97116126127121110100 94 94100111123131133126110 89 651912 1QP 837127184213399999999999999 126 111328 9399999999999999
 43 28 22 26 40 60 82102116122121115106 99 95 96102111119123122114 99 811912 2QP 923123191712499999999999999 2 4 221414 9599999999999999
 62 46 36 34 40 53 70 88104115119118112105 99 96 96100106111113111103 921912 3QP101511920 111399999999999999 245 331520 9699999999999999
 78 64 53 46 46 52 63 77 92105114118117112105 99 94 92 94 96100102101 971912 4QP1116118211310299999999999999 334 4517 5 9299999999999999
 89 80 70 62 56 56 61 70 82 95107115119118113105 96 89 84 83 84 88 92 951912 5QP12181192334 9599999999999999 435 561854 8399999999999999
 95 92 86 78 71 65 64 67 75 86 98110118122120113102 89 79 71 69 72 78 861912 6QP1310122999999999999999999999 550 641955 6999999999999999
 94 98 99 94 87 79 72 69 71 79 90103115123126121110 94 78 64 56 55 61 731912 7QP 134 99135012699999999999999 7 5 692036 5599999999999999
 86 98106108103 94 84 76 72 74 83 96110122129128119102 82 62 47 40 43 551912 8QP 245108142413099999999999999 8 7 722110 4099999999999999
 73 92107116117110 99 87 77 74 78 89104119130134128113 90 65 43 29 27 361912 9QP 336118145413499999999999999 856 742142 2699999999999999
 54 78101118126124115100 87 78 77 84 97114129138136124101 73 45 24 14 17191210QP 419127152313899999999999999 939 762214 1399999999999999
 34 59 87112129134128115 99 86 79 81 91108125138142134115 87 55 26  8  3191211QP 4581341551142999999999999991017 782248  399999999999999
 14 37 68 98123136138129113 96 84 81 87101119135145143128103 70 37 11 -3191212QP 5371391621145999999999999991053 812323 -499999999999999
 -1 16 44 78109131140138126109 93 84 85 94111128142147139119 89 55 23  0191213QP 6171411653147999999999999991128 83999999999999999999999
 -8  0 23 54 88116135140134121104 91 86 90102119135145144131107 76 42 14191214QP 658140172714699999999999999 0 0 -812 5 8699999999999999
 -4 -6  7 32 64 96121135137129115100 90 88 95108124137142138122 96 65 35191215QP 74113718 414299999999999999 040 -71244 8899999999999999
 11 -1  1 17 42 73101122132132123110 98 91 91 98110123133135128111 87 60191216QP 827133184613699999999999999 122 -21328 9099999999999999
 34 15  7 12 28 53 80104121128126118106 96 90 91 98107118125125118103 82191217QP 916129193412699999999999999 2 7  71423 9099999999999999
 59 38 24 19 25 41 62 86106119125122114103 94 89 88 92 99107112113108 97191218QP10 9125203911499999999999999 257 191537 8899999999999999
 81 64 48 37 33 39 52 71 90107119123120112101 91 83 80 81 86 93 99102102191219QP11 4123222110399999999999999 353 331715 8099999999999999
 96 86 73 60 51 48 52 63 78 95110120123120111 98 85 74 67 66 70 77 86 95191220QP1159123999999999999999999999 458 481846 6699999999999999
100 99 94 85 74 65 61 63 72 85100114123125120109 93 76 61 51 48 53 63 77191221QP 029100125112599999999999999 611 601953 4899999999999999
 91102107105 97 86 77 71 72 79 91106119128129121106 85 64 45 33 31 38 54191222QP 211107133712999999999999999 724 702044 3199999999999999
 73 93108116116108 96 85 78 78 85 98113126134132120100 75 49 28 17 17 29191223QP 325117142013499999999999999 830 772129 1599999999999999
 50 75 99117126124115102 89 82 83 91105121134139133117 92 62 34 13  4  8191224QP 42112615 013999999999999999 926 812210  499999999999999
 26 52 82108126133129118103 90 84 87 97113129140142132110 81 48 20  2 -3191225QP 5 81331539143999999999999991013 842249 -399999999999999
  7 29 60 91117133137130116101 89 85 91104121136145142126101 68 36  9 -5191226QP 5501371616145999999999999991055 852326 -699999999999999
 -4 12 39 71102125137137126111 96 87 87 96111128141145137118 89 56 25  4191227QP 6281381652145999999999999991132 86999999999999999999999
 -4  3 23 53 85112130137132119104 91 85 89101117133143142129106 76 45 19191228QP 7 3137172714499999999999999 0 2 -412 6 8599999999999999
  3  2 14 38 68 97120132134125111 96 87 85 92106122135140134118 94 65 37191229QP 73713418 114099999999999999 036  11241 8599999999999999
 17  8 13 30 55 83107124131128117103 90 84 86 95109123132133124106 82 56191230QP 8 9131183613499999999999999 1 9  81316 8499999999999999
 34 20 18 27 46 70 94113125127121109 97 87 84 88 98110120125123112 94 73191231QP 844127191112699999999999999 142 171356 8499999999999999
