 21 19 16 13 11  9  8  9 11 13 16 17 18 18 18 17 17 17 17 18 20 22 24 2419 1 1QR1231 182255 2499999999999999 559  81648 1799999999999999
 24 22 18 15 12  9  6  6  6  9 12 15 17 19 19 19 19 19 19 20 21 23 25 2619 1 2QR2328 26999999999999999999999 7 0  6999999999999999999999
 26 24 21 18 14 10  7  4  4  5  8 12 15 18 20 21 21 21 21 21 22 23 25 2719 1 3QR9999999999999999999999999999 748  4999999999999999999999
 27 27 25 21 17 12  8  5  3  3  5  9 13 17 20 21 22 22 22 22 22 23 25 2719 1 4QR 0 4 27999999999999999999999 829  3999999999999999999999
 28 28 27 24 20 15 11  6  3  2  3  6 10 15 19 21 22 23 22 22 22 23 24 2619 1 5QR 043 281642 2399999999999999 9 7  21926 2299999999999999
 28 29 29 27 23 19 14  9  5  2  2  4  8 12 17 20 22 23 23 22 21 22 23 2419 1 6QR 122 2917 4 2399999999999999 942  220 5 2199999999999999
 27 29 30 29 26 22 17 11  7  3  2  2  5  9 14 18 21 22 22 22 21 21 21 2219 1 7QR 2 2 301730 23999999999999991017  22043 2199999999999999
 25 27 29 29 28 24 20 14  9  5  2  1  3  6 11 15 19 21 22 21 20 19 19 2019 1 8QR 240 291758 22999999999999991051  12120 1999999999999999
 22 24 27 28 28 25 22 17 11  7  3  1  2  4  8 12 16 19 20 20 19 18 18 1819 1 9QR 317 281827 20999999999999991124  122 0 1899999999999999
 19 21 24 26 26 25 23 18 13  9  5  2  2  3  6 10 13 17 18 19 18 17 16 1619 110QR 353 261857 19999999999999991156  22246 1699999999999999
 17 18 20 22 24 24 22 19 15 10  7  4  2  2  4  7 11 14 17 18 18 17 16 1519 111QR 430 241926 18999999999999991227  22347 1599999999999999
 15 15 16 18 20 21 20 19 16 12  8  6  4  3  4  6  9 13 15 17 17 16 15 1419 112QR 5 9 211953 17999999999999991256  3999999999999999999999
 13 13 13 14 16 17 18 17 16 13 10  8  6  5  5  6  9 12 14 16 17 17 15 1419 113QR 556 182018 1799999999999999 1 3 131322  599999999999999
 13 12 11 11 12 13 14 15 15 13 12 10  8  7  7  8  9 11 14 16 17 17 16 1519 114QR 7 3 152042 1799999999999999 221 111344  799999999999999
 13 11 10  9  9 10 11 12 13 13 12 11 10 10  9 10 11 12 14 16 18 18 18 1619 115QR 849 1321 9 1899999999999999 339  914 3  999999999999999
 14 12 10  8  7  6  7  8 10 11 12 13 13 12 12 12 13 14 15 17 18 20 20 1919 116QR1116 132142 2099999999999999 454  61418 1299999999999999
 17 14 11  8  6  4  3  4  6  8 11 13 14 15 15 15 15 16 16 18 19 21 22 2219 117QR2224 22999999999999999999999 556  3999999999999999999999
 20 17 14 10  6  3  1  0  2  4  8 11 14 16 17 17 17 17 18 18 20 21 23 2419 118QR2314 24999999999999999999999 650  0999999999999999999999
 24 22 18 14  9  4  0 -2 -2  0  3  8 12 16 18 19 19 19 19 19 20 21 23 2519 119QR9999999999999999999999999999 741 -2999999999999999999999
 27 26 23 19 13  8  2 -2 -4 -4 -2  3  8 13 17 19 20 20 19 19 19 20 22 2519 120QR 010 271614 2099999999999999 832 -51920 1999999999999999
 27 29 28 25 20 13  6  0 -4 -6 -6 -3  3  9 14 18 20 20 20 18 18 18 19 2219 121QR 1 7 291644 2099999999999999 923 -72014 1899999999999999
 25 28 30 29 25 20 12  5 -1 -6 -8 -7 -3  4 10 15 19 20 20 18 17 16 16 1819 122QR 2 4 301715 20999999999999991013 -821 9 1699999999999999
 21 25 29 30 29 25 19 11  4 -2 -6 -8 -6 -1  5 11 16 18 19 18 16 14 14 1419 123QR 3 0 301748 199999999999999911 1 -822 8 1499999999999999
 16 19 24 27 29 27 23 17 10  3 -2 -5 -6 -4  1  7 13 16 18 18 16 13 12 1119 124QR 357 291820 18999999999999991148 -62314 1199999999999999
 12 14 17 22 25 26 24 21 15  9  3 -1 -4 -4 -1  4 10 14 17 17 16 14 11 1019 125QR 455 261853 17999999999999991231 -4999999999999999999999
  9  9 11 15 18 21 22 21 17 13  8  4  1  0  0  3  8 12 15 17 17 15 12 1019 126QR 556 221926 1799999999999999 023  91312  099999999999999
  8  7  7  8 11 14 16 17 17 14 11  8  6  4  3  5  8 11 14 16 17 16 14 1119 127QR 7 7 171959 1799999999999999 132  61348  399999999999999
  9  7  5  5  6  8 10 12 13 13 12 11  9  8  7  8  9 11 14 16 17 17 16 1419 128QR 835 132033 1899999999999999 247  51414  799999999999999
 11  8  6  4  3  3  5  6  8 10 11 11 11 11 11 11 11 13 14 16 18 18 18 1619 129QR1050 1121 9 1899999999999999 414  314 1 1199999999999999
 14 11  8  5  3  1  1  2  4  6  8 10 11 12 13 13 14 14 15 16 18 19 19 1819 130QR2150 19999999999999999999999 541  1999999999999999999999
 17 14 11  7  4  2  0 -1  0  3  5  8 11 12 14 14 15 15 16 17 18 19 20 2019 131QR2239 20999999999999999999999 648 -1999999999999999999999
 19 17 14 10  7  3  1 -1 -1  0  3  6  9 12 14 15 16 16 16 17 17 18 20 2119 2 1QR2332 21999999999999999999999 738 -2999999999999999999999
 21 19 17 14 10  6  2 -1 -2 -2  0  4  8 11 14 15 16 16 16 16 16 17 19 2019 2 2QR9999999999999999999999999999 819 -2999999999999999999999
 21 21 20 17 13  9  4  1 -2 -3 -2  1  5  9 13 15 16 16 15 15 15 16 17 1919 2 3QR 024 211632 1699999999999999 856 -31914 1599999999999999
 21 22 21 19 16 11  7  2 -1 -3 -3 -1  3  7 11 14 15 15 15 14 14 14 15 1719 2 4QR 111 221639 1699999999999999 930 -31959 1499999999999999
 19 21 22 21 18 14  9  4  0 -3 -4 -3  0  5  9 12 14 15 14 13 12 12 13 1419 2 5QR 155 221655 159999999999999910 2 -42041 1299999999999999
 17 19 21 21 20 16 12  6  2 -2 -4 -4 -2  2  7 10 13 14 14 12 11 10 10 1119 2 6QR 235 221716 14999999999999991033 -42123 1099999999999999
 13 16 19 21 20 18 14  9  3 -1 -3 -4 -3  0  4  8 11 13 13 12 10  9  8  819 2 7QR 314 211737 139999999999999911 2 -422 6  899999999999999
 10 13 16 18 19 18 15 11  6  1 -2 -4 -4 -2  2  6 10 12 13 12 10  8  7  619 2 8QR 352 191758 13999999999999991129 -42254  699999999999999
  7  9 12 15 16 16 15 12  7  3  0 -2 -3 -2  1  5  9 11 12 12 10  8  6  519 2 9QR 430 171817 12999999999999991155 -32345  599999999999999
  5  6  8 11 13 14 14 12  9  5  2  0 -1 -1  1  4  8 10 12 12 11  9  6  419 210QR 513 141835 12999999999999991216 -1999999999999999999999
  3  3  4  6  9 11 12 11 10  7  4  2  1  1  2  5  8 10 12 12 12 10  7  519 211QR 6 5 121853 1299999999999999 040  31233  199999999999999
  3  2  2  3  5  7  9  9  9  8  6  5  4  4  4  6  8 11 12 13 13 11  9  619 212QR 715  91915 1399999999999999 138  21240  499999999999999
  4  2  1  0  1  3  5  7  8  8  8  7  6  6  7  8  9 11 13 14 14 14 12  919 213QR 856  81946 1599999999999999 243  01233  699999999999999
  6  3  1 -1 -1 -1  1  3  5  7  8  8  9  9  9 10 11 12 14 15 16 16 15 1219 214QR2030 16999999999999999999999 358 -1999999999999999999999
  9  6  3  0 -2 -3 -3 -1  1  4  6  8 10 11 11 12 12 13 14 15 16 17 17 1619 215QR2132 17999999999999999999999 518 -3999999999999999999999
 14 10  6  2 -1 -4 -5 -5 -4 -1  3  7  9 11 12 13 13 14 14 15 16 17 19 1919 216QR2247 19999999999999999999999 627 -5999999999999999999999
 18 15 11  7  2 -2 -6 -8 -7 -5 -1  3  7 11 13 14 14 13 13 13 14 16 18 2019 217QR9999999999999999999999999999 727 -8999999999999999999999
 21 20 17 13  7  1 -4 -8-10 -9 -6 -2  4  8 12 13 14 13 12 12 12 13 15 1819 218QR 0 1 211549 1499999999999999 822-101920 1299999999999999
 21 23 22 18 13  7  1 -5 -9-11-10 -7 -1  5 10 13 14 13 11 10  9  9 11 1419 219QR 1 7 2316 8 1499999999999999 913-112018  999999999999999
 18 22 23 22 19 14  7  0 -6-10-11-10 -5  1  7 11 13 13 11  9  7  6  6  819 220QR 2 8 231632 139999999999999910 0-112116  699999999999999
 12 17 21 23 22 19 13  6 -1 -6-10-10 -8 -2  4  9 12 13 12  9  6  4  3  319 221QR 3 7 231658 13999999999999991045-102215  399999999999999
  6 10 16 20 22 20 17 11  5 -1 -6 -8 -8 -4  1  7 11 13 13 11  7  4  1  019 222QR 4 6 221726 13999999999999991126 -82314  099999999999999
  1  4  9 14 17 19 18 14  9  4 -1 -4 -5 -4  0  5 10 13 13 12  9  5  2 -119 223QR 5 6 191754 139999999999999912 3 -5999999999999999999999
 -2 -1  2  6 11 14 15 14 12  8  4  1 -1 -1  1  5  9 12 14 13 11  8  4  119 224QR 6 9 151822 1499999999999999 012 -21236 -199999999999999
 -2 -3 -2  0  4  8 10 11 11  9  7  5  4  3  4  6  9 12 14 14 13 10  7  319 225QR 719 111849 1499999999999999 111 -313 0  399999999999999
  0 -2 -3 -3 -1  2  4  7  8  8  8  7  7  6  7  8 10 12 14 14 14 13 10  719 226QR 847  81917 1499999999999999 216 -31253  699999999999999
  3  1 -2 -3 -3 -2  0  2  4  6  7  8  8  9  9 10 11 12 13 14 14 14 12 1019 227QR1948 14999999999999999999999 333 -3999999999999999999999
  7  4  1 -1 -3 -3 -3 -2  1  3  5  7  8  9 10 11 12 12 13 14 14 14 14 1219 228QR2033 14999999999999999999999 5 3 -3999999999999999999999
 10  7  4  2 -1 -3 -4 -4 -2  0  3  5  8  9 11 11 12 12 13 13 14 14 14 1419 3 1QR2147 14999999999999999999999 619 -4999999999999999999999
 12 10  8  4  1 -1 -3 -4 -4 -2  0  4  7  9 10 11 12 12 12 12 12 13 14 1419 3 2QR23 9 14999999999999999999999 714 -4999999999999999999999
 14 13 10  7  4  1 -2 -4 -5 -4 -2  2  5  8 10 11 11 11 10 10 11 11 13 1419 3 3QR1548 11999999999999999999999 757 -51848 1099999999999999
 15 14 13 10  7  3 -1 -4 -5 -5 -4 -1  3  7  9 10 10 10  9  8  8  9 10 1219 3 4QR 014 151541 1099999999999999 834 -61930  899999999999999
 14 15 15 13  9  5  1 -3 -5 -6 -5 -3  1  5  8 10 10  9  8  7  6  6  8 1019 3 5QR 1 6 151549 1099999999999999 9 7 -620 9  699999999999999
 13 15 15 14 12  8  3 -1 -4 -6 -6 -5 -1  3  7  9 10  9  7  5  4  4  5  719 3 6QR 152 1516 3 1099999999999999 937 -72049  499999999999999
 10 13 15 15 13 10  6  1 -3 -6 -7 -6 -3  1  5  8  9  9  7  5  3  2  2  319 3 7QR 234 151620  99999999999999910 5 -72129  299999999999999
  6 10 13 14 14 12  8  3 -1 -4 -6 -6 -4  0  4  7  9  9  8  5  2  0  0  019 3 8QR 315 141636  9999999999999991032 -62210  099999999999999
  2  6 10 12 13 12 10  6  1 -2 -4 -5 -4 -1  3  7  9 10  9  6  3  0 -2 -219 3 9QR 357 131651 10999999999999991057 -52251 -299999999999999
 -1  2  6  9 12 12 11  8  4  0 -2 -3 -3 -1  3  7  9 10  9  7  4  1 -2 -319 310QR 441 1217 5 10999999999999991120 -32333 -499999999999999
 -3 -2  2  6  9 10 10  9  6  3  1  0 -1  1  3  7  9 11 10  9  6  2 -1 -319 311QR 531 111720 11999999999999991139 -1999999999999999999999
 -4 -4 -2  1  5  8  9  9  8  5  3  2  2  3  4  7 10 11 12 10  8  4  1 -219 312QR 630  91739 1299999999999999 018 -51148  299999999999999
 -4 -5 -5 -2  1  4  6  8  8  7  6  5  5  5  6  8 10 12 13 12 10  7  4  019 313QR 742  818 4 1399999999999999 1 8 -51144  599999999999999
 -3 -5 -6 -5 -3  0  2  5  6  7  7  7  7  7  8  9 11 12 13 13 12 10  7  319 314QR1838 13999999999999999999999 2 6 -6999999999999999999999
  0 -3 -5 -6 -6 -4 -2  1  3  5  7  8  8  9  9 10 11 12 13 14 14 13 11  819 315QR1933 14999999999999999999999 320 -6999999999999999999999
  4  1 -2 -5 -6 -7 -6 -4 -1  2  5  7  9  9 10 11 11 12 12 13 14 14 14 1219 316QR21 2 14999999999999999999999 445 -7999999999999999999999
  9  6  2 -2 -5 -7 -8 -7 -5 -2  2  5  8  9 10 11 10 10 10 11 12 14 15 1519 317QR2241 15999999999999999999999 6 4 -8999999999999999999999
 14 11  7  3 -2 -6 -8-10 -9 -6 -2  2  6  9 10 10 10  9  8  8  9 11 13 1519 318QR1445 10999999999999999999999 7 9-101834  899999999999999
 17 16 13  9  4 -2 -6 -9-10 -9 -6 -1  4  7 10 10  9  8  6  5  5  6  9 1319 319QR 0 3 171453 1099999999999999 8 4-101933  599999999999999
 16 18 17 14 10  4 -2 -6 -9-10 -9 -5  1  6  9 10 10  8  5  3  2  2  3  719 320QR 112 181511 1099999999999999 853-102027  199999999999999
 12 16 18 18 15 10  4 -2 -6 -9 -9 -7 -2  4  8 11 11  9  6  2 -1 -2 -2  119 321QR 216 181534 1199999999999999 938 -92121 -299999999999999
  6 12 16 18 17 15 10  4 -1 -5 -7 -6 -3  3  8 11 12 11  8  3 -1 -4 -5 -419 322QR 318 181559 12999999999999991019 -72214 -599999999999999
 -1  5 11 15 17 16 13  9  4  0 -3 -4 -2  2  7 11 13 13 10  6  1 -3 -6 -719 323QR 419 171625 13999999999999991056 -423 5 -799999999999999
 -6 -2  4  9 13 15 14 12  8  4  1  0  0  2  6 11 13 14 13  9  4 -1 -4 -719 324QR 520 151651 14999999999999991128  02356 -899999999999999
 -8 -6 -2  3  7 11 12 12 10  7  5  4  3  4  7 10 13 15 14 12  8  3 -1 -519 325QR 622 131716 15999999999999991155  3999999999999999999999
 -7 -8 -6 -2  2  6  9 10 10  9  8  7  6  7  8 11 13 15 15 14 11  7  3 -119 326QR 730 101740 1599999999999999 047 -812 6  699999999999999
 -4 -6 -6 -5 -2  1  4  7  8  9  9  8  9  9 10 11 13 14 15 14 12 10  6  319 327QR18 2 15999999999999999999999 142 -7999999999999999999999
 -1 -3 -5 -5 -4 -2  0  3  5  7  8  9 10 10 11 12 13 13 14 14 13 11  9  619 328QR1826 14999999999999999999999 246 -5999999999999999999999
  3  0 -2 -3 -4 -4 -2  0  2  5  7  8  9 10 11 12 12 12 13 13 13 12 11  919 329QR19 1 13999999999999999999999 4 6 -4999999999999999999999
  6  4  1 -1 -3 -4 -4 -2  0  2  5  7  9 10 11 11 11 11 11 11 11 11 11 1019 330QR2045 11999999999999999999999 528 -4999999999999999999999
  9  7  4  2 -1 -3 -4 -4 -2  0  3  5  8  9 10 10 10  9  9  9  9 10 11 1119 331QR1446 102245 1199999999999999 630 -41835  999999999999999
 10  9  7  4  1 -1 -3 -4 -4 -2  1  4  6  8  9  9  9  8  7  7  7  8  9 1019 4 1QR1431  9999999999999999999999 716 -419 6  799999999999999
 11 11  9  7  4  1 -2 -4 -4 -3 -1  2  5  8  9  9  8  7  5  4  4  5  7  919 4 2QR 0 3 111435  999999999999999 754 -41938  499999999999999
 11 11 11  9  6  3  0 -3 -4 -4 -2  1  4  7  9  9  8  6  4  2  2  2  4  619 4 3QR 1 1 111445  999999999999999 827 -42012  299999999999999
  9 11 12 11  9  5  2 -1 -3 -4 -3  0  3  7  9  9  9  6  4  1  0 -1  0  319 4 4QR 151 121458  999999999999999 857 -42047 -199999999999999
  7 10 12 12 11  8  4  1 -2 -3 -3 -1  3  6  9 10 10  8  4  1 -2 -3 -3 -119 4 5QR 238 121511 1099999999999999 925 -32124 -399999999999999
  3  7 11 12 12 10  7  3  0 -1 -2 -1  2  6  9 11 11  9  6  2 -2 -4 -5 -419 4 6QR 324 121525 1199999999999999 952 -222 0 -599999999999999
 -1  4  8 11 12 12 10  6  3  1  0  0  3  6 10 12 12 11  8  4 -1 -4 -6 -619 4 7QR 411 121540 12999999999999991018  02238 -699999999999999
 -4  0  5  9 12 12 12  9  6  4  3  3  4  6 10 13 14 13 10  6  1 -3 -6 -719 4 8QR 5 1 121558 14999999999999991041  32318 -799999999999999
 -7 -4  1  6  9 11 12 11  9  7  6  5  6  7 10 13 15 14 13  9  4  0 -4 -719 4 9QR 555 121620 15999999999999991058  5999999999999999999999
 -8 -6 -3  1  6  9 11 11 11  9  8  8  8  9 11 13 15 16 15 12  8  3 -1 -519 410QR 654 111646 1699999999999999 0 1 -811 3  899999999999999
 -7 -7 -6 -3  1  5  8 10 11 10 10 10 10 10 12 13 15 16 16 14 11  7  3 -119 411QR 8 7 111718 1699999999999999 050 -71054 1099999999999999
 -5 -6 -7 -6 -3  1  4  7  9 10 10 11 11 11 12 13 14 16 16 16 14 11  7  319 412QR18 0 16999999999999999999999 148 -7999999999999999999999
 -1 -4 -6 -6 -6 -3  0  3  6  8 10 11 11 12 12 13 13 14 15 15 15 14 11  819 413QR1911 15999999999999999999999 259 -6999999999999999999999
  4  1 -3 -5 -6 -6 -4 -1  2  5  8 10 11 12 12 12 12 12 12 13 14 14 14 1219 414QR21 1 14999999999999999999999 421 -6999999999999999999999
  9  6  2 -1 -4 -6 -6 -5 -2  2  6  9 10 11 11 11 10  9  9 10 11 13 14 1519 415QR1328 112246 1599999999999999 538 -61744  999999999999999
 13 11  7  4  0 -4 -6 -6 -4 -1  3  7 10 11 11 10  9  7  6  6  7  9 12 1419 416QR1331 11999999999999999999999 642 -61845  699999999999999
 15 15 13  9  5  1 -3 -5 -5 -3  1  5  9 11 12 11  8  6  3  2  2  3  7 1119 417QR 010 151346 1299999999999999 736 -51937  299999999999999
 14 16 16 14 10  6  2 -2 -3 -3  0  4  9 12 13 12 10  6  3  0 -2 -2  1  519 418QR 122 1614 7 1399999999999999 823 -32027 -299999999999999
 10 15 17 17 15 11  7  3  0 -1  0  3  8 12 14 15 13  9  4  0 -3 -5 -4 -119 419QR 229 171432 1599999999999999 9 5 -12117 -599999999999999
  4 10 15 17 17 15 11  7  4  2  2  4  8 12 16 17 16 12  7  2 -3 -6 -7 -619 420QR 333 171458 1799999999999999 943  222 5 -799999999999999
 -2  4 10 14 17 17 15 12  9  6  5  6  8 12 16 18 18 16 11  6  0 -4 -7 -819 421QR 434 171526 18999999999999991017  52251 -899999999999999
 -6 -1  5 10 14 16 16 14 12 10  9  8 10 12 16 19 19 18 15 10  4 -1 -5 -719 422QR 532 161554 19999999999999991046  82337 -799999999999999
 -7 -5  0  5 10 13 15 15 14 12 11 11 12 13 16 18 20 20 18 14  9  3 -1 -419 423QR 631 161620 209999999999999911 4 11999999999999999999999
 -6 -6 -3  1  6 10 13 14 14 14 13 13 13 14 16 18 19 20 19 16 12  8  3 -119 424QR 737 141645 2099999999999999 022 -61057 1399999999999999
 -3 -4 -4 -1  2  6  9 12 13 14 14 14 14 15 16 17 18 19 18 17 14 11  7  319 425QR17 9 19999999999999999999999 110 -4999999999999999999999
  0 -2 -2 -2  0  3  6  9 11 12 13 14 14 15 15 16 17 17 17 17 15 13 10  719 426QR1732 17999999999999999999999 2 2 -2999999999999999999999
  4  1  0 -1  0  1  3  6  8 10 12 13 14 14 14 15 15 15 15 15 15 13 11  919 427QR18 4 15999999999999999999999 3 4 -1999999999999999999999
  7  4  2  1  0  0  1  3  6  8 10 12 13 13 13 13 13 13 13 13 13 13 12 1119 428QR1334 13999999999999999999999 416  0999999999999999999999
  9  7  5  3  1  1  1  2  4  6  9 11 12 13 13 12 11 11 10 10 11 11 12 1219 429QR1313 1322 9 1299999999999999 521  11822 1099999999999999
 11  9  7  5  3  2  1  1  3  5  8 10 12 13 12 11 10  9  8  8  8  9 10 1119 430QR1314 132344 1299999999999999 612  11853  899999999999999
 12 11 10  7  5  3  2  2  2  4  7 10 12 13 13 11  9  7  6  5  5  6  8 1019 5 1QR1322 13999999999999999999999 653  11924  599999999999999
 12 12 12 10  8  5  4  3  3  4  6  9 12 13 13 12 10  7  5  3  2  3  5  819 5 2QR 053 121332 1499999999999999 728  21957  299999999999999
 11 13 13 12 11  8  6  4  4  4  6 10 13 14 15 14 11  8  4  2  0  0  2  519 5 3QR 151 131344 1599999999999999 8 0  42031  099999999999999
  9 12 14 14 13 11  9  7  6  6  7 10 13 16 16 16 13 10  5  2 -1 -2 -1  219 5 4QR 244 141359 1699999999999999 831  521 6 -299999999999999
  6 11 14 16 16 14 12 10  8  8  8 10 14 17 18 18 16 12  8  3 -1 -3 -3 -219 5 5QR 335 161419 1899999999999999 9 1  82143 -499999999999999
  3  8 12 15 17 17 15 13 11 10 10 11 14 18 20 20 19 16 11  6  1 -3 -5 -419 5 6QR 425 171442 2099999999999999 929 102222 -599999999999999
 -1  4  9 14 17 18 17 16 14 13 12 13 15 18 21 22 21 19 15  9  4 -1 -4 -519 5 7QR 516 181510 2299999999999999 954 1223 4 -599999999999999
 -4  0  5 10 14 17 18 18 16 15 15 15 16 18 21 23 23 22 19 14  8  2 -2 -419 5 8QR 610 181542 23999999999999991011 152351 -599999999999999
 -5 -4  1  6 11 14 17 18 18 17 16 16 17 18 20 22 24 23 21 18 13  7  2 -219 5 9QR 7 9 181619 24999999999999991021 16999999999999999999999
 -4 -4 -3  1  6 10 14 16 17 17 17 17 17 18 19 21 23 23 23 20 17 12  7  219 510QR17 3 23999999999999999999999 042 -5999999999999999999999
 -1 -3 -3 -2  2  6 10 13 15 16 17 17 17 17 18 19 20 21 22 21 19 16 12  819 511QR18 1 22999999999999999999999 141 -3999999999999999999999
  4  0 -2 -2 -1  2  6  9 13 15 16 17 17 17 17 17 17 18 19 20 20 19 16 1319 512QR1925 20999999999999999999999 247 -2999999999999999999999
  9  5  2  0 -1  0  3  6 10 13 15 16 16 16 15 15 14 14 15 16 18 18 18 1619 513QR1151 162112 1899999999999999 357 -11624 1499999999999999
 14 10  7  4  2  1  2  4  7 11 14 16 16 16 15 13 12 11 11 12 13 16 17 1819 514QR12 3 162254 1899999999999999 5 5  11742 1199999999999999
 17 15 12  9  6  4  3  4  6  9 13 16 17 17 16 13 11  9  7  7  8 11 14 1719 515QR1221 17999999999999999999999 6 4  31841  799999999999999
 18 18 16 14 11  8  6  5  6  9 13 16 18 19 18 15 11  8  5  4  4  5  9 1319 516QR 021 181243 1999999999999999 655  51933  399999999999999
 17 19 19 18 15 12 10  9  8 10 13 17 20 21 20 18 14 10  5  2  1  1  4  819 517QR 138 1913 9 2199999999999999 740  82022  099999999999999
 13 17 20 20 19 17 14 12 11 12 14 17 21 23 23 21 18 13  8  3  0 -1  0  319 518QR 247 201337 2399999999999999 819 1121 8 -199999999999999
  9 14 18 21 21 20 18 16 15 14 15 18 21 24 26 25 22 17 12  6  2 -1 -2  019 519QR 350 2114 7 2699999999999999 854 142153 -299999999999999
  4 10 15 19 22 22 21 19 18 17 17 18 21 24 27 27 25 22 16 10  5  1 -2 -219 520QR 446 221439 2799999999999999 924 172236 -299999999999999
  1  6 11 16 20 22 22 21 20 19 19 20 21 24 27 28 27 25 21 15  9  4  1 -119 521QR 540 221510 2899999999999999 946 192318 -199999999999999
  0  3  7 13 17 20 22 22 21 21 20 21 22 23 26 28 28 27 24 19 13  8  4  119 522QR 633 221542 2899999999999999 958 20999999999999999999999
  0  2  5  9 14 17 20 21 21 21 21 21 22 23 25 26 27 27 25 22 17 12  8  519 523QR 731 221612 2799999999999999 0 0  010 4 2199999999999999
  3  2  4  7 11 14 17 20 21 21 21 21 21 22 23 24 26 26 25 23 19 15 11  819 524QR1643 26999999999999999999999 042  2999999999999999999999
  5  4  4  6  8 11 15 17 19 20 20 20 20 21 21 22 23 24 24 22 20 17 14 1119 525QR1717 24999999999999999999999 126  4999999999999999999999
  8  6  5  6  7  9 12 15 17 18 19 20 20 20 20 20 21 21 21 21 20 18 16 1319 526QR18 2 21999999999999999999999 214  5999999999999999999999
 11  8  7  6  7  8 10 13 15 17 18 19 19 19 18 18 18 18 18 18 18 18 17 1519 527QR1139 191922 1999999999999999 3 4  616 0 1899999999999999
 13 11  9  8  8  8  9 12 14 16 18 19 19 18 17 16 16 15 15 16 16 17 17 1619 528QR1144 192125 1799999999999999 356  81731 1599999999999999
 15 13 12 10  9  9 10 11 13 16 18 19 19 19 17 16 14 13 12 12 13 15 16 1619 529QR1152 192318 1699999999999999 444  91818 1299999999999999
 16 15 14 13 11 11 11 12 13 16 18 20 20 20 18 16 14 11 10 10 10 12 14 1619 530QR12 3 20999999999999999999999 529 111855 1099999999999999
 17 17 17 15 14 13 12 13 14 16 19 21 22 22 20 17 14 11  9  7  7  9 12 1519 531QR 045 171216 2299999999999999 6 9 121930  799999999999999
 17 19 19 18 17 16 15 15 15 17 20 22 24 24 23 20 16 12  9  6  5  6  8 1219 6 1QR 153 191235 2499999999999999 647 1520 6  599999999999999
 16 19 21 21 20 19 18 17 17 18 20 23 26 27 26 23 19 14 10  6  4  3  5  919 6 2QR 252 211259 2799999999999999 724 172044  399999999999999
 14 18 21 23 23 22 21 20 19 20 21 24 27 29 29 27 23 18 13  8  4  2  2  519 6 3QR 345 231329 2999999999999999 8 0 192125  299999999999999
 10 15 20 23 25 25 24 22 22 22 22 24 27 30 31 30 27 23 17 11  6  2  1  219 6 4QR 435 2514 4 3199999999999999 832 2222 8  199999999999999
  6 11 17 21 24 26 26 25 24 23 23 25 27 30 32 33 31 28 22 16 10  5  1  019 6 5QR 524 261443 3399999999999999 9 3 232255  099999999999999
  2  6 12 18 22 25 26 26 25 24 24 25 26 29 32 33 33 31 27 21 15  9  4  119 6 6QR 615 261527 3499999999999999 932 242345  199999999999999
  1  3  7 13 18 22 25 26 25 25 24 24 25 27 29 32 33 33 30 26 20 14  9  519 6 7QR 7 9 261616 339999999999999910 5 24999999999999999999999
  2  2  4  8 13 18 22 24 25 25 24 24 24 25 26 28 31 32 31 29 25 20 14  919 6 8QR 8 6 251711 3299999999999999 038  21054 2499999999999999
  6  4  3  6 10 14 18 22 23 24 24 23 23 23 23 24 26 28 29 29 27 24 19 1519 6 9QR 9 2 241818 2999999999999999 134  31249 2399999999999999
 11  8  6  6  8 11 15 19 22 23 24 23 22 22 21 21 22 23 25 26 26 25 23 2019 610QR 948 241942 2699999999999999 231  61439 2199999999999999
 16 13 10  8  9 10 13 17 20 23 24 24 23 21 20 19 18 18 20 21 23 24 24 2319 611QR1023 242123 2499999999999999 328  81611 1899999999999999
 20 17 15 13 12 12 13 16 19 22 24 25 24 22 20 18 16 15 15 16 18 21 22 2319 612QR1052 2523 6 2399999999999999 423 111728 1499999999999999
 23 21 19 17 16 15 15 17 20 23 25 26 26 24 22 19 15 13 11 11 13 16 19 2219 613QR1120 26999999999999999999999 515 151832 1199999999999999
 23 24 23 21 20 19 18 19 20 23 26 28 29 27 25 21 17 13 10  9  9 11 15 1919 614QR 043 241149 2999999999999999 6 2 181926  999999999999999
 22 24 25 25 24 22 22 21 22 24 27 30 31 31 29 25 20 16 12  9  7  8 11 1519 615QR 2 7 251220 3199999999999999 643 212014  799999999999999
 19 23 26 27 26 25 25 24 24 25 27 30 33 33 32 29 25 20 15 10  7  6  8 1119 616QR 315 271254 3399999999999999 718 242058  699999999999999
 16 21 25 27 28 28 27 26 26 27 28 30 33 35 35 33 29 24 19 13  9  7  6  919 617QR 410 281330 3599999999999999 749 262141  699999999999999
 13 18 23 26 29 29 29 28 27 28 28 30 33 35 36 35 33 29 23 17 12  9  7  719 618QR 457 2914 7 3699999999999999 818 272221  799999999999999
 10 15 20 25 28 29 30 29 28 28 28 30 32 34 36 37 35 32 27 22 16 12  9  819 619QR 538 301444 3799999999999999 846 2823 1  899999999999999
  9 12 17 22 26 28 29 29 29 28 28 29 30 33 35 36 36 34 30 25 20 15 11  919 620QR 619 291521 3699999999999999 915 282339  999999999999999
  9 11 14 19 23 26 28 29 28 28 28 28 29 31 33 34 35 34 32 28 23 18 14 1119 621QR 7 0 291557 3599999999999999 947 28999999999999999999999
 10 10 13 16 20 24 26 28 28 27 27 27 27 28 30 32 33 33 32 29 25 21 17 1419 622QR 743 281633 3399999999999999 017 101026 2799999999999999
 12 11 12 14 18 21 24 26 27 27 26 26 26 26 27 29 30 31 30 29 26 23 19 1619 623QR 827 271712 3199999999999999 054 111127 2699999999999999
 14 12 12 14 16 19 22 24 26 26 26 25 25 25 25 26 27 28 28 27 26 24 21 1819 624QR 9 6 261759 2899999999999999 130 121310 2599999999999999
 16 14 14 14 16 18 21 23 25 26 26 25 25 24 23 23 23 24 25 25 25 24 22 2019 625QR 937 2619 7 2599999999999999 2 5 141451 2399999999999999
 18 17 16 16 17 18 20 23 25 26 26 26 25 24 22 21 21 21 21 22 23 23 23 2219 626QR10 0 262053 2399999999999999 239 161620 2199999999999999
 21 19 18 18 18 19 21 23 25 27 27 27 26 24 22 21 19 18 18 19 20 22 23 2319 627QR1019 272257 2399999999999999 314 181726 1899999999999999
 23 22 21 21 20 21 22 24 26 28 29 29 28 26 24 21 18 17 16 16 18 20 22 2319 628QR1039 29999999999999999999999 350 201815 1699999999999999
 24 24 24 24 23 23 24 25 27 29 31 31 31 29 26 23 19 16 14 14 14 17 20 2319 629QR 048 2411 4 3199999999999999 433 231857 1499999999999999
 25 26 27 27 26 26 26 26 28 30 32 34 34 32 29 26 21 17 14 12 12 13 17 2119 630QR 2 8 271135 3499999999999999 524 261940 1299999999999999
 24 27 29 29 29 28 28 28 29 31 33 35 37 36 34 30 25 20 15 12 10 10 13 1719 7 1QR 3 7 291213 3799999999999999 616 282023 1099999999999999
 22 26 29 31 31 31 30 30 30 31 33 36 38 39 38 35 30 24 18 13 10  8  9 1319 7 2QR 355 311256 3999999999999999 7 4 3021 9  899999999999999
 18 23 28 31 32 33 32 31 31 31 33 35 38 41 41 39 35 30 24 17 12  8  7  919 7 3QR 438 331344 4199999999999999 749 312158  799999999999999
 13 19 25 29 32 33 33 32 31 31 32 34 36 40 42 42 40 36 30 23 16 11  8  719 7 4QR 520 331434 4299999999999999 833 312248  799999999999999
  9 14 20 25 30 32 33 32 31 31 31 32 34 37 40 42 42 40 35 29 22 15 11  819 7 5QR 6 0 331527 4299999999999999 921 312339  799999999999999
  8 10 15 21 26 30 32 32 31 30 30 30 31 33 36 39 41 41 38 34 28 21 16 1119 7 6QR 641 321623 41999999999999991019 29999999999999999999999
  9  9 12 17 22 27 30 31 31 30 29 28 28 29 31 34 37 39 38 36 32 27 21 1719 7 7QR 720 311723 3999999999999999 029  91140 2899999999999999
 13 11 12 15 20 24 28 30 31 30 29 27 26 26 26 28 31 34 35 35 34 30 26 2219 7 8QR 759 311833 3699999999999999 117 1113 7 2699999999999999
 18 16 15 16 18 22 26 29 31 31 30 28 26 25 24 24 25 27 30 32 32 31 29 2619 7 9QR 836 311957 3299999999999999 2 5 151429 2499999999999999
 23 21 19 19 20 22 25 29 31 32 31 30 28 25 23 22 21 22 24 26 28 29 30 2919 710QR 912 322138 3099999999999999 250 191552 2199999999999999
 27 25 24 23 23 24 26 29 31 33 33 32 30 27 24 22 20 19 19 21 23 26 28 2919 711QR 947 332336 2999999999999999 333 231713 1999999999999999
 29 28 28 27 26 27 28 30 32 34 35 35 33 31 27 24 20 18 17 17 19 21 25 2719 712QR1023 35999999999999999999999 414 261821 1699999999999999
 29 30 30 30 30 29 30 31 33 35 36 37 36 34 31 27 23 19 17 15 16 18 21 2519 713QR 142 3011 1 3799999999999999 451 291918 1599999999999999
 28 30 32 32 32 32 32 32 33 35 37 39 39 38 35 31 27 22 18 16 14 15 18 2219 714QR1142 3999999999999999999999920 6 14999999999999999999999
 26 30 32 33 34 33 33 33 34 35 37 39 41 40 39 35 31 26 21 18 15 14 16 1919 715QR1225 419999999999999999999992049 14999999999999999999999
 24 28 32 34 35 35 34 34 34 35 37 39 41 42 41 39 35 30 25 20 17 15 15 1719 716QR 427 3513 8 4299999999999999 7 1 342129 1599999999999999
 21 26 30 33 35 35 35 34 34 34 36 38 40 42 42 41 38 34 29 23 19 16 15 1619 717QR 450 351350 4399999999999999 743 3422 6 1599999999999999
 19 23 28 32 34 35 35 34 33 34 34 36 38 41 42 42 40 37 32 27 22 18 16 1519 718QR 515 351431 4399999999999999 822 332242 1599999999999999
 17 21 25 30 33 34 35 34 33 32 33 34 36 38 41 42 41 39 35 30 25 20 17 1619 719QR 543 351510 4299999999999999 9 2 322317 1699999999999999
 16 19 23 27 31 33 34 33 32 31 31 32 33 35 38 40 40 39 36 32 27 23 19 1719 720QR 611 341548 4099999999999999 944 312349 1699999999999999
 16 18 21 25 29 31 33 33 32 31 30 30 31 32 34 37 38 38 36 33 29 25 21 1919 721QR 640 331626 38999999999999991034 30999999999999999999999
 18 18 20 23 27 30 32 32 32 31 30 29 29 29 31 33 35 36 35 33 31 27 24 2119 722QR 7 8 3217 7 3699999999999999 019 171137 2999999999999999
 19 19 20 23 26 29 31 32 32 31 30 28 28 27 28 29 31 33 33 32 31 28 26 2319 723QR 734 321756 3399999999999999 047 191252 2799999999999999
 22 21 21 23 25 28 30 32 32 32 30 29 27 26 26 26 28 29 30 31 30 29 27 2619 724QR 758 3219 4 3199999999999999 112 2114 4 2699999999999999
 24 23 23 24 26 28 30 32 33 33 32 30 28 26 25 24 25 26 27 28 29 29 29 2819 725QR 821 332044 2999999999999999 133 231516 2499999999999999
 27 26 26 26 27 29 31 33 34 34 34 32 30 27 25 24 23 23 24 25 27 28 29 2919 726QR 847 34999999999999999999999 150 261627 2399999999999999
 29 29 29 29 30 31 32 34 35 36 36 35 32 30 27 24 22 21 21 22 24 26 28 3019 727QR 919 369999999999999999999991730 21999999999999999999999
 31 31 31 32 32 32 33 35 36 38 38 38 36 33 29 26 22 20 19 19 20 23 26 2919 728QR 959 389999999999999999999991825 19999999999999999999999
 32 33 34 34 34 34 35 36 37 39 40 41 40 37 33 29 25 21 18 17 17 19 23 2719 729QR1048 419999999999999999999991916 17999999999999999999999
 31 34 35 36 36 36 36 36 37 39 41 43 43 42 38 34 29 24 19 16 15 16 19 2319 730QR1143 4399999999999999999999920 6 15999999999999999999999
 28 32 35 37 37 37 36 36 37 38 40 43 45 45 43 40 35 28 22 18 14 13 15 1919 731QR 355 371241 4599999999999999 639 362057 1399999999999999
 24 29 34 36 37 37 36 36 36 36 38 41 44 47 47 45 41 35 28 21 16 13 12 1419 8 1QR 421 371338 4799999999999999 736 352147 1299999999999999
 19 25 31 35 37 37 36 35 34 34 35 37 41 45 47 48 45 41 34 27 20 16 13 1219 8 2QR 450 371434 4899999999999999 830 342237 1299999999999999
 15 21 27 32 35 37 37 35 33 32 32 33 36 40 44 47 47 45 40 33 26 20 16 1419 8 3QR 521 371531 4799999999999999 929 322324 1399999999999999
 14 17 23 29 33 36 36 35 33 31 30 30 31 34 38 43 45 45 43 38 32 26 21 1719 8 4QR 552 371631 45999999999999991038 30999999999999999999999
 16 17 21 26 31 34 36 36 34 31 29 28 28 29 32 36 40 42 42 40 36 31 26 2319 8 5QR 624 361736 4299999999999999 0 9 161150 2799999999999999
 20 19 21 25 29 33 36 37 36 33 30 28 26 25 26 29 33 36 38 39 37 35 31 2819 8 6QR 657 371848 3999999999999999 051 1913 1 2599999999999999
 25 24 24 26 29 33 36 37 37 35 33 30 27 25 24 24 27 30 32 34 35 35 33 3119 8 7QR 730 372013 3599999999999999 130 231412 2499999999999999
 30 28 28 28 30 33 36 37 38 38 36 33 30 27 24 23 23 24 26 29 31 33 34 3319 8 8QR 8 5 3822 6 3499999999999999 2 6 281530 2399999999999999
 33 32 32 32 32 34 36 38 39 39 38 36 33 30 27 24 22 21 22 24 27 29 32 3319 8 9QR 844 39999999999999999999999 233 321654 2199999999999999
 34 34 34 35 35 35 37 38 40 40 40 39 37 34 30 27 24 21 21 21 23 26 29 3219 810QR 929 4199999999999999999999918 8 21999999999999999999999
 34 35 36 36 37 37 37 38 40 41 42 41 40 37 34 30 27 23 21 20 21 23 26 3019 811QR1021 4299999999999999999999919 6 20999999999999999999999
 33 35 37 37 38 38 38 38 39 40 42 43 42 41 38 34 30 26 23 21 20 21 24 2819 812QR1117 439999999999999999999991954 20999999999999999999999
 31 34 37 38 38 38 38 38 38 39 41 43 44 43 41 38 34 29 25 22 20 20 22 2519 813QR1210 449999999999999999999992035 20999999999999999999999
 29 33 36 37 38 38 37 37 37 38 40 42 43 44 43 41 37 33 28 24 21 20 21 2319 814QR 4 1 381258 4499999999999999 7 1 372112 2099999999999999
 27 31 35 37 38 37 37 36 36 36 37 40 42 44 44 43 40 36 31 26 23 20 20 2119 815QR 412 381342 4499999999999999 742 362146 2099999999999999
 25 29 33 36 37 37 36 35 34 34 35 37 40 42 44 44 42 38 34 29 24 21 20 2019 816QR 430 371424 4499999999999999 822 342218 2099999999999999
 23 27 31 34 36 37 36 34 33 32 33 34 36 40 42 43 42 40 36 31 26 23 21 2019 817QR 451 3715 4 4399999999999999 9 4 322248 2099999999999999
 22 25 29 33 35 36 36 34 32 31 31 31 33 36 39 41 42 40 38 33 29 25 22 2119 818QR 513 361543 4299999999999999 949 312315 2199999999999999
 22 24 28 32 34 36 36 35 32 30 29 29 30 32 35 38 40 40 38 35 31 27 24 2319 819QR 534 361624 40999999999999991038 292340 2299999999999999
 23 24 27 31 34 35 36 35 33 31 29 28 28 29 32 35 37 38 37 36 33 29 27 2519 820QR 553 3617 9 38999999999999991132 28999999999999999999999
 24 25 27 30 33 35 36 36 34 32 29 28 27 27 28 31 33 35 36 35 34 31 29 2719 821QR 611 3618 4 3699999999999999 0 2 241227 2799999999999999
 27 27 28 31 33 35 37 37 35 33 31 28 27 26 26 27 30 32 33 34 34 33 31 3019 822QR 629 371917 3499999999999999 019 271324 2699999999999999
 29 29 30 32 34 36 37 38 37 35 33 30 28 26 25 25 26 28 30 32 33 33 33 3219 823QR 651 382054 3399999999999999 026 291425 2599999999999999
 32 32 32 33 35 37 38 39 39 37 35 32 30 27 25 24 24 25 27 29 31 32 33 3419 824QR 721 39999999999999999999999 014 321534 2499999999999999
 34 34 35 35 36 37 39 40 40 40 38 36 33 30 27 24 23 22 23 25 28 30 33 3419 825QR 8 5 409999999999999999999991648 22999999999999999999999
 35 36 36 37 37 38 39 40 41 42 41 40 37 33 30 26 23 21 21 21 24 27 30 3319 826QR 9 5 429999999999999999999991756 21999999999999999999999
 35 37 38 38 38 38 39 40 41 42 43 43 41 38 34 30 25 22 19 19 20 23 27 3119 827QR1019 439999999999999999999991856 19999999999999999999999
 34 37 38 38 38 38 38 38 40 41 43 45 45 43 40 35 30 25 20 18 17 19 22 2719 828QR1132 459999999999999999999991950 17999999999999999999999
 32 35 38 38 38 37 37 37 37 39 41 44 46 47 45 41 36 30 24 19 16 16 18 2219 829QR 318 381238 4799999999999999 645 372042 1699999999999999
 28 33 36 38 38 37 36 34 34 35 37 41 45 48 48 46 42 36 29 23 18 16 16 1919 830QR 336 381339 4899999999999999 741 342131 1699999999999999
 24 30 35 37 38 37 35 33 32 31 33 35 40 45 48 48 46 42 35 29 23 19 17 1719 831QR 359 381439 4899999999999999 838 312217 1799999999999999
 21 27 32 36 38 38 36 33 30 29 28 30 33 39 44 47 47 45 41 35 28 23 20 1919 9 1QR 425 381539 4799999999999999 940 2823 0 1999999999999999
 20 25 30 35 38 39 37 34 31 28 26 26 27 31 37 42 45 45 43 39 34 29 25 2319 9 2QR 453 391643 45999999999999991042 262340 2299999999999999
 22 25 29 34 38 39 39 37 33 29 26 24 24 25 30 35 39 42 42 41 38 33 30 2719 9 3QR 522 401750 42999999999999991144 23999999999999999999999
 26 27 29 34 37 40 40 39 36 32 28 25 23 22 24 28 32 36 38 39 39 36 34 3219 9 4QR 552 4019 3 3999999999999999 017 261245 2299999999999999
 31 30 31 34 37 40 41 41 39 35 31 28 25 23 22 23 26 30 33 35 37 37 36 3519 9 5QR 623 412030 3799999999999999 050 301349 2299999999999999
 34 34 34 35 37 40 41 42 41 39 35 32 28 25 23 22 23 25 28 30 33 35 36 3619 9 6QR 657 42999999999999999999999 114 3415 2 2299999999999999
 36 36 37 37 38 39 41 42 42 41 39 36 32 29 26 24 23 23 24 26 29 32 34 3619 9 7QR 737 429999999999999999999991627 23999999999999999999999
 37 38 38 38 39 39 40 41 42 42 41 39 36 33 30 27 24 23 23 24 26 29 32 3419 9 8QR 832 429999999999999999999991746 22999999999999999999999
 36 38 39 39 39 39 39 40 41 41 42 41 39 37 34 30 27 25 23 22 24 26 29 3319 9 9QR 946 429999999999999999999991846 22999999999999999999999
 35 37 38 39 39 38 38 38 39 40 41 42 41 40 37 34 30 27 24 23 22 24 27 3019 910QR11 2 429999999999999999999991933 22999999999999999999999
 34 36 38 38 38 37 37 37 37 38 40 41 42 41 40 37 33 29 26 23 22 23 25 2819 911QR 3 4 3812 3 4299999999999999 643 372012 2299999999999999
 32 35 37 38 37 36 35 35 35 36 38 40 42 42 41 39 36 32 28 24 23 22 23 2619 912QR 3 6 381254 4299999999999999 717 352046 2299999999999999
 30 34 36 37 37 36 34 33 33 33 35 37 40 42 42 41 38 34 30 26 23 22 22 2519 913QR 317 371339 4299999999999999 751 332117 2299999999999999
 29 32 35 37 37 35 33 31 30 31 32 34 37 40 42 41 40 36 32 28 25 23 22 2419 914QR 332 371421 4299999999999999 828 302145 2299999999999999
 27 31 34 36 37 36 33 31 29 28 29 30 34 37 40 41 40 38 34 30 26 24 23 2419 915QR 348 3715 3 4199999999999999 9 8 282211 2399999999999999
 26 30 34 36 37 36 34 31 28 27 26 27 30 34 37 40 40 39 36 32 29 26 25 2419 916QR 4 5 371546 4099999999999999 950 262236 2499999999999999
 26 29 33 36 37 37 35 32 29 26 25 25 27 30 34 37 39 39 37 35 31 28 27 2619 917QR 420 371632 39999999999999991033 252258 2699999999999999
 27 29 33 36 37 38 36 34 30 27 25 24 24 26 30 34 36 38 37 36 33 31 29 2819 918QR 435 381723 38999999999999991116 242316 2899999999999999
 29 30 33 36 38 38 38 35 32 28 25 24 23 24 26 30 33 35 36 36 35 33 31 3119 919QR 451 381822 369999999999999912 2 232325 3199999999999999
 31 32 34 36 38 39 39 37 34 31 27 25 23 23 24 26 29 32 34 35 35 34 33 3319 920QR 510 391933 35999999999999991251 232318 3399999999999999
 33 34 35 37 38 40 40 39 37 33 30 27 24 23 22 23 26 28 31 33 34 35 35 3519 921QR 534 409999999999999999999991348 22999999999999999999999
 35 35 36 37 39 40 40 40 39 36 33 30 27 24 22 22 23 25 27 30 32 34 35 3519 922QR 6 8 409999999999999999999991456 22999999999999999999999
 36 37 37 38 39 40 40 41 40 39 37 33 30 27 24 22 21 21 23 25 28 31 34 3519 923QR 7 3 419999999999999999999991615 21999999999999999999999
 36 37 38 38 38 39 39 40 41 41 40 38 35 31 27 24 21 20 20 21 24 28 31 3419 924QR 831 419999999999999999999991731 20999999999999999999999
 36 37 37 37 37 37 37 38 40 41 42 41 39 36 32 28 24 21 19 19 20 24 28 3219 925QR1010 429999999999999999999991835 18999999999999999999999
 35 36 37 37 36 35 35 35 37 39 41 43 43 41 37 33 28 23 20 18 18 20 24 2919 926QR 211 371133 4399999999999999 6 2 351931 1899999999999999
 33 36 37 36 35 34 32 32 32 34 38 41 44 44 42 39 34 28 23 19 18 18 21 2619 927QR 218 371242 4499999999999999 657 322021 1799999999999999
 31 35 37 37 35 33 30 29 28 29 32 36 41 44 45 43 39 34 28 23 20 19 20 2319 928QR 235 371346 4599999999999999 750 2821 7 1999999999999999
 29 34 37 38 36 34 30 27 25 25 26 30 35 41 44 45 43 39 34 28 24 21 21 2319 929QR 257 381448 4599999999999999 845 252149 2199999999999999
 27 32 37 39 38 36 32 27 24 22 21 23 28 34 40 43 44 43 39 34 29 26 24 2419 930QR 322 391552 4499999999999999 941 212229 2499999999999999
 27 31 36 39 40 39 35 30 25 21 19 19 22 27 33 38 42 43 41 38 34 30 28 271910 1QR 350 401657 43999999999999991036 1923 5 2799999999999999
 28 31 36 39 41 41 38 34 29 24 20 18 18 21 26 32 36 39 41 40 37 34 32 311910 2QR 419 4118 3 41999999999999991130 182338 3199999999999999
 31 32 36 39 41 42 41 38 33 28 23 20 18 18 21 26 30 34 37 38 38 36 35 341910 3QR 449 421913 38999999999999991225 18999999999999999999999
 34 34 36 39 41 42 42 40 37 32 28 24 21 19 19 22 25 29 32 35 36 37 36 361910 4QR 519 422046 3799999999999999 0 4 341323 192353 369999999
 36 36 37 38 40 41 42 41 39 36 32 28 25 22 21 21 22 25 28 31 33 35 36 371910 5QR 551 429999999999999999999991429 21999999999999999999999
 37 37 38 38 39 40 41 41 40 38 35 32 29 26 24 22 22 23 24 27 30 33 35 361910 6QR 628 419999999999999999999991547 22999999999999999999999
 37 38 38 38 38 39 39 39 39 39 37 35 32 30 27 25 23 22 23 24 27 30 32 351910 7QR 727 3999999999999999999999917 7 22999999999999999999999
 36 37 37 37 37 37 37 37 38 38 38 37 35 33 30 27 25 23 22 23 24 27 30 331910 8QR 9 7 389999999999999999999991810 22999999999999999999999
 35 36 36 36 35 35 34 35 35 36 37 37 36 35 33 30 27 24 23 22 23 25 28 311910 9QR 158 361046 3799999999999999 620 341857 2299999999999999
 33 35 35 35 34 33 32 32 32 34 35 36 37 36 35 32 29 26 24 22 22 24 26 29191010QR 156 351156 3799999999999999 651 321935 2299999999999999
 32 34 35 34 33 31 30 29 29 31 33 35 36 37 36 34 31 28 25 23 22 23 25 28191011QR 2 2 351251 3799999999999999 721 2920 7 2299999999999999
 31 34 35 34 33 30 28 27 27 27 29 32 35 37 37 36 33 30 27 24 23 23 24 27191012QR 213 351339 3799999999999999 752 272035 2399999999999999
 31 33 35 35 33 31 28 25 24 24 26 29 32 35 37 37 35 32 29 26 24 23 24 27191013QR 226 351425 3799999999999999 827 2421 2 2399999999999999
 30 33 35 35 34 31 28 25 23 22 23 25 29 33 36 37 37 35 32 28 26 25 25 27191014QR 240 351511 3799999999999999 9 3 222127 2599999999999999
 30 33 36 36 35 33 29 25 22 20 20 22 25 30 34 36 37 36 34 31 28 27 26 27191015QR 255 361558 3799999999999999 940 202152 2699999999999999
 30 33 36 37 37 35 31 27 23 20 19 19 22 26 31 34 36 37 36 33 31 29 28 29191016QR 311 371647 37999999999999991018 192214 2899999999999999
 30 33 36 38 38 37 34 29 25 21 19 18 19 22 27 31 34 36 36 35 33 31 31 31191017QR 330 381739 36999999999999991057 182230 3099999999999999
 31 33 36 39 39 38 36 32 27 23 20 18 18 19 23 27 31 34 35 36 35 33 32 32191018QR 352 391836 36999999999999991140 182235 3299999999999999
 33 34 36 39 40 39 38 35 30 26 22 19 18 18 20 23 27 31 33 35 35 34 34 34191019QR 418 401945 35999999999999991228 172230 3499999999999999
 34 35 36 38 39 40 39 37 33 29 25 21 19 18 18 20 23 26 29 32 33 34 34 34191020QR 449 409999999999999999999991324 18999999999999999999999
 35 35 36 37 38 39 39 38 36 33 29 25 22 19 18 18 19 22 25 28 31 33 34 34191021QR 530 399999999999999999999991431 18999999999999999999999
 35 35 36 36 37 38 38 38 37 36 33 29 26 22 20 18 18 19 21 24 27 30 32 33191022QR 637 389999999999999999999991548 18999999999999999999999
 34 34 35 34 35 35 36 36 37 37 36 33 30 27 23 20 18 17 18 20 23 27 30 32191023QR 824 3799999999999999999999917 4 17999999999999999999999
 33 34 33 33 32 32 32 33 34 36 37 36 35 32 28 24 21 18 17 18 20 24 28 31191024QR 057 341012 3799999999999999 5 9 3218 8 1799999999999999
 33 33 33 32 30 29 28 29 30 33 35 37 37 36 33 29 25 21 19 18 19 21 26 30191025QR 058 331138 3899999999999999 6 9 2819 2 1899999999999999
 32 34 33 31 29 27 25 24 25 27 31 35 38 38 37 34 30 26 22 20 19 21 24 28191026QR 112 341251 3899999999999999 7 2 241951 1999999999999999
 32 34 35 33 30 26 23 21 20 21 25 30 35 38 39 38 35 31 27 23 22 22 24 28191027QR 132 351359 3999999999999999 753 202034 2199999999999999
 32 35 36 35 32 28 23 19 17 17 18 23 29 34 38 39 38 36 32 28 25 24 25 27191028QR 157 3615 5 3999999999999999 844 172114 2499999999999999
 32 36 38 38 36 31 26 21 17 14 14 17 22 29 34 38 39 38 36 32 29 28 27 28191029QR 226 3816 8 3999999999999999 935 142152 2799999999999999
 32 36 39 40 39 35 30 24 19 15 13 13 16 22 28 34 37 38 38 35 33 31 30 30191030QR 256 4017 9 39999999999999991025 132225 3099999999999999
 32 35 39 41 41 39 35 29 23 18 14 13 13 17 23 28 33 36 37 37 35 34 33 32191031QR 328 411810 37999999999999991114 132253 3299999999999999
 33 35 38 41 42 41 38 33 28 22 18 15 14 15 18 23 28 32 35 36 36 35 34 341911 1QR 4 0 421915 369999999999999912 4 1423 8 3499999999999999
 34 35 37 39 41 41 39 36 32 27 22 19 16 15 17 20 24 27 31 33 35 35 35 351911 2QR 432 419999999999999999999991255 15999999999999999999999
 35 35 36 38 39 39 39 37 34 30 26 23 20 18 17 18 21 24 27 30 32 33 34 341911 3QR 5 5 399999999999999999999991351 17999999999999999999999
 34 35 35 36 37 37 37 37 35 32 29 26 23 21 19 19 19 21 24 26 29 31 32 331911 4QR 539 379999999999999999999991455 19999999999999999999999
 34 34 34 34 34 34 35 35 34 33 31 28 26 24 21 20 19 20 21 24 26 29 30 321911 5QR 630 3599999999999999999999916 6 19999999999999999999999
 32 33 32 32 32 32 32 32 32 32 31 30 28 26 24 22 20 20 20 22 24 26 29 301911 6QR 045 33 810 3299999999999999 511 3117 9 2099999999999999
 31 32 31 30 29 29 28 29 29 30 30 30 29 28 26 24 22 21 20 21 22 25 27 291911 7QR 040 321012 3099999999999999 6 4 281759 2099999999999999
 31 31 30 29 27 26 25 25 26 27 29 30 30 29 28 26 24 22 21 21 22 24 26 291911 8QR 045 311143 3099999999999999 638 251838 2199999999999999
 30 31 30 28 26 24 23 22 23 24 26 28 30 30 29 28 26 24 22 21 22 23 26 291911 9QR 054 311249 3099999999999999 7 9 221910 2199999999999999
 31 31 31 29 26 23 21 20 19 21 23 26 29 30 30 30 28 26 24 23 22 23 26 29191110QR 1 5 311345 3099999999999999 741 191940 2299999999999999
 31 32 32 30 27 24 20 18 17 17 20 23 27 30 31 31 30 28 26 24 24 24 26 29191111QR 118 321437 3199999999999999 814 1720 9 2499999999999999
 32 33 33 32 29 25 21 18 15 15 16 20 24 28 31 32 32 31 29 27 26 25 27 29191112QR 135 341525 3299999999999999 849 152037 2599999999999999
 32 34 35 34 31 28 23 18 15 13 14 16 20 25 29 32 33 33 31 29 28 27 28 29191113QR 155 351613 3399999999999999 925 1321 4 2799999999999999
 32 35 36 36 34 30 25 20 16 13 12 13 17 22 27 31 33 34 33 31 30 29 29 30191114QR 219 3717 0 349999999999999910 2 122129 2999999999999999
 32 35 37 38 36 33 29 23 18 14 12 11 13 17 23 28 31 33 34 33 31 30 30 31191115QR 246 381749 34999999999999991043 112147 3099999999999999
 32 34 37 38 38 36 32 27 21 16 13 11 11 14 18 23 28 31 33 33 32 31 31 31191116QR 318 381843 33999999999999991127 1122 1 3199999999999999
 32 33 36 38 38 37 35 31 25 20 15 12 11 12 14 19 23 27 30 31 32 31 31 31191117QR 354 381947 32999999999999991216 112212 3199999999999999
 32 33 34 36 37 37 36 33 29 24 19 15 13 11 12 15 18 22 26 29 30 31 31 31191118QR 435 389999999999999999999991311 11999999999999999999999
 31 31 32 33 35 36 36 34 32 28 23 19 16 13 12 13 15 18 22 25 28 29 30 30191119QR 529 369999999999999999999991413 12999999999999999999999
 30 30 30 30 31 32 33 34 33 31 27 24 20 17 14 13 13 15 18 21 25 27 29 29191120QR 644 342311 29999999999999991520 13999999999999999999999
 29 28 28 28 27 28 29 30 31 31 30 27 24 21 18 16 14 14 16 19 22 25 28 29191121QR 828 312327 2999999999999999 336 271627 1499999999999999
 29 28 27 25 24 24 24 25 27 29 30 30 28 26 22 20 17 16 16 18 20 24 27 29191122QR1015 302347 2999999999999999 5 3 241728 1699999999999999
 29 28 26 24 22 20 19 20 22 25 28 30 30 29 27 24 21 19 18 18 20 23 27 29191123QR1148 30999999999999999999999 6 6 191822 1899999999999999
 30 30 28 25 21 18 16 15 16 19 23 27 30 31 30 28 26 23 21 20 21 23 26 30191124QR 010 3013 9 3199999999999999 7 1 151910 2099999999999999
 32 32 31 27 23 19 15 12 12 13 17 22 27 30 32 31 30 27 25 24 23 24 27 30191125QR 037 321422 3299999999999999 752 121953 2399999999999999
 33 35 34 31 27 21 16 12 10  9 11 16 22 27 31 33 32 31 29 27 26 26 27 30191126QR 1 7 351527 3399999999999999 841  92032 2699999999999999
 34 36 37 35 31 26 20 14 10  8  8 11 16 22 28 31 33 33 31 30 28 28 28 30191127QR 141 371625 3399999999999999 928  821 7 2899999999999999
 33 36 38 38 35 30 24 18 13  9  7  8 12 17 23 28 32 33 33 32 30 29 29 30191128QR 217 381719 33999999999999991015  72137 2999999999999999
 32 35 38 39 37 34 29 23 17 12  9  8  9 13 19 24 29 32 33 32 31 30 30 30191129QR 253 391811 339999999999999911 0  822 2 3099999999999999
 32 34 36 38 38 36 33 27 21 16 12  9  9 11 15 20 25 28 31 32 31 30 30 30191130QR 330 3819 4 32999999999999991144  92220 3099999999999999
 31 32 34 36 37 36 34 30 25 20 16 12 10 11 13 16 21 25 28 29 30 30 29 291912 1QR 4 6 3720 3 30999999999999991229 102239 2999999999999999
 30 30 32 33 35 35 34 31 27 23 19 15 13 12 12 14 17 21 24 27 28 28 28 281912 2QR 441 359999999999999999999991314 12999999999999999999999
 28 29 29 30 31 32 32 30 28 25 21 18 15 14 13 14 16 18 21 24 26 27 27 271912 3QR 518 329999999999999999999991359 13999999999999999999999
 27 27 27 27 28 28 29 28 27 25 23 20 18 16 14 14 15 17 19 21 24 25 26 261912 4QR 6 1 292252 26999999999999991446 14999999999999999999999
 26 25 25 25 25 25 25 25 25 24 23 21 19 18 16 15 15 16 18 20 22 24 25 261912 5QR 711 2523 9 2699999999999999 343 241533 1599999999999999
 25 25 23 22 22 21 21 22 22 23 23 22 21 19 18 17 16 17 17 19 21 23 25 251912 6QR 912 232323 2699999999999999 519 211619 1699999999999999
 25 24 23 21 19 18 18 18 19 20 21 22 22 21 20 19 18 18 18 19 21 23 25 261912 7QR1121 222336 2699999999999999 6 9 1817 3 1899999999999999
 26 25 23 21 18 16 15 15 16 17 19 21 22 22 22 21 20 19 19 20 21 23 25 271912 8QR1254 222352 2799999999999999 646 151744 1999999999999999
 27 26 25 22 19 16 13 12 12 14 17 19 22 23 24 23 22 21 21 21 22 24 26 281912 9QR14 2 24999999999999999999999 721 121824 2199999999999999
 29 28 27 24 20 16 13 10 10 11 13 17 21 23 25 25 25 24 23 23 23 24 26 29191210QR 012 291456 2599999999999999 756 1019 4 2399999999999999
 30 31 29 26 22 18 13 10  8  8 10 14 18 22 25 27 27 26 25 24 24 25 27 29191211QR 038 311543 2799999999999999 832  81941 2499999999999999
 31 33 32 29 26 21 15 11  7  6  7 10 15 20 24 27 28 28 27 26 25 26 27 29191212QR 1 8 331626 2899999999999999 910  62016 2599999999999999
 31 34 34 32 29 24 19 13  8  5  5  6 11 16 21 25 28 29 28 27 26 26 27 28191213QR 143 3417 9 2999999999999999 951  52047 2699999999999999
 31 33 35 35 32 28 23 16 11  6  4  4  6 11 17 22 26 28 29 28 27 26 26 27191214QR 222 351753 29999999999999991034  42118 2699999999999999
 29 32 34 36 35 32 27 21 15  9  5  3  4  7 12 17 22 26 27 28 27 26 26 26191215QR 3 5 361839 28999999999999991120  32151 2699999999999999
 27 29 32 34 35 34 30 25 19 13  8  5  3  4  8 13 18 22 25 26 26 25 25 25191216QR 351 351927 269999999999999912 9  32234 2599999999999999
 25 26 28 31 33 33 32 28 23 18 12  8  5  4  5  9 13 18 21 24 25 25 24 23191217QR 442 332014 259999999999999913 1  42353 2399999999999999
 23 23 24 26 28 30 30 29 26 22 17 12  9  6  6  7 10 14 18 21 23 24 23 22191218QR 541 302059 24999999999999991353  6999999999999999999999
 22 21 21 22 23 25 27 27 26 24 21 17 13 10  9  8  9 12 16 19 22 23 23 22191219QR 656 272136 2399999999999999 146 211446  899999999999999
 21 20 19 18 18 19 21 23 24 24 23 20 17 15 13 11 11 12 15 18 21 23 24 23191220QR 833 2422 9 2499999999999999 322 181540 1199999999999999
 22 20 18 16 14 14 15 17 19 21 22 22 21 19 17 15 14 14 15 18 20 23 25 25191221QR1023 222241 2599999999999999 447 141633 1499999999999999
 24 21 19 16 13 11 10 11 13 16 19 21 22 22 21 19 18 17 17 18 21 23 26 27191222QR1212 222314 2799999999999999 559 101726 1799999999999999
 26 24 21 17 13 10  8  7  8 11 15 18 21 23 23 22 21 21 20 20 21 24 26 28191223QR1348 232350 2999999999999999 659  71816 2099999999999999
 29 28 25 21 16 12  8  5  4  6  9 14 19 22 24 25 24 23 23 22 23 24 26 29191224QR15 2 25999999999999999999999 751  419 2 2299999999999999
 31 31 29 25 20 15 10  6  3  3  5 10 15 20 23 25 26 25 25 24 24 24 26 29191225QR 029 311558 2699999999999999 839  31944 2499999999999999
 31 32 32 29 25 19 14  8  4  2  3  6 11 16 21 24 26 27 26 25 24 25 25 28191226QR 111 321642 2799999999999999 924  22021 2499999999999999
 30 33 33 32 29 24 18 12  7  4  2  3  7 12 18 22 25 27 26 25 25 24 25 26191227QR 153 331721 279999999999999910 7  22054 2499999999999999
 28 31 33 33 31 28 22 16 10  6  3  2  4  9 14 19 23 25 26 25 24 24 24 24191228QR 235 331758 26999999999999991048  22127 2499999999999999
 26 29 31 32 32 30 25 20 14  9  5  3  3  6 10 15 20 23 25 25 24 23 23 23191229QR 315 331834 25999999999999991127  322 0 2399999999999999
 24 26 28 30 31 30 27 22 17 12  8  5  4  5  8 12 16 20 22 23 23 22 21 21191230QR 353 311910 239999999999999912 4  42240 2199999999999999
 22 23 25 27 28 28 27 23 19 14 10  7  5  5  6  9 13 17 19 21 21 21 20 20191231QR 428 281950 21999999999999991240  52328 2099999999999999
