 14 11  8  5  3  1  0  1  3  5  7  9 10 11 10 10 10  9 10 11 13 15 16 1619 1 1S21317 112248 1699999999999999 557  01648  999999999999999
 15 13 10  7  3  0 -2 -3 -2  0  3  6  9 11 12 12 12 12 12 12 13 15 17 1719 1 2S215 7 122322 1899999999999999 652 -31741 1299999999999999
 17 16 13 10  6  1 -2 -4 -5 -3  0  3  7 10 12 14 14 14 13 13 14 15 17 1819 1 3S21558 14999999999999999999999 738 -51835 1399999999999999
 19 18 17 14  9  4  0 -4 -5 -5 -3  1  5  8 12 14 15 15 15 14 14 15 17 1919 1 4S2 0 2 191631 1599999999999999 820 -51923 1499999999999999
 20 20 19 17 13  8  3 -1 -5 -6 -5 -2  2  6 10 13 15 16 15 15 14 14 16 1819 1 5S2 045 201658 1699999999999999 9 1 -620 6 1499999999999999
 20 21 21 20 17 13  7  2 -3 -5 -6 -4  0  4  8 12 15 16 16 15 14 13 14 1619 1 6S2 129 211724 1699999999999999 941 -62047 1399999999999999
 18 20 21 21 19 16 11  5  0 -4 -6 -5 -3  1  5  9 13 15 16 15 13 12 12 1319 1 7S2 213 221750 16999999999999991020 -62127 1299999999999999
 16 18 20 21 20 17 13  8  2 -2 -5 -6 -5 -2  2  6 10 13 14 14 12 11 10 1119 1 8S2 256 211818 14999999999999991057 -622 4 1099999999999999
 12 15 17 19 19 18 15 10  5 -1 -5 -7 -7 -5 -1  3  7 10 12 13 11 10  8  819 1 9S2 335 191846 13999999999999991131 -72241  899999999999999
  9 11 13 16 17 16 14 11  6  1 -4 -7 -8 -7 -4 -1  3  7  9 11 10  8  7  619 110S2 412 171913 119999999999999912 2 -82317  699999999999999
  6  7  9 12 13 14 13 10  7  2 -3 -6 -8 -8 -6 -3  0  4  7  8  8  7  5  419 111S2 448 141939  8999999999999991229 -82355  399999999999999
  3  4  5  7  9 10 10  9  6  3 -1 -5 -7 -8 -7 -5 -2  1  4  6  7  6  4  319 112S2 527 1120 0  7999999999999991254 -8999999999999999999999
  2  1  2  3  5  6  7  7  5  3  0 -3 -6 -7 -6 -5 -3  0  3  5  6  5  4  219 113S2 614  72017  699999999999999 042  11315 -799999999999999
  1  0 -1  0  1  2  3  4  4  3  1 -1 -3 -4 -4 -4 -2  0  3  5  6  6  5  319 114S2 721  42034  699999999999999 148 -11336 -599999999999999
  1 -1 -2 -3 -2 -2  0  1  2  2  2  1  0 -1 -1 -1  0  2  4  6  7  8  7  519 115S2 9 2  22058  899999999999999 321 -31355 -199999999999999
  3  1 -2 -3 -5 -5 -4 -3 -1  1  2  3  3  2  2  2  3  4  6  7  9 10 10  919 116S22134 10999999999999999999999 447 -5999999999999999999999
  7  4  1 -2 -5 -6 -7 -6 -4 -1  1  3  5  6  6  6  6  7  8  9 11 12 13 1319 117S22221 13999999999999999999999 551 -7999999999999999999999
 12  9  5  1 -3 -6 -8 -9 -7 -5 -1  3  6  8  9 10 10 10 10 11 12 14 16 1719 118S22316 17999999999999999999999 646 -9999999999999999999999
 17 15 11  7  2 -3 -7-10-10 -8 -4  0  4  8 11 12 13 13 12 12 13 15 17 1919 119S216 4 13999999999999999999999 738-101834 1299999999999999
 20 20 17 14  8  2 -4 -8-11-11 -8 -4  1  6 11 13 15 15 14 13 13 14 16 1919 120S2 013 201632 1599999999999999 829-111939 1399999999999999
 21 23 22 20 15  9  2 -4 -9-11-11 -8 -3  3  8 13 15 16 16 14 13 13 14 1719 121S2 112 2317 3 1699999999999999 920-112035 1299999999999999
 20 23 24 24 21 16  9  2 -5 -9-11-10 -7 -1  5 10 14 16 17 15 13 11 11 1319 122S2 211 241734 179999999999999910 9-112127 1199999999999999
 16 20 23 24 24 21 15  8  1 -5-10-11 -9 -5  1  7 12 15 16 15 13 10  9  919 123S2 3 9 2418 5 16999999999999991057-112218  999999999999999
 11 15 19 22 23 22 19 14  7  0 -6 -9 -9 -7 -3  3  8 12 15 15 13 10  7  619 124S2 4 6 231835 15999999999999991141-1023 9  699999999999999
  7  9 13 16 19 20 19 16 11  5 -1 -5 -7 -7 -4  0  5 10 13 14 13 11  7  519 125S2 5 3 2019 4 14999999999999991221 -8999999999999999999999
  4  4  7 10 13 15 16 16 13  9  4 -1 -4 -5 -4 -1  4  8 11 13 13 11  8  519 126S2 6 3 161932 1399999999999999 0 5  41257 -599999999999999
  3  2  2  4  6  9 11 12 12 10  6  3  0 -1 -1  1  3  7 10 12 13 12 10  619 127S2 711 121958 1399999999999999 110  21327 -199999999999999
  3  1  0  0  1  3  5  7  8  8  7  5  4  3  2  3  5  7 10 12 13 13 11  919 128S2 837  82025 1399999999999999 231  01345  299999999999999
  6  3  0 -2 -2 -2  0  1  3  5  6  6  6  6  6  6  7  8 10 12 13 13 13 1119 129S22055 14999999999999999999999 4 6 -2999999999999999999999
  8  5  2 -1 -3 -4 -4 -3 -1  1  3  5  6  7  8  9  9 10 11 12 13 14 14 1319 130S22135 14999999999999999999999 532 -4999999999999999999999
 12  9  6  2 -1 -4 -5 -6 -4 -2  0  3  5  8  9 10 11 11 12 12 13 14 15 1519 131S22228 15999999999999999999999 638 -6999999999999999999999
 14 12  9  6  2 -2 -5 -7 -7 -5 -2  1  4  7  9 11 12 12 12 12 13 14 15 1619 2 1S22329 16999999999999999999999 731 -7999999999999999999999
 16 15 13 10  6  1 -3 -6 -7 -7 -5 -2  2  5  8 11 12 12 11 11 11 12 14 1519 2 2S21634 12999999999999999999999 815 -719 8 1199999999999999
 16 16 15 13  9  5  0 -4 -7 -8 -7 -4  0  3  7 10 11 12 11 10 10 10 11 1419 2 3S2 028 171640 1299999999999999 855 -81958 1099999999999999
 16 17 16 15 12  8  3 -2 -6 -8 -8 -6 -3  1  5  8 10 11 10  9  8  7  8 1019 2 4S2 122 171656 1199999999999999 932 -92040  799999999999999
 13 15 16 16 14 10  5  0 -5 -8-10 -9 -6 -2  2  6  8 10  9  8  6  5  5  719 2 5S2 211 161716 109999999999999910 7-102118  599999999999999
  9 12 14 15 14 12  7  2 -4 -8-10-11 -9 -5 -1  3  6  8  8  7  5  3  2  319 2 6S2 255 151739  9999999999999991039-112153  299999999999999
  5  8 11 13 13 12  9  4 -2 -7-11-12-11 -8 -4  0  4  6  7  6  4  1  0  019 2 7S2 335 1418 2  79999999999999911 9-122227  099999999999999
  2  4  7 10 11 11  9  5  0 -5-10-12-12-10 -7 -3  1  4  5  5  3  1 -2 -319 2 8S2 414 121822  6999999999999991135-1223 1 -399999999999999
 -2  0  3  6  9  9  8  6  1 -3 -8-11-12-11 -8 -4  0  3  4  4  3  0 -2 -419 2 9S2 452  91836  4999999999999991157-122336 -499999999999999
 -4 -3 -1  2  5  7  7  5  3 -1 -5 -9-10-10 -8 -5 -1  2  4  4  3  1 -2 -419 210S2 534  71846  4999999999999991215-10999999999999999999999
 -6 -5 -4 -1  1  3  5  4  3  0 -3 -6 -7 -7 -6 -3  0  3  4  5  4  2 -1 -319 211S2 622  51855  599999999999999 016 -61230 -799999999999999
 -6 -6 -6 -5 -2  0  2  3  3  2  0 -2 -4 -4 -3 -1  2  4  6  7  6  5  2 -119 212S2 727  319 9  799999999999999 1 7 -61241 -499999999999999
 -4 -6 -7 -7 -6 -4 -2  0  1  2  2  1  0  0  1  2  4  6  8  9  9  8  6  319 213S2 9 4  21935  999999999999999 219 -71243  099999999999999
  0 -3 -6 -7 -7 -7 -5 -3 -1  1  2  3  3  3  4  5  6  8 10 11 12 12 10  819 214S22019 12999999999999999999999 353 -7999999999999999999999
  5  1 -2 -5 -7 -8 -8 -7 -4 -1  1  4  5  6  7  8  9 10 11 12 13 14 14 1319 215S22125 14999999999999999999999 519 -8999999999999999999999
 10  7  3 -1 -5 -8-10 -9 -8 -5 -1  3  5  8  9 10 10 11 11 12 13 15 16 1719 216S22245 17999999999999999999999 627-10999999999999999999999
 15 13  9  5  0 -5 -9-11-11 -8 -5  0  4  8 10 12 12 11 11 11 12 14 16 1819 217S21550 12999999999999999999999 726-111828 1199999999999999
 19 18 15 11  6  0 -5-10-12-11 -9 -4  1  6  9 12 13 12 11 10  9 11 13 1619 218S2 0 1 1916 4 1399999999999999 820-121938  999999999999999
 19 20 19 17 13  7  0 -6-10-12-11 -8 -3  3  7 11 13 13 11  8  7  7  8 1219 219S2 113 201626 1399999999999999 910-122033  799999999999999
 15 19 21 20 18 13  7  0 -7-11-12-10 -6 -1  5  9 12 13 11  8  5  4  4  619 220S2 220 211651 1399999999999999 958-122124  399999999999999
 10 14 18 20 20 17 12  6 -1 -7-10-11 -9 -4  2  7 11 12 12  9  5  2  0  119 221S2 324 201718 12999999999999991041-112213  099999999999999
  4  8 13 17 19 18 16 11  4 -2 -7 -9 -8 -5 -1  5  9 12 12 10  6  2 -1 -219 222S2 424 191744 12999999999999991121 -923 3 -299999999999999
 -1  2  6 11 14 16 16 13  9  3 -2 -5 -6 -5 -1  3  8 11 12 11  8  4 -1 -319 223S2 524 1618 8 12999999999999991156 -62354 -499999999999999
 -4 -3  0  4  8 12 13 13 11  7  3 -1 -3 -2  0  3  7 10 12 12 10  6  2 -219 224S2 624 131831 12999999999999991224 -3999999999999999999999
 -4 -5 -4 -1  2  6  8 10 10  8  6  3  1  1  2  4  7 10 12 13 12  9  5  119 225S2 729 101851 1399999999999999 050 -51243  199999999999999
 -2 -5 -5 -4 -2  0  3  6  7  7  7  5  4  4  5  6  8 11 12 13 13 11  8  519 226S2 849  71912 1399999999999999 157 -51243  499999999999999
  1 -2 -4 -5 -5 -3 -1  1  3  5  6  6  6  7  7  8 10 11 13 13 14 13 11  819 227S21937 14999999999999999999999 320 -5999999999999999999999
  5  2 -1 -3 -5 -5 -4 -3 -1  2  4  5  7  8  9 10 11 11 12 13 13 13 12 1119 228S22019 13999999999999999999999 452 -5999999999999999999999
  8  6  3  0 -3 -5 -6 -5 -4 -1  1  4  6  8  9 10 11 11 11 12 12 13 13 1219 3 1S22136 13999999999999999999999 611 -6999999999999999999999
 11  9  6  3  0 -3 -5 -6 -6 -4 -2  1  4  7  9 10 10 10 10 10 10 11 12 1219 3 2S223 8 12999999999999999999999 710 -6999999999999999999999
 12 11  9  6  3 -1 -4 -7 -7 -6 -4 -1  2  5  7  9  9  9  8  7  7  8 10 1119 3 3S21549  9999999999999999999999 756 -71928  799999999999999
 12 12 11  9  5  1 -3 -6 -8 -8 -7 -4  0  3  6  8  8  7  6  5  4  5  6  819 3 4S2 025 121555  899999999999999 835 -920 3  499999999999999
 10 11 11 10  7  3 -1 -6 -9-10 -9 -7 -3  0  4  6  7  6  5  3  1  1  2  519 3 5S2 126 1216 9  799999999999999 910-102036  199999999999999
  8 10 11 11  9  5  1 -4 -8-11-11 -9 -6 -2  1  4  6  6  4  1 -1 -2 -1  119 3 6S2 216 111628  699999999999999 942-1121 8 -299999999999999
  4  7  9 10  9  7  3 -2 -7-11-12-11 -9 -5 -1  2  4  5  3  1 -2 -4 -5 -319 3 7S2 3 0 101647  5999999999999991012-122139 -599999999999999
  0  3  7  9  9  8  5  0 -5 -9-12-12-10 -7 -3  1  3  4  3  1 -3 -6 -7 -619 3 8S2 342  917 5  4999999999999991040-122211 -799999999999999
 -4  0  3  7  8  8  6  2 -2 -7-10-11-10 -8 -4  0  2  4  3  1 -2 -6 -8 -919 3 9S2 423  81717  49999999999999911 4-112243 -999999999999999
 -7 -4  0  4  6  7  7  4  1 -4 -7 -9 -9 -7 -4  0  3  4  4  2 -1 -5 -8-1019 310S2 5 6  71725  4999999999999991123 -92318-1099999999999999
 -9 -7 -4  0  4  6  7  6  3  0 -4 -6 -6 -5 -2  1  4  6  6  4  1 -2 -6 -919 311S2 552  71733  6999999999999991139 -62356-1099999999999999
-10 -9 -7 -3  1  4  5  6  5  3  0 -2 -2 -2  1  3  6  8  8  7  4  1 -3 -719 312S2 646  61744  8999999999999991152 -2999999999999999999999
 -9 -9 -8 -6 -3  0  3  5  5  5  3  2  1  2  4  6  8 10 11 10  8  5  1 -319 313S2 756  518 2 1199999999999999 043-1012 0  199999999999999
 -7 -8 -9 -8 -6 -3  0  2  4  5  5  5  5  5  6  8 10 12 13 13 12  9  6  219 314S21829 13999999999999999999999 145 -9999999999999999999999
 -2 -5 -7 -8 -8 -6 -4 -1  2  4  6  6  7  8  9 10 11 13 14 14 14 13 10  719 315S21914 14999999999999999999999 310 -8999999999999999999999
  3  0 -4 -6 -8 -8 -7 -5 -2  1  4  6  8  9 10 11 11 12 13 14 14 15 14 1219 316S22040 15999999999999999999999 444 -8999999999999999999999
  9  5  2 -2 -5 -8 -9 -8 -6 -2  2  5  8 10 11 11 11 11 11 12 13 14 15 1519 317S22231 15999999999999999999999 6 3 -9999999999999999999999
 14 11  8  4 -1 -5 -8 -9 -9 -6 -2  2  6  9 11 11 11 10  8  8  9 11 13 1519 318S21458 11999999999999999999999 7 7 -91849  899999999999999
 16 15 13 10  5  0 -5 -8-10 -9 -5 -1  4  7 10 11 11  9  6  5  4  6  8 1219 319S2 0 6 161512 1199999999999999 8 2-101944  499999999999999
 15 16 16 14 11  6  0 -5 -8 -9 -8 -4  1  5  9 11 11  9  6  3  1  1  3  619 320S2 127 171533 1199999999999999 851 -92032  099999999999999
 11 14 17 17 15 11  6  0 -5 -8 -8 -6 -2  3  8 10 11 10  7  2 -1 -3 -3  019 321S2 239 171556 1199999999999999 936 -82118 -399999999999999
  4 10 14 16 17 15 11  6  0 -4 -6 -6 -3  2  6 10 12 11  9  4 -1 -5 -6 -519 322S2 345 171621 12999999999999991018 -622 5 -699999999999999
 -2  3  9 13 16 16 15 11  5  1 -3 -4 -2  1  6 10 12 13 11  7  1 -4 -7 -819 323S2 446 161645 13999999999999991054 -42251 -899999999999999
 -6 -3  3  8 12 15 15 13 10  5  2  0  0  2  6 10 13 14 13 10  5 -1 -5 -819 324S2 544 1517 7 14999999999999991126  02339 -999999999999999
 -8 -6 -3  2  7 11 13 14 12  9  6  4  3  4  7 10 13 15 15 13  9  4 -2 -619 325S2 642 141728 15999999999999991150  3999999999999999999999
 -8 -8 -6 -2  2  6 10 12 12 11  9  7  6  7  8 11 13 15 15 14 12  8  3 -219 326S2 744 121748 1699999999999999 029 -812 4  699999999999999
 -5 -6 -6 -4 -1  2  5  8 10 10 10  9  9  9 10 12 13 15 16 15 13 11  7  319 327S2 858 1018 6 1699999999999999 125 -612 3  999999999999999
 -1 -3 -4 -5 -3 -1  2  4  7  8  9 10 10 10 11 12 13 14 15 15 14 12  9  619 328S21826 15999999999999999999999 233 -5999999999999999999999
  3  0 -2 -3 -4 -3 -1  1  3  5  7  9 10 10 11 12 12 13 13 13 13 12 11  919 329S21853 13999999999999999999999 357 -4999999999999999999999
  6  4  1 -1 -3 -3 -3 -2  0  2  5  7  8 10 10 11 11 11 11 11 11 11 10  919 330S218 1 11999999999999999999999 521 -3999999999999999999999
  8  6  4  1 -1 -3 -4 -4 -3 -1  2  4  7  8  9  9  9  8  8  7  7  8  9  919 331S21446  92253  999999999999999 628 -419 5  799999999999999
  8  7  6  3  1 -2 -4 -5 -5 -4 -1  2  4  6  8  8  7  6  4  4  4  4  6  719 4 1S21444  8999999999999999999999 718 -61931  399999999999999
  8  8  7  5  2 -1 -4 -6 -7 -6 -4 -1  2  4  6  7  6  4  2  0  0  0  2  519 4 2S2 025  81454  799999999999999 758 -71956  099999999999999
  6  7  7  6  4  1 -3 -6 -8 -8 -6 -3  0  3  5  5  5  3  0 -2 -4 -3 -2  119 4 3S2 129  815 8  599999999999999 833 -82022 -499999999999999
  4  6  7  7  6  3 -1 -5 -7 -8 -8 -5 -2  1  3  5  4  3  0 -4 -6 -7 -5 -319 4 4S2 221  81524  599999999999999 9 5 -92050 -799999999999999
  1  5  7  8  7  5  1 -3 -6 -8 -8 -6 -3  0  3  4  5  3  0 -4 -7 -9 -8 -619 4 5S2 3 8  81539  599999999999999 935 -82120 -999999999999999
 -2  2  5  8  8  7  5  1 -3 -6 -7 -6 -4  0  3  5  5  4  2 -2 -7 -9-10 -919 4 6S2 354  81551  59999999999999910 3 -72152-1099999999999999
 -6 -1  3  7  9  9  8  5  1 -2 -4 -4 -2  0  4  6  7  6  4  0 -5 -9-11-1119 4 7S2 440  916 2  7999999999999991027 -42225-1199999999999999
 -8 -4  0  5  8 10 10  8  5  2 -1 -1  0  2  5  8  9  9  7  3 -2 -6-10-1119 4 8S2 529 101615  9999999999999991048 -123 1-1199999999999999
-10 -7 -3  2  6  9 11 10  9  6  4  3  3  5  8 10 12 12 10  7  2 -3 -7-1019 4 9S2 620 111630 129999999999999911 6  32342-1099999999999999
-10 -9 -5 -1  3  7 10 11 11  9  7  6  7  8 10 13 14 15 14 11  7  2 -3 -719 410S2 719 111650 15999999999999991121  6999999999999999999999
 -9 -9 -7 -4  0  4  8 10 11 11 10  9  9 10 12 14 16 17 17 14 11  7  2 -219 411S2 829 111714 1799999999999999 029 -91133  999999999999999
 -6 -7 -7 -6 -3  1  4  7 10 11 12 11 11 12 13 15 16 17 18 17 15 11  7  319 412S21745 18999999999999999999999 127 -8999999999999999999999
 -1 -4 -6 -6 -5 -3  0  4  7 10 11 12 13 13 14 14 15 16 17 17 16 14 11  819 413S21833 17999999999999999999999 242 -6999999999999999999999
  4  1 -2 -4 -5 -5 -3  0  3  7 10 12 13 13 13 13 13 14 14 15 15 15 14 1219 414S22023 15999999999999999999999 410 -5999999999999999999999
  9  6  3  0 -3 -4 -4 -3  0  4  7 10 12 13 13 12 11 10 10 10 11 13 14 1419 415S21336 132238 1499999999999999 530 -518 3 1099999999999999
 13 11  8  5  1 -2 -4 -4 -3  0  4  8 11 12 13 12 10  8  6  6  6  8 11 1319 416S21348 13999999999999999999999 636 -41857  699999999999999
 14 14 13 10  6  2 -1 -3 -3 -1  2  6  9 12 13 12 10  7  3  1  1  2  6  919 417S2 025 1414 6 1399999999999999 733 -31941  199999999999999
 13 15 15 14 12  8  3  0 -2 -1  1  4  8 11 13 13 11  7  3 -1 -3 -3  0  419 418S2 152 151428 1399999999999999 822 -22025 -399999999999999
  9 13 15 16 16 13  9  5  2  0  1  4  8 11 14 14 13 10  5 -1 -4 -6 -5 -219 419S2 3 4 161451 1499999999999999 9 6  021 8 -699999999999999
  3  9 13 16 17 17 14 10  6  4  3  5  8 11 14 16 15 13  8  2 -3 -7 -8 -619 420S2 4 8 171516 1699999999999999 946  32153 -899999999999999
 -2  3  9 14 17 18 17 14 11  8  6  7  9 12 15 17 18 16 12  7  1 -5 -8 -819 421S2 5 6 181542 18999999999999991021  62237 -899999999999999
 -6 -1  4 10 14 17 18 17 15 12 10  9 10 13 16 18 19 19 16 11  6  0 -5 -719 422S2 6 1 1816 7 19999999999999991051  92323 -799999999999999
 -7 -4  0  6 11 15 17 18 17 15 13 12 12 14 16 19 20 20 19 15 10  5 -1 -419 423S2 654 181632 20999999999999991116 12999999999999999999999
 -5 -5 -2  2  7 11 15 17 17 16 15 14 14 15 16 18 20 21 20 18 14  9  4  019 424S2 749 171656 2199999999999999 0 9 -51134 1499999999999999
 -3 -3 -2  0  4  8 11 14 16 16 16 15 15 15 16 18 19 20 20 18 16 12  8  419 425S2 850 161718 2099999999999999 058 -31146 1599999999999999
  1 -1 -1 -1  1  4  8 10 13 14 15 15 15 15 15 16 17 18 18 17 16 13 10  719 426S21740 18999999999999999999999 153 -1999999999999999999999
  4  2  0  0  0  2  4  7  9 12 13 14 14 14 14 14 14 15 15 15 14 13 11  919 427S21759 15999999999999999999999 258  0999999999999999999999
  6  4  2  1  0  0  2  4  6  8 10 12 12 13 12 12 12 11 11 11 11 11 10  919 428S21311 13999999999999999999999 411  0999999999999999999999
  7  5  4  2  0  0  0  1  3  5  8  9 11 11 11 10  9  8  7  7  7  8  8  819 429S21311 112226  899999999999999 520  01848  799999999999999
  8  7  5  3  1  0 -1 -1  0  3  5  7  9 10  9  8  7  5  3  3  3  4  6  719 430S21323 10999999999999999999999 616 -119 9  399999999999999
  7  7  6  5  2  0 -1 -2 -1  1  3  5  7  8  9  8  5  3  1 -1 -1  1  3  519 5 1S2 010  71336  999999999999999 7 0 -21932 -199999999999999
  7  8  8  6  5  2  0 -1 -2 -1  2  4  7  8  8  7  5  2 -1 -3 -4 -3 -1  319 5 2S2 125  81348  899999999999999 739 -21957 -499999999999999
  6  8  9  9  7  5  2  0 -1  0  1  4  6  8  9  8  6  3 -1 -4 -6 -6 -4  019 5 3S2 224  914 0  999999999999999 813 -12025 -699999999999999
  4  7  9 10 10  9  6  3  2  1  2  4  7  9 10 10  8  5  1 -3 -6 -7 -6 -319 5 4S2 318 101414 1099999999999999 846  12056 -799999999999999
  1  6  9 12 13 12 10  7  5  4  4  6  9 11 13 13 11  8  4 -1 -5 -8 -8 -519 5 5S2 4 9 131433 1399999999999999 916  42131 -899999999999999
 -1  4  8 12 14 15 14 12 10  8  7  8 11 13 15 16 15 12  8  3 -2 -6 -8 -719 5 6S2 5 0 151455 1699999999999999 944  722 9 -899999999999999
 -4  1  6 11 15 17 17 16 14 12 11 11 13 15 18 19 19 17 13  8  2 -3 -6 -719 5 7S2 551 171520 19999999999999991010 112250 -799999999999999
 -5 -2  3  8 13 16 18 19 18 16 14 14 15 17 20 22 22 21 18 13  8  2 -3 -519 5 8S2 643 191547 22999999999999991034 142335 -699999999999999
 -6 -4  0  5 10 15 18 19 20 19 17 17 17 19 21 23 24 24 22 18 13  7  2 -219 5 9S2 737 201617 24999999999999991059 17999999999999999999999
 -4 -4 -2  2  7 11 15 18 20 20 19 18 18 19 21 23 24 25 24 21 17 12  7  319 510S2 836 201651 2599999999999999 024 -41125 1899999999999999
 -1 -2 -2  0  3  7 12 15 18 19 20 19 19 19 20 21 22 23 23 22 20 16 12  819 511S2 942 201733 2499999999999999 119 -212 1 1999999999999999
  4  1  0  0  1  4  8 12 15 18 19 19 19 18 18 19 19 20 21 21 20 18 16 1219 512S21047 191838 2199999999999999 224 -11325 1899999999999999
  9  5  3  2  1  3  5  8 12 15 17 18 18 18 17 16 16 16 16 17 18 18 17 1519 513S21134 192046 1899999999999999 337  11641 1699999999999999
 13 10  8  5  4  3  4  6  9 13 16 17 18 18 16 15 13 12 11 12 13 15 16 1619 514S212 4 1823 0 1699999999999999 450  31759 1199999999999999
 16 14 12 10  7  6  5  6  8 11 14 17 18 18 17 14 11  9  7  6  7 10 13 1519 515S21229 18999999999999999999999 556  51848  699999999999999
 17 17 16 15 12 10  8  7  8 10 14 17 18 19 18 16 12  8  4  2  2  4  8 1219 516S2 053 171253 1999999999999999 653  71931  299999999999999
 15 17 19 18 17 14 12 10 10 11 14 17 19 20 20 18 14 10  5  1 -1  0  3  719 517S2 222 191317 2199999999999999 742 102014 -199999999999999
 12 16 19 21 21 19 17 14 13 13 15 17 20 22 23 21 18 13  8  3 -1 -2 -1  319 518S2 331 211345 2399999999999999 826 132057 -299999999999999
  8 13 18 21 23 23 21 19 17 16 16 18 21 24 25 24 22 18 12  6  1 -2 -2  019 519S2 430 231415 2599999999999999 9 5 162141 -299999999999999
  4 10 15 19 23 24 24 22 20 19 19 20 22 24 26 27 26 23 18 12  6  1 -1 -119 520S2 522 241447 2799999999999999 940 182225 -199999999999999
  2  6 12 17 21 24 25 25 23 21 20 21 22 25 27 28 28 26 22 17 11  5  2  019 521S2 610 251520 28999999999999991012 2023 9  099999999999999
  1  4  9 14 18 22 25 25 25 23 22 22 22 24 26 28 29 28 25 21 16 10  6  319 522S2 655 251553 29999999999999991041 212354  299999999999999
  2  3  6 11 15 19 22 24 25 24 22 22 22 23 25 27 28 28 26 23 19 14  9  619 523S2 739 251625 289999999999999911 9 22999999999999999999999
  4  3  5  8 12 16 19 22 23 23 22 21 21 22 23 24 26 26 25 24 21 17 12  819 524S2 823 231655 2699999999999999 037  31140 2199999999999999
  6  5  5  6  9 13 16 19 21 22 21 21 20 20 21 21 22 23 23 22 20 17 14 1119 525S2 910 221727 2399999999999999 122  41222 2099999999999999
  8  6  5  6  7 10 13 15 18 19 20 19 19 18 18 18 19 19 19 19 18 17 14 1219 526S2 958 2018 7 1999999999999999 2 8  51356 1899999999999999
  9  7  6  5  6  7 10 12 15 16 18 18 17 17 16 15 15 15 15 15 15 15 14 1219 527S21044 18999999999999999999999 258  5999999999999999999999
 10  8  7  6  6  6  8 10 12 14 16 16 16 15 14 13 12 11 11 11 12 12 13 1219 528S21119 162145 1399999999999999 352  61752 1199999999999999
 11 10  8  7  6  6  7  8 10 12 14 15 15 15 14 12 10  8  7  7  8 10 11 1219 529S21142 162336 1299999999999999 446  61825  799999999999999
 12 11 10  9  8  7  7  8 10 12 14 15 16 15 14 12  9  6  5  4  5  7  9 1119 530S21159 16999999999999999999999 536  71854  499999999999999
 13 13 13 12 11 10  9  9 10 12 14 16 17 17 15 13 10  6  3  2  2  4  7 1019 531S2 113 131215 1799999999999999 621  91924  299999999999999
 13 15 15 15 15 13 12 11 12 13 15 18 19 19 18 16 12  8  4  1  0  2  4  819 6 1S2 229 161236 1999999999999999 7 2 111957  099999999999999
 12 15 18 19 19 18 16 15 15 15 17 20 22 22 22 20 16 12  7  3  0  0  2  619 6 2S2 330 1913 2 2299999999999999 741 152034  099999999999999
 10 15 18 21 22 22 21 19 18 18 20 22 24 26 26 24 21 17 11  6  2  0  1  319 6 3S2 423 221334 2699999999999999 818 182115  099999999999999
  8 13 18 22 24 25 25 23 22 21 22 24 26 28 30 29 26 22 17 11  5  2  0  219 6 4S2 513 2514 9 3099999999999999 855 212159  099999999999999
  5 10 16 21 24 27 28 27 25 24 24 25 27 30 32 33 31 28 23 17 11  5  2  119 6 5S2 6 0 281448 3399999999999999 932 242246  199999999999999
  3  7 12 18 23 26 29 29 28 27 26 26 28 30 33 34 34 32 28 23 17 11  6  319 6 6S2 645 291528 349999999999999910 8 262334  399999999999999
  3  5  9 14 20 24 28 29 29 28 27 27 27 29 31 34 35 34 32 28 22 16 10  619 6 7S2 730 301611 35999999999999991048 27999999999999999999999
  4  4  7 11 16 21 25 28 29 29 28 27 26 27 29 31 33 33 33 30 26 21 16 1119 6 8S2 814 291658 3399999999999999 023  41133 2699999999999999
  7  6  7  9 13 17 22 25 28 28 28 26 26 25 26 27 29 30 31 30 28 25 20 1619 6 9S2 857 281755 3199999999999999 114  61237 2599999999999999
 12  9  8  9 11 15 19 23 26 27 27 26 25 24 23 23 24 25 26 27 27 26 23 2019 610S2 937 271917 2799999999999999 2 7  81423 2399999999999999
 17 14 12 11 12 14 17 20 24 26 27 27 25 23 22 20 20 20 21 22 23 24 24 2319 611S21014 272116 2499999999999999 3 3 111621 2099999999999999
 21 18 16 15 14 15 17 19 22 25 27 27 26 24 22 19 17 16 16 17 18 20 22 2319 612S21046 272326 2399999999999999 4 2 141738 1599999999999999
 23 22 21 19 18 18 18 20 22 25 27 28 28 26 23 20 16 14 12 12 13 16 19 2219 613S21116 28999999999999999999999 5 2 181833 1299999999999999
 23 24 24 24 22 21 21 21 23 25 28 29 30 29 26 23 18 14 11  9  9 12 15 1919 614S2 132 241145 3099999999999999 557 211919  999999999999999
 22 25 26 27 26 25 24 24 25 27 29 31 32 32 30 27 22 17 12  9  8  9 12 1619 615S2 258 271216 3299999999999999 648 2420 4  899999999999999
 20 24 27 29 29 29 28 27 27 28 30 32 34 34 33 31 27 22 16 11  8  8  9 1319 616S2 359 291251 3499999999999999 732 272048  899999999999999
 17 22 26 29 31 32 31 30 29 29 31 33 35 36 36 35 32 27 21 15 11  9  8 1119 617S2 448 321329 3799999999999999 813 292132  899999999999999
 15 19 24 28 31 33 33 32 31 30 31 33 35 37 38 37 35 32 27 21 15 11  9 1019 618S2 529 331410 3899999999999999 853 302216  999999999999999
 13 17 22 26 30 33 34 33 32 31 31 32 34 36 38 39 38 35 31 25 19 15 11 1019 619S2 6 6 341451 3999999999999999 931 312259 1099999999999999
 11 15 19 23 28 31 33 33 32 31 30 31 32 34 36 38 38 36 33 29 23 18 14 1119 620S2 640 331532 389999999999999910 9 302340 1199999999999999
 11 13 16 20 25 28 31 32 32 31 29 29 30 31 33 35 36 36 34 31 26 21 16 1319 621S2 713 321611 36999999999999991048 29999999999999999999999
 12 12 14 17 22 25 28 30 31 30 28 27 28 28 30 32 33 34 33 31 27 23 18 1419 622S2 746 311649 3499999999999999 019 111129 2799999999999999
 12 12 13 15 18 22 25 28 29 29 27 26 25 26 26 28 29 30 30 29 27 23 20 1619 623S2 819 291728 3099999999999999 054 121216 2599999999999999
 13 12 12 13 16 19 22 25 26 27 26 25 24 23 23 24 25 26 26 26 25 23 20 1719 624S2 851 271815 2699999999999999 126 121322 2399999999999999
 15 13 12 13 15 17 20 23 24 25 25 24 23 22 21 21 21 22 22 23 23 22 21 1819 625S2 921 251927 2399999999999999 157 1215 3 2199999999999999
 16 15 14 14 15 16 19 21 23 24 25 24 23 21 20 19 18 18 18 19 20 21 21 2019 626S2 946 252110 2199999999999999 228 141631 1899999999999999
 18 17 16 16 16 17 19 21 23 24 25 25 23 22 20 18 16 15 15 16 18 19 20 2119 627S210 8 2523 2 2199999999999999 3 3 161728 1599999999999999
 20 20 19 18 18 19 20 22 24 25 27 27 25 24 21 18 16 14 13 13 15 17 19 2119 628S21031 27999999999999999999999 345 181811 1399999999999999
 22 23 23 22 22 22 22 23 25 27 29 29 29 27 24 21 17 14 12 11 12 15 18 2119 629S2 116 231059 2999999999999999 437 221851 1199999999999999
 23 25 26 26 26 25 25 26 27 29 31 33 33 31 29 25 21 16 12 10 10 12 15 2019 630S2 253 261133 3399999999999999 535 251933 1099999999999999
 23 26 28 30 30 29 29 29 30 31 33 36 37 36 34 30 26 21 16 12 10 10 13 1719 7 1S2 348 301213 3799999999999999 631 292017 1099999999999999
 22 26 30 32 33 33 32 32 32 33 35 37 39 40 39 36 32 27 21 15 11 10 11 1419 7 2S2 432 331258 4099999999999999 724 3221 5 1099999999999999
 19 24 29 32 35 36 36 34 34 34 35 38 40 43 43 42 38 33 27 21 15 11 10 1219 7 3S2 512 361346 4399999999999999 815 342153 1099999999999999
 16 21 26 31 35 37 38 37 35 35 35 37 40 43 45 45 43 39 34 27 20 15 11 1119 7 4S2 549 381436 4599999999999999 9 4 352242 1199999999999999
 13 17 23 28 33 36 38 38 37 35 34 35 37 40 43 45 45 43 39 33 26 20 15 1219 7 5S2 625 381528 4599999999999999 953 342330 1299999999999999
 12 15 19 25 30 34 37 38 37 36 34 34 35 37 40 43 44 44 42 38 32 26 20 1519 7 6S2 7 0 381621 44999999999999991044 34999999999999999999999
 14 14 17 22 27 32 35 37 38 36 34 32 32 33 35 38 40 42 41 39 36 30 25 2019 7 7S2 733 381719 4299999999999999 016 131141 3299999999999999
 17 16 17 20 24 29 33 36 37 36 34 32 30 30 31 32 35 37 38 38 36 33 29 2519 7 8S2 8 6 371826 3899999999999999 1 0 161250 3099999999999999
 21 19 19 20 23 27 31 34 36 36 35 33 30 29 28 28 29 31 33 34 34 34 32 2919 7 9S2 838 371952 3499999999999999 142 191419 2899999999999999
 26 24 23 23 24 27 30 34 36 37 36 34 32 29 27 25 25 25 27 29 31 32 32 3119 710S2 9 9 372142 3299999999999999 222 231556 2599999999999999
 30 28 27 27 27 29 31 34 36 37 38 36 34 31 28 25 23 22 22 24 26 28 30 3119 711S2 940 38999999999999999999999 3 1 271716 2299999999999999
 32 32 31 31 31 31 32 34 37 38 39 39 37 34 31 27 23 21 19 20 22 24 27 3019 712S2 010 321013 3999999999999999 341 311818 1999999999999999
 32 33 34 34 34 34 35 36 38 39 41 41 40 38 35 31 26 22 19 18 19 21 24 2819 713S21050 419999999999999999999991910 18999999999999999999999
 31 34 36 37 37 37 37 37 39 40 42 43 43 42 39 36 31 26 21 19 18 19 22 2519 714S21131 439999999999999999999991957 18999999999999999999999
 29 33 36 38 39 39 39 39 39 40 42 44 45 45 43 40 36 30 25 21 18 18 20 2319 715S21216 459999999999999999999992042 18999999999999999999999
 27 31 35 38 40 40 40 39 39 40 42 44 46 46 46 44 40 35 30 24 21 19 19 2119 716S2 453 4013 4 4699999999999999 731 392125 1899999999999999
 25 29 33 37 39 40 40 39 39 39 40 42 44 46 47 46 43 39 34 28 23 20 19 2019 717S2 518 411351 4799999999999999 820 3922 7 1999999999999999
 22 26 31 35 38 40 40 39 38 37 38 39 42 44 46 46 45 42 37 32 26 22 19 1919 718S2 542 401438 4699999999999999 9 5 372246 1999999999999999
 20 24 28 32 36 38 39 39 37 36 36 36 38 41 43 44 44 43 39 35 29 24 20 1819 719S2 6 8 391522 4599999999999999 948 362321 1899999999999999
 19 21 25 29 33 36 38 38 37 35 34 34 35 37 39 41 42 42 40 36 31 26 21 1919 720S2 635 3816 4 42999999999999991030 332353 1899999999999999
 18 19 22 26 30 33 36 36 36 34 32 31 32 33 35 37 39 39 38 36 32 27 23 2019 721S2 7 1 361644 39999999999999991112 31999999999999999999999
 18 18 20 24 27 31 33 35 35 33 31 30 29 30 31 33 35 36 36 35 32 28 24 2119 722S2 726 351726 3699999999999999 021 181156 2999999999999999
 19 19 20 22 25 29 32 33 34 33 31 29 28 27 28 29 31 32 33 33 31 29 26 2319 723S2 749 341815 3399999999999999 045 191247 2799999999999999
 21 20 21 22 25 28 31 32 33 33 31 29 27 26 26 26 27 28 30 31 30 29 28 2519 724S2 8 7 331921 3199999999999999 1 5 201354 2699999999999999
 23 22 23 24 26 28 31 33 33 33 32 30 28 26 25 24 24 25 26 28 29 29 29 2819 725S2 823 342055 2999999999999999 122 221517 2499999999999999
 26 26 26 26 28 30 32 34 35 35 34 32 30 27 25 23 22 22 23 25 27 28 29 3019 726S2 844 35999999999999999999999 136 251633 2299999999999999
 29 29 29 29 30 32 34 35 37 38 37 36 34 31 27 24 22 21 21 22 24 27 29 3119 727S2 915 389999999999999999999991733 21999999999999999999999
 32 32 33 33 34 34 36 37 39 41 41 40 38 35 31 28 24 21 19 20 21 24 28 3119 728S2 956 419999999999999999999991825 19999999999999999999999
 33 35 36 36 37 37 38 39 41 43 44 44 43 41 37 33 28 23 20 18 19 21 25 2919 729S21047 449999999999999999999991915 18999999999999999999999
 33 36 38 39 40 39 39 40 41 43 46 47 48 46 43 39 33 28 23 19 18 19 22 2619 730S21142 4899999999999999999999920 4 18999999999999999999999
 31 35 38 41 42 42 41 41 41 43 45 48 50 50 48 45 40 34 27 22 18 17 19 2319 731S2 423 421239 5099999999999999 653 412054 1799999999999999
 28 33 37 41 43 43 42 41 41 41 43 46 49 51 52 50 46 41 34 27 21 18 17 2019 8 1S2 448 431337 5299999999999999 756 412143 1799999999999999
 24 29 35 39 42 44 43 42 40 39 40 43 46 50 52 52 50 46 40 33 26 21 18 1819 8 2S2 517 441436 5299999999999999 852 392231 1899999999999999
 21 26 31 37 41 43 44 42 40 38 38 39 41 45 49 51 51 49 45 39 32 26 21 1919 8 3S2 546 441536 5199999999999999 947 382316 1999999999999999
 20 23 28 34 39 42 44 43 41 38 36 35 37 40 43 47 49 49 47 44 38 32 26 2319 8 4S2 615 441637 49999999999999991043 352357 2199999999999999
 22 23 26 31 36 41 43 43 42 39 35 33 33 34 37 41 44 46 46 45 41 37 31 2719 8 5S2 643 441741 46999999999999991141 33999999999999999999999
 25 25 27 30 35 39 42 44 43 40 37 34 32 31 32 35 38 40 42 43 42 39 36 3219 8 6S2 711 441853 4399999999999999 034 251247 3199999999999999
 30 29 29 31 35 39 42 44 44 42 39 36 32 30 30 30 32 34 37 39 40 40 38 3619 8 7S2 738 442019 4099999999999999 1 6 2914 5 3099999999999999
 34 33 33 34 36 39 42 44 45 44 42 39 35 32 30 28 28 29 31 34 36 38 38 3819 8 8S2 8 7 452211 3899999999999999 131 331533 2899999999999999
 37 37 37 37 38 40 43 45 46 46 45 42 39 35 32 29 27 27 27 29 32 34 37 3819 8 9S2 838 46999999999999999999999 137 371656 2799999999999999
 39 40 40 40 41 42 43 45 47 47 47 46 43 40 36 32 29 26 25 26 28 31 34 3719 810S2 917 4799999999999999999999918 5 25999999999999999999999
 39 41 42 43 43 43 44 45 47 48 48 48 46 44 40 36 32 28 26 25 25 28 31 3419 811S210 6 4899999999999999999999919 1 25999999999999999999999
 38 40 42 44 44 44 44 45 46 48 49 49 49 47 44 40 36 31 27 25 24 26 28 3219 812S211 2 499999999999999999999991949 24999999999999999999999
 36 39 42 44 44 44 44 44 45 46 48 49 50 49 47 44 40 35 30 26 24 24 26 3019 813S21159 509999999999999999999992031 24999999999999999999999
 33 37 40 43 44 44 43 43 43 44 45 47 49 50 49 47 43 38 33 28 25 24 24 2719 814S2 427 441253 5099999999999999 725 432111 2499999999999999
 31 35 38 41 43 43 42 41 40 41 42 44 47 48 49 48 45 41 36 31 26 24 23 2519 815S2 441 431344 4999999999999999 812 402147 2399999999999999
 28 32 36 39 41 42 41 40 38 38 38 40 43 46 47 47 46 43 38 33 28 24 22 2319 816S2 5 0 421432 4799999999999999 855 382221 2299999999999999
 25 29 33 36 39 41 40 39 37 35 35 36 39 42 44 45 45 43 40 35 29 25 22 2219 817S2 523 411516 4699999999999999 935 352252 2299999999999999
 23 26 30 34 37 39 39 38 36 33 32 33 34 37 40 42 43 42 40 36 31 26 23 2119 818S2 546 391559 43999999999999991015 322319 2199999999999999
 22 24 28 32 35 37 38 38 36 33 31 30 31 33 36 39 40 41 40 37 33 28 25 2219 819S2 6 7 381642 41999999999999991053 302342 2299999999999999
 22 23 26 30 33 36 37 37 36 33 30 29 29 30 32 35 37 38 38 37 34 31 27 2419 820S2 625 381727 39999999999999991133 28999999999999999999999
 24 24 26 30 33 36 37 37 36 34 31 28 27 28 29 31 33 35 36 36 35 33 30 2719 821S2 638 371820 3699999999999999 0 1 241218 2799999999999999
 26 26 28 31 33 36 38 38 37 35 32 29 27 27 27 28 30 32 34 35 35 34 32 3019 822S2 647 381930 3599999999999999 015 261312 2799999999999999
 29 29 31 33 35 37 39 40 39 37 35 32 29 27 26 26 27 29 31 33 34 34 34 3319 823S2 7 1 4021 8 3499999999999999 025 291424 2699999999999999
 33 33 34 35 37 39 41 42 42 41 38 35 32 29 27 25 25 26 28 30 32 34 35 3519 824S2 724 42999999999999999999999 026 331547 2599999999999999
 36 36 37 38 39 41 43 44 45 44 42 40 36 33 29 26 25 24 25 26 29 32 34 3619 825S2 8 3 4599999999999999999999917 1 24999999999999999999999
 38 39 39 40 41 42 44 45 46 47 46 44 41 38 34 29 26 23 23 23 26 29 33 3619 826S2 9 2 4799999999999999999999918 3 23999999999999999999999
 38 40 41 42 42 43 44 45 47 48 49 49 47 43 39 34 29 25 22 21 22 25 29 3419 827S21014 499999999999999999999991858 21999999999999999999999
 37 40 42 43 43 43 43 44 45 47 49 51 50 49 45 40 35 29 24 21 20 22 26 3019 828S21125 519999999999999999999991949 20999999999999999999999
 35 39 42 44 44 43 42 42 42 44 47 50 52 52 50 46 41 35 29 23 21 20 22 2719 829S2 344 441233 5299999999999999 654 422038 2099999999999999
 32 37 41 43 44 43 41 40 39 40 43 46 50 52 52 50 47 41 34 28 23 21 21 2419 830S2 4 3 441339 5299999999999999 754 392125 2099999999999999
 28 34 39 42 44 44 42 39 37 36 37 40 45 49 51 52 50 46 41 34 28 23 21 2219 831S2 427 441444 5299999999999999 849 362210 2199999999999999
 26 31 36 41 43 44 43 40 36 34 33 35 38 43 47 50 50 49 45 40 33 28 25 2419 9 1S2 453 441550 5099999999999999 943 332251 2499999999999999
 25 29 34 39 43 44 44 41 37 33 31 31 33 36 41 45 48 48 47 44 39 33 29 2719 9 2S2 519 451655 48999999999999991037 312328 2799999999999999
 27 29 33 38 42 45 45 43 40 35 31 29 29 31 34 38 42 45 46 45 42 38 34 3119 9 3S2 546 4518 3 46999999999999991133 29999999999999999999999
 30 31 34 38 42 45 46 45 43 38 34 30 28 28 29 33 36 40 42 43 43 41 38 3619 9 4S2 611 461916 4399999999999999 0 0 301235 2899999999999999
 34 35 36 39 42 45 47 47 45 42 38 33 30 28 27 29 31 34 37 40 41 41 40 3919 9 5S2 637 472041 4199999999999999 025 341346 2799999999999999
 38 38 39 41 43 45 47 48 47 45 42 38 34 30 28 27 28 30 32 35 38 39 40 4119 9 6S2 7 3 48999999999999999999999 035 3815 8 2799999999999999
 41 41 42 43 44 46 47 48 48 47 45 42 38 34 31 29 27 27 29 31 34 36 39 4019 9 7S2 735 489999999999999999999991632 27999999999999999999999
 42 42 43 44 45 46 47 48 48 48 47 45 42 39 35 32 29 27 27 28 30 33 36 3919 9 8S2 820 489999999999999999999991745 26999999999999999999999
 41 42 44 44 45 45 45 46 47 48 48 47 45 42 39 35 31 28 26 26 27 30 33 3619 9 9S2 929 489999999999999999999991844 26999999999999999999999
 39 41 43 44 44 44 44 44 45 46 47 47 46 44 42 38 34 30 27 25 25 27 30 3319 910S21046 479999999999999999999991930 25999999999999999999999
 36 39 41 42 42 42 41 41 41 43 44 45 46 45 43 41 37 32 28 25 24 25 27 3019 911S2 328 431155 4699999999999999 654 412010 2499999999999999
 34 37 39 41 41 40 39 38 38 39 40 43 44 45 44 42 38 34 29 26 23 23 24 2719 912S2 334 411253 4599999999999999 734 372045 2399999999999999
 31 34 37 39 39 38 36 35 34 34 36 39 41 43 43 42 40 36 31 26 23 22 22 2419 913S2 348 391344 4399999999999999 810 342117 2299999999999999
 28 32 35 37 38 37 35 33 31 31 32 34 37 40 42 42 40 37 33 28 24 21 21 2219 914S2 4 6 381431 4299999999999999 845 312147 2199999999999999
 25 29 33 35 37 36 35 32 29 28 28 30 33 36 39 40 40 38 34 30 25 22 21 2119 915S2 426 371516 4099999999999999 921 282215 2199999999999999
 23 27 31 34 35 36 35 32 29 26 25 26 29 32 36 38 39 38 36 32 28 24 22 2119 916S2 445 3616 1 3999999999999999 956 252240 2199999999999999
 23 26 30 33 35 36 35 33 29 26 24 24 25 28 32 35 37 37 36 34 30 27 24 2319 917S2 5 0 361648 37999999999999991032 2423 1 2399999999999999
 24 26 29 33 35 36 36 34 30 27 24 23 23 25 28 32 35 36 36 35 33 30 27 2619 918S2 510 361739 36999999999999991110 232318 2699999999999999
 26 28 30 34 36 37 37 35 32 29 25 23 22 23 25 28 32 34 35 35 35 33 31 2919 919S2 519 371840 36999999999999991151 222330 2999999999999999
 29 30 33 35 38 39 39 38 35 31 28 24 23 22 23 25 28 31 33 35 35 34 33 3219 920S2 531 391957 35999999999999991241 222337 3299999999999999
 32 33 35 37 39 41 41 40 38 35 31 27 24 23 22 23 25 27 30 32 34 35 35 3519 921S2 548 419999999999999999999991345 22999999999999999999999
 35 36 37 39 41 42 43 43 41 39 35 31 28 25 23 22 23 24 26 29 32 34 35 3619 922S2 614 4399999999999999999999915 8 22999999999999999999999
 37 38 39 40 42 43 44 44 44 42 39 36 32 28 25 23 22 22 23 25 28 31 34 3619 923S2 658 449999999999999999999991630 21999999999999999999999
 38 39 39 40 41 42 43 44 45 44 43 41 37 33 29 25 22 20 20 22 24 28 32 3519 924S2 817 459999999999999999999991739 20999999999999999999999
 37 39 40 40 40 40 41 42 43 44 45 44 42 38 34 30 25 21 19 19 21 24 28 3319 925S2 956 459999999999999999999991836 19999999999999999999999
 36 38 39 39 39 38 37 38 39 41 43 45 45 43 40 35 30 25 21 19 19 21 25 3019 926S2 236 391123 4599999999999999 6 1 371928 1899999999999999
 34 37 39 39 38 36 34 34 34 36 39 43 45 45 43 40 36 30 24 20 19 19 22 2719 927S2 245 391240 4599999999999999 7 2 342015 1999999999999999
 31 35 38 39 38 36 33 30 30 31 34 38 42 44 45 44 41 36 30 25 21 20 21 2419 928S2 3 3 391352 4599999999999999 755 3021 0 2099999999999999
 29 34 37 39 39 37 33 29 26 26 28 31 36 40 44 45 44 41 36 30 25 22 22 2419 929S2 326 3915 2 4599999999999999 845 262142 2299999999999999
 28 32 37 39 40 38 35 30 26 23 23 25 29 34 39 42 44 43 40 36 31 27 25 2519 930S2 351 401610 4499999999999999 935 232221 2599999999999999
 28 32 36 39 41 41 38 33 28 23 21 21 24 28 33 38 41 43 42 40 36 32 29 281910 1S2 417 411717 43999999999999991027 212255 2899999999999999
 29 32 36 40 42 43 41 37 32 26 22 20 21 23 27 32 37 40 41 41 39 36 33 321910 2S2 444 431823 41999999999999991120 202324 3299999999999999
 32 34 37 40 43 44 43 41 36 31 26 22 21 21 23 27 31 35 38 40 40 38 37 351910 3S2 510 441932 40999999999999991217 202344 3599999999999999
 35 36 38 40 43 45 45 43 40 36 31 26 23 22 22 24 27 30 34 36 38 39 38 371910 4S2 536 452053 39999999999999991321 212349 3799999999999999
 37 38 39 41 43 44 45 44 42 39 35 31 27 24 23 23 24 26 29 32 35 37 38 381910 5S2 6 2 459999999999999999999991436 22999999999999999999999
 38 39 39 40 42 43 44 44 43 41 38 35 31 28 25 23 23 24 25 28 31 34 36 371910 6S2 632 449999999999999999999991556 23999999999999999999999
 38 39 39 40 40 41 41 42 42 41 39 37 34 31 28 25 23 22 23 24 27 30 32 351910 7S2 720 429999999999999999999991712 22999999999999999999999
 36 37 38 38 38 38 38 38 39 39 39 38 36 33 30 27 24 22 21 22 23 26 29 321910 8S2 857 399999999999999999999991812 21999999999999999999999
 34 35 36 36 35 35 34 34 35 36 37 37 36 34 32 29 26 23 21 20 21 23 26 291910 9S2 222 361039 3799999999999999 623 341858 2099999999999999
 31 33 34 34 33 32 30 30 30 32 33 35 35 34 33 30 27 23 20 19 19 20 23 26191010S2 221 341156 3599999999999999 7 0 301936 1899999999999999
 29 31 32 32 31 29 27 26 26 27 29 31 33 33 33 31 28 24 21 18 17 18 20 23191011S2 230 321257 3399999999999999 730 2620 8 1799999999999999
 26 29 30 31 29 27 24 22 22 22 25 28 30 32 32 31 29 26 22 19 17 17 18 21191012S2 244 311348 3299999999999999 759 222038 1699999999999999
 24 27 29 29 29 26 23 20 19 19 20 23 27 30 31 31 30 28 24 20 18 17 17 19191013S2 259 291437 3299999999999999 829 1821 7 1799999999999999
 23 26 28 29 29 27 23 20 17 16 17 20 23 27 30 31 31 29 26 23 20 18 18 19191014S2 314 291525 3199999999999999 9 1 162134 1799999999999999
 22 25 28 29 29 28 25 21 17 15 15 16 20 24 28 30 31 31 29 26 23 20 19 20191015S2 328 291615 3199999999999999 935 152159 1999999999999999
 22 25 28 30 30 29 27 23 18 15 14 14 17 21 25 28 31 31 31 29 26 23 22 22191016S2 342 3017 8 31999999999999991010 142221 2299999999999999
 24 27 29 32 32 31 29 25 21 17 14 13 15 18 22 26 29 31 32 31 29 27 25 25191017S2 356 3218 4 32999999999999991048 132239 2599999999999999
 26 28 31 33 34 34 32 29 24 20 16 14 14 15 18 22 26 29 31 32 31 30 28 28191018S2 412 3419 7 32999999999999991130 142254 2899999999999999
 29 30 33 35 36 36 35 32 28 23 19 16 14 14 16 19 23 26 29 31 32 31 31 30191019S2 432 372021 32999999999999991219 1423 4 3099999999999999
 31 32 34 36 38 38 37 35 32 27 23 19 16 15 15 16 19 22 25 28 30 31 32 32191020S2 456 389999999999999999999991319 14999999999999999999999
 32 33 34 36 38 38 38 37 35 31 27 23 19 16 15 15 16 18 21 25 27 30 31 32191021S2 528 399999999999999999999991433 15999999999999999999999
 32 33 34 35 36 37 38 37 36 34 31 27 23 20 17 15 15 15 17 20 24 27 29 31191022S2 618 389999999999999999999991554 15999999999999999999999
 32 32 33 33 33 34 35 35 36 35 33 31 28 24 20 17 15 14 15 17 20 24 27 29191023S2 755 3699999999999999999999917 6 14999999999999999999999
 31 31 31 31 30 30 30 31 32 33 34 33 31 28 25 21 17 15 14 14 17 20 24 28191024S2 116 31 957 3499999999999999 5 4 3018 6 1499999999999999
 30 31 31 29 28 26 25 26 27 29 32 33 33 32 29 26 22 18 15 14 15 18 22 26191025S2 120 311136 3499999999999999 613 251859 1499999999999999
 29 30 30 29 27 24 21 20 21 23 27 30 33 34 33 31 27 23 19 16 16 17 20 24191026S2 135 3113 0 3499999999999999 7 3 201946 1699999999999999
 28 30 31 30 27 23 19 17 16 17 21 25 30 33 34 34 32 28 24 20 18 18 20 24191027S2 155 311417 3499999999999999 750 162029 1899999999999999
 27 31 32 32 29 25 20 16 13 13 15 19 24 29 33 34 34 32 29 25 22 21 21 24191028S2 219 321528 3599999999999999 837 132110 2199999999999999
 27 31 33 34 32 29 24 18 13 11 11 14 19 24 29 33 35 35 33 30 26 24 24 25191029S2 246 341634 3599999999999999 925 112147 2499999999999999
 28 31 34 36 35 33 28 22 16 12 10 11 14 19 24 29 33 35 35 33 31 28 27 27191030S2 316 361736 35999999999999991014 102220 2799999999999999
 29 32 35 37 37 36 33 28 21 16 12 11 12 15 19 25 29 33 35 35 33 31 29 29191031S2 346 371835 359999999999999911 5 112249 2999999999999999
 30 32 35 37 38 38 36 32 27 21 16 13 12 13 16 20 25 29 32 34 34 33 31 311911 1S2 416 391935 34999999999999991158 122312 3099999999999999
 31 32 34 36 38 38 37 35 31 26 20 16 14 13 14 17 21 24 28 31 32 32 32 311911 2S2 446 382039 32999999999999991255 132329 3199999999999999
 31 32 33 35 36 37 37 35 33 29 24 20 17 15 14 15 17 20 24 27 29 30 31 301911 3S2 516 379999999999999999999991357 14999999999999999999999
 30 31 31 32 33 34 34 34 32 30 27 23 20 17 16 15 15 17 20 22 25 27 28 291911 4S2 549 3499999999999999999999915 6 15999999999999999999999
 29 29 29 30 30 30 31 31 30 29 27 25 22 19 17 15 15 15 16 18 21 23 25 261911 5S2 634 319999999999999999999991616 14999999999999999999999
 27 27 27 26 26 26 26 26 27 26 26 25 23 20 18 16 14 13 14 15 17 20 22 241911 6S2 043 27 822 2799999999999999 5 8 261717 1399999999999999
 25 25 24 24 22 21 21 21 22 23 23 23 22 21 19 17 14 13 12 13 14 17 19 211911 7S2 048 251021 2399999999999999 610 2118 6 1299999999999999
 22 23 22 21 19 18 17 16 17 18 20 21 21 21 19 17 15 13 11 11 12 14 17 191911 8S2 1 0 231150 2199999999999999 643 161846 1199999999999999
 21 21 21 20 17 15 13 12 12 14 16 19 20 20 20 18 16 14 12 11 11 12 15 171911 9S2 113 211259 2099999999999999 711 121919 1199999999999999
 19 21 20 19 17 13 11  9  9 10 13 16 18 20 20 20 18 16 13 11 11 12 14 17191110S2 126 211357 2099999999999999 739  91950 1199999999999999
 19 20 21 20 17 14 10  7  6  7  9 13 16 19 21 21 20 18 16 13 12 13 14 17191111S2 139 211451 2199999999999999 8 8  62020 1299999999999999
 19 21 22 21 19 15 11  7  5  5  6  9 14 18 20 22 22 21 19 17 15 14 15 17191112S2 154 221544 2299999999999999 840  42049 1499999999999999
 20 22 23 23 21 18 14  9  5  4  4  7 11 15 19 22 24 24 22 20 18 17 17 19191113S2 213 231637 2499999999999999 915  42117 1799999999999999
 21 24 25 26 24 21 17 12  7  4  3  5  8 12 17 21 24 25 25 24 22 20 20 21191114S2 235 261730 2599999999999999 953  32143 2099999999999999
 23 25 27 28 27 25 21 16 11  6  4  4  6  9 14 18 22 25 26 26 24 23 22 23191115S2 3 1 281823 26999999999999991034  322 8 2299999999999999
 24 26 29 30 30 28 25 20 15 10  6  4  4  7 10 15 19 23 25 26 26 25 24 24191116S2 328 301918 26999999999999991118  42231 2499999999999999
 25 27 29 31 32 31 28 24 19 14  9  6  4  5  7 11 16 20 23 25 26 26 25 24191117S2 359 322015 269999999999999912 7  42256 2499999999999999
 25 27 28 30 32 32 30 27 23 18 13  9  6  5  6  8 12 15 19 22 24 25 25 24191118S2 433 322117 259999999999999913 1  52328 2499999999999999
 24 25 27 28 30 30 30 28 26 22 17 13  9  7  6  6  8 12 15 19 21 23 24 24191119S2 515 3099999999999999999999914 3  6999999999999999999999
 24 24 24 25 26 27 28 27 26 24 21 17 13 10  8  7  7  9 12 15 18 21 22 23191120S2 616 2823 2 23999999999999991511  7999999999999999999999
 23 22 22 21 21 22 23 24 24 24 22 20 17 14 11  9  8  8  9 12 15 19 21 22191121S2 8 4 242332 2299999999999999 3 8 211620  899999999999999
 22 21 20 18 17 17 17 18 20 21 22 22 20 18 15 12 10  9  9 11 14 17 20 21191122S21010 222357 2299999999999999 5 8 171724  999999999999999
 22 21 20 17 15 13 12 12 14 17 19 21 22 21 19 17 14 12 11 11 13 16 19 21191123S212 0 22999999999999999999999 6 9 121820 1199999999999999
 23 23 21 18 14 11  8  7  8 11 15 18 21 22 22 21 19 16 14 13 14 16 19 22191124S2 021 231335 2399999999999999 658  719 9 1399999999999999
 24 24 23 20 16 11  7  4  4  6  9 14 18 22 24 24 23 21 19 17 16 17 19 22191125S2 048 241453 2499999999999999 744  41953 1699999999999999
 25 26 26 24 20 15  9  5  2  2  5  9 14 19 23 25 26 25 23 21 19 19 20 23191126S2 118 261558 2699999999999999 830  22034 1999999999999999
 26 28 29 27 24 20 14  8  3  1  2  5 10 15 20 24 26 27 26 24 22 21 22 23191127S2 151 291655 2799999999999999 917  12112 2199999999999999
 26 29 30 30 28 25 19 13  7  3  1  3  6 11 16 21 25 27 28 27 25 23 23 24191128S2 227 311747 289999999999999910 5  12147 2399999999999999
 26 28 31 32 31 28 24 18 12  7  3  2  4  7 12 17 22 25 27 27 26 24 23 24191129S2 3 4 321834 27999999999999991054  22219 2399999999999999
 25 27 30 31 32 30 27 23 17 11  7  4  4  5  9 13 18 22 25 26 26 25 23 23191130S2 341 321919 26999999999999991142  42251 2399999999999999
 24 25 27 29 31 30 29 25 21 15 10  7  5  5  7 10 14 18 21 23 24 24 23 221912 1S2 418 3120 3 24999999999999991230  52325 2299999999999999
 22 23 24 26 27 28 27 25 22 18 13  9  6  5  6  7 10 14 17 20 21 22 21 201912 2S2 455 282047 22999999999999991318  5999999999999999999999
 20 20 21 22 23 24 24 23 21 18 15 11  8  6  5  6  8 10 13 16 18 19 19 181912 3S2 532 242131 1999999999999999 0 7 2014 6  599999999999999
 18 17 17 18 18 19 20 19 19 17 15 12  9  7  6  5  6  7 10 12 14 16 16 161912 4S2 619 202214 1799999999999999 122 171455  599999999999999
 16 15 14 14 14 14 14 15 15 14 13 11  9  7  6  5  5  5  7  9 11 13 14 141912 5S2 740 152250 1499999999999999 353 141546  599999999999999
 14 13 12 11 10  9  9 10 11 11 11 11 10  8  7  6  5  5  5  7  9 11 12 131912 6S2 936 112318 1399999999999999 523  91636  599999999999999
 13 12 11  9  7  5  5  5  6  8  9 10 10  9  8  7  6  5  5  6  8 10 11 131912 7S21124 102339 1399999999999999 6 9  51723  599999999999999
 13 12 10  8  5  3  2  1  2  4  6  8  9 10  9  9  7  6  6  6  7  9 11 131912 8S213 3 102358 1399999999999999 642  118 6  699999999999999
 13 13 11  9  6  2  0 -1 -1  1  4  7  9 11 11 11 10  9  8  8  8 10 12 141912 9S21418 11999999999999999999999 714 -11846  899999999999999
 15 15 13 11  7  3  0 -3 -3 -2  1  5  8 11 13 13 13 12 11 10 10 11 13 15191210S2 020 151517 1499999999999999 746 -31924 1099999999999999
 17 17 16 14 10  6  1 -2 -4 -4 -2  2  7 10 13 15 16 16 14 13 12 13 14 17191211S2 046 1716 8 1699999999999999 822 -420 0 1299999999999999
 19 20 20 18 14 10  5  0 -4 -5 -4 -1  4  9 13 16 18 18 18 16 15 15 16 18191212S2 117 201655 1899999999999999 9 2 -52036 1599999999999999
 20 22 23 22 19 15  9  4 -1 -4 -5 -3  1  6 11 15 18 20 20 19 17 16 17 18191213S2 152 231740 2099999999999999 944 -52111 1699999999999999
 21 23 25 25 23 19 14  8  2 -2 -5 -5 -2  2  7 12 16 19 21 20 19 18 17 18191214S2 230 251822 21999999999999991029 -52146 1799999999999999
 20 23 25 26 26 23 19 14  7  1 -3 -5 -4 -1  3  8 13 17 20 21 20 18 17 18191215S2 310 2619 4 21999999999999991114 -52223 1799999999999999
 19 21 24 26 27 25 22 18 12  6  0 -3 -4 -3  0  4  9 14 17 19 20 19 17 16191216S2 352 271943 209999999999999912 0 -423 4 1699999999999999
 17 19 21 23 25 25 23 20 16 10  5  0 -3 -3 -2  1  6 10 14 17 18 18 17 15191217S2 438 252022 18999999999999991247 -32356 1599999999999999
 15 16 17 19 21 22 22 21 18 14  9  4  0 -1 -2  0  3  7 11 14 16 17 16 15191218S2 530 222059 17999999999999991335 -2999999999999999999999
 14 13 13 14 15 17 18 18 17 15 12  8  5  2  1  1  2  5  8 12 14 16 16 15191219S2 639 182134 1699999999999999 111 131425  199999999999999
 13 11 10 10 10 11 12 14 15 14 13 11  9  6  4  3  4  5  7 10 13 15 16 15191220S2 822 1522 7 1699999999999999 3 9 101520  399999999999999
 14 12  9  7  6  6  6  8 10 11 12 12 12 10  9  7  7  7  8 10 13 15 16 17191221S21029 132240 1799999999999999 450  61620  799999999999999
 16 13 10  7  4  2  2  2  4  7 10 12 13 13 13 12 10 10 10 11 13 15 17 18191222S21247 132314 1899999999999999 559  21721 1099999999999999
 18 16 13  9  5  2 -1 -2  0  2  6  9 12 14 15 15 14 13 13 13 14 16 18 20191223S21431 152350 2199999999999999 653 -21819 1399999999999999
 21 20 17 13  9  4 -1 -3 -4 -2  2  6 10 14 16 18 18 17 16 15 16 17 19 21191224S21537 18999999999999999999999 742 -41911 1599999999999999
 23 23 21 18 13  8  2 -2 -4 -4 -2  2  7 12 15 18 20 20 19 17 17 18 19 21191225S2 030 231626 2099999999999999 829 -51958 1799999999999999
 24 25 24 22 19 13  7  1 -3 -4 -4 -1  4  9 13 17 20 21 20 19 18 18 19 21191226S2 113 2517 7 2199999999999999 916 -52040 1899999999999999
 23 25 26 25 23 18 13  6  1 -3 -4 -3  0  5 10 15 18 21 21 20 18 18 18 19191227S2 158 261744 219999999999999910 2 -42120 1799999999999999
 21 24 26 26 25 22 17 11  5  0 -3 -3 -2  2  7 11 16 19 20 20 18 17 16 17191228S2 243 261817 20999999999999991047 -42158 1699999999999999
 19 21 24 25 25 23 20 15  9  3 -1 -3 -3 -1  3  8 12 16 18 18 17 16 14 14191229S2 327 251848 19999999999999991129 -32237 1499999999999999
 15 17 20 22 23 23 20 17 12  6  1 -2 -3 -2  0  4  8 12 15 16 16 14 13 12191230S2 4 9 231918 169999999999999912 7 -32317 1299999999999999
 12 14 16 18 20 20 19 17 13  8  3 -1 -3 -3 -2  1  4  8 11 13 14 13 11 10191231S2 446 201951 14999999999999991244 -32357  999999999999999
