 56 40 42 61 94132165187196189170143118100 9310012114817218718817314510719 1 1TA 8 4196193518999999999999999 125 3914 1 9399999999999999
 70 42 27 31 54 93136174200212207186157128106 9510011914616918118016213019 1 2TA 911213202518299999999999999 219 261513 9599999999999999
 91 54 28 17 26 55100146187214225217193161130106 9410012214816917817214919 1 3TA10 422521 717899999999999999 3 5 171610 9499999999999999
113 72 37 15 11 27 65114162201225231217189155124102 9410513015617317616319 1 4TA1048232214317799999999999999 344 101654 9499999999999999
133 93 52 22  7 11 37 82133179213231229208176142115 98 9711514216517717219 1 5TA1125233221417799999999999999 419  61732 9599999999999999
151115 72 35 11  5 19 54103154195221230219193159128105 9610412715517417819 1 6TA1158230224617999999999999999 450  518 4 9699999999999999
166137 96 54 21  6  9 33 75127173207225224205174140113 97 9611214016617919 1 7TA1227227232018099999999999999 520  51834 9499999999999999
176156121 78 39 13  6 19 52 99150191217224214188154123101 91 9912115017319 1 8TA1256225235718199999999999999 552  619 5 9199999999999999
181171144105 62 28 11 12 34 74124171205222221201169135107 90 8810313015819 1 9TA1325224999999999999999999999 626  91938 8699999999999999
176178162131 90 51 24 14 23 53 98147189216224213186151117 93 81 8610713619 110TA 036179135522499999999999999 7 2 142013 8199999999999999
162175172153119 80 46 26 22 39 74121167202220220201169133102 81 75 8611019 111TA 119176142822299999999999999 740 212052 7599999999999999
140162172166144112 77 49 34 37 58 95140181208218210186152116 88 71 70 8519 112TA 2 717215 321899999999999999 821 332134 6999999999999999
112140160167161141112 82 59 50 55 78113152185205209196170135102 76 63 6619 113TA 3 2167154421099999999999999 9 8 492222 6299999999999999
 83109136156164160144120 95 77 69 74 93123155182196196182155122 90 66 5519 114TA 41016516311989999999999999910 6 692316 5599999999999999
 59 77104131154166166156137115 97 88 89102125150172184183169143110 79 5619 115TA 5341681727185999999999999991124 87999999999999999999999
 45 49 67 96128155173180174158137117103 97103120142162174174160134100 6719 116TA 7 2180183017699999999999999 015 451259 9799999999999999
 43 32 36 57 90128162186197195178155130110 99100114135156169169154126 8919 117TA 818198193117199999999999999 114 311426 9899999999999999
 53 27 16 23 48 88133173202215212193165136111 96 9511013415717016815011619 118TA 919216202417199999999999999 2 8 161533 9499999999999999
 75 36 11  2 13 45 92143187216229223200167134108 93 9411214016317416814519 119TA1011230211017499999999999999 258  21626 9199999999999999
105 59 20 -4 -9  8 47101156200228237226197161128103 90 9612015017217916819 120TA1058237215317999999999999999 344-101713 9099999999999999
138 93 44  5-14-14  9 55114169210234239221188151119 97 8910113016118118319 121TA1143240223718499999999999999 429-171756 8999999999999999
166130 81 32 -3-18-13 16 68129181218237235212175138109 90 8810714017018619 122TA1225239232418899999999999999 515-191838 8699999999999999
185164124 72 25 -5-17 -6 28 84144192224237228199160124 97 82 8511014617519 123TA13 7237999999999999999999999 6 4-171921 8199999999999999
189185161119 68 25 -1 -9  6 45102158202228234218183143109 83 72 8111114819 124TA 017190134723499999999999999 653 -920 5 7299999999999999
176189184159117 71 32 10  5 23 65120171208227226204166126 92 69 62 7610919 125TA 114190142723099999999999999 744  42050 6199999999999999
145173186182158120 79 46 27 25 45 86135179209221214187149109 76 56 53 7119 126TA 21618715 822299999999999999 835 232138 5299999999999999
104139167182180160129 94 66 50 50 69104145180203209197169132 95 64 47 4719 127TA 323183155120999999999999999 931 472230 4499999999999999
 65 96130159176179166142115 91 76 75 89115146173190192179153119 84 56 4119 128TA 4401801639193999999999999991035 732329 3999999999999999
 41 58 87121151172181176160139117101 95101118140160173175163140110 78 5219 129TA 6 818117371769999999999999912 0 95999999999999999999999
 36 36 50 78112146173188190180161139119107105113129147159162153133104 7319 130TA 740191184516299999999999999 033 34134210499999999999999
 47 31 29 43 72109147179199205197177152127109101105119138152156148128 9919 131TA 856205195315699999999999999 137 28151010099999999999999
 67 40 24 23 39 71112154189210217207183153124103 93 9911613715215614712419 2 1TA 953217204915699999999999999 234 2116 8 9399999999999999
 92 57 30 16 19 40 77124167200220222206176143114 94 88 9912214515815914519 2 2TA1037223213316099999999999999 322 151650 8899999999999999
117 80 44 20 11 19 48 92140182210224218194160127101 86 8910813515716716119 2 3TA111222422 916799999999999999 4 3 111723 8599999999999999
140105 64 31 12  9 27 64112160196217221205174140110 89 84 9612315217017319 2 4TA1142222224117499999999999999 438  81750 8399999999999999
160129 88 48 19  7 14 41 86136179207218211186151118 94 82 8710914116717919 2 5TA12 8218231418099999999999999 510  71815 8199999999999999
174152114 70 34 12  9 25 62112160195214214196163128 99 81 78 9412415717819 2 6TA1232217234718499999999999999 541  81840 7799999999999999
183170140 97 55 24 11 17 44 89139182208216205176139106 82 72 7910413916919 2 7TA1255216999999999999999999999 614 1019 8 7299999999999999
184182162125 81 44 21 16 31 67117165199216212190154116 86 68 66 8311615119 2 8TA 023185132021799999999999999 646 151937 6599999999999999
177186177150111 70 39 24 27 51 94143185210215201169130 94 68 57 64 9012619 2 9TA 1 1186134721699999999999999 721 2320 8 5799999999999999
160180184170141102 66 42 34 44 74118163196211206183147107 74 54 51 65 9619 210TA 143185141621299999999999999 758 342043 5099999999999999
133164181181165136101 72 53 51 65 97137173197203190162125 87 59 45 47 6719 211TA 231183144920399999999999999 840 502122 4399999999999999
100135164179178164139110 85 72 71 86112145172187187171143107 74 49 39 4519 212TA 329180152818999999999999999 932 7022 9 3999999999999999
 66 98132160176179169150127106 93 91100119142162172170155129 97 66 44 3419 213TA 4431791619173999999999999991043 9023 9 3499999999999999
 40 60 91125155175184181168148128113104105116132148157157146123 93 63 4019 214TA 6161851730159999999999999991225104999999999999999999999
 28 31 49 79116151178195198189170147125110103106119136149153145124 94 6219 215TA 745198185115399999999999999 019 2814 910299999999999999
 34 19 19 36 68109151186207215206185157129107 95 97111132150157151129 9619 216TA 85721520 215799999999999999 130 171523 9499999999999999
 58 26  7  6 24 60108157195220227216190156123 99 87 9111113916016715913419 217TA 95522721 016799999999999999 234  41616 8699999999999999
 94 50 15 -4 -4 17 60114166206229233217184146113 90 81 9212015217317916719 218TA1043234214917999999999999999 330 -61659 8199999999999999
135 89 41  6-11 -8 19 68126178214233231207168130100 81 78 9813316718718819 219TA1126235223619099999999999999 422-121738 7699999999999999
171133 81 33  1-12 -4 29 83143190220232222189148112 86 72 7810714718019619 220TA12 4232232419899999999999999 511-121815 7199999999999999
194171127 74 30  3 -7  7 46104160201224227206168126 93 71 63 7911615818919 221TA1239228999999999999999999999 558 -71852 6399999999999999
202197169122 72 32 10  5 25 69126176209223217187145104 74 56 56 8012216419 222TA 014203131222499999999999999 644  41930 5399999999999999
193204196165120 75 41 22 23 48 94146188212218201165122 84 56 43 51 8112519 223TA 1 6204134621899999999999999 730 202010 4399999999999999
165192202192163122 83 54 40 45 73116160192208205182144102 67 43 35 49 8319 224TA 2 2202142021099999999999999 817 392052 3599999999999999
125162188198189163129 97 73 62 70 95131165188196187161124 86 55 36 33 5019 225TA 3 2198145819699999999999999 9 7 622138 3299999999999999
 83121157181192187168141115 95 86 92110136160175177166142110 77 51 36 3619 226TA 41019215411789999999999999910 8 862229 3499999999999999
 53 81116148174187187176157135117107106116131146156158148129103 76 54 4019 227TA 53118916371589999999999999911311052332 3999999999999999
 40 53 77108140168186192187173154134119111111119130139143138124104 80 5919 228TA 7 21921758143999999999999991326110999999999999999999999
 45 41 51 71101135166189200199187166141120106100105116130138138128109 8519 3 1TA 825201192713999999999999999 045 4115 310099999999999999
 61 44 39 46 66 98136171196209208193167137112 94 88 9611313214314513511419 3 2TA 926211203914699999999999999 158 391557 8899999999999999
 86 58 39 33 41 65102144180205216210188156124 97 82 81 9712214415615614219 3 3TA1011216212915799999999999999 258 331632 7999999999999999
114 79 49 31 27 40 71115158192213217203173137105 83 74 8410913916117016419 3 4TA104521822 717099999999999999 346 2617 0 7499999999999999
141105 67 38 23 25 46 86134175203216211186150115 87 72 74 9612916017818019 3 5TA1113217224018199999999999999 425 221724 7199999999999999
165132 91 53 28 20 30 62109156191211213195161124 93 73 68 8311515117818919 3 6TA1137215231018999999999999999 459 201747 6899999999999999
183157117 74 41 23 23 45 87136177203213202172134100 75 64 71 9813717119119 3 7TA1159213234119599999999999999 531 211810 6499999999999999
194178143 99 60 34 25 35 68115162195210207183145107 78 61 60 8011715618519 3 8TA1220211999999999999999999999 6 2 251833 5899999999999999
198192167126 84 52 34 33 54 95144183206210193158117 82 59 51 62 9313517219 3 9TA 012198124221199999999999999 633 311858 5199999999999999
195200186154112 75 49 39 48 78123167197209200172131 90 60 44 46 6810715019 310TA 04620013 520999999999999999 7 5 391925 4399999999999999
184200199178144105 73 54 51 67102145182202202183147105 67 42 34 45 7611919 311TA 125202133120499999999999999 741 501956 3499999999999999
161190202196173139105 79 65 68 87121158185196187161124 83 50 31 30 48 8319 312TA 2 920214 319699999999999999 822 642033 2899999999999999
126165191201194172143114 92 82 85104132160178181168141106 70 42 28 31 5119 313TA 3 3201144118299999999999999 914 812119 2799999999999999
 86126163187198194178154130110100100112131151163163151128 98 67 42 30 3319 314TA 4131981532164999999999999991027 992219 2999999999999999
 51 81119154181196199189171149129114108111121135146149143126101 73 49 3419 315TA 54319916511499999999999999912121082338 3199999999999999
 32 45 71106142174197207204189167143121106102107120135145145134112 84 5619 316TA 7152071832146999999999999991357102999999999999999999999
 35 27 34 57 92133172201217217203177146118 98 89 94112134151157149127 9519 317TA 832219195515799999999999999 1 3 2715 8 8999999999999999
 60 32 19 23 44 83130175208226226208176139107 85 77 8811414516617416614019 318TA 93222821 017499999999999999 218 181557 7799999999999999
100 58 27 12 14 38 83136183215231227202163123 92 73 71 9112716218419117919 319TA1019232215219199999999999999 322 101637 6999999999999999
146 99 54 22  8 13 43 94149193220230218183140103 76 62 7010114518120120319 320TA1058230223920599999999999999 417  71712 6299999999999999
185145 94 50 22 11 21 58113165202222223199158115 82 61 55 7411616219621219 321TA1132225232421499999999999999 5 5 111746 5599999999999999
210185139 89 50 26 20 38 81135181210220209175130 90 62 47 52 8213017620619 322TA12 2220999999999999999999999 549 191819 4699999999999999
219211180133 87 54 35 35 60106156193212212190149104 67 44 37 52 9114118419 323TA 010219123021599999999999999 632 321853 3799999999999999
211221208175131 91 62 48 54 84129172199209199168124 81 49 31 32 5610014819 324TA 05822113 020999999999999999 715 481929 2999999999999999
188213219204171132 98 74 64 75106145179198199180145103 64 37 25 33 6310719 325TA 148219133320199999999999999 8 0 6420 7 2599999999999999
152189211214199170137107 87 82 94122153177187182159125 87 54 32 27 40 7219 326TA 241215141018899999999999999 849 822048 2799999999999999
113153186205208196172145119102 98108128150166170161140111 79 53 37 36 5119 327TA 341209145217099999999999999 947 982134 3499999999999999
 79115151180198203195177154132116110114125138148151144128105 80 60 48 4819 328TA 45120315471519999999999999911 51102231 4699999999999999
 60 84114145173192200197184164143125114111115122131136134124109 90 72 6019 329TA 61120117161369999999999999912551112346 5799999999999999
 57 65 83109138167190201201191172148126109100100108120131136132120103 8319 330TA 73020319 1136999999999999991431 99999999999999999999999
 67 60 63 78102134167192205207195172144117 96 86 8810212113914814613511419 331TA 836208202314899999999999999 111 601522 8599999999999999
 88 67 56 57 72100137172198211210193163130101 81 74 8410713415516516314519 4 1TA 925213211816699999999999999 225 551556 7499999999999999
117 85 61 49 51 71106147183206215206180145109 82 67 70 9112415517618317419 4 2TA10 2215215718399999999999999 322 481623 6699999999999999
147111 76 52 42 50 78120163195213213194159120 88 66 60 7610814717719419419 4 3TA1031215223119799999999999999 4 6 421648 6099999999999999
175139 99 65 45 41 58 96141180205214202171131 95 68 56 63 9113217019620619 4 4TA105721423 220699999999999999 443 401711 5599999999999999
196166125 86 58 43 49 76120163195210206181142102 72 54 53 7411315719020919 4 5TA1119211233321199999999999999 517 431734 5199999999999999
209189152110 76 55 49 65102146183204207190154111 76 54 46 58 9213717820519 4 6TA1140208999999999999999999999 549 491757 4699999999999999
215206177136 99 72 58 61 87128169196205196166123 82 54 40 43 6811115819419 4 7TA 0 321512 120599999999999999 620 571820 3999999999999999
214216198164125 93 72 65 78110151184201199177139 95 58 36 31 46 8213017519 4 8TA 036217122420299999999999999 654 651847 3199999999999999
206219214191155120 92 77 77 95130166190197186156113 71 40 25 28 52 9514419 4 9TA 114220125319799999999999999 732 751920 2499999999999999
186213222212187153121 97 86 89110141170187186168135 94 56 30 21 30 6010419 410TA 159222132818999999999999999 817 8520 0 2199999999999999
151190214221211187157128107 97101118143165176171152121 84 51 29 24 36 6519 411TA 253221141317699999999999999 914 962049 2399999999999999
107151187211219212193166140119107107118136153161157142117 86 57 37 31 4119 412TA 4 121915131619999999999999910301062153 3199999999999999
 66103143179204217215201178152129113106110122137147150142123 98 72 50 4019 413TA 52421816441509999999999999912 61062315 4099999999999999
 44 62 93130168198216221211190162134111 98 97107124141152152140118 90 6419 414TA 6482211829153999999999999991336 96999999999999999999999
 46 43 54 80118159195218226219196164130102 85 82 9512014616417016113910619 415TA 8 2226195517099999999999999 045 421441 8199999999999999
 73 49 39 46 71111157196221230221193154116 87 70 70 9112616018219118215519 416TA 9 023021 119199999999999999 2 7 391529 6799999999999999
115 76 49 36 41 69115163201224229213178134 96 69 57 66 9814117920220919619 417TA 947230215420999999999999999 314 3516 8 5699999999999999
162117 76 49 37 45 78127174207224221195153109 74 53 49 6911216019721922219 418TA1024225224022399999999999999 4 9 371642 4899999999999999
202161114 77 52 43 58 97146187212219206170123 82 54 40 47 8013017921223019 419TA1054219232323199999999999999 456 431714 4099999999999999
227200156112 79 58 56 77120165197212209184140 94 59 38 33 52 9514819322319 420TA1121214999999999999999999999 539 541745 3299999999999999
235225193150111 83 68 72100142180203208194159113 70 41 26 31 6111016220319 421TA 0 6235114820999999999999999 620 661817 2699999999999999
229235220186147112 88 78 89120158188202199175135 90 52 29 22 36 7312317219 422TA 049236121820399999999999999 7 2 781852 2299999999999999
210231232213181145115 94 89104134166188195184155115 74 42 24 25 46 8713519 423TA 135234125319599999999999999 745 891929 2299999999999999
180213229227207177145117101100115141166182182167137100 65 39 27 34 6010019 424TA 223231133318499999999999999 833 9820 8 2799999999999999
145185213225221202175145121107107121141159169166150124 92 63 44 38 49 7519 425TA 314226141817099999999999999 9281052051 3899999999999999
112151185209220215198173147125112111120134147154152139118 93 71 56 53 6419 426TA 41122015161559999999999999910361102143 5299999999999999
 87118152182204214211196174149127113108112122133142143136121103 84 71 6719 427TA 51521416411449999999999999912 01082251 6799999999999999
 75 93119148177199210208196174149126108100101110123137144143134118100 8519 428TA 6232111822145999999999999991323 99999999999999999999999
 77 79 92115143173197209209196173144117 97 87 8910112214215515915213511319 429TA 727210194815999999999999999 016 761422 8699999999999999
 92 79 77 87110141174199211210194165132102 81 73 8010113015717417916914719 430TA 822212205017999999999999999 139 7615 3 7399999999999999
118 92 75 71 83109146180205214208184149112 83 65 63 8011214917819519718119 5 1TA 9 6214213519899999999999999 246 711536 6299999999999999
151116 87 70 67 84117157190210214198166126 89 64 53 62 9113217220021320719 5 2TA 942215221321399999999999999 338 6616 5 5399999999999999
182145109 81 66 70 94133172200212206179139 98 67 49 49 7111115719421722319 5 3TA1011213224822399999999999999 420 651631 4699999999999999
208175135101 78 69 80113153186206208189152109 72 49 40 53 8813618021222819 5 4TA1037209232122999999999999999 458 691656 4099999999999999
224200163125 96 79 77 98135172197205195165121 80 50 36 39 6511016020022419 5 5TA1059205235423299999999999999 534 751721 3599999999999999
232219188151118 95 84 91119156186200198176137 92 55 34 29 44 8113218021419 5 6TA1122202999999999999999999999 610 831747 2999999999999999
232232212178143115 96 92106137170192198186155111 68 38 23 27 53 9815019519 5 7TA 029234114919899999999999999 647 911818 2399999999999999
224236230205172140114100100118149177192190171135 92 52 27 19 30 6311116219 5 8TA 1 9236122419499999999999999 730 981856 1999999999999999
204230238228203170139116103107126153176186180158122 81 46 24 20 36 7212019 5 9TA 15623813 818699999999999999 8191031942 1999999999999999
169208232238227203172142118107110126149169177170149116 80 48 29 27 44 7819 510TA 25223814 317799999999999999 9191062037 2699999999999999
123169206230237228205175145121108108120140158167163147121 89 60 42 38 5119 511TA 35623715141679999999999999910301062144 3899999999999999
 80121164200225235229208179148122104100109127146159163154134107 79 59 5019 512TA 5 7235164816399999999999999114910023 4 5099999999999999
 57 80114155192219232229211181148117 96 88 94113138159170169155130101 7619 513TA 61823318251719999999999999913 3 88999999999999999999999
 61 61 76107147186215230229210178141107 83 73 8110513716618418917815312019 514TA 725232194918999999999999999 031 5914 5 7399999999999999
 89 69 63 74102143184213228225204167126 90 66 58 7110414418020221019917019 515TA 822229205621099999999999999 153 631454 5899999999999999
132 98 74 65 74105147187213225217189147104 70 50 48 7011215919722122721319 516TA 9 8225215022899999999999999 3 3 651536 4699999999999999
178138103 79 69 81115157193214218203167121 80 51 37 45 7812717621323523819 517TA 946219223723999999999999999 359 691612 3799999999999999
217179138105 83 78 95131171199212208182139 93 57 35 30 49 9214619322724419 518TA1016213232024599999999999999 447 771644 3099999999999999
240213174136107 89 90113150183204207192158111 69 39 25 31 6111116420723619 519TA1043208999999999999999999999 530 871715 2599999999999999
247235205167133108 96103130165192204198174133 88 50 28 23 38 7712918021819 520TA 0 0247111220499999999999999 610 961747 2299999999999999
241244227196160130109103116144175195199186155113 70 39 23 26 51 9514619319 521TA 041246114520099999999999999 6511021821 2299999999999999
226242240219187153126109108125153179193191172138 97 59 34 25 36 6711216119 522TA 121244122419499999999999999 7321061858 2599999999999999
203231241233210178146121108112131156177187180158125 87 55 35 33 50 8412919 523TA 2 324113 718799999999999999 8171081937 3299999999999999
174211233238226201169139117108114132154172177169147116 84 57 43 46 6610119 524TA 247238135517799999999999999 9 61082020 4299999999999999
143183214231232218192161133114107113130149163168160141114 87 66 56 62 8219 525TA 33323414531689999999999999910 010721 9 5699999999999999
115152187214227225210184155128110104109124141155161156142120 98 80 72 7719 526TA 42422816 61619999999999999911 110422 8 7299999999999999
 95123156186210221219203178149123105 97102115133149160160151133113 96 8619 527TA 51922217331619999999999999912 6 972323 8599999999999999
 88102125154183206217214198172143115 95 87 9210712915116717216615113111019 528TA 61821718581729999999999999913 7 87999999999999999999999
 96 93102123151180203214210193164131102 81 74 8210313216118219018616914419 529TA 71521520 919199999999999999 046 931358 7499999999999999
119100 93100120150181204213206184151114 84 65 62 7710714417720121020318119 530TA 8 621321 421099999999999999 2 2 931441 6199999999999999
150121100 91 98122154186206211199169131 93 64 50 55 8011916219822022621319 531TA 848211214922699999999999999 3 5 911517 5099999999999999
184150119 98 90102130164193207205184147105 69 46 41 56 9213918321723523519 6 1TA 924209222923899999999999999 355 901549 4099999999999999
214181145116 97 94112144177199206194163120 79 48 34 38 6511016120323224419 6 2TA 95420623 624499999999999999 439 931618 3399999999999999
235208173140114100103127160187201199177139 93 55 32 27 42 7913118121924119 6 3TA1022203234424799999999999999 519 991648 2699999999999999
246230199165135114105115142173194200188158114 70 38 22 26 50 9615019723019 6 4TA1051200999999999999999999999 6 01051721 2199999999999999
247245223191158132114111126155182197196177140 95 54 27 18 28 6111116520919 6 5TA 024248112519999999999999999 6421101759 1899999999999999
238250242218185154129114115133161185196190166128 83 45 23 18 34 7112317619 6 6TA 1 725012 819699999999999999 7271121844 1899999999999999
217243251240214181149125112116135163184192184159122 80 45 25 23 42 8113219 6 7TA 15525113 019299999999999999 8181111935 2299999999999999
183222246251238211176144120108112132158179187180158123 84 52 34 33 52 8919 6 8TA 24725214 318899999999999999 9141072033 3199999999999999
138186223245249235207172139114101106125150172183180162132 97 67 49 47 6319 6 9TA 34325015171849999999999999910151012138 4699999999999999
 97141185220241245230202166132106 93 96114140165180183172148117 88 69 6319 610TA 4422451642184999999999999991119 922251 6399999999999999
 74102140181214234238224196160124 96 81 83101130159182192187169141112 8919 611TA 5422391811192999999999999991223 80999999999999999999999
 79 83104138175207226230216187150112 83 68 70 9012315918820520619116513419 612TA 642231193620799999999999999 012 781324 6699999999999999
107 92 90105135171201219222207176136 97 68 53 58 8312316519922022521218319 613TA 739223204622699999999999999 136 891417 5399999999999999
150120101 95107136171199214213195160117 79 52 41 51 8313017621323624022419 614TA 829216214424199999999999999 250 9515 4 4199999999999999
193158127106 99113142175199209204179139 96 60 38 34 52 9214319122724724819 615TA 910210223325199999999999999 351 991544 3399999999999999
228194159129109105122153182201205191160116 75 44 29 33 6110816020623825319 616TA 945205231525499999999999999 4411041619 2899999999999999
248223188154127111113135165190202198176139 94 57 33 26 40 7612717821924519 617TA1016202235425399999999999999 5241091652 2699999999999999
253241212178147124114123148176196201189160119 76 44 28 30 53 9514719422919 618TA1048201999999999999999999999 6 31141724 2699999999999999
248248230199165138120117132159185199197178144102 63 37 28 39 6911616620919 619TA 031250112320099999999999999 6401161758 2899999999999999
237248240217184152128116120140167190199191167130 89 55 35 33 52 8813618419 620TA 1 624812 319999999999999999 7171151835 3299999999999999
221242245231203169139119112122145172191195183156119 81 52 38 43 6810815619 621TA 141246124719699999999999999 7551121914 3899999999999999
200231245241220189155127111109123148173189190176147112 78 54 47 58 8612819 622TA 217245133419299999999999999 8351081955 4799999999999999
173212236243233208174142116104107124149172185184169142110 81 63 60 7410519 623TA 254243142718699999999999999 9191032040 5999999999999999
145186218236237222194161130108 99105123147168180180166143115 91 76 76 9119 624TA 33523915281829999999999999910 6 982131 7499999999999999
121157192218231228211182149120100 93101120143165178180170150127106 93 9319 625TA 4202321641181999999999999991058 932233 9199999999999999
106130161191213223218199171139110 92 86 9411413916318018618116514412411019 626TA 51122318 2186999999999999991154 86235010699999999999999
106114134160186206215209189160128 99 81 76 8610813716618819919718416214019 627TA 6 72151921200999999999999991250 76999999999999999999999
122113117132156181200208201180149114 85 67 64 7810614117620221721620117719 628TA 7 3208202721899999999999999 1141131341 6399999999999999
150128115115130154179198204194169134 97 68 52 53 7310915119122023423121319 629TA 754204212123599999999999999 2301131426 5099999999999999
184154129114114130156182199201186155115 77 50 39 46 7511916720823624724019 630TA 83920222 824899999999999999 33111215 7 3899999999999999
216184152127113116136164188201197175138 94 57 34 30 46 8313318422324825519 7 1TA 917201225125599999999999999 4211121545 2999999999999999
242213179148125114122146175196202191162119 74 40 23 26 50 9515019923525519 7 2TA 953202233325899999999999999 5 61141623 2299999999999999
256237206172143123118131158186202201183148101 58 29 18 27 5910916521224419 7 3TA1029204999999999999999999999 54911717 3 1899999999999999
258253230196163137121121139168194205200176136 88 48 23 17 32 6912317922219 7 4TA 016259111120599999999999999 6321191748 1799999999999999
250259249221187155131118122144175198207198171129 82 44 23 21 40 8113719019 7 5TA 1 0259115920799999999999999 7171171837 2099999999999999
230254259243212177145122112120146177200207197169127 83 48 29 29 51 9514919 7 6TA 145259125620799999999999999 8 41121930 2799999999999999
200236256256236202165133111103116144175198206197170131 90 58 41 43 6610819 7 7TA 230259135920699999999999999 8541032026 3999999999999999
160206239254250226191153120 99 94109138170194204198176141105 75 59 61 8319 7 8TA 31725515 920599999999999999 945 932126 5899999999999999
121167208236247240214178140108 87 84100129162189203202185157125 98 82 8219 7 9TA 4 62471627205999999999999991040 832232 8099999999999999
 99131170204228236227202166128 97 77 74 9011915318420320920017815012410619 710TA 4582361752209999999999999991139 73235010199999999999999
101112136167196216223214189155118 87 67 64 7910914618120722021720017414819 711TA 5552231919220999999999999991240 63999999999999999999999
126116119135161187205211202179144108 76 57 54 7010314418421523323422019419 712TA 655211203523699999999999999 1191151340 5399999999999999
165139123120132156180197203193169134 96 65 48 47 6610314819222624624823219 713TA 753203213724999999999999999 2421191433 4599999999999999
204172143124119131155179194198186158121 83 54 40 43 6811015920423725525419 714TA 843198222725799999999999999 3481191520 3999999999999999
234203169141122120135160183196194178145105 69 44 35 46 7712417421724625819 715TA 92619723 925999999999999999 43811816 0 3599999999999999
251226193160134120123143170191198191168130 89 56 38 36 55 9314319122825119 716TA10 2198234525699999999999999 5191191635 3599999999999999
255241211177147127120131156183199200186155114 74 47 36 43 7011416520823819 717TA1035201999999999999999999999 55412017 8 3599999999999999
252247225192160135121122141170194205199178141 99 63 42 38 54 8913718622319 718TA 016252111020599999999999999 6251191742 3899999999999999
244249235206172143123116127152182202207195167127 86 55 41 46 7011116120519 719TA 045249114820899999999999999 6551161817 4199999999999999
235248243220186153127113114133162191207206189156115 77 53 46 58 9013618419 720TA 113248122920999999999999999 7261111853 4699999999999999
222244248233203167135113105114139170196207202180145106 74 56 55 7511215919 721TA 142248131220899999999999999 7591051932 5399999999999999
203234247242219184148119101100116145176198206197173138103 77 65 71 9513519 722TA 213248135920699999999999999 835 982012 6499999999999999
179216239244230201165130105 93 97118149178197202192169137108 87 80 8911619 723TA 246244145120399999999999999 914 922056 8099999999999999
153192221236233214183147115 94 87 96120150177195200191171144119103 9810819 724TA 322237155220099999999999999 956 872149 9899999999999999
132164195217225219198166132104 85 82 9311814817519420119718115913712211719 725TA 4 422517 6201999999999999991045 81225811799999999999999
123141166190207212204183153121 94 78 75 8811314417419620820819717815714019 726TA 4552121830210999999999999991140 75999999999999999999999
130131142161180195200193173144112 85 69 66 7910614117520322022521519617419 727TA 557200194822599999999999999 0281291240 6599999999999999
152137131137153172188194188168137103 74 57 55 7010114118121423524123221019 728TA 7 2194205324199999999999999 1591311338 5499999999999999
183156136127131148169187194186164130 92 61 43 43 62 9914519122724925424219 729TA 8 0194214725599999999999999 3111271431 4199999999999999
216184154132122129149174193198187160120 79 47 31 35 5910315520424026026119 730TA 850198223426399999999999999 4 61221519 3099999999999999
243212177147127120132158185202203187154109 65 35 23 32 6211216821624926519 731TA 935205231926699999999999999 45212016 6 2399999999999999
261237202167139122121139170198211208186146 97 54 27 20 34 7012518222725519 8 1TA1017212999999999999999999999 5341191652 2099999999999999
265255225188155130118123149183209218210183138 88 48 26 22 41 8414119623619 8 2TA 0 126511 321899999999999999 6151171740 2199999999999999
259263245210172141120113125157192216223211180133 84 48 30 30 5410115820919 8 3TA 041264115322399999999999999 6551121829 2799999999999999
244260256231193156127108106125161197219225212179132 87 55 40 43 7112017419 8 4TA 120261124922599999999999999 7371041920 3899999999999999
220248258247216176139110 95 98123162197219225212180137 97 68 55 62 9213819 8 5TA 159258135022599999999999999 821 932012 5599999999999999
187226248251233199158122 95 83 91120158193216224213184148113 88 76 8411219 8 6TA 239252145522499999999999999 9 7 8321 7 7699999999999999
153195225241238216181142107 82 74 8511415218721122221519416413411110110719 8 7TA 32124216 722299999999999999 957 7422 910199999999999999
129162194217227221199166130 97 75 68 8010814317820622122120718415813712519 8 8TA 4 82271730222999999999999991052 68232712399999999999999
125139161185203210204185155122 92 71 65 7510013417120222222922220518115919 8 9TA 5 421019 0229999999999999991154 65999999999999999999999
142135140154172187195191176150119 90 69 61 69 9212716620222824023822219819 810TA 612195202124199999999999999 1 613513 1 6199999999999999
172149136134143160177186185172148117 87 65 57 64 8812516820723625125023219 811TA 725187212525299999999999999 24013314 4 5799999999999999
205174147130125136155174186185172146113 82 60 52 61 8913117721724525825319 812TA 829187221525999999999999999 3471251459 5299999999999999
231199166138122121136160181191189172141104 73 53 49 63 9714419022825225919 813TA 919192225425999999999999999 4331191545 4999999999999999
247219184151127116123146173192199191167131 92 63 48 51 7211316220623825419 814TA 958199232625699999999999999 5 81161623 4799999999999999
253232198163135118116133162190205205189157116 79 55 47 58 8913618422224519 815TA1032207235225299999999999999 5371141657 4799999999999999
252239210174143121113122149181205214206182143100 68 51 51 7211216120523519 816TA11 4214999999999999999999999 6 21131729 4999999999999999
248244220185151125111112133166197216218202169126 87 61 52 62 9213818722419 817TA 015249113721999999999999999 62610918 1 5299999999999999
244247230198161130110104116146182209221216193155112 79 60 59 7811716620919 818TA 038248121322299999999999999 6521041834 5799999999999999
238248239211174138111 98101124159194216222211181142103 77 65 7210014419019 819TA 1 2248125122399999999999999 720 9719 9 6599999999999999
226245244224189150117 96 90103133171202220220203171133101 81 76 9112416819 820TA 128247133222299999999999999 750 901945 7699999999999999
208235243232204165127 98 84 86107142179207220216197166133106 92 9311214619 821TA 156243141722199999999999999 823 822026 9099999999999999
185216233232214181143108 85 76 8611214818320821821419516814011810811213119 822TA 227235151121999999999999999 859 76211410899999999999999
160191214222215193161125 95 76 73 8611415018320621721420017815413612712919 823TA 3 2222161821899999999999999 942 72221912799999999999999
143164187202206197176147115 88 72 71 8511114517820321822021219417415514319 824TA 3482061744221999999999999991036 70235414099999999999999
140146159175187191185167141112 86 70 67 7810313717220222323222821319217119 825TA 4541911911232999999999999991144 66999999999999999999999
153141140148162175183181167143113 85 65 59 67 9212816820423124524422920519 826TA 620184202524699999999999999 1381391257 5899999999999999
178153136130137154172185186174149115 82 57 47 55 8112116821124225825623819 827TA 736187212525999999999999999 25613014 3 4799999999999999
208175146127121132155180196197183153113 74 47 37 46 7512217522125226626119 828TA 837198221426699999999999999 35112115 2 3799999999999999
236200164135117116134165194210209191154107 65 38 30 42 7813118723225926819 829TA 927212225726899999999999999 4341141555 3099999999999999
256224184148123110117144181211224219194150 99 57 34 29 47 8914720224126219 830TA1014224233526599999999999999 5121101644 2899999999999999
264242204163132111105122158198225233224193144 92 55 36 36 5910816621524719 831TA11 0233999999999999999999999 5481051732 3399999999999999
261253223181142115 99102128170210234239225189138 91 59 44 49 7913018522719 9 1TA 010261114924099999999999999 625 981819 4399999999999999
251255238200157122 98 88 99133178216238241224186138 97 70 58 6810215220119 9 2TA 044256124124299999999999999 7 2 8819 6 5899999999999999
234250245219177135103 82 78 97136182218238240222186143108 85 77 9012517019 9 3TA 117250133724299999999999999 742 771955 7699999999999999
210235242230198156117 87 70 72 96137180215235238221190154124103 9811214319 9 4TA 153243143823999999999999999 825 682048 9899999999999999
180211228228211178139103 76 64 70 9613517620923023422219816914312412013019 9 5TA 231230154623599999999999999 911 63214911999999999999999
154181203213210192162128 96 73 64 72 9713216920222423222620918616214513719 9 6TA 31621417 52329999999999999910 3 6423 913799999999999999
141155172187194191176153124 97 77 69 75 9512616119421923323322220218016019 9 7TA 41319518332349999999999999911 5 69999999999999999999999
146142147157169177178169151127103 83 73 76 9211915318821823624223421519019 9 8TA 534179195424299999999999999 0571421218 7399999999999999
165145134133142156168174170156135110 88 75 74 8711415018922124224924222019 9 9TA 7 6174205924999999999999999 2351321333 7399999999999999
190160136122121133153170179178165141112 87 71 70 8311315419522824925424119 910TA 822180214825499999999999999 3341191438 6999999999999999
213179146122110115135161182192189171141107 80 65 66 8412116620723725325119 911TA 917192222525599999999999999 4131101529 6399999999999999
230196159129109105120149179198205196170133 96 71 60 67 9313718322124525219 912TA 957205225425299999999999999 4431041610 6099999999999999
240209171137112100108135170199214214195160119 84 64 60 7511216020323424819 913TA1029216231824999999999999999 5 81001645 5999999999999999
244219182145116100100121157193217225215186144104 75 61 66 9313718522124219 914TA1059225233924699999999999999 530 971716 6199999999999999
244227193153121100 93107139179211228228208171128 92 71 66 8111816520723419 915TA1129230235924399999999999999 552 931747 6599999999999999
243233203163127101 89 94120160198224233223195154114 86 73 7710314619122519 916TA12 0233999999999999999999999 615 881818 7299999999999999
240237214176135104 85 83100136178212231232214180140107 87 81 9512917321119 917TA 020242123423499999999999999 639 821849 8199999999999999
234238223189147109 84 75 83111153194222234228204169133106 93 9411515219219 918TA 043239131123499999999999999 7 5 741924 9199999999999999
222234227201162121 88 70 69 8712316620422823422319716413311210311113517019 919TA 1 8234135223499999999999999 735 6720 410399999999999999
202222224209178138100 73 62 68 9313217520922923222019616714012311812714919 920TA 138225144323399999999999999 810 62205411899999999999999
177201212208189157121 88 66 60 71 9813717720922723122120117715413813213819 921TA 214213154723199999999999999 852 6022 113299999999999999
154174190196190172145113 85 66 62 73 9913417120322323122721319217015314219 922TA 3 1196171023199999999999999 947 62233814099999999999999
141149162174180178165144117 91 72 65 72 9312416019422023523722720818516219 923TA 41418018402389999999999999911 1 65999999999999999999999
144136137146159171175169153128101 78 64 65 8111014818822124224924122019219 924TA 558175195724999999999999999 1231351227 6399999999999999
162138124122133153172184183169143110 79 59 55 68 9814118722625025924922319 925TA 726185205925999999999999999 2381211345 5599999999999999
188153125110110128157184200201185154113 76 52 46 59 9314219323325726324819 926TA 833202214726399999999999999 3281081451 4699999999999999
214173136110 98105134172203219218198158111 71 47 42 58 9815320424126025919 927TA 927221222826299999999999999 4 9 971547 4199999999999999
235194150116 95 90109148191222235230202156106 68 47 45 6711417021724625719 928TA101423623 225799999999999999 444 891637 4399999999999999
246212166125 97 82 88118166209237246235200150102 70 53 56 8613618922824819 929TA11 0246233225199999999999999 518 811723 5299999999999999
248226184137101 80 73 89130181222246251234195146104 77 65 7410916020623419 930TA1146252999999999999999999999 551 7318 7 6599999999999999
244234201155111 81 65 67 94141192229250251230190146110 88 81 961331792151910 1TA 0 1244123425399999999999999 625 631852 8099999999999999
235235215176130 91 65 55 66100149197232250248226189151120101 981161521901910 2TA 032237132625299999999999999 7 3 551940 9799999999999999
217228221194154111 76 55 51 691061541982312472442231911591321151151331631910 3TA 1 6228142224899999999999999 743 50203111399999999999999
192211215202174136 99 69 53 54 751131561972262412402231971681441291291421910 4TA 145216152424399999999999999 827 51213212799999999999999
164185197197184158126 95 71 59 63 841171561922202352372242031781561411371910 5TA 231199163423899999999999999 915 58225113699999999999999
143156170179179168149124 99 79 70 74 911191521862132302352282101871641461910 6TA 3301801752235999999999999991014 70999999999999999999999
137136143153162166161149131110 92 82 82 941171461792082282362322161921661910 7TA 5 016619 823699999999999999 0331351129 8199999999999999
144129123127138152162164158144124104 90 85 931121411752072292392352181901910 8TA 646165201323999999999999999 2 51231253 8599999999999999
159133115108115132154170177173158134109 91 83 881071401782122342422352121910 9TA 8 917721 324299999999999999 3 010814 8 8399999999999999
178144116 99 97112139167186194188167137107 85 77 83108146187220239243227191010TA 9 5194214124499999999999999 337 9615 6 7699999999999999
196157122 97 87 95121156187206210197168131 98 78 72 85118161202230242236191011TA 946211221124399999999999999 4 6 861551 7299999999999999
210171131100 82 82104141180209223220197159119 89 72 73 96136181216236238191012TA1020224223624099999999999999 431 801628 7099999999999999
220183141106 82 74 88122165203227233219186145108 82 73 83116160201227236191013TA1051233225923699999999999999 454 7417 1 7399999999999999
225194152112 84 70 75103146190221237233209170130100 82 81102142185216231191014TA1121238231923299999999999999 516 701733 7999999999999999
228203163120 87 69 66 85124171209233239226194154120 97 87 96126168204224191015TA1151240233922899999999999999 538 6518 4 8799999999999999
227210175131 93 68 59 69101147191223239236214179143115 99 97115150188214191016TA1222240999999999999999999999 6 1 591837 9699999999999999
224215187145102 70 55 56 78118167207233241230204169137115105110133168199191017TA 0 1224125724199999999999999 626 53191310499999999999999
216216197161118 79 55 47 58 89135182218238240225197165137119113123147178191018TA 028218133824199999999999999 657 47195511399999999999999
201210201177139 98 65 46 45 63100146190223239239223196167142126122132153191019TA 1 1210142824199999999999999 734 44204812199999999999999
177194197185159124 88 60 46 49 70106150192222237237224201174150134129135191020TA 142198153123999999999999999 820 45215812999999999999999
150168181182172150120 90 65 53 56 74107147186216234238229209184160141130191021TA 238183164923899999999999999 919 52233012999999999999999
130140154166171166151128101 77 63 62 75101137175208231240236219194166141191022TA 4 21711811241999999999999991037 60999999999999999999999
124118124138154167171163145120 93 73 64 70 91124164202230244243227198164191023TA 551171192524699999999999999 1 011812 7 6499999999999999
134112102108127152174185183167139107 79 63 63 80114158201232249247227193191024TA 721186202525099999999999999 2 81021331 6199999999999999
153118 95 86 97125160189205205188154115 81 61 58 74112160205236250244217191025TA 831207211425199999999999999 258 861441 5799999999999999
176132 98 77 74 94133176209226225202161117 81 61 58 78120171213239247233191026TA 927228215324799999999999999 339 721539 5699999999999999
196149106 76 62 68100149196228242237207161116 83 64 65 91137186221239237191027TA1015243222524099999999999999 415 611629 6299999999999999
212167118 81 58 52 70114168213242252240204157116 87 73 79111158200226233191028TA11 0252225323399999999999999 447 511714 7299999999999999
220184135 90 59 44 48 79130185226250255237198154118 94 85 98134177210226191029TA1144256232122799999999999999 519 431758 8599999999999999
223199156107 67 43 36 51 91145197234253253230192153122102 98117152189213191030TA1229256235222099999999999999 552 361841 9799999999999999
220208176130 85 52 34 35 59104157204237253248223188154126110111132164193191031TA1316253999999999999999999999 628 32192810899999999999999
209209190155111 71 44 32 40 701161662092382492422181861551301171211401671911 1TA 02821114 624999999999999999 7 7 32201811699999999999999
189199194172138 99 66 43 38 51 831271722112362442362141851561331221261421911 2TA 11020015 024499999999999999 749 37211512299999999999999
162179185178157128 95 67 51 49 65 961351762092312382312111841571351241261911 3TA 158185155823899999999999999 835 48222412399999999999999
137152165170164148125 99 77 64 65 791061401752052252322262081831571351221911 4TA 25917017 123299999999999999 929 63234411999999999999999
120126138150157157147130110 92 80 79 901111401722002202282232061821541311911 5TA 42515818 6228999999999999991036 78999999999999999999999
115109113125140153158155143126108 94 88 941111361671962172262212041771471911 6TA 6 715819 822699999999999999 1 31091159 8899999999999999
120102 95100117139158170171161143121101 91 931071331661972182262191981661911 7TA 73517120 222699999999999999 2 3 951323 9199999999999999
132103 85 81 93117148173188190178154126102 88 881041331702022222262141851911 8TA 838191204722799999999999999 246 811431 8799999999999999
148111 83 69 72 94129166194209207188157124 97 83 851061411802092252222011911 9TA 925210212222699999999999999 320 681523 8299999999999999
164122 87 64 57 72106149188215225216189152117 91 80 89117156192216223210191110TA10 3225215222399999999999999 349 5716 6 8099999999999999
178135 94 64 50 55 83127173210231234215180142109 88 83100135174204218214191111TA1038235221821999999999999999 415 491644 8399999999999999
189148104 69 47 44 63103152196226239232205167132105 90 94119156190210213191112TA1110240224121499999999999999 440 431719 8999999999999999
197161116 75 48 38 47 79128176214236240223191155124103 96109140175200210191113TA114224123 321099999999999999 5 5 381754 9699999999999999
201173130 86 52 35 35 57100151196226240235212178145120106106126158187204191114TA1215241232820599999999999999 529 33182910399999999999999
203184147102 62 36 28 39 72120171211234241229201169140119109116139169192191115TA1251241235920099999999999999 557 2819 810999999999999999
200191165124 81 46 27 27 46 86137185220239240224195164137119113123146172191116TA1333242999999999999999999999 632 25195411399999999999999
190192178148108 68 38 25 30 55 98148193225241239221193163137120115125146191117TA 039193142324299999999999999 714 24204911599999999999999
169182182167138101 65 39 29 37 64105153195226240238221194164137120114122191118TA 129184152224199999999999999 8 5 29215611499999999999999
139159172172160136104 73 49 39 46 70107151192222237237222196165137117108191119TA 234174162923999999999999999 9 6 39231110899999999999999
112127146161167161144118 89 65 53 55 73105145185216234236223197165134110191120TA 4 11671740237999999999999991022 52999999999999999999999
 97 98112133154168170160138111 85 67 63 74100137177210230235223196160125191121TA 541171184723599999999999999 026 951148 6399999999999999
 97 81 81 97125154176186182163134103 79 68 73 95131172207228232219188148191122TA 712186194623399999999999999 130 791313 6899999999999999
109 78 62 65 88124162191206205185152116 88 72 72 93130173207226227209172191123TA 825208203622999999999999999 223 611429 7099999999999999
127 87 58 45 54 86132177209226224201163123 93 75 75 98137179209222218192191124TA 924228211722399999999999999 3 7 451531 7399999999999999
148101 63 38 33 52 94147194226242235207165126 97 80 84110150187210216203191125TA1014242215021799999999999999 346 321623 7999999999999999
168119 74 41 24 28 58109164209239250237204163127100 88 96127165195210207191126TA11 0250222021199999999999999 421 2317 9 8899999999999999
183140 91 50 24 16 31 71127181221246251232197158126104 97111143177200205191127TA1142252225020699999999999999 454 161752 9799999999999999
193161114 67 33 15 16 41 88144194230248246223188153124107105124156184199191128TA1224250232320199999999999999 527 13183410399999999999999
197177139 93 51 23 13 23 55105159204234247239213179146121108112134162186191129TA13 7247999999999999999999999 6 2 13191710799999999999999
195186161122 78 42 20 17 34 72122172212237243230203170139117108116138163191130TA 0 2195134924399999999999999 640 1620 310899999999999999
182186174147109 70 40 24 27 50 891371832182362372211931611321121071171371912 1TA 046187143323999999999999999 721 23205210799999999999999
160174176162136102 68 44 34 42 671061501912202332302121831521251081041141912 2TA 136177151923499999999999999 8 4 34214510499999999999999
133152164165153130101 73 54 49 59 84120159194218228222202174143118102 991912 3TA 23316616 722899999999999999 852 492244 9999999999999999
108125143155157149131108 85 70 66 75 97129163193213220213193165136111 951912 4TA 345158165922099999999999999 949 652347 9199999999999999
 92100116134148155152140121102 87 81 881051321621892082142051851571271011912 5TA 51215617552149999999999999911 0 81999999999999999999999
 85 81 89107129149161164155139119102 93 941071301581842032081991771471141912 6TA 641164185220899999999999999 048 801223 9299999999999999
 87 70 67 79102131157175181174157134112 97 951051271561832012051931671321912 7TA 757181194520599999999999999 142 671344 9499999999999999
 97 69 54 55 73105141173194201192170141115 97 921021271581852012001831511912 8TA 855201202920399999999999999 226 521450 9299999999999999
111 75 49 39 48 76117159193213217202174141113 94 901051331651892001931671912 9TA 94121821 720099999999999999 3 3 391543 8999999999999999
128 86 52 32 30 50 88136179212228225203170136108 92 93113145174193196179191210TA1021229213919799999999999999 336 281627 9099999999999999
144100 60 32 20 29 60108158199226235224196161129105 94102127159183193186191211TA105723522 719499999999999999 4 6 2017 6 9399999999999999
160118 73 37 17 15 36 78130178214234235216185151123103 99114142171188189191212TA1133237223519199999999999999 435 131744 9899999999999999
172137 91 49 20  9 17 49 98151195225237230206173142118104106126155179189191213TA12 923823 518999999999999999 5 6  8182310399999999999999
182156115 69 31  9  6 24 63116168208232237224196164135114105112136163183191214TA1248238234318799999999999999 540  519 510499999999999999
186173142 98 54 21  5  9 33 78132182218236236218188155128109104115140166191215TA1330239999999999999999999999 620  4195110399999999999999
182181164131 88 47 18  6 15 44 91145192224238234213181148121103100113138191216TA 029184141723999999999999999 7 6  62042 9999999999999999
163177176159127 86 49 23 14 24 55101153197226238231208175141113 96 93107191217TA 12517915 823899999999999999 759 142139 9299999999999999
132156171172157129 93 59 35 27 37 66109157197224234226202168133104 87 84191218TA 23317316 323499999999999999 858 272240 8399999999999999
 97122147164170161139108 77 55 45 52 76113156193218227218194160125 94 75191219TA 35317017 12279999999999999910 6 452344 7199999999999999
 71 84109137160172171155130102 78 65 66 83114151186209218210186151114 82191220TA 52417318 1218999999999999991125 63999999999999999999999
 61 56 69 96129159179185177155127101 83 77 87112146178201209201176140100191221TA 65618619 120999999999999999 047 561252 7799999999999999
 66 45 40 55 87127164191204199179149119 96 85 89110142173194201191164124191222TA 816204195620199999999999999 145 401416 8499999999999999
 82 48 28 26 46 85132175206222218196163130104 89 91111143172191194180148191223TA 920223204319599999999999999 236 251524 8799999999999999
104 62 30 14 18 45 91143188220235229203168134106 91 95117149175189187166191224TA1013236212319099999999999999 321 131620 9099999999999999
128 83 42 15  5 17 52105158202231242230201165131106 94102127158180187178191225TA11 0242215818799999999999999 4 0  517 7 9499999999999999
150107 61 25  5  3 24 67122174213237241223191155125103 97111139167183184191226TA1141242223118699999999999999 436  11749 9799999999999999
167132 86 43 13  1  8 37 86141188221238234211177143116101102121150175185191227TA121923923 618599999999999999 510  01827 9999999999999999
178154115 69 30  7  3 18 55107160201227235223195161130107 98106130158178191228TA1255235234618399999999999999 545  219 4 9899999999999999
183170141 99 56 23  7 10 34 76128177212230229211179145116 98 95109136163191229TA1329232999999999999999999999 621  61941 9499999999999999
179178161129 87 48 21 12 22 52 98149192220230221196162129103 90 93112139191230TA 02918114 323099999999999999 659 122020 8999999999999999
163175170150117 79 45 25 23 39 73119165202222225210182147116 93 85 92113191231TA 114175143922699999999999999 739 2221 3 8599999999999999
