124133136133124113103100105118135150160163158146127104 81 62 53 55 67 8619 1 1TK 157136125216399999999999999 6541002020 5299999999999999
108127142148146136122110105110123140155165168161146122 93 65 44 36 42 6019 1 2TK 314148134816899999999999999 8 210521 5 3699999999999999
 85112137154161156143126112107112126144161171173163141111 77 47 28 24 3619 1 3TK 4 5161143817499999999999999 9 01072145 2399999999999999
 60 91123151167171161144124109105114131151169178176160132 96 59 30 15 1819 1 4TK 445171152117999999999999999 9491052222 1499999999999999
 37 67104139165177175160138117105104116137160178184176152117 78 42 17  919 1 5TK 51917815581849999999999999910311032257  999999999999999
 19 45 81120154176182172152128109100105122147170185186169138 99 59 27  919 1 6TK 55118216321879999999999999911101002331  699999999999999
  9 27 59 99138167181179163140117101 97108131158179189181156120 80 44 1819 1 7TK 62018217 4189999999999999991145 97999999999999999999999
  7 16 41 78119153175180171150127106 95 98115141167184186170139101 63 3219 1 8TK 649181173518799999999999999 0 3  71218 9599999999999999
 14 13 30 61 99136164176174158136114 97 93103124151173182176154121 84 5119 1 9TK 71817718 718399999999999999 034 111250 9399999999999999
 27 18 25 49 82119149168173163145123103 93 94109132155171174161136104 7119 110TK 747173184117599999999999999 1 4 181323 9299999999999999
 45 30 29 43 70103134157168165152132112 97 91 98114135153163161145120 9119 111TK 818169191816499999999999999 133 271359 9199999999999999
 65 46 39 45 64 90119144160164157141122105 94 9210011513214515114613110919 112TK 85116420 315199999999999999 2 3 391441 9199999999999999
 86 66 55 54 64 83106130149159159148132115101 92 91 9810912313313813412219 113TK 92716021 313899999999999999 235 531536 9199999999999999
105 88 75 69 72 82 98118137151157153142127111 98 89 86 89 9810912112712719 114TK10 8157222612899999999999999 313 691658 8699999999999999
119108 98 89 86 88 96108124140151155150139124108 93 81 74 74 82 9611012119 115TK1056155999999999999999999999 4 9 861828 7399999999999999
126125120113106102100105114128141151155150139124105 85 67 56 56 66 8310319 116TK 016126115515599999999999999 5441001934 5599999999999999
121132137136130121113108109116129143154158154143123 98 71 48 35 36 50 7419 117TK 21713713 215899999999999999 7231072027 3499999999999999
101126144153153145132119110109117131147160166162146120 87 53 26 14 18 3919 118TK 32915414 716699999999999999 8351082114 1399999999999999
 70105137159170168155137119108107117134154170176170148114 73 34  6 -5  519 119TK 41917115 217699999999999999 93410622 1 -599999999999999
 33 71113150175183176158135114103104118139163181187175146104 58 17-10-1719 120TK 5 118315501879999999999999910251022247-1799999999999999
 -1 33 79126164187190177154127106 97101120147174192193175139 92 44  4-2019 121TK 5411911635195999999999999991110 962333-2399999999999999
-21  2 43 92140176192189171144116 96 90100124155182197193169129 81 35 -219 122TK 6191931719198999999999999991153 90999999999999999999999
-20-15 14 59110154183192182159130103 87 85101129161186196186159118 73 3019 123TK 65619218 219699999999999999 017-211234 8499999999999999
  0-11  2 35 81128165184185169143115 91 79 83103133162182186173145108 6819 124TK 731187184618799999999999999 058-111315 7899999999999999
 32 10  8 26 62104143170181174154127101 81 75 8310513215617017115713210019 125TK 8 4181193317299999999999999 137  61356 7599999999999999
 68 42 29 33 55 89125154171173161139114 91 76 73 8410312514315315314112119 126TK 836174202615499999999999999 215 281442 7399999999999999
 97 74 57 52 62 83112139160168164148127104 85 74 73 81 9611312713513612819 127TK 9 8168213313799999999999999 252 521537 7299999999999999
115100 86 77 77 87106128147160162154139120101 85 74 71 75 85 9811012012319 128TK 943163231312499999999999999 331 761655 7199999999999999
122117110102 98 99106119135149157156148134118101 85 73 65 65 72 83 9710919 129TK1025157999999999999999999999 424 971832 6499999999999999
118123125124119114113116125136147152152145135120103 84 67 55 52 59 72 8819 130TK 159125112415399999999999999 5551131948 5299999999999999
105121132138138132124118117123133143149151148139123102 78 57 43 40 48 6519 131TK 327139125415199999999999999 7341172044 3999999999999999
 87110131146152149138125116113119129141151156154144123 96 67 43 30 30 4319 2 1TK 4 9152141715799999999999999 8471132130 2899999999999999
 65 93122146160163153137119108106114128144158165161145118 85 53 29 19 2419 2 2TK 440163151116599999999999999 94110622 9 1999999999999999
 43 73106138161171166149128109 98100112132153168173163139106 69 37 17 1219 2 3TK 5 81711551173999999999999991023 982246 1299999999999999
 25 52 87125155173174161138114 96 90 97116141165179178159128 89 52 23  919 2 4TK 5341761626180999999999999991059 902319  899999999999999
 12 33 67107144169178170149123 99 85 84 99125154177185175148111 71 37 1419 2 5TK 5591781658185999999999999991131 832350  799999999999999
  8 20 50 89129161177175158132106 85 76 84107138167184184165132 92 55 2619 2 6TK 62317817291869999999999999912 2 76999999999999999999999
 11 15 37 73113149172177165142114 89 73 73 89118150174184175149113 75 4319 2 7TK 64717718 118499999999999999 019 101232 7199999999999999
 21 17 30 60 98135163175170151124 97 76 67 75 98128157175176160131 96 6219 2 8TK 711175183417899999999999999 046 1613 2 6799999999999999
 37 26 31 53 86122152169171158134107 82 67 67 81106135158169163144115 8319 2 9TK 735172191016999999999999999 112 251333 6599999999999999
 57 40 38 52 78110140161169162143118 92 73 64 70 8711113515215714912910319 210TK 8 1169195215799999999999999 138 3714 7 6499999999999999
 78 59 52 58 75101128150163162150128104 82 68 65 73 8911012914214413511919 211TK 829164204314599999999999999 2 5 521448 6599999999999999
 98 81 71 70 79 97118139154159153138117 95 78 67 65 72 8510211812913212719 212TK 9 0159215113299999999999999 234 691544 6599999999999999
115102 92 88 90 99112128142151153145130111 93 78 67 62 65 74 8910511812419 213TK 938153233112599999999999999 311 881710 6299999999999999
125120114110107108112120131141147147140128112 95 78 63 53 51 58 73 9110919 214TK1031148999999999999999999999 4201071844 5199999999999999
122130133132128123119117121128136143145142134119100 77 55 39 33 40 57 8119 215TK 214133115814599999999999999 6491171957 3399999999999999
105126142149150143132122115115122132142150152145128103 72 42 21 14 23 4519 216TK 331151134415299999999999999 8291142056 1499999999999999
 75108137158167163150133116107106115130147161166158136102 63 28  4 -2 1119 217TK 413167145616699999999999999 9321052149 -299999999999999
 39 78118152174179169149125105 94 96110133158176181169139 97 52 14 -9-1219 218TK 4491791549182999999999999991021 932237-1499999999999999
  7 43 89134169186184166139110 89 80 88110140170190192173136 89 42  4-1619 219TK 52318816351949999999999999911 3 802322-1899999999999999
-13 14 57107152182191180154122 92 72 68 83113150182198194169128 80 34  019 220TK 5551911719200999999999999991142 67999999999999999999999
-13 -2 32 80129169189187167136102 73 57 61 84120158187198188158117 72 3119 221TK 62519118 119899999999999999 0 3-131219 5699999999999999
  5  1 21 60107151179188176149115 81 57 48 60 89126161184188174144106 6719 222TK 653188184418999999999999999 041  01256 4899999999999999
 35 19 24 51 91133166182179159129 95 65 47 47 64 95129157173172157130 9819 223TK 720183192817599999999999999 116 181332 4499999999999999
 68 47 41 54 83119152173177165141110 80 56 46 51 70 9812614715715414011819 224TK 746178201615799999999999999 148 411411 4599999999999999
 95 75 64 67 84111139161171167150124 96 72 55 50 58 75 9711713213913612719 225TK 811172211313999999999999999 218 641454 5099999999999999
113 99 88 86 93109130149161163154135113 90 72 61 58 63 75 9010511712312419 226TK 839164223712499999999999999 248 851552 5799999999999999
120115109105106112123137148154152141126109 92 79 68 63 63 70 80 9310411319 227TK 913154999999999999999999999 3251051725 6299999999999999
119123124123121120121127134141144141134124112100 86 73 63 58 61 70 82 9719 228TK 2 112410 314499999999999999 5 112019 8 5899999999999999
111123132137136131125121121125131135136135130121108 90 72 56 49 50 61 7719 3 1TK 322137115613699999999999999 7251212019 4899999999999999
 96116134146149144133121113111115123131138142140130111 88 64 46 38 42 5619 3 2TK 354149141114299999999999999 8471112111 3899999999999999
 78103129149159157144127110100 99107120135148154150134108 79 52 34 28 3719 3 3TK 42015915 715499999999999999 936 982153 2899999999999999
 58 86118146163167156136113 95 86 90104125146162165155131 98 65 38 23 2319 3 4TK 4441671546166999999999999991012 862229 2199999999999999
 39 68103137162172166147121 96 79 75 87109137162175172152120 84 50 26 1719 3 5TK 5 61721619176999999999999991044 7523 1 1799999999999999
 26 51 87125157174174157130101 77 65 70 90121153176182170142105 68 37 1919 3 6TK 5281761651183999999999999991114 652331 1699999999999999
 19 37 71111147172178166141109 80 60 56 71101137168185182161127 88 53 2819 3 7TK 5501781722186999999999999991142 552358 1999999999999999
 19 30 58 97136166179173151120 87 60 48 54 79115152178186174146110 74 4419 3 8TK 6111791754186999999999999991211 48999999999999999999999
 28 29 50 84123157176176160131 97 66 46 43 60 92129162180179161130 95 6319 3 9TK 632178182818299999999999999 025 261239 4299999999999999
 42 36 48 76112146169176166141109 76 51 39 46 70104139165175167145115 8519 310TK 65317719 417599999999999999 050 3613 9 3999999999999999
 61 49 53 72102135160172169150121 89 60 42 40 53 8011314216016415313110519 311TK 716173194516599999999999999 116 481340 3999999999999999
 82 66 64 75 97125149165167155132103 74 52 41 45 61 8711413715015114012219 312TK 739168203315299999999999999 142 631416 4199999999999999
102 87 80 84 97117138154161156140117 90 67 51 46 51 66 8610912713813913219 313TK 8 6161213714099999999999999 210 8015 2 4699999999999999
120108100 98104115129143151152144128108 87 69 57 51 53 63 78 9711412613019 314TK 837153231613199999999999999 243 981614 5199999999999999
129125120117116119124131138143142136124109 93 77 63 53 49 53 65 8210111719 315TK 924143999999999999999999999 34311618 1 4999999999999999
128135137136133128124123125129133135134129120106 88 68 50 39 39 49 68 9119 316TK 211137111613599999999999999 6571231932 3799999999999999
114133147153151143131120113112117125134142143137120 96 67 42 26 23 35 5919 317TK 316153134514499999999999999 8391112039 2299999999999999
 89120146163167160143124106 96 96106122141157162154132 99 62 31 13 12 2819 318TK 352167145716299999999999999 930 952134 1099999999999999
 58 96133163177175159134107 86 77 82100126154175180167137 97 55 22  4  719 319TK 4231781548180999999999999991010 772222  399999999999999
 30 68112152179186174148116 85 64 59 72100136169190192172135 91 48 16  319 320TK 4521861633194999999999999991047 5923 4  399999999999999
 13 44 88134171189186163130 93 61 44 46 69106148182199194168128 84 44 1719 321TK 5201901716200999999999999991123 422343 1199999999999999
 12 30 68114157185191176145106 68 40 30 42 74116158188198187158119 78 4419 322TK 5471921758198999999999999991158 30999999999999999999999
 26 30 57 98141175190184159122 82 48 26 25 46 83126163186189174145110 7619 323TK 612190184019099999999999999 019 251233 2399999999999999
 51 43 57 88127162184186169137 99 63 34 22 30 56 9413216117617415813210319 324TK 636187192317799999999999999 052 4313 7 2299999999999999
 78 64 66 86117149173182173149116 81 50 31 27 41 6810113215316215714312219 325TK 7 018220 816299999999999999 122 621342 2699999999999999
102 86 81 90111138161173172156130 99 70 48 36 39 54 7810412714114614213219 326TK 72417521 114699999999999999 152 811420 3699999999999999
118106 99100111129147161165157139115 90 69 54 48 52 64 8210111812913313219 327TK 750165221513499999999999999 222 9815 6 4899999999999999
127121115113115124135146152151141126108 90 76 65 60 62 69 81 9510811812519 328TK 820153999999999999999999999 3 01131619 6099999999999999
129130129126124124126131136139137130120109 98 87 77 69 65 67 75 8610011319 329TK 052130 9 613999999999999999 4391241811 6599999999999999
124133138139135129123120120123126127126123118109 97 83 70 62 60 67 80 9619 330TK 24013911 712799999999999999 7231191940 6099999999999999
114131143149147138126114107106110117125131134130120103 83 65 54 52 61 7819 331TK 316149135713499999999999999 8391052039 5299999999999999
100123143156158150133114 99 91 92102117132143147141125102 77 56 45 46 6019 4 1TK 343158145514799999999999999 919 902124 4499999999999999
 83110137158166161144120 97 80 76 84102124146159160147123 94 66 46 38 4519 4 2TK 4 7166153416199999999999999 952 7622 1 3899999999999999
 66 96128155170170155129100 76 63 65 82110139162173166146115 83 55 38 3719 4 3TK 42917216 8173999999999999991021 622234 3699999999999999
 52 81116149171177165140108 77 55 49 61 89124157177181166138103 71 46 3619 4 4TK 4491771640182999999999999991050 4923 5 3699999999999999
 44 68103140168180174151118 83 54 38 42 66102142173187181159126 91 61 4319 4 5TK 5101801713187999999999999991118 372333 4099999999999999
 42 59 91129161180180162131 93 58 34 29 44 77119158183189175148113 81 5619 4 6TK 5311831747189999999999999991147 28999999999999999999999
 47 56 82117152176183171143106 68 38 22 28 53 93135169186184164135103 7519 4 7TK 552183182218799999999999999 0 2 471216 2299999999999999
 59 59 77107141168181176154121 82 48 25 19 34 67108146172182173152124 9619 4 8TK 61418219 118299999999999999 029 571246 1999999999999999
 76 69 77100130158175177162134 99 63 35 21 24 46 8011714916817216114011719 4 9TK 636178194417299999999999999 057 691318 2099999999999999
 96 84 85 99122146165172165144115 82 52 32 25 34 58 8912014515916015013319 410TK 7 0172203416199999999999999 126 831355 2599999999999999
115102 97103117136153163162150128101 74 51 37 35 44 65 9011513614714914219 411TK 727164214014999999999999999 158 971441 3499999999999999
132121114113118129141150153149137118 97 76 58 47 44 50 65 8510612413714219 412TK 759153231914299999999999999 2391121550 4499999999999999
141137131127125126130135139141138130118103 87 71 58 51 51 59 75 9511413119 413TK 851141999999999999999999999 4 71251730 4999999999999999
141146146143136129124121122125129131131127118103 85 66 52 46 50 65 8611019 414TK 130147112913299999999999999 71712119 5 4699999999999999
132148157158151138123111104104110121133141143136119 95 70 49 38 42 58 8419 415TK 235158134514499999999999999 8301032015 3899999999999999
113141160169166151130108 90 82 86 99120141158163154131101 69 44 33 38 5919 416TK 312169145316399999999999999 912 822111 3299999999999999
 90125155175178166143113 85 66 61 71 95126155175179166137101 66 41 32 4219 417TK 344179154418099999999999999 950 612158 3299999999999999
 69106143173186180158125 90 59 43 44 64 98137171190189170137 98 63 41 3719 418TK 4121861629192999999999999991026 412240 3699999999999999
 54 87127164187190173142102 64 36 25 35 65107150183197191167132 95 63 4719 419TK 44019117121989999999999999911 1 252319 4699999999999999
 51 75112151181194185158120 78 41 18 16 36 74119161189197186159125 92 6719 420TK 5 61941754197999999999999991136 142355 5899999999999999
 58 70100137171191191172138 96 56 24 10 17 45 87131167187189175149119 9119 421TK 5311941836191999999999999991210  9999999999999999999999
 74 75 94125158183191180153116 76 40 17 12 28 6010013916718017816213911419 422TK 556191191918199999999999999 028 721244 1199999999999999
 94 86 94116145171185182163133 96 61 33 19 23 43 7611114216217016415013119 423TK 62218620 317099999999999999 1 1 861319 1999999999999999
112100100112133157173177167145114 82 55 36 30 39 60 8811614015415815314119 424TK 648178205315899999999999999 133 981354 3099999999999999
127115109113125142158166164150128102 77 57 46 45 54 72 9511713414514814419 425TK 717167215514899999999999999 2 81091435 4499999999999999
137128121118122131142151154148135117 97 80 66 59 59 66 79 9611312813814219 426TK 751154232314299999999999999 2551181531 5899999999999999
142138133127124125128134138139135126114101 89 78 71 69 72 81 9410912313419 427TK 840140999999999999999999999 42512417 0 6999999999999999
142144143138131124119118121124127127124118110100 89 79 73 72 78 9010612319 428TK 110144103112899999999999999 6461181837 7199999999999999
137147151149141129116107103106113121127130129122111 96 81 71 69 75 8910819 429TK 212151131313099999999999999 8 41031948 6899999999999999
128145156159152138119102 90 87 94107122135142142133117 97 79 67 65 74 9319 430TK 249159142614399999999999999 846 872040 6499999999999999
116139157166163149127102 82 71 74 87109131149157153139117 93 73 62 64 7919 5 1TK 316166151315799999999999999 920 712122 6299999999999999
102130154170172161137108 80 60 55 65 89118146165170161140113 87 68 61 6919 5 2TK 341173155117099999999999999 951 552159 6199999999999999
 90119148170179172150118 84 56 41 44 64 97133163179178162136106 81 65 6419 5 3TK 4 41791627181999999999999991021 402233 6399999999999999
 79107139166182181163131 94 58 34 27 40 71112151178189181159129 99 76 6719 5 4TK 42618417 3189999999999999991051 2623 5 6799999999999999
 74 96128159181187175146108 68 35 17 20 45 84129166189192178152121 94 7719 5 5TK 4501871740193999999999999991122 162338 7399999999999999
 74 89117149175189184161125 84 45 18  9 23 56100143176192189170143115 9219 5 6TK 5141891819193999999999999991154  9999999999999999999999
 82 87108137166184187172142103 62 29  9 10 32 7011415317918818116113611219 5 7TK 54018819 118899999999999999 010 821228  799999999999999
 95 92104127153175185178156122 84 48 21 10 18 45 8312315617618017115313119 5 8TK 6 7185194818199999999999999 044 9113 5 1099999999999999
113103105119141162176177164139107 72 42 23 18 30 57 9112615316817116214719 5 9TK 636178204117199999999999999 1191021346 1899999999999999
130117112118131148162168165150126 98 70 46 32 30 43 66 9512314615916215619 510TK 7 9169214616299999999999999 2 01121436 2999999999999999
145133124121125134145153156151139120 98 76 57 45 43 52 70 9411813915215719 511TK 75315623 615799999999999999 2551211541 4299999999999999
154147138130125125129134139142141134122106 89 72 59 53 57 71 9111413515019 512TK 913142999999999999999999999 43312517 5 5399999999999999
157157152142131121115114117124131136137132121105 86 70 60 60 70 9011313619 513TK 030158114113799999999999999 6461141830 5899999999999999
153163163156142125109 98 94 99110124138146147138120 98 77 63 61 71 9211819 514TK 133164133214899999999999999 757 941941 6099999999999999
143162171169156135111 89 75 72 82101124146160163153132106 81 66 64 7610019 515TK 218172144316399999999999999 843 722038 6399999999999999
128155174179171150122 91 66 52 54 71 99130158175176163139109 84 69 69 8519 516TK 255179153717899999999999999 923 512128 6799999999999999
113144170185184167138102 68 42 33 42 67103141171187185168140110 85 74 7919 517TK 32718616251889999999999999910 1 332212 7399999999999999
 99130161184192182156120 80 45 23 20 38 72113153182194188167138109 88 8119 518TK 35819217 9194999999999999991038 192253 8199999999999999
 92117148177193192173140 99 59 27 12 17 43 82126164188195184162134108 9119 519TK 4281951752195999999999999991114 112332 8999999999999999
 91107135165188196185158120 79 42 16  9 23 55 9713817118919017715412810719 520TK 4571961833192999999999999991150  9999999999999999999999
 97103123151177192191172140101 62 31 14 16 36 7111214817418618216714512319 521TK 526194191418699999999999999 0 8 971225 1299999999999999
107104115138163183189180155122 85 52 28 20 29 53 8812415417317917215613719 522TK 555189195517999999999999999 04410313 0 2099999999999999
119110112126148168180180164138106 74 48 33 32 45 7010213215516817016214719 523TK 626182203817199999999999999 1191091335 3099999999999999
131119114120134152166172166149124 96 70 52 43 46 61 8511113615416216215419 524TK 7 0172212516399999999999999 1581141414 4399999999999999
141129120118124136149158159151135114 92 73 60 56 61 75 9511613615115715619 525TK 739160222115899999999999999 2441181458 5699999999999999
149139129122120124131140146146140127111 95 81 72 69 73 8410011913614815419 526TK 833147232515599999999999999 3511201557 6999999999999999
154148140130122117117121128133136133125114103 92 83 79 80 8910312013614919 527TK 958136999999999999999999999 5321171715 7999999999999999
155156150141129117108105107115124131133130123113102 92 85 84 9110512314019 528TK 031156115713399999999999999 7 21051835 8499999999999999
153160159152138122105 93 88 93105120132139140135124110 97 88 86 9410912919 529TK 126160133714199999999999999 758 881940 8699999999999999
147161166163150131108 87 74 72 82101122140151153146132114 98 88 88 9811719 530TK 2 7166144115399999999999999 838 712032 8799999999999999
139158170172163143116 88 65 54 58 76103131153166166155136115 97 88 9110619 531TK 241173153016799999999999999 914 542117 8899999999999999
128152171179175157129 95 64 43 37 50 77112145169179175159137114 96 90 9719 6 1TK 311180161318099999999999999 948 372158 9099999999999999
116142166182185172145109 72 40 24 26 48 84124160183189180160135111 96 9419 6 2TK 3411861654190999999999999991022 222237 9399999999999999
107130157180191185163128 87 48 21 11 22 53 95138173193194180157131109 9819 6 3TK 4111911735196999999999999991058 112316 9799999999999999
102119145172190194180150109 67 30  7  5 25 6210815118219719417615212710919 6 4TK 4431941818198999999999999991136  4235510299999999999999
102111132159182195190169134 92 50 18  2  8 34 7412015918619518817014612419 6 5TK 51619519 2195999999999999991215  2999999999999999999999
110109121144168187192182156119 79 41 15  5 17 46 8612916318419018116214119 6 6TK 551192195019099999999999999 0351071258  599999999999999
122113115130151172184184170143108 72 40 19 15 30 59 9713416318018217315619 6 7TK 630186204018399999999999999 1171121343 1599999999999999
137122116121135153168176173158133103 72 46 30 30 45 7210513716117417516619 6 8TK 714176213317699999999999999 2 41161433 2899999999999999
150134122117122133146158163161149129104 79 58 46 46 60 8311113915917017019 6 9TK 812163222917199999999999999 3 11171529 4499999999999999
161147132120115116123133143150151144130112 91 73 63 62 73 9211714115916819 610TK 935151232516999999999999999 4181141633 6199999999999999
168159145130116107104108117128139145144137123106 90 78 75 8310012314516219 611TK1125145999999999999999999999 5531041746 7599999999999999
170168158143124106 93 87 90100116132144150147137121104 91 86 9210813015119 612TK 019170131115099999999999999 712 871857 8699999999999999
167173170158139115 92 75 67 72 87108130149159160150134115100 9410011613819 613TK 111174143316199999999999999 8 8 6720 0 9499999999999999
159174179173156131102 74 55 49 58 7810613415717117216114212110510010712519 614TK 158179153517399999999999999 855 49205510099999999999999
148168182184173150119 85 56 37 35 50 7711014316918218116714612410810511519 615TK 241185162518399999999999999 937 34214510499999999999999
134158178189187170140104 68 39 24 28 49 8212015517919018516814412310910919 616TK 32019017 9190999999999999991017 24223110799999999999999
122144168187194185161126 87 51 26 18 29 56 9313316718819318316313911910919 617TK 3581941749193999999999999991056 18231310999999999999999
113130155178193194178148110 71 39 19 18 36 6810814717719219117715513211519 618TK 4331961827193999999999999991134 16235211099999999999999
110119140165186195189166132 94 58 31 19 25 49 8512415918219118416714512419 619TK 5 719519 2191999999999999991210 19999999999999999999999
112112126149173189192179151116 80 49 29 25 38 6610213916818418517515613519 620TK 540193193718699999999999999 0291101245 2499999999999999
118110116133157177187183165136102 70 46 33 36 55 8411915017218117716414519 621TK 614188201218199999999999999 1 51101319 3299999999999999
126113111121139160176180171150122 92 66 48 43 51 7310213215717217616815419 622TK 650180204817699999999999999 1421111353 4399999999999999
136120112113124141158169169157137112 87 67 56 56 68 8911614116017017016019 623TK 731170212617199999999999999 2221111429 5599999999999999
145130117111114124138151158156146128107 88 74 68 71 8410312614716216816519 624TK 82015922 816899999999999999 31111115 8 6899999999999999
154140126115110111119130140147146138124108 94 85 81 85 9711313315016216619 625TK 926148225416699999999999999 4161091557 8199999999999999
161150137123111104103108118130138140136127115105 97 94 9710612113815416319 626TK1051141234416699999999999999 54010317 4 9499999999999999
165160148134118103 93 90 9510712113414014013512711710910410511212614315719 627TK1230141999999999999999999999 654 90182310399999999999999
166167160147129109 90 77 74 81 9811813514715014813912811711010911713214819 628TK 03616714 315099999999999999 748 73193410999999999999999
163171170161144120 94 72 58 57 70 9311914215816416115113612211311212113719 629TK 127172151116499999999999999 833 56203411199999999999999
155170178175161137107 76 51 39 43 63 9312515317117817315914012411411512619 630TK 21517816 217899999999999999 914 38212611399999999999999
144164179185178158127 90 55 31 23 33 60 9713516618519018016214012211411719 7 1TK 259185164819099999999999999 956 23221511399999999999999
131152174189192179151113 72 36 14 11 29 6310514617919619618316113712011319 7 2TK 3421931731198999999999999991038 1023 111399999999999999
119138162184197195176142 99 56 22  4  6 30 7011615818920219718015613211619 7 3TK 4231991813202999999999999991122  2234511299999999999999
112123145171192202194169131 87 45 13  0  9 38 8112816819420219317314812519 7 4TK 5 520218562029999999999999912 7  0999999999999999999999
112112127151177196201189160121 78 39 12  5 19 51 9514017519519718516313819 7 5TK 548201193819899999999999999 0291101252  499999999999999
118108112130155179194195179150113 74 40 19 17 35 6911115017919219017515219 7 6TK 633196201919399999999999999 1121081336 1599999999999999
129111105112131154174186184168142109 75 47 32 35 56 8912615818018718116419 7 7TK 72218721 018799999999999999 1571051421 3199999999999999
141120105102110128147164173171158136109 81 60 51 58 7810713816417918217219 7 8TK 820174214018299999999999999 24710215 6 5199999999999999
154132113101 98105119136150159159150134113 93 78 73 80 9812314816817817619 7 9TK 931160222017899999999999999 345 981556 7399999999999999
164146126108 96 91 95106121136146150147137123108 97 9410011413515517017619 710TK11 115023 417699999999999999 5 0 911654 9499999999999999
172159142122103 89 81 82 9210712313714614914513612511511011412514215917119 711TK1251149235517599999999999999 623 8118 611099999999999999
175170158140119 97 79 69 68 78 9511513414815615615013912712012213214716219 712TK1433157999999999999999999999 733 67192112099999999999999
172175171158139115 89 67 55 55 67 8811313615516716816114813312512513414919 713TK 056175154116999999999999999 829 53202912499999999999999
164175179174159136107 77 54 43 46 62 8711714516717817816715013412412413519 714TK 159179162818099999999999999 917 42212712399999999999999
151167180184177158129 96 64 42 33 41 62 9312615717918818316714612912012219 715TK 25518417 61889999999999999910 1 33221711999999999999999
135154173186189177152119 83 51 32 29 42 6910414117118919218116013812111519 716TK 3411891740193999999999999991042 2823 011599999999999999
121139161181193191173142105 69 41 26 29 49 8212115718319419017315012711319 717TK 4211941811195999999999999991120 25233811099999999999999
111123145170190197187163128 90 56 33 26 36 6310013917119119318216013611619 718TK 4571971840194999999999999991156 26999999999999999999999
106110128154179195195179149112 76 48 31 32 50 8212015618219218716914612319 719TK 53119719 919299999999999999 0131061229 2999999999999999
106102113136163185194187165133 98 66 44 36 44 6910314016918618817615513119 720TK 6 5194193718999999999999999 04610213 0 3699999999999999
111100102119143168185188175150118 87 61 46 46 62 9012415517718618016414119 721TK 64118920 518699999999999999 120 991330 4499999999999999
119102 97105124148169179177161136107 81 62 56 63 8311214216618018117015119 722TK 719180203418299999999999999 154 971359 5699999999999999
129109 98 97108126147163170164148125101 81 70 71 8310412915417117917415919 723TK 8 317021 617999999999999999 233 961429 6999999999999999
139119103 95 97108124141154159153139120102 89 84 8810112114216117317416619 724TK 857159214017599999999999999 319 9515 2 8499999999999999
150131113100 93 9410311713214414914613512211010210010511613214916417117019 725TK10 5149221917299999999999999 420 93154510099999999999999
159144126109 96 88 87 9310612213614414413913012311711511812613915316416919 726TK113214523 716999999999999999 538 86165511599999999999999
166156141123105 89 78 74 80 9511313114314914814413813112612613114215416419 727TK1326149999999999999999999999 652 74183612599999999999999
169166157142122 99 78 63 58 66 8410713014815916315915114113212813214215519 728TK 0 916915 116399999999999999 752 5820 112899999999999999
166172171162144118 89 63 45 41 52 7510513415817317817316014513212713014119 729TK 123173155717899999999999999 845 4121 712799999999999999
156171180180168145112 77 46 28 26 42 7110714217118819018116314312812212719 730TK 231181164119199999999999999 935 2522 312299999999999999
141160179190190173143103 63 30 13 15 36 7211415518520019718215913611911519 731TK 3271921721201999999999999991024 11225211499999999999999
123142167189201197175138 93 51 18  4 11 38 8012716919720619717614912510919 8 1TK 4162021759206999999999999991111  3233610699999999999999
107121146175199209200172131 84 42 12  2 15 48 9514318220420619016413611119 8 2TK 5 22091835207999999999999991157  2999999999999999999999
 98102121151182204210196165123 78 39 14 10 29 6711515919120519917814912019 8 3TK 547210191020599999999999999 018 971240  899999999999999
 98 89 99123155185203204187155115 75 41 23 27 52 9213617319620018716213319 8 4TK 633206194320199999999999999 059 891321 2299999999999999
105 87 84 98125155181194192175146111 77 51 42 52 8011715418219519117314619 8 5TK 722195201519699999999999999 139 831359 4299999999999999
117 93 80 82 98124150171181177162138110 84 68 66 8110713916818619018015819 8 6TK 815181204619099999999999999 222 791437 6599999999999999
132106 87 78 82 97118140157165163151134114 98 89 9210713015517418418216819 8 7TK 918165211818599999999999999 311 781516 8999999999999999
147123101 85 78 81 9210912714215015114613612411511111512714416217517917319 8 8TK1039152215417999999999999999 412 7816 211199999999999999
159140120101 86 78 77 85 9811412914014614714413813212813013815016217117219 8 9TK1242147224217399999999999999 534 76171412899999999999999
167155139122103 86 74 70 75 8710312013614715415615214513913614014915816619 810TK1447156235516899999999999999 659 70185413699999999999999
168165156143125104 83 68 61 65 78 9711813915516616816215114013513614315319 811TK1545168999999999999999999999 8 7 61201913499999999999999
162168168162148127101 76 58 51 57 74 9712314916817817716614913512712913719 812TK 136169162217999999999999999 9 2 51212112799999999999999
150163173176168150123 93 65 48 44 53 7510413516318218717916114112511812119 813TK 248176165218799999999999999 948 4322 911799999999999999
134152170182184171147114 81 54 39 39 55 8311715217919218917315012811210819 814TK 3371851719193999999999999991028 37224810899999999999999
118137160181192188168137101 68 43 34 41 64 9813617019119518316113511310119 815TK 41519217451959999999999999911 5 34232210099999999999999
103119145172192198186159123 86 56 37 34 50 81119157185196191171145118 9819 816TK 44919818 9196999999999999991138 332354 9299999999999999
 92102126157184199197177145107 73 47 36 43 6710314217519319418015412610119 817TK 52220018331969999999999999912 8 36999999999999999999999
 87 89107137168192199189163129 93 63 45 43 59 9012816318719518616413610819 818TK 555199185619599999999999999 024 861237 4299999999999999
 87 81 91116148176193193176147114 82 60 51 58 8211615117819218917214611719 819TK 629195192019399999999999999 054 8113 3 5199999999999999
 93 79 80 97125155178188181161132103 78 64 64 8010713916718518917815612819 820TK 7 6188194419099999999999999 125 771329 6299999999999999
102 83 76 84104131157174178168147122 98 81 75 8310313015617718518116413919 821TK 74617820 918699999999999999 158 761355 7599999999999999
113 91 78 77 88109132153165166156137117100 91 9310412414616617818016915019 822TK 835167203718199999999999999 235 761422 9199999999999999
126104 86 78 79 9010712714515515614713412011010711212313915516817517115919 823TK 934157211017599999999999999 321 77145510799999999999999
140119100 86 78 78 8610011813414514914513813112612512813514615716616916419 824TK1056149215416999999999999999 429 77154612499999999999999
152136118101 86 76 72 76 8910612413914715014914614213913714014615416116319 825TK13 815023 216399999999999999 558 72175213799999999999999
161152139123104 84 68 60 62 75 9411713715216116416115414613913714014815619 826TK15 0164999999999999999999999 719 59195313799999999999999
162164160149130105 79 57 45 46 61 8511414116317618017316014513312813214119 827TK 052164154818099999999999999 823 4321 612899999999999999
155167175174161136103 70 43 29 32 51 8111715217819219117815713612111612219 828TK 223176162519399999999999999 920 28215811699999999999999
137158178190188170138 98 59 29 16 23 47 8512816719420319417314612110510219 829TK 3241911659203999999999999991011 16224110299999999999999
114138166192205199175136 91 49 20 10 22 54 99146184205206189160129102 8819 830TK 4142051732208999999999999991058 102322 8799999999999999
 91110142177204214203173130 84 43 17 13 33 71120166198210201176142108 8319 831TK 45921418 2210999999999999991141 12999999999999999999999
 73 83111149186210215199166123 79 43 23 27 54 97144184206207188157121 8819 9 1TK 544216183220999999999999999 0 0 731221 2299999999999999
 67 64 82116155189208208189156116 78 49 39 51 8312616719620619617013610119 9 2TK 62921119 020699999999999999 038 631258 3999999999999999
 72 57 62 86121157185199195175146112 82 63 62 8111415118219919818015111719 9 3TK 716199192620199999999999999 115 561333 6099999999999999
 85 62 55 66 91123153175184178162138113 92 83 9011114016918919518516313419 9 4TK 8 6184195319599999999999999 154 5514 6 8399999999999999
103 77 62 60 72 9512114516116716315113511810710611513515717618618417114819 9 5TK 9 5167202018799999999999999 237 59143910599999999999999
122 97 78 67 68 78 9511513314615215214613712912412613414816317417817215819 9 6TK1022153205317899999999999999 329 66151912499999999999999
139118100 85 76 74 79 9110612113414314714814614213913914315115916616616119 9 7TK1244148213816799999999999999 445 73163513999999999999999
150137122107 93 81 75 76 84 9711212714015015615715414814314214415015515719 9 8TK144515823 615799999999999999 624 75185114299999999999999
155150142131115 98 82 71 69 76 8910712714516016816816014913813313313814619 9 9TK1529169999999999999999999999 745 69202413299999999999999
153157158152139120 97 77 64 61 69 8610913415717317817315814112611912113019 910TK 136158155917899999999999999 844 61211811999999999999999
143156166169161143118 90 67 54 54 67 9011914817218518417014912711110611219 911TK 248169162518699999999999999 930 53215710699999999999999
127147166178179165140109 79 57 47 52 72101135166186191181159132109 95 9519 912TK 33218016481929999999999999910 9 472230 9399999999999999
109132159180190184162131 97 67 48 44 57 84120156183195190170141112 91 8219 913TK 4 71901711195999999999999991044 4423 1 8299999999999999
 90113144174193196181153118 83 57 44 49 71105143176195196179152120 92 7519 914TK 4401971732197999999999999991115 442330 7299999999999999
 75 93124159188201195172139103 72 52 47 62 92130166191198187162130 97 7319 915TK 5122011753198999999999999991144 472359 6499999999999999
 64 74102138173196201187159124 91 65 53 59 83118155184198193172141107 7719 916TK 5442021814198999999999999991211 53999999999999999999999
 60 61 81115152183198194174144111 83 65 64 79109144175194195180152118 8619 917TK 618198183519799999999999999 027 581236 6299999999999999
 63 55 65 92128162185192182159130102 82 74 81103134164186193184162130 9819 918TK 654192185719399999999999999 056 5513 2 7499999999999999
 71 56 57 74104137165181182169147122100 88 8910312715417618818516914211219 919TK 733183191918999999999999999 127 541327 8799999999999999
 83 63 56 63 8411114016117217015713811910610110812414516517918217215212619 920TK 820173194418299999999999999 2 0 56135410199999999999999
 99 77 63 61 70 8911313515316115914913612411811812714015516817417115914019 921TK 918161201317499999999999999 242 60142511799999999999999
117 95 78 68 66 73 8810712614215115214814113613313413914715616216416015019 922TK1041153205316499999999999999 342 66151313399999999999999
135117100 85 73 68 70 80 9511413114415215415315014714414314514815215515419 923TK13 9154221515599999999999999 516 68175514399999999999999
148139126110 93 76 64 60 67 8210312514415816616716315414513713413614114819 924TK1444168999999999999999999999 652 6020 913499999999999999
154156152141122 98 74 55 47 53 71 9612515117118118016915313612311712113219 925TK 055156152418299999999999999 8 5 4721 511799999999999999
147162171170156131 99 67 44 35 43 65 98133165186193185166141118102 9910819 926TK 225172155719399999999999999 9 3 352146 9999999999999999
128153176189187168135 96 60 35 27 39 69108149183200199182153122 95 80 8219 927TK 322191162720299999999999999 953 272224 7999999999999999
100130164192206199173134 91 54 30 28 46 83128170199208196169133 97 71 6119 928TK 4102061655208999999999999991038 2623 1 6199999999999999
 70 98138177205215202171129 87 52 33 38 64106152189209206184149108 73 5019 929TK 4552151723211999999999999991119 322338 4599999999999999
 47 66103147187211215197164124 84 55 45 58 90134175203210196165125 85 5219 930TK 5392161750211999999999999991157 45999999999999999999999
 36 42 70111155191209207187155119 86 66 65 85120160192207202179143103 651910 1TK 624210181620899999999999999 014 361233 6299999999999999
 40 33 47 79120159187199193174146116 92 82 89113147178199202187158122 851910 2TK 710199184120399999999999999 050 3213 6 8299999999999999
 55 37 38 58 901261571771841771611391181031011141381651861961891691391061910 3TK 75818419 619699999999999999 127 35133810099999999999999
 76 54 44 50 70 981261501651691641521371241171211341541721841841731511251910 4TK 854169193318699999999999999 2 6 44141211799999999999999
 98 76 61 57 64 801011231401521561541481401341311351451581681731691571391910 5TK10 915620 417399999999999999 253 57145313199999999999999
119100 84 73 70 74 85 991161311421491511511471441411421461521571581551461910 6TK1214151204815999999999999999 358 70162014199999999999999
134121108 96 85 79 78 84 951091241371481551581561511441391371391421451451910 7TK14 5158223414599999999999999 538 78185513799999999999999
143137130119106 92 81 76 79 891041221401541641671621511381281231241291371910 8TK1451167999999999999999999999 710 76201912399999999999999
143147147141129112 93 78 70 73 851041271491661751731621441251121061111221910 9TK 130148152117599999999999999 814 7021 210699999999999999
136150159160151133110 87 70 64 70 87111138163179182173153129107 93 92103191010TK 237161154618399999999999999 9 2 642136 9199999999999999
122144163173170156131103 79 63 60 72 95125155178188183164136108 86 76 82191011TK 32017316 918999999999999999 941 5922 6 7699999999999999
102130158178184176153124 93 70 58 62 81111145174191191175147114 84 66 64191012TK 3551851631193999999999999991015 572236 6399999999999999
 81110144174191191174145113 83 64 59 71 99133167190196185158124 89 62 51191013TK 4291931651197999999999999991047 5923 4 5199999999999999
 60 87124162189199190166134102 76 63 67 89122157185198193170136 98 65 45191014TK 5 11991712199999999999999991116 632332 4299999999999999
 44 64100141177197199183155122 93 74 70 83112146178196197180148110 73 46191015TK 5342011732199999999999999991144 69999999999999999999999
 35 46 75116157186199193171142112 89 78 83105136168191198187160124 86 54191016TK 6 9199175419899999999999999 0 1 351211 7899999999999999
 35 35 55 90131167189194182159132107 91 89102128157182194190170138102 67191017TK 646194181619599999999999999 030 321238 8899999999999999
 43 33 42 68104141170185184170148125107100105123147171186188175151118 85191018TK 727186183918999999999999999 1 1 3313 610099999999999999
 57 40 39 53 80113144166176172159142125114113122140159175181176159133104191019TK 81417619 418199999999999999 136 37133711299999999999999
 77 56 46 48 63 87115140157165163153141131125128136149162169170161145123191020TK 914165193317199999999999999 218 45141412599999999999999
 99 78 62 55 57 69 88110131147156157153146140137138142149155158157150138191021TK1039157201515899999999999999 316 55151913799999999999999
122105 88 73 64 62 68 82101121139152158159156151145141138139141144145144191022TK1240159221314599999999999999 445 62182513899999999999999
140131118102 85 70 62 63 74 92115137154165169166157145133124121123130139191023TK14 1169999999999999999999999 624 6120 412199999999999999
147150147135116 93 72 58 55 66 87114141164177180171155135116103100107122191024TK 1 0150144318099999999999999 741 552048 9999999999999999
141158167165151126 97 70 52 50 63 89122154178189186169143115 91 78 79 94191025TK 222168151619099999999999999 839 492126 7799999999999999
120149173186182163132 97 67 50 50 68100137171193198185158124 90 64 55 63191026TK 318186154619899999999999999 929 4722 2 5599999999999999
 89124161189200193168132 95 66 51 57 81118157189204199175139 99 63 40 37191027TK 4 62001615204999999999999991014 512239 3699999999999999
 55 90134174201208195167130 94 68 60 72102141178203207191158115 73 39 23191028TK 4512091643208999999999999991055 592315 2299999999999999
 29 56 98145184206208191161126 94 75 74 93127164195209201175136 92 51 23191029TK 5362101710209999999999999991133 722351 1599999999999999
 15 30 65110154188204201182154123 97 85 92117150183203205188155113 72 37191030TK 62020517372079999999999999912 9 85999999999999999999999
 17 18 41 78121160186196189171146121103100113138168192201193169134 95 59191031TK 7 519618 320199999999999999 027 151243 9999999999999999
 32 22 30 56 92129160179184176160140122112115131154177191191176150116 831911 1TK 752184183119399999999999999 1 4 22131711199999999999999
 55 37 34 47 721031331561691721651521371251221281431611761821761581331051911 2TK 84317219 018299999999999999 141 33135412199999999999999
 79 59 49 50 63 841091321501601611571481381311301361471591661671581431221911 3TK 944162193316899999999999999 223 48144113099999999999999
101 83 69 63 65 75 921101291431521561541491421371351371421481521511441331911 4TK11 6156202015299999999999999 316 6316 213599999999999999
119105 92 82 76 76 82 941091251391501551561531461391331291301331361381361911 5TK124215622 113899999999999999 434 75182112999999999999999
131124115104 94 85 81 83 921071241391521601621571471351231151131171241311911 6TK1347162999999999999999999999 610 81194711399999999999999
136137134126114100 88 81 81 91107126145160168167158142123107 97 971051181911 7TK 049137142716999999999999999 725 802032 9699999999999999
132143149146136120102 86 78 80 92112135156171176169153129105 86 78 83 991911 8TK 213149145717699999999999999 819 7721 6 7899999999999999
120141156162157142121 99 82 75 81 98123149170181179164139109 82 65 63 761911 9TK 3 2162152318299999999999999 9 3 752137 6299999999999999
101130155171173163142117 93 78 76 87110139165183187176151118 84 58 46 54191110TK 341174154618899999999999999 941 7522 7 4699999999999999
 77111145171184180163138110 88 77 81100128158182192186164130 92 58 37 35191111TK 41718416 8192999999999999991015 772237 3399999999999999
 52 86126162185192181159130103 85 81 92117148176193194176144104 65 35 23191112TK 4521921631196999999999999991047 8023 7 2299999999999999
 31 60100143177194194177151122 98 86 89108137168190198187159120 79 42 20191113TK 5271961655198999999999999991118 852337 1599999999999999
 17 36 73117158186197189169142116 97 92103127157182196193172138 97 57 26191114TK 6 41971720197999999999999991149 92999999999999999999999
 13 20 48 88132168189193181159134112101103119145171190194181154116 77 42191115TK 643194174619499999999999999 010 13122110099999999999999
 20 15 30 62102141171186185171150129113108116135158178188184165135 99 64191116TK 726187181318899999999999999 044 14125510899999999999999
 36 22 24 43 75111144168178175162145129119118128145163176179169149120 89191117TK 814178184417999999999999999 123 20133211799999999999999
 61 39 30 36 55 84115142161169167156143132126127136148160166165155137113191118TK 913170192116799999999999999 2 8 30141912599999999999999
 88 66 49 43 48 64 88114138155163162155146137131131135141148152151144132191119TK1025163202115299999999999999 3 4 43153613099999999999999
115 96 78 63 56 58 69 88111133151160162158150140132126124126131136140140191120TK1146163223114099999999999999 419 55175712499999999999999
135124110 93 77 66 64 71 87109132151163167163153139124112106106112123134191121TK1256167999999999999999999999 547 63193010599999999999999
142145139126108 89 73 67 72 88111137158171174167151130108 91 82 84 96115191122TK 049145134717499999999999999 7 5 672020 8199999999999999
135152159156142121 97 78 69 75 93119146169181180167143114 86 65 57 65 85191123TK 213160142718299999999999999 8 8 6921 1 5799999999999999
113142165175171154129101 81 73 81102131160182190183161128 92 60 40 37 52191124TK 31417615 219099999999999999 9 0 732140 3699999999999999
 82118153178188182161132103 84 79 91116148176194195179148108 68 36 20 24191125TK 4 5188153519799999999999999 947 782218 1999999999999999
 48 86128165190196185161131104 88 87104133165190201194168130 86 46 17  8191126TK 45219716 7201999999999999991030 852255  899999999999999
 21 52 95140176196198183158129104 93 99120151180199202185152109 65 29  7191127TK 5361991638203999999999999991111 932333  499999999999999
  6 27 64108151182196193176151124105100112136166190201195170132 90 49 19191128TK 61819717 8202999999999999991149100999999999999999999999
  6 13 40 79122159183192184166142120107109125150176194196181152113 74 40191129TK 7 0192173919799999999999999 0 9  6122610699999999999999
 18 13 27 57 95133163180183173155135118111118136159180189184164133 98 64191130TK 740184181018999999999999999 045 1313 211199999999999999
 38 25 27 45 75109141163174173162146129118116125143162175178168146117 871912 1TK 822175184317999999999999999 121 24134011599999999999999
 61 43 37 44 64 911191441611671631531391271201201301441571651631511311071912 2TK 9 7167191916599999999999999 158 37142411999999999999999
 84 65 54 52 61 791021251441571601571481371271211221281381461501471371221912 3TK 95816020 615099999999999999 239 52152512199999999999999
104 87 74 67 67 75 891081271431541571541461371271201181201261321361351291912 4TK1058157212213699999999999999 329 6617 211899999999999999
119107 95 86 80 79 84 961121291431531571541471371251141081061101171241281912 5TK12 4157232512899999999999999 439 79184510699999999999999
128123116107 98 90 87 90 99114131146156160157148134117102 91 89 951061181912 6TK13 3160999999999999999999999 6 5 871947 8999999999999999
128133133128118107 97 91 92102118136152162165159145125103 83 72 72 831011912 7TK 126134134916599999999999999 719 902029 7099999999999999
120136145146139127112 99 92 94107125145161170169158136109 82 61 52 59 781912 8TK 238146142517199999999999999 815 9221 4 5299999999999999
103129148159158148131113 98 92 98114135157172178170150121 87 57 39 37 521912 9TK 327160145617899999999999999 9 1 922137 3599999999999999
 79112143164172167152131111 97 94104125149170183181165136 99 62 33 21 27191210TK 4 8172152618499999999999999 942 942210 2099999999999999
 52 88126158178182172151127107 96 98114138164183189180154117 75 38 14  9191211TK 4451821555189999999999999991020 952244  899999999999999
 25 59101142173188186170147122104 97106126153178192191171137 95 52 18  1191212TK 5231891626194999999999999991057 972319  099999999999999
  5 30 70116156183192185165140117102102115140167188195185158118 74 34  6191213TK 6 119216571959999999999999911331002356 -499999999999999
 -4  9 41 84130166188191179157133113104108126152176192192174142101 58 23191214TK 6411921730194999999999999991211103999999999999999999999
  1  0 19 55 98140171186185170149127111107116136160180188182160126 87 49191215TK 72318718 618899999999999999 035 -2125010799999999999999
 20  5 10 33 69110146171181176161141123111111122141161175178168146114 80191216TK 8 9181184517999999999999999 117  5133211099999999999999
 48 25 17 25 49 83118149168174168153136120112114124140155164164154135108191217TK 857174193216699999999999999 2 1 17142211199999999999999
 80 55 37 33 42 64 94124149164168161148132119112112119130141149150143129191218TK 949168203915099999999999999 251 32152711199999999999999
109 87 68 54 51 59 77102128149162164158145130117107104107114124132137137191219TK1044165222213899999999999999 348 5017 110499999999999999
129116100 84 72 68 73 88109132151162164157144128111 98 90 88 94106119130191220TK1140164999999999999999999999 458 681839 8899999999999999
136136128116102 89 82 84 96115137155165166158143123101 82 70 67 75 90110191221TK 025137123616799999999999999 616 821946 6799999999999999
128141147144133117102 92 92103122143160170170160140115 87 62 48 46 58 81191222TK 2 7147132917199999999999999 729 912036 4599999999999999
107132151160158146128110 98 98110129151168177175160134102 68 41 28 30 49191223TK 318161141717899999999999999 831 972120 2799999999999999
 78111142164174170154133113101102116138160178184177156123 85 49 22 13 21191224TK 41217415 118499999999999999 92410022 1 1399999999999999
 47 82120154176183175156132112102106123147170186189176147108 67 31  9  5191225TK 45618315411909999999999999910121022241  499999999999999
 21 52 93133166185187174151127108102111131157180193189168133 91 50 18  1191226TK 53618816181939999999999999910551022319  099999999999999
  5 28 65108148176189184167142119104103117141167188194183155116 74 36 10191227TK 61318916531949999999999999911351022356  299999999999999
  2 13 42 82124160181186176156131111101106124150175190189171138 99 59 28191228TK 6471871726192999999999999991212101999999999999999999999
 10  9 28 61101140168181179164143120104100111133158179187178154120 83 49191229TK 72018218 018799999999999999 031  7124710099999999999999
 25 16 23 47 82119151171176168151130111101102117139162176177163137104 72191230TK 752176183317899999999999999 1 4 16132310099999999999999
 45 29 28 41 67100132156168168157139121107101107122142159167162146121 92191231TK 82717019 916799999999999999 137 2614 010199999999999999
