 99117128132126115100 88 82 84 94110129144153153141121 95 69 49 38 39 5119 1 1TS 252132142615499999999999999 816 812126 3799999999999999
 72 96119135141137125109 94 86 87 97114133150158155139114 84 55 33 23 2719 1 2TS 4 5141151515899999999999999 924 852213 2399999999999999
 44 71101127145151145130111 95 86 88100119140156162155134104 70 38 17 1119 1 3TS 4581511559162999999999999991020 852253 1199999999999999
 21 45 77111139156159148129108 91 84 89104127148163165152125 89 52 22  519 1 4TS 54116016381669999999999999911 6 842330  299999999999999
  5 22 53 90125152165162146123100 85 82 92112136157168164144111 72 35  819 1 5TS 6181651715169999999999999991144 81999999999999999999999
 -3  5 30 66106140162168158137112 90 79 82 98122147165170159132 94 54 1919 1 6TS 651168174917099999999999999 0 4 -31218 7999999999999999
 -1 -4 13 45 84123153168166149124 99 82 77 86107133156169167148115 76 3719 1 7TS 723169182317099999999999999 037 -51251 7799999999999999
  9 -4  3 27 64103138161167157136110 88 76 78 93117142162168159134 98 5919 1 8TS 753167185616899999999999999 1 8 -41322 7599999999999999
 25  4  1 17 46 84121149163161146122 97 80 74 82101126148162162146117 8119 1 9TS 823164192916499999999999999 140  01354 7499999999999999
 46 19  8 13 35 67103134155161152132109 88 76 76 8810913114915715113110119 110TS 85316120 415799999999999999 211  71429 7499999999999999
 68 39 21 17 30 55 87118143155154141120 98 82 75 79 9311213214514813811619 111TS 925157204214899999999999999 242 1715 8 7499999999999999
 89 61 39 29 32 48 74103129146152146131111 92 79 75 80 9411212713713612519 112TS 959152212713899999999999999 316 281554 7499999999999999
106 82 61 46 42 49 66 90114134146148139123105 88 76 73 79 9110611912612619 113TS1037148222612799999999999999 353 411651 7399999999999999
117101 83 67 58 57 65 81101121136144143134119101 84 73 68 72 82 9610811719 114TS1123145234911999999999999999 437 5618 1 6899999999999999
119114104 91 79 72 71 77 90107123136143141132116 98 79 65 58 60 69 83 9919 115TS1220143999999999999999999999 536 701918 5899999999999999
112119119114104 93 85 82 85 95109124137144143133116 94 71 53 43 43 54 7119 116TS 134120132414499999999999999 658 822028 4299999999999999
 92112125131128118106 94 88 88 96109125140148148136115 87 59 36 24 25 3919 117TS 3 8131142614999999999999999 828 872126 2399999999999999
 62 91117137146143131115 99 88 86 94110129147157155140112 78 43 16  3  719 118TS 416146152215899999999999999 942 862218  299999999999999
 26 58 94128151161156140118 98 84 82 92112136156167163142107 66 26 -3-1619 119TS 5 91611614167999999999999991040 8123 6-1699999999999999
 -7 20 59103141166174164143116 92 78 78 92117145167177168141100 53  9-2019 120TS 55617417 3177999999999999991129 762352-2999999999999999
-29-14 20 67115154178181166139108 82 70 75 95124155177184170137 90 40 -419 121TS 6401821751184999999999999991214 70999999999999999999999
-31-34-12 28 79128166184182161129 97 73 64 74 98131162183186167129 80 2919 122TS 722186183818799999999999999 037-351258 6499999999999999
-11-32-28 -1 43 94141173185176150116 84 64 61 75102136165183181159119 7119 123TS 8 2185192618499999999999999 121-341342 6099999999999999
 24-10-24-14 18 63111151176180164136102 74 58 59 7610513716317617014610819 124TS 841181201317699999999999999 2 5-241426 5699999999999999
 64 25 -1 -7  9 41 83125157173170150121 90 66 55 60 7810413215416315513219 125TS 91917421 316399999999999999 247 -71513 5599999999999999
 99 63 33 17 17 35 66102136159166157136109 82 62 55 60 7710012314014613919 126TS 957166215814699999999999999 328 1516 5 5599999999999999
120 95 68 48 39 43 61 88117141155156145125100 77 61 55 60 73 9111012413019 127TS103615823 613099999999999999 410 3817 4 5599999999999999
126113 96 79 66 62 68 83103124141149147136117 96 76 61 54 56 65 80 9510919 128TS1119149999999999999999999999 456 621818 5499999999999999
117118113104 93 85 82 86 96110125137142140131115 96 76 60 51 49 55 67 8219 129TS 041118121514399999999999999 556 821943 4999999999999999
 98111118119115108100 96 96101111122132138138130116 96 75 56 43 39 43 5619 130TS 242119132713999999999999999 727 9521 0 3999999999999999
 74 95112125130127119109101 97100108119131139140133117 95 70 48 32 27 3319 131TS 4 8130144014199999999999999 9 8 972157 2799999999999999
 50 73 99121136141136125111 98 92 94104119133144145136116 89 60 35 19 1719 2 1TS 4591411540146999999999999991015 922242 1699999999999999
 28 51 80110135148150140123104 90 85 90104123141151150137111 79 46 21  819 2 2TS 53615116271529999999999999911 1 852319  799999999999999
 11 29 59 94126149158153136114 93 80 78 89109132151159153132100 64 30  719 2 3TS 6 715817 6159999999999999991136 772353  099999999999999
  0 12 38 74111142160161148125100 80 71 76 94119144161164150122 85 46 1519 2 4TS 63616317421649999999999999912 7 71999999999999999999999
 -2  0 21 54 94130156165158137109 84 68 66 79103132155167163142107 67 3019 2 5TS 7 3165181516899999999999999 024 -31236 6599999999999999
  4 -3  8 37 75115147164164148121 92 69 60 67 87115144163168156127 89 4919 2 6TS 729166184816999999999999999 053 -413 5 6099999999999999
 17  1  3 25 59 99135159166156132102 75 59 58 72 97127152166163143110 7119 2 7TS 754166192116799999999999999 122 -11335 5699999999999999
 36 12  6 18 46 83120149164161142114 85 63 53 60 79107135156162152127 9319 2 8TS 820165195416299999999999999 150  614 6 5399999999999999
 57 29 15 19 39 71106138158162150126 97 71 55 53 64 8711513915315313811119 2 9TS 846162203015599999999999999 218 151440 5299999999999999
 79 50 31 27 38 62 93124148159154137111 84 62 52 55 70 9311713714614112419 210TS 913159211114699999999999999 247 261518 5199999999999999
 99 73 52 41 44 59 84111136151154143123 98 74 58 51 57 72 9311412913512919 211TS 94215422 013599999999999999 318 4016 2 5199999999999999
114 94 75 61 56 63 79100123140148145133113 90 70 56 51 56 70 8810611912419 212TS101614823 712599999999999999 355 561658 5199999999999999
121111 97 84 75 74 80 94110126138142138126108 88 69 55 48 51 62 77 9410819 213TS11 1142999999999999999999999 442 731811 4899999999999999
117119116108 99 92 90 93101112124133137135125109 89 69 52 41 40 48 62 8119 214TS 05012012 913799999999999999 557 901939 3999999999999999
100115125127123115106100 98101108119130137138131115 93 68 45 29 24 30 4719 215TS 250127133913899999999999999 755 972058 2499999999999999
 71 97120136143139129115102 94 94101114130142147141124 96 65 34 13  5 1219 216TS 4 814315 014799999999999999 933 9322 1  599999999999999
 34 66101131152159153136115 96 84 83 94113135153161154132 97 57 21 -5-1319 217TS 5 115916 4161999999999999991035 822254-1399999999999999
 -1 28 69111146168172159136108 84 71 73 89116144166175164136 94 47  6-2019 218TS 5441721658175999999999999991122 702341-2599999999999999
-24 -5 32 79126162180178158126 93 67 57 65 89122155179185170135 87 36 -519 219TS 62318217481869999999999999912 4 57999999999999999999999
-28-26  1 45 96143176187176148110 75 51 46 61 92130165187189168128 77 2719 220TS 7 0187183519199999999999999 025-301245 4699999999999999
-10-26-16 17 65116159184186166131 91 57 39 40 62 97137170188185159117 6819 221TS 735188192119099999999999999 1 6-261325 3799999999999999
 23 -6-13  5 42 89136170184176149111 72 43 32 40 6610214016918117314510519 222TS 8 818420 718199999999999999 146-1314 5 3299999999999999
 62 26  7 10 33 70113150173177160129 92 58 36 31 44 7110513816016715613019 223TS 840178205316799999999999999 224  61446 3199999999999999
 95 62 37 28 38 62 96131158169164142111 78 50 35 35 50 7510413014614913819 224TS 910170214215099999999999999 259 281530 3399999999999999
117 91 68 54 53 66 89116141156159148125 97 70 50 40 42 56 76 9911813013219 225TS 941160224013299999999999999 335 521618 3999999999999999
124110 94 80 74 77 89107126141149146133113 91 70 54 46 48 58 73 9010511519 226TS1014149999999999999999999999 411 741719 4699999999999999
119117110102 95 93 95104115126135138134124109 91 74 60 52 51 56 66 79 9319 227TS 0 6119105813899999999999999 5 0 931843 5099999999999999
105113117117114109106105108113120125128127121111 96 80 65 53 48 49 56 6919 228TS 226118121712999999999999999 6421052022 4799999999999999
 86102116125128125119112106103105110118124128125117102 84 65 49 40 39 4819 3 1TS 4 012814 912899999999999999 9 61032134 3899999999999999
 64 86108126137139133122109 98 93 95103115127134134124106 82 58 39 29 3019 3 2TS 4441391526135999999999999991013 932223 2899999999999999
 44 66 94120139148146133116 98 85 82 88102120136144142128103 74 46 26 1919 3 3TS 5161491618145999999999999991051 8223 1 1999999999999999
 26 47 76108136153156146126102 82 72 73 87108131149155147126 95 61 32 1419 3 4TS 5431571658155999999999999991122 712334 1299999999999999
 13 29 58 93127152162157138111 84 66 61 71 93120145161162146117 80 44 1819 3 5TS 6 91631733163999999999999991150 61999999999999999999999
  8 16 41 76114146164165149122 91 65 53 56 75104135159169162138102 63 2919 3 6TS 63316718 616999999999999999 0 4  81217 5299999999999999
 10 10 28 61100136162170159134101 70 49 45 58 85119149169171155124 84 4719 3 7TS 656170183817399999999999999 032  71244 4499999999999999
 20 10 20 48 85124155170167146113 78 51 38 44 66 99133160173167143107 6819 3 8TS 719171191117399999999999999 059 101312 3899999999999999
 36 18 19 39 72111145167171156126 91 58 37 34 48 77112144165170156127 9119 3 9TS 742171194417099999999999999 126 161342 3399999999999999
 56 33 26 37 63 98133159170162139105 70 43 31 36 57 8812215016416114211219 310TS 8 6170202016599999999999999 153 261413 3099999999999999
 79 52 39 41 59 88120148164164148119 86 55 35 31 42 66 9712714915614812819 311TS 830166205915699999999999999 222 371448 3099999999999999
101 75 57 52 61 81109135154160152131102 72 47 34 34 49 7310112614214513619 312TS 857160214614599999999999999 252 521527 3299999999999999
118 97 79 69 70 81100122141152151139117 91 65 46 37 39 53 74 9811813113419 313TS 927153224913499999999999999 327 681617 3699999999999999
128116102 90 85 87 97112127139144140128110 88 67 50 41 42 52 68 8810611919 314TS10 7144999999999999999999999 412 851725 4099999999999999
126126121113105101101106114123131135133125111 93 73 56 44 39 44 56 74 9319 315TS 029127111313599999999999999 5291001859 3999999999999999
111125132132128120112106105107113121129132130121104 83 60 42 31 30 40 6019 316TS 236133131013399999999999999 7541052034 2999999999999999
 84110131144148142130115102 94 94101114129140143136117 91 61 35 18 14 2619 317TS 352148145114399999999999999 933 932144 1499999999999999
 50 83116143160162151132108 89 78 78 91112135153160152129 95 57 24  3  119 318TS 4401631559160999999999999991026 762238  099999999999999
 18 50 90130160174171152123 93 69 59 65 85115146169176165135 93 49 13 -719 319TS 51917516541769999999999999911 8 582324 -999999999999999
 -4 19 59105147176184172143106 71 47 42 56 85123159183188170134 87 40  519 320TS 5541841743188999999999999991147 41999999999999999999999
 -9  1 32 78126165187186164126 84 48 29 30 53 90133170191191168127 79 3419 321TS 628189182919499999999999999 0 6 -91225 2799999999999999
  5 -1 17 54101146179190178147104 61 29 17 27 57 98142176192186158116 7119 322TS 659190191419399999999999999 045 -213 3 1799999999999999
 34 14 17 42 81125163185185163124 80 41 17 13 31 6510714617518417314410519 323TS 730188195718499999999999999 122 121341 1299999999999999
 67 40 31 42 70108145172182171142102 61 30 14 18 40 7411314616717115612919 324TS 758182204117299999999999999 158 311418 1399999999999999
 98 70 53 53 69 96128156171170152120 83 50 27 19 28 51 8311514115515414019 325TS 826173212715699999999999999 231 511457 1999999999999999
118 95 78 70 76 93116140157162154132103 72 47 32 30 41 62 8711213114013819 326TS 853163222014099999999999999 3 4 701539 2999999999999999
128113 99 89 88 95110127142150148137117 93 70 52 42 42 52 68 8710612012719 327TS 922151233312899999999999999 340 871629 4199999999999999
127122115107102103108117127135138134124109 92 75 61 53 52 58 69 83 9711019 328TS 958138999999999999999999999 4281021739 5299999999999999
119124124121117113111112115119123125124118109 97 84 71 61 57 58 64 76 9019 329TS 13712411 912599999999999999 6151111920 5699999999999999
105118127131130125118111106105107112117121121116106 93 78 64 55 52 57 7019 330TS 317132133212199999999999999 8521052051 5299999999999999
 87107124136141138128115103 94 92 96105116125130126115 98 78 60 47 44 5119 331TS 4 514115 513099999999999999 953 922149 4499999999999999
 68 91116136148149140124105 89 79 80 89105123136142136120 97 72 50 38 3819 4 1TS 43715016 1142999999999999991028 782230 3699999999999999
 51 74103130150158153135112 88 71 65 72 90113135150153142119 90 61 39 3019 4 2TS 5 51581642153999999999999991057 6523 5 3099999999999999
 37 58 88121148163163148122 92 67 54 55 72 98127151163160141111 77 48 3019 4 3TS 5301651718164999999999999991124 532335 2799999999999999
 28 44 73108141164171160134101 69 47 41 53 78111143165172161134 99 63 3719 4 4TS 5531711752172999999999999991151 41999999999999999999999
 27 35 60 94131160174170148114 76 46 31 35 57 91128159176174154122 84 5219 4 5TS 616175182517799999999999999 0 4 271218 3099999999999999
 33 32 50 81119152173176160128 89 52 28 22 37 67106143170180170143107 7219 4 6TS 639177185918099999999999999 032 301247 2299999999999999
 46 36 45 71106141168178169142104 64 32 17 21 45 81121155175177160129 9519 4 7TS 7 3178193517999999999999999 1 0 361317 1699999999999999
 65 47 48 65 94128158174174155121 81 44 20 14 27 56 9413216117416814711719 4 8TS 728177201217499999999999999 130 451349 1399999999999999
 87 65 57 65 86116145166172162136100 62 32 16 18 37 6810513816016615713519 4 9TS 754172205416699999999999999 2 0 571425 1599999999999999
109 86 72 71 84106131153165163146118 84 52 29 19 26 47 7710913615215514619 410TS 822166214315699999999999999 234 7015 5 1999999999999999
128108 92 85 88100119138152157150131105 76 50 33 27 35 54 7910612814214519 411TS 855157224814599999999999999 313 841555 2799999999999999
139127113103 98101111124136144146138123101 78 57 42 36 41 55 75 9811813219 412TS 939146999999999999999999999 4 6 9817 3 3699999999999999
139138132123115109108112119127133135132122107 88 68 52 42 41 50 66 8710819 413TS 024139105713599999999999999 5421081834 4199999999999999
127139144142135124114106104106113122130133130120102 81 59 44 37 41 56 7819 414TS 21114413 513399999999999999 75910420 8 3799999999999999
104129147155154143126109 95 88 89 99115131142145136117 90 63 40 29 32 4819 415TS 319156144414599999999999999 918 872119 2899999999999999
 76108138160168162144120 94 75 67 72 89114139156162152128 95 61 35 22 2619 416TS 4 516815521629999999999999910 6 672214 2199999999999999
 48 82120153174178164137104 73 52 47 59 85119150172177163134 95 57 29 1919 417TS 4431781647177999999999999991047 4623 0 1999999999999999
 29 57 96137169185181158122 82 48 30 31 52 87128163185186168133 91 53 2819 418TS 5181861735188999999999999991126 282342 2399999999999999
 23 40 74116156183190176143 99 57 26 14 24 53 95138174192188165127 85 5119 419TS 55019118211939999999999999912 3 13999999999999999999999
 33 36 60 97138172190187162121 75 35 10  6 24 60105148179192183156118 8119 420TS 62119119 519299999999999999 021 321240  599999999999999
 54 44 55 83120156181189174142 98 54 19  3  8 33 7211515417918517114311019 421TS 651189194818599999999999999 058 441316  299999999999999
 80 62 61 77106139167182179156119 77 39 13  5 17 46 8412415517317315713219 422TS 719183203017599999999999999 133 591353  599999999999999
104 83 73 79 98125151170175163136 99 62 32 15 15 32 61 9512815216315914419 423TS 747175211416399999999999999 2 7 731430 1399999999999999
123103 89 87 96114136155165161145117 85 55 34 25 30 47 7410212814515114619 424TS 81616522 215199999999999999 242 8615 9 2499999999999999
134119105 98 99109124139150153146129105 79 57 42 38 44 60 8210512413714119 425TS 84715423 314199999999999999 322 981553 3899999999999999
138130119111107108115125134140140132118 99 80 64 54 51 56 69 8510311813019 426TS 927141999999999999999999999 4151061650 5199999999999999
135135131124117112111114119124128128123114102 88 75 65 61 63 71 84 9911419 427TS 028136103212999999999999999 5471111810 6199999999999999
127135138135129120112107105107112118122122118109 97 84 73 65 64 69 81 9719 428TS 2 1138123812299999999999999 7551051942 6499999999999999
114130141145141132119106 96 92 95102113122128127119106 90 75 64 60 66 8019 429TS 3 2145142512899999999999999 9 7 922054 6099999999999999
 99120139150152144129110 92 81 78 84 98114129138138129111 91 72 59 56 6519 430TS 342153153014099999999999999 948 772145 5699999999999999
 83107132151160157142119 94 74 63 65 79100123142151149134111 86 65 53 5419 5 1TS 4141601617152999999999999991021 622224 5299999999999999
 69 93122148164167155131101 72 53 48 58 80109137157164155134106 78 57 5019 5 2TS 4411681656164999999999999991051 472259 5099999999999999
 58 80109140164174167145113 77 49 34 37 57 89123153171172156129 97 69 5319 5 3TS 5 71741734173999999999999991120 332331 5199999999999999
 53 68 96129159176177160128 89 52 27 21 34 64102140168181174152120 88 6319 5 4TS 5331791810181999999999999991150 21999999999999999999999
 54 61 84116149173183173145105 63 29 12 15 38 75117155179184171144110 8119 5 5TS 559183184718599999999999999 0 3 541221 1199999999999999
 62 61 76104136165182181160125 81 41 13  4 17 47 8913116518318216413410219 5 6TS 627184192618599999999999999 036 591255  499999999999999
 78 67 73 93122152175182172143103 61 25  5  5 25 6010214117018217515412519 5 7TS 65618220 718299999999999999 110 671331  299999999999999
 99 81 77 88110137162176176158125 85 47 18  5 12 35 7111114616817516514519 5 8TS 727178205317599999999999999 146 761410  599999999999999
120100 88 89102123146164171164143111 74 42 19 12 22 46 8011514416216615719 5 9TS 8 2171214616699999999999999 226 871455 1299999999999999
139120105 97100112129147159161152131103 72 45 27 23 33 55 8411413915415819 510TS 843162225015899999999999999 314 971548 2399999999999999
151138124112105107115127140148150142125102 77 55 39 34 41 59 8310913214719 511TS 939150999999999999999999999 4191051654 3499999999999999
154151142129117109107110118128136140138127110 89 68 51 44 46 60 8010512819 512TS 01015411 714099999999999999 5541071814 4399999999999999
146155155148134119106 98 97103114126136140135122103 81 61 49 48 58 7810319 513TS 13115613 014099999999999999 737 971937 4799999999999999
129150162162153135114 95 82 79 86101120137148148137117 91 68 52 48 58 7919 514TS 234163143214999999999999999 848 792048 4899999999999999
107136159171169154129101 77 61 59 70 92119143159162150127 98 71 53 49 6119 515TS 322172154116399999999999999 940 582145 4999999999999999
 85117148171179172149117 82 55 40 42 60 90124153172174159132100 71 54 5319 516TS 4 21791637175999999999999991023 392234 5199999999999999
 69 97132162182184168137 98 60 32 22 31 57 93132164182181163132 99 71 5719 517TS 43818517271849999999999999911 3 222317 5799999999999999
 61 82114148175189183158120 76 38 15 10 27 60102143174188183160128 96 7219 518TS 5121891813188999999999999991141  92358 6499999999999999
 64 74 98131163184189174142 99 55 21  4  8 32 70114153180188178153122 9319 519TS 5451901857188999999999999991219  3999999999999999999999
 76 74 89116147173187183160122 78 38 10  2 13 43 8312516018118416914411519 520TS 617188193818599999999999999 036 721256  299999999999999
 92 81 86104131159178183171142102 61 27  8  8 26 58 9713516417717415813319 521TS 648184201917899999999999999 112 811332  599999999999999
110 93 89 98118143164176173155123 86 50 24 13 20 42 7411014216317016314619 522TS 720177205917099999999999999 148 8914 8 1399999999999999
125107 97 97109128149164169160138108 75 46 28 24 35 58 8811914415916115319 523TS 752169214216299999999999999 226 951446 2499999999999999
137120107101105117133148158157146124 97 70 49 37 38 51 73 9912414315315319 524TS 828159223015499999999999999 3 71011527 3699999999999999
145132119109105109119132143148145134115 93 72 56 49 52 64 8310512514114819 525TS 911148232714999999999999999 3581051614 4999999999999999
148141130119111107109116125133137135126112 95 79 66 61 63 74 8910812513919 526TS1010137999999999999999999999 5 71071712 6199999999999999
146147141131120110104104108115123128129124115101 88 76 70 71 79 9210912619 527TS 035147114012999999999999999 6381031824 6999999999999999
140148150144132119105 96 93 96104115124129129122110 96 84 75 74 81 9411219 528TS 140150132413099999999999999 759 931940 7499999999999999
130145154154146130112 94 83 79 84 96111126136138132119103 87 77 75 82 9719 529TS 232155144513899999999999999 855 792044 7599999999999999
117138154162158144123 99 78 65 64 74 92114134147149141125105 87 76 75 8519 530TS 312162154415099999999999999 937 632135 7499999999999999
104128150165169159137109 80 57 47 51 68 95123147160161148128104 84 74 7719 531TS 3471691631162999999999999991013 462219 7399999999999999
 91115141163175172154124 89 57 36 31 43 69103136162173169151126100 81 7419 6 1TS 4191761714174999999999999991047 302258 7499999999999999
 82102129156176181170143105 66 34 17 20 41 76115151175183173150122 95 7919 6 2TS 4501811755183999999999999991122 162337 7699999999999999
 77 90115145170185182162127 84 44 15  5 16 45 86129164185187172146116 9219 6 3TS 5231861837188999999999999991159  5999999999999999999999
 80 84102130159181189178150109 64 25  2 -1 18 54 9814117418918616713911119 6 4TS 557189192019099999999999999 015 791237 -299999999999999
 91 84 93114143169186187169135 92 48 14 -3  1 25 6410915017818918116013319 6 5TS 63318820 518999999999999999 055 841319 -499999999999999
108 92 90103125152174185180158122 80 40 11  0  9 36 7511815417718417415319 6 6TS 713185205218499999999999999 138 8914 3  099999999999999
128107 96 97110132155173179170147112 73 38 15  8 20 48 8512315517417716719 6 7TS 757179214417899999999999999 224 951451  899999999999999
147126108 99102114133152166170160138107 73 44 25 21 34 59 9312615316917119 6 8TS 847170224017199999999999999 318 991544 2199999999999999
161144125109101102112128144156159152133108 79 55 39 36 47 69 9812715116519 6 9TS 950159234116799999999999999 4221011642 3599999999999999
167158143125109 99 98105117132144150147134114 90 69 54 50 59 7710312915119 610TS1110150999999999999999999999 540 971748 5099999999999999
164166158143123105 92 87 91103118133144146139124103 83 68 62 68 8410713219 611TS 043166124514799999999999999 7 2 8719 0 6299999999999999
153166168159141119 97 80 72 75 88106126143150148135116 96 79 72 76 9011219 612TS 141169141615199999999999999 813 722010 7299999999999999
137158171171160138110 84 64 55 59 75 99125146158158147127105 87 78 82 9719 613TS 233173153016099999999999999 911 552113 7899999999999999
120145166177174157130 98 67 46 38 46 67 97128154168168155134110 91 82 8719 614TS 31917716311709999999999999910 0 3822 8 8299999999999999
104129155174182174151118 81 49 29 25 38 66101136163177175159135110 92 8619 615TS 4 01821722178999999999999991044 242257 8699999999999999
 94113140165182184170141103 64 33 16 18 38 71110147173183178158132108 9219 616TS 43918518 8184999999999999991124 142340 8999999999999999
 89101124151174186182161127 86 47 20  9 18 44 8212315818018517515212610319 617TS 51618718491869999999999999912 3  9999999999999999999999
 92 94110135161180186175148110 69 34 12  9 25 57 9613616718318316714311819 618TS 552186192718599999999999999 019 911239  899999999999999
 99 93101121146169183182164133 94 55 26 12 16 38 7311214817318217515613219 619TS 62718420 418299999999999999 056 931315 1199999999999999
110 97 97109130154173181173151117 79 46 23 17 29 55 9012715617417616514519 620TS 7 2181203917799999999999999 132 951350 1799999999999999
122105 97101116138159172174161136103 69 42 27 28 45 7310713816117216815419 621TS 737175211517299999999999999 2 8 971426 2699999999999999
134115102 99106122142159167164148122 92 64 44 36 43 62 9012014616216716019 622TS 815168215316799999999999999 247 9815 2 3699999999999999
145126110101101110125142154159153136113 87 65 51 49 59 7910412915016116219 623TS 857159223416299999999999999 331 991540 4899999999999999
153138121108101101110123137147149142128108 87 70 61 62 73 9211413515115919 624TS 947149232115999999999999999 4241001624 6199999999999999
157148134119106 99 99106117129138140136124109 92 79 73 75 8510212113915219 625TS1053140999999999999999999999 529 981716 7399999999999999
158156146132116102 93 92 97108120130135134127115101 90 84 85 9410812514219 626TS 014158122013699999999999999 643 921820 8499999999999999
154159156146129111 94 83 80 86 98113127136139134124111 99 92 92 9911212919 627TS 1 9159135213999999999999999 751 801933 9199999999999999
146158163158145125102 82 69 66 73 89109129143149145135120106 96 9510211619 628TS 2 216315 814999999999999999 846 652041 9499999999999999
134152165168160142116 88 65 51 50 62 84111136154161157144126108 97 9610419 629TS 24816816 716199999999999999 934 492140 9599999999999999
121142161173174160135103 70 45 32 36 55 84118148167174167149127108 96 9619 630TS 3321751657174999999999999991017 322231 9599999999999999
108128152172182177158125 87 51 25 16 26 52 89128161180184173151126105 9419 7 1TS 4131821743185999999999999991059 162317 9499999999999999
 97113137163182189179152113 70 32  9  5 21 55 9714017319119017414812110019 7 2TS 4551891828193999999999999991142  4999999999999999999999
 93100120147173191193177144100 54 18 -2 -1 22 6210815118319619117114211519 7 3TS 538194191319799999999999999 0 1 931225 -499999999999999
 97 92104127156181196193172134 88 43  9 -6  1 30 7211916118919718816413519 7 4TS 622197195719799999999999999 046 921310 -799999999999999
109 94 93108133162185196189164124 79 37  7 -2 10 42 8513016819019418015519 7 5TS 7 8196204119599999999999999 131 911356 -299999999999999
127103 92 94111136163184191181155117 74 37 14  9 25 57 9914017218818717119 7 6TS 757191212619099999999999999 218 911443  899999999999999
146119 99 90 95112136160177182172147112 75 44 26 26 44 7511214717318417919 7 7TS 850182221218499999999999999 3 9 901531 2499999999999999
162138114 96 88 93109130151167171162140111 81 57 44 47 64 9112315217217919 7 8TS 949171225917999999999999999 4 6 881621 4399999999999999
172154132109 92 85 89102120139154159153138115 92 73 64 67 8210613215517019 7 9TS1059159234917499999999999999 510 851715 6499999999999999
174166149127105 88 79 81 91108126141150149140124106 91 83 85 9711613715619 710TS1225151999999999999999999999 622 791818 8299999999999999
168171163146124101 82 71 70 79 94114132145150146135120106 98 9810612214019 711TS 04417114 215099999999999999 736 691931 9799999999999999
157168170162144121 95 74 60 57 66 8310612914615615514613211710710511112519 712TS 142171152715799999999999999 844 57204710499999999999999
142159170172162142115 87 63 48 45 56 7710413115316516515513912211010611219 713TS 239173163116699999999999999 941 44215310699999999999999
127146163174175162138107 76 50 35 35 50 7710914016317517316014012110810519 714TS 3311761721175999999999999991029 33224610599999999999999
113130151170180177160131 96 62 37 25 30 51 8311915217418217615813611510319 715TS 41818018 2182999999999999991112 25233010299999999999999
103115136159177184176153120 82 48 26 20 32 59 9613416518318517315112610719 716TS 5 01841838186999999999999991150 20999999999999999999999
 98104121145168183186172143106 67 36 19 21 40 7311214917618718216413911519 717TS 538187191118899999999999999 0 7 981225 1899999999999999
 99 96107129154176187183163129 90 54 28 19 29 55 9113016318318617415112519 718TS 615188194218799999999999999 042 951259 1999999999999999
104 94 97114138164182187176150114 75 44 26 25 43 7411114717318518016213719 719TS 650187201218599999999999999 114 931331 2399999999999999
112 96 92101122147170183181164134 98 64 40 30 38 61 9413016017818117014819 720TS 725184204218299999999999999 147 9114 3 3099999999999999
123102 91 93107129153171179171150120 87 59 42 41 56 8211514616817917415819 721TS 8 1179211217999999999999999 221 901434 4099999999999999
135112 95 89 96112134155168170159137108 80 60 51 57 7510213115617217516519 722TS 839171214317599999999999999 259 8915 7 5199999999999999
146124104 92 90 98115135152161160147126102 81 67 65 74 9411914316217116919 723TS 923162221717199999999999999 341 891541 6499999999999999
156137117100 90 90 98114131145152150139121103 87 79 80 9111013115016316819 724TS1016153225716899999999999999 431 881621 7899999999999999
162149131112 96 87 87 95108124137144144136123109 98 93 9510512013715216219 725TS1126145234616599999999999999 532 861712 9399999999999999
164158145127108 92 82 80 87 9911512913914314013112011110610611312514015319 726TS13 0143999999999999999999999 642 80182310599999999999999
161163157144125104 85 72 69 74 8810612514014814914313312211511211712714019 727TS 045164143615099999999999999 753 69195111299999999999999
153163166160145123 97 75 59 54 60 7710012514615916215614413011811311512519 728TS 151166154916299999999999999 856 54211211399999999999999
141157169173165147119 88 60 42 36 46 69 9913115717317616815113211710911219 729TS 252173164517699999999999999 951 36221410999999999999999
124143163178182171148114 77 44 24 20 35 6510214017018718817415312911010319 730TS 3471821733189999999999999991041 1923 510299999999999999
108125149173189191177146106 63 28  8  9 30 6711115318419819417514812010119 731TS 4391921816199999999999999991128  62351 9599999999999999
 95105128157183200199179143 96 50 15 -2  4 32 7512316719620519517013810919 8 1TS 5282021858205999999999999991214 -3999999999999999999999
 91 90105133165192207202177136 87 40  7 -4  9 42 8913817920320618915912519 8 2TS 617208193820799999999999999 035 881259 -499999999999999
 97 82 86106137171197209200171128 79 36  8  4 22 5910715318820520017814519 8 3TS 7 5209201720699999999999999 118 821342  299999999999999
111 86 76 84108140173197204192162119 75 38 18 20 43 8112516619320119016319 8 4TS 754204205520199999999999999 2 3 761425 1699999999999999
130 99 79 73 85109140170190194180151114 76 48 36 44 6810414217419219217619 8 5TS 844194213219499999999999999 249 7315 8 3699999999999999
149118 91 75 73 85108136161177179167142112 84 65 59 70 9312315417618618119 8 6TS 939180221018699999999999999 338 721551 5999999999999999
163137110 87 74 73 84104128149162164156138117 97 85 84 9411313715917417819 8 7TS1042165225117899999999999999 434 721637 8399999999999999
171153130106 86 74 73 81 9711613414815314913912611310510411212614315816819 8 8TS12 6153234217199999999999999 539 72173410499999999999999
170163148128106 87 75 70 75 8710412213714715014613812812111912213114315419 8 9TS1355150999999999999999999999 657 70185511999999999999999
163165160147129108 87 72 65 66 77 9411413314815615615014013012412412913919 810TS 049165153115799999999999999 819 64203612399999999999999
150160165162150131108 84 66 56 57 68 8811313715616616615814513212211912419 811TS 2 7165163216799999999999999 926 55215211999999999999999
135149162169166153131104 77 56 46 49 64 9011914716717617316014312511411119 812TS 3151691714177999999999999991018 45224311199999999999999
119135153169176171154127 95 66 45 37 45 67 9813216117918417415513311410419 813TS 4 817617481849999999999999911 0 37232110399999999999999
106119140162178183173150118 83 52 34 33 48 7711314817518818516814411910119 814TS 4511831818189999999999999991136 312353 9699999999999999
 96104124149173187187170141104 68 40 28 35 59 9413216518619117915612810319 815TS 52918918461919999999999999912 9 28999999999999999999999
 90 92108134161183192185162127 88 54 33 30 46 7611515218019218716713811019 816TS 6 4193191219399999999999999 023 891239 2999999999999999
 90 84 94117146173191193178148110 72 44 32 39 63 9913716918919117715012019 817TS 638194193819299999999999999 052 8413 8 3299999999999999
 94 81 83100127157181192187165131 94 61 42 40 56 8612215718219118316113119 818TS 71119320 319199999999999999 122 791336 3999999999999999
103 82 76 86109138165184188176150115 82 58 48 55 7811014417218718617014419 819TS 745189202818999999999999999 153 7614 4 4899999999999999
114 89 76 77 92117145169181179162135104 77 62 61 7510113116017918517615519 820TS 821182205318599999999999999 226 751433 5999999999999999
128101 81 74 81 99124148167174167149124 98 80 73 78 9612114816918017816419 821TS 9 1174212118199999999999999 3 2 7415 3 7399999999999999
141115 92 78 75 84103126146160164156139119101 89 88 9711513715717117516819 822TS 947164215317599999999999999 343 751538 8799999999999999
152130107 88 77 77 8610312214015115414813612211010310511412814515916716819 823TS1048154223316999999999999999 434 76162110399999999999999
159144124104 87 77 76 83 9711413014314814714113212311811812413414615616219 824TS1219149233216399999999999999 540 75172811899999999999999
162155142125105 87 75 70 74 8610312113714815315114513713012612713314115119 825TS1414153999999999999999999999 7 2 70191812699999999999999
158162158147129108 86 68 59 60 71 9111413715416416615914813612612312613519 826TS 1 0162153816699999999999999 824 5821 312399999999999999
147160168167156136109 81 57 43 43 57 8211214316717918017015213411911211619 827TS 227169163218199999999999999 931 4222 811299999999999999
129148167179180167142108 72 42 26 28 47 79118155182194191174149124105 9919 828TS 3351811716195999999999999991026 252256 9999999999999999
107127154178194194177144102 60 27 12 18 44 84130170197205195169137108 8919 829TS 4321961755205999999999999991114 112338 8599999999999999
 87101129162191207205182142 94 49 16  5 17 51 98146186209210190157120 8919 830TS 5232091832212999999999999991159  5999999999999999999999
 73 77 99134172202217210181136 85 41 12  8 28 6711716520021420617813910019 831TS 61121719 821499999999999999 019 721241  699999999999999
 72 62 73101140179208218206174127 79 39 18 22 48 9013818120721219416011919 9 1TS 659219194221399999999999999 059 621322 1799999999999999
 82 59 56 73105145182207212196163119 76 45 34 44 7411515819120720217714019 9 2TS 746213201520899999999999999 140 5514 1 3499999999999999
101 70 53 56 76109146179198199182151114 81 60 57 7210213817219419918615819 9 3TS 834201204720099999999999999 222 521440 5699999999999999
123 89 64 54 60 81112144170184183167142114 91 80 83 9912515417718918616919 9 4TS 925185211919099999999999999 3 7 531518 7999999999999999
142111 84 65 59 67 8611113615716716615513812010610110612114116017417917219 9 5TS1024168215417999999999999999 356 5916 010199999999999999
155132107 85 71 66 72 8710612614215215414914013012212012413314615816516619 9 6TS1146154223916799999999999999 455 66165412099999999999999
160146128109 91 78 73 75 84 9811513014214915114814213613213213614214915519 9 7TS1348151235515799999999999999 613 73183213299999999999999
157154145132115 98 84 75 73 78 8910612414015215815815214413613113013314019 9 8TS1526159999999999999999999999 748 72204312999999999999999
147153155150139122103 85 71 66 70 8210212514616116816715714413112111912319 9 9TS 146155161716999999999999999 9 6 66215311999999999999999
133146157162158146125102 79 63 57 63 8010613315717317717015513611810810819 910TS 3 716216521789999999999999910 0 57223310799999999999999
117133151166172166149123 94 69 52 50 62 86117148172184182167144121102 9519 911TS 4 11721721185999999999999991041 4923 4 9599999999999999
101117140163178181169146114 82 56 44 48 68 99134165185190179156127102 8719 912TS 4431811747190999999999999991115 432333 8599999999999999
 86100125153176189186167136100 67 46 41 54 82118154181193188167137107 8419 913TS 5191891812194999999999999991146 40999999999999999999999
 76 84107137167189195184157121 84 55 41 46 68103141173193194178149115 8619 914TS 553195183519699999999999999 0 0 761214 4099999999999999
 70 71 88118152181197195176143104 70 49 45 60 90127163188197187161127 9319 915TS 625198185819799999999999999 027 681242 4499999999999999
 69 61 72 98132166190198188162126 90 62 50 57 8111515118019519217214010419 916TS 657198192119699999999999999 055 6113 8 5099999999999999
 74 58 60 79111146176193193176146111 81 62 61 7610513816919019418015311819 917TS 730195194419499999999999999 124 571335 5999999999999999
 85 62 55 65 90123156180190183161131101 79 70 77 9812815718019018416313219 918TS 8 519020 819199999999999999 154 5514 3 7099999999999999
 99 72 57 57 73101132160178181170148122 99 85 85 9712014616918318317014519 919TS 843182203318599999999999999 227 551432 8399999999999999
115 87 66 58 63 82108136158170170158139119104 9710211613615617117717215519 920TS 92817221 117799999999999999 3 5 5715 6 9799999999999999
131105 82 66 62 70 8711013315116016015113712411511211812914415816716816019 921TS1026161213816899999999999999 351 62154811299999999999999
145124102 83 71 67 73 8610512414115115415014313512812612813514415315815919 922TS1155154223715999999999999999 454 6717 012699999999999999
153142126107 89 76 68 70 79 9411313114515415715414814013413113213614314919 923TS1358157999999999999999999999 622 68191713199999999999999
154154148135117 97 78 65 60 66 8010112514716217016815914713312412012313219 924TS 030155152017099999999999999 757 6021 312099999999999999
145156163161149128102 76 55 46 51 68 9512715517618418016514412310810310919 925TS 21816316 918499999999999999 911 46215810399999999999999
125146166178178164137103 69 43 32 39 62 97136170191197186162132105 88 8519 926TS 33018016491979999999999999910 8 322240 8499999999999999
 98123153180195194175141 99 59 31 22 35 66108152187205204183150113 82 6719 927TS 4271971725207999999999999991055 222320 6699999999999999
 70 92126164195210205180139 92 50 24 21 41 79126171202213201171130 89 5919 928TS 5172111759213999999999999991138 202358 4999999999999999
 49 61 91133175206219209178132 84 46 26 31 58101148188212212190151106 6619 929TS 6 42191832215999999999999991219 25999999999999999999999
 41 39 59 96141183212220204169124 80 49 38 50 82125168200213203172128 8319 930TS 65022019 321399999999999999 037 371258 3899999999999999
 48 31 37 63103148186209212193158117 81 59 57 751091481832042051861501061910 1TS 736213193420799999999999999 115 301336 5599999999999999
 66 39 30 42 71111151183200197177147114 88 75 811011321641891991901651291910 2TS 82220120 419999999999999999 155 301412 7599999999999999
 90 58 39 37 52 81116150175185181163139115 99 951041241481711851861721461910 3TS 911186203318799999999999999 236 361449 9599999999999999
114 83 59 47 49 64 891181441621691651531371221131131221381551691741701551910 4TS10 716921 517499999999999999 320 46153011299999999999999
132107 84 66 59 62 75 941161351491561551491401311261271321421521591601551910 5TS1122156214516199999999999999 413 58162612699999999999999
143127108 91 78 71 72 80 931101261391481521511461401351331331371411461471910 6TS131515223 214799999999999999 523 71181713299999999999999
146139129115101 89 80 77 80 891031191351481551571541461371301251251281341910 7TS1450157999999999999999999999 7 0 77203512599999999999999
140144143137125110 95 82 75 75 83 981181371541641651581461321191121111171910 8TS 121144154016699999999999999 829 74213411199999999999999
128140149152147134115 95 78 68 69 80 99123147165173170157138118103 961001910 9TS 252152161417499999999999999 929 672210 9699999999999999
112130148160163155137113 89 70 61 65 81107136161177180169148123100 85 83191010TS 3471641642181999999999999991012 602239 8299999999999999
 94115139161173173159135105 78 60 56 67 91122153176186181160132102 79 70191011TS 42917517 8187999999999999991047 5523 6 6999999999999999
 76 96124153175184178156125 93 67 54 57 77108142171189189173143109 79 60191012TS 5 41841732191999999999999991117 532333 5899999999999999
 60 76105139169188191176147112 80 59 54 67 94129163187194183156120 84 57191013TS 5381921755194999999999999991146 53999999999999999999999
 48 57 83119156184196190167134 98 70 57 62 84117152181195191169133 94 60191014TS 611196181819699999999999999 0 0 481214 5799999999999999
 42 42 62 96135170193197183154119 87 67 63 77105140171192195179148108 70191015TS 644198184119699999999999999 028 391241 6299999999999999
 43 34 45 73111150181196192171140107 82 70 76 97128160184194186161124 85191016TS 71819619 419499999999999999 057 3413 9 7099999999999999
 52 34 35 54 87126161185192181157127100 83 81 94118147173188188171140103191017TS 753192192919099999999999999 128 321339 8099999999999999
 68 42 33 42 66100136165182183169145120100 92 96112135159177183175153121191018TS 833184195618399999999999999 2 1 331411 9199999999999999
 88 59 41 39 52 77109140163174171158138120107104111127146163173173160137191019TS 918175202717499999999999999 240 38144810499999999999999
109 81 59 47 48 61 84111137155164162152138125117116123135148159164160148191020TS101816421 716499999999999999 326 45153711699999999999999
129106 83 65 55 56 66 85107129145155157152144135128125127133141148152150191021TS1144157221515299999999999999 428 5417 312599999999999999
143129112 93 75 64 60 66 79 98119138152159159153144134127123123128135143191022TS1331160999999999999999999999 554 60192012299999999999999
147146138124106 86 69 59 59 69 88112136155167170163150133118109106112124191023TS 022147144517099999999999999 730 58204710699999999999999
138151157154140118 93 69 54 50 60 82111141166180181169148123101 88 86 97191024TS 211157153418299999999999999 846 502138 8599999999999999
117140161173171155128 95 66 46 42 56 83118153180192187167137104 77 64 67191025TS 323174161319399999999999999 944 422220 6399999999999999
 86115148176190187166132 94 60 41 40 59 93133170195201187157117 79 52 42191026TS 4191911649201999999999999991032 382259 4299999999999999
 53 81120159190203196170131 90 57 40 46 71110152186205202178138 93 54 29191027TS 5 92041722206999999999999991116 402337 2599999999999999
 27 46 83128171201211198167126 86 57 47 59 90131170199208195161115 68 32191028TS 5572111754208999999999999991156 47999999999999999999999
 14 20 48 91138179205210193159119 84 62 61 79112151185204202179139 92 48191029TS 642211182620699999999999999 015 141235 5999999999999999
 18  9 23 56101146183203202182149114 86 73 79101133167192200189159117 72191030TS 727205185720099999999999999 053  91312 7399999999999999
 35 14 14 33 68111152181194189168140112 92 87 98121149175190189171138 98191031TS 812195192719299999999999999 132 111349 8799999999999999
 60 32 20 25 48 821191521751821741561331131021021141351571741801731511211911 1TS 858182195818099999999999999 211 19142710099999999999999
 87 57 37 32 41 63 931231491651681611471301171111141251411561661661561351911 2TS 948169203216799999999999999 252 32151011199999999999999
109 83 61 48 47 57 761001241431541571521421321231191221291391491531511411911 3TS1049157211315399999999999999 338 4616 611999999999999999
125106 87 71 62 61 69 841021211361471511491431351281231221251311361391391911 4TS1211151222114099999999999999 434 61174012299999999999999
133123109 95 83 74 72 76 861011171321441501511471391291211161151181231291911 5TS1339152999999999999999999999 552 72194211599999999999999
132132127118105 93 82 76 77 85 981151321471551571511391251121031011041131911 6TS 027133144015799999999999999 723 76205310099999999999999
124133138136128114 98 84 76 75 83 98118138155163162151133113 96 86 86 941911 7TS 215138152116499999999999999 836 742134 8599999999999999
109126141149147136119 99 82 72 72 83103127150166171163145120 95 77 69 741911 8TS 320149155417199999999999999 929 7022 7 6999999999999999
 90113136153161156140118 94 75 67 72 88114141164176174158131100 73 57 551911 9TS 4 716116221779999999999999910 9 672236 5499999999999999
 68 93123150167171161139112 86 69 66 77100130158177182171145110 76 50 40191110TS 4461721648182999999999999991044 6523 5 4099999999999999
 47 70103138165180177160132102 78 66 70 89117149174186181159124 85 51 31191111TS 5221811714187999999999999991116 652334 2799999999999999
 29 47 79118154179187178154122 93 73 68 80105137166186188172140 99 59 29191112TS 5571871739189999999999999991146 68999999999999999999999
 18 27 54 93135169188189172143111 85 72 76 95124155180190182156117 74 37191113TS 63219118 519099999999999999 0 4 181217 7299999999999999
 15 13 32 67109149179191184162132103 83 78 89112142169186187169136 94 53191114TS 7 8191183318999999999999999 035 111249 7899999999999999
 22  9 16 42 81123160182187175151123 99 86 88103128155176185177153116 76191115TS 74718819 318599999999999999 1 9  91323 8599999999999999
 40 17 11 25 55 94133163180180165141117100 93100117140162176177163136101191116TS 828182193517899999999999999 146 1114 0 9399999999999999
 64 35 19 19 37 67103137162173170156136117105102110126145161169165149123191117TS 916173201316999999999999999 228 17144410299999999999999
 92 61 38 27 30 48 75107135156165162150135120111110116128142153158153139191118TS101516521 315899999999999999 316 26154210999999999999999
117 91 67 47 38 41 56 79106131149158158150138125116112114122131140146144191119TS1127159221914699999999999999 416 3817 711299999999999999
135119 99 78 60 49 49 60 79102126145157159154143129116107105108116127136191120TS1249160999999999999999999999 531 48185510499999999999999
141138128112 91 72 58 54 60 76 99124146160165160146128109 94 87 89 99115191121TS 012141135816599999999999999 655 542016 8799999999999999
131144148142126105 82 64 56 60 75100127152169173164145119 94 74 65 69 85191122TS 156148145017399999999999999 812 552112 6599999999999999
108132152161157140115 88 66 56 60 78105136163179180165137104 72 50 43 52191123TS 312161153318199999999999999 914 552157 4399999999999999
 75106139164175170150121 91 67 57 63 85117150176188182159123 83 48 27 24191124TS 41217516111889999999999999910 7 572239 2399999999999999
 40 72111148176186179155123 90 68 61 72 97131164187192178146104 60 26  8191125TS 5 41861647193999999999999991053 612319  799999999999999
 12 36 75119159185193181154120 89 70 68 84113147177193190167128 82 39  8191126TS 5521931722195999999999999991136 662358 -299999999999999
 -2  9 41 84130168191193177148115 88 74 78 98129161185193182151108 62 22191127TS 6381951756193999999999999991216 74999999999999999999999
 -1 -4 15 51 96140174190187168139109 88 81 91113143170187186167132 89 46191128TS 721191183018999999999999999 037 -61255 8199999999999999
 13 -2  3 28 66109148175185177156129105 90 90103126152173182174150114 73191129TS 8 318519 318299999999999999 115 -31333 8899999999999999
 37 13  6 17 45 82120152172175164144121103 95 99114135156170171158132 98191130TS 844176193717399999999999999 152  51411 9499999999999999
 63 35 19 19 34 62 951281521651641521341161031001061201381531611581421171912 1TS 926166201316199999999999999 230 171452 9999999999999999
 88 60 39 31 35 52 771061321501571541431281141051041101221351451491431291912 2TS1012157205514999999999999999 310 30154210399999999999999
108 84 63 49 45 51 67 891121321461511471381261141061051091171271341361311912 3TS11 5151215013699999999999999 354 44164710599999999999999
120104 86 71 61 58 64 78 951141311421471451371251141051011021081151221261912 4TS12 8147231512699999999999999 447 58181610199999999999999
124118106 93 81 72 69 73 84 99115131142147146137125111 99 92 91 951031131912 5TS1314148999999999999999999999 555 691944 9099999999999999
120124121114103 91 81 76 78 86100117134146151148138122104 88 78 76 82 941912 6TS 1 7124141015199999999999999 714 762044 7699999999999999
108121129130124112 98 86 79 79 88103122140153157151135113 90 71 60 61 721912 7TS 237131145415799999999999999 826 782127 5999999999999999
 90111129140141133118101 86 78 80 91109131150161161149126 98 70 50 42 491912 8TS 339142153116399999999999999 922 7822 4 4299999999999999
 67 93120141153152140121100 84 77 81 97119143161169162142111 77 48 30 281912 9TS 42615416 31699999999999999910 7 772237 2699999999999999
 42 69102133156165159142118 95 80 76 86106132157172173158128 91 53 25 12191210TS 5 71651634174999999999999991046 762310 1299999999999999
 19 42 77116148169173162139112 89 77 79 94119147169179172147110 68 30  6191211TS 54517417 6179999999999999991123 762344  099999999999999
  1 16 49 90131163179177159132105 84 77 85106134161178181165132 90 46 11191212TS 6231801738182999999999999991159 77999999999999999999999
 -7 -3 21 60104145173183175153124 98 82 80 94118147170182177153115 70 28191213TS 7 2183181318399999999999999 020 -81236 7999999999999999
 -1-11  0 30 73117155177182168144116 93 83 86104129156175180168140 99 55191214TS 743182185018199999999999999 058-111315 8299999999999999
 18 -5 -9  9 43 86128160177176160135110 92 86 93112136159173173157126 87191215TS 826179193017599999999999999 139-101357 8699999999999999
 47 15 -2  0 21 56 96134161173168151128107 92 89 98116138157166163145115191216TS 912173201616799999999999999 223 -31444 8999999999999999
 80 45 19  8 14 35 68104137159167161145124105 93 91100115133148155151135191217TS10 3167211015699999999999999 310  81541 9199999999999999
110 80 51 30 22 29 49 78110137155161155140122104 93 90 95107122136143141191218TS1058161222014499999999999999 4 3 221651 8999999999999999
130110 86 62 45 38 44 61 86113137153158153139121103 89 82 84 94107122132191219TS1158158235313599999999999999 5 3 381815 8299999999999999
135130116 97 77 61 53 56 70 91115137153158153139119 98 80 70 69 77 91109191220TS13 0158999999999999999999999 613 531936 6899999999999999
124134135126111 92 75 66 66 77 95118140155161155138114 88 66 52 50 59 77191221TS 135136135816199999999999999 729 652043 4999999999999999
100122138144139125105 87 74 72 81100123145161165156135106 75 49 33 31 44191222TS 3 2144145016599999999999999 841 722137 3099999999999999
 67 97126147156151136114 93 79 76 86105130153168169156129 94 58 29 14 16191223TS 410156153617199999999999999 944 762224 1399999999999999
 34 64100134157166160142118 95 80 78 90113139162174171152118 78 40 12  0191224TS 5 51671619175999999999999991037 7723 7  099999999999999
  7 32 68109144168174164142116 92 79 81 97122149170178169143104 61 23 -2191225TS 5531741659178999999999999991124 782348 -999999999999999
 -8  6 37 79121155175177162137109 88 79 85105132158176178162130 87 44  9191226TS 63517817381799999999999999912 5 79999999999999999999999
-10 -8 13 49 93134164178173154127101 83 80 91114142165177172150114 70 30191227TS 714178181417899999999999999 026-121244 7999999999999999
  1-10 -1 27 66109145169175164142115 92 81 83 99124150168174162135 96 55191228TS 751175185017499999999999999 1 3-101320 8099999999999999
 21  0 -3 14 45 85123153169168152128104 86 81 88107132154166165148118 81191229TS 825170192516899999999999999 138 -41355 8199999999999999
 45 17  5 11 32 65102135157164157139116 95 83 83 94114136153160153132102191230TS 85916420 116099999999999999 212  51432 8199999999999999
 69 40 21 17 28 52 83115141155156145127107 91 84 87100117135147148138117191231TS 935157203914999999999999999 246 161512 8499999999999999
