 98118132137132120104 89 81 81 90107128146159161151131104 76 52 38 36 4719 1 1X6 3 2137144016199999999999999 829 802139 3699999999999999
 67 93119137146143130113 96 86 85 94111133152164164150125 94 62 36 22 2319 1 2X6 414146152916699999999999999 936 842226 2199999999999999
 39 65 97127148156152136116 97 86 85 96117140160170166147116 79 45 19  919 1 3X6 5 71571614170999999999999991031 8423 7  999999999999999
 16 38 71107139160165156136112 93 83 86101124150168175164138102 62 27  519 1 4X6 5511651653175999999999999991117 822344  099999999999999
  1 15 45 83122153170169154130104 86 80 88109135160176176158125 84 43 1219 1 5X6 6281721730178999999999999991155 80999999999999999999999
 -4  0 22 58100139166175167146119 94 80 80 94119147170180172147108 65 2619 1 6X6 7 217518 518099999999999999 018 -51230 7899999999999999
  0 -7  6 36 77119154173174159133106 85 76 83103131159177179163131 89 4719 1 7X6 733176183818099999999999999 051 -713 3 7699999999999999
 13 -4 -2 20 56 98136164174167146118 93 78 76 90114143166178172149112 7019 1 8X6 8 4174191117899999999999999 123 -61335 7599999999999999
 32  7 -1 10 39 77117150169170155131104 83 74 80 98124151169173160131 9319 1 9X6 834171194517499999999999999 154 -114 7 7499999999999999
 55 24  7  9 28 60 98133158167161141116 93 77 75 8510613115316516214411319 110X6 9 4167201916699999999999999 225  61442 7499999999999999
 78 45 22 15 24 48 81115144160162149128104 85 75 77 9011113315015614912819 111X6 936163205715699999999999999 257 151520 7499999999999999
 99 68 42 28 28 43 68 98128149158154139118 97 81 75 79 9211112914214413519 112X61010158214114599999999999999 330 2616 6 7599999999999999
115 90 65 47 40 44 61 85111135150153146130110 92 78 73 77 8910612113113219 113X61049153223813399999999999999 4 7 4017 2 7399999999999999
124108 89 70 58 54 61 76 97119137148149140125106 88 75 69 71 81 9511012019 114X61136150235812499999999999999 451 541812 6899999999999999
124120109 95 81 71 68 74 87104122137146147139123104 84 68 59 59 67 82 9919 115X61233148999999999999999999999 551 681929 5899999999999999
113122124118108 95 85 80 82 92106123138148149141124101 77 56 44 42 51 6819 116X6 143124133914999999999999999 711 802040 4199999999999999
 90111127134132123109 95 87 85 92106124141153155145125 96 66 40 24 22 3419 117X6 317135144115699999999999999 840 852139 2199999999999999
 57 87116138150149137119101 88 84 90106128149163164151124 89 51 20  2  219 118X6 425151153816599999999999999 953 842231  099999999999999
 20 51 89126153167164147124100 84 79 88108135159175174156122 78 34  0-1819 119X6 5191671629177999999999999991051 792319-1999999999999999
-14 11 51 97139169181174151122 95 77 74 88113144172187183158116 65 17-1819 120X6 6 61811718188999999999999991140 74999999999999999999999
-32-22 10 57109154183190177148115 85 69 70 89120155183196187155107 52  319 121X6 65019018 619699999999999999 0 5-331226 6899999999999999
-30-39-22 17 69123167191192172139103 75 62 69 92127164191199185148 97 4119 122X6 732195185320099999999999999 051-391310 6299999999999999
 -6-33-35-12 31 86138177194187162126 90 65 57 69 96133168192196176137 8619 123X6 813195194019799999999999999 135-381354 5799999999999999
 34 -6-27-22  6 52104151181190176147111 78 58 55 70 9913516718618516312419 124X6 852190202818899999999999999 219-281439 5499999999999999
 77 33  1-11  0 31 74121159180180162131 98 70 54 55 7210013215917216814719 125X6 931183211717399999999999999 3 1-111526 5399999999999999
112 73 38 16 12 27 57 96134162173167147118 88 65 54 56 72 9712314515415019 126X610 9174221115599999999999999 343 111617 5399999999999999
132105 75 51 37 38 54 81112141159164154134108 83 63 54 57 69 8911012713619 127X61049164231713699999999999999 426 361717 5499999999999999
133121103 83 67 60 63 77 98121141153154144126103 81 64 54 54 63 78 9511019 128X61134155999999999999999999999 512 591830 5399999999999999
120123118108 96 85 80 82 92107124138146147138123103 81 63 51 48 53 65 8119 129X6 050123123214899999999999999 612 801955 4899999999999999
 98112121123118110101 95 93 98108121134142144138124103 81 60 45 38 41 5319 130X6 247123134514499999999999999 742 932113 3899999999999999
 71 92112126132130122111101 96 97105118132143146141126103 77 52 34 26 3019 131X6 414133145714699999999999999 918 952211 2599999999999999
 45 69 96121138145141129113 99 91 92101117135148153146127 99 68 40 20 1419 2 1X6 5 71451555153999999999999991025 902256 1499999999999999
 22 44 74107135151155146128108 91 83 87101122143157160148123 89 54 24  719 2 2X6 5451551642161999999999999991111 832333  599999999999999
  6 22 52 88123150163160143120 96 80 76 86106131154167165146114 75 37 1019 2 3X6 6171641721168999999999999991147 76999999999999999999999
 -2  6 30 67107142164169157133105 82 70 73 90116145167174164137 98 56 2019 2 4X6 646169175717499999999999999 0 7 -21219 6999999999999999
 -1 -4 13 46 87128158172167147117 88 69 64 75 99130159176176157122 79 3819 2 5X6 714173183017899999999999999 038 -51249 6399999999999999
  7 -6  2 29 68111147170173158130 99 72 59 63 82112144169180171143103 6019 2 6X6 74017419 318099999999999999 1 7 -61318 5899999999999999
 23  1 -1 17 51 93133162174166142111 80 60 55 67 92125155174176158125 8319 2 7X6 8 5174193517899999999999999 136 -31347 5499999999999999
 43 14  3 12 38 76117151170170153124 92 66 52 56 7410313516117216514110519 2 8X6 83117220 917299999999999999 2 4  31419 5299999999999999
 66 33 15 14 31 63101136161170160136105 76 56 50 60 8211214016016415012319 2 9X6 857170204416499999999999999 232 121452 5099999999999999
 89 56 32 23 31 54 87121149164162146119 90 65 51 51 65 8911613915215113519 210X6 924165212415499999999999999 3 1 231529 4999999999999999
109 79 54 39 39 52 77107135154160151131105 79 59 50 53 68 9011413314113719 211X6 954160221114199999999999999 332 371613 5099999999999999
122101 78 61 53 58 73 95120140152152140120 96 73 57 50 54 67 8610612212919 212X61030153231713099999999999999 4 9 5317 9 5099999999999999
127117102 86 75 71 76 89106125139146144133115 93 72 56 48 49 59 75 9310919 213X61117147999999999999999999999 456 711822 4799999999999999
120123119111100 92 87 89 97110123135141141132116 96 74 54 42 39 45 59 7919 214X6 057123122614299999999999999 611 871951 3899999999999999
 99116127130126118107 99 96 98106118131140144139124101 75 49 31 22 26 4219 215X6 255130135614499999999999999 8 6 962111 2299999999999999
 66 94120138146144133118103 93 91 98112130146154151135107 74 40 15  3  719 216X6 415147151615599999999999999 942 912214  299999999999999
 27 59 96130154164159143120 98 84 81 90110135157169166146111 68 27 -3-1619 217X6 5 91641619170999999999999991044 8023 7-1699999999999999
 -8 20 60106146172180169144113 86 69 69 84112144172185179153110 59 13-1919 218X6 5531801713186999999999999991132 672354-2999999999999999
-29-14 21 70122164187188169136 99 69 55 59 82118156186198187153103 48  019 219X6 63319118 2198999999999999991215 54999999999999999999999
-29-32-10 33 88140179196188160120 80 52 42 54 85126167196204187147 93 3819 220X6 710197184920499999999999999 038-341256 4299999999999999
 -6-28-24  6 54109159190197179143100 61 37 35 54 90133173198200178135 8219 221X6 746198193520399999999999999 120-301337 3399999999999999
 31 -5-17 -5 31 80131172193189162122 80 46 29 33 58 9613817319218816212019 222X6 819194202019399999999999999 2 0-171418 2899999999999999
 73 31  6  3 23 60106149179187173142102 64 37 27 37 6410013716617816914419 223X6 85218721 517899999999999999 238  21459 2799999999999999
107 69 39 25 30 53 88127159176174154122 85 54 35 31 44 6910113115215814919 224X6 923178215315899999999999999 314 251543 3199999999999999
127 99 72 54 49 59 81111139160166157135106 76 52 39 39 51 72 9712013513919 225X6 955166225013999999999999999 350 491631 3799999999999999
131116 98 82 72 73 83102123142153153141122 98 75 56 46 46 55 70 8910611819 226X61030154999999999999999999999 428 711731 4599999999999999
123121114104 96 91 92100112125136142140131116 97 79 63 53 50 54 64 77 9219 227X6 013123111614299999999999999 517 911855 5099999999999999
106115120119115110105104106112119127132132127117102 85 69 55 48 47 54 6719 228X6 226120123813399999999999999 6561042034 4799999999999999
 84101116126130128121113106102104110118127132132124110 90 70 52 40 37 4419 3 1X6 4 5130142613399999999999999 9111022147 3799999999999999
 60 82106126139142137125111 99 92 94102115129139141132115 90 64 42 29 2719 3 2X6 4521421541141999999999999991020 922236 2699999999999999
 39 61 89118141152151139120101 86 80 86100120139151151138114 83 52 28 1719 3 3X6 52515316321539999999999999911 1 802315 1799999999999999
 21 40 70105136156162154133108 85 71 71 83106132153164159138106 70 37 1519 3 4X6 5531631712164999999999999991132 692347 1099999999999999
 10 23 50 87125154169166147119 89 67 59 67 88118147168173160131 92 52 2219 3 5X6 61917017471739999999999999912 1 59999999999999999999999
  6 11 33 69110147170174160131 98 69 52 52 70100134163179176153116 73 3519 3 6X6 643175182018099999999999999 017  61229 5099999999999999
 11  6 21 53 94135165178170145110 75 50 42 53 79115151176184170139 97 5519 3 7X6 7 7178185218499999999999999 045  51256 4299999999999999
 23  8 14 40 78120157177177157124 86 54 37 39 59 93131164182180158120 7819 3 8X6 730180192418499999999999999 112  81324 3599999999999999
 41 18 15 32 65105144171180167138100 63 38 30 42 7010714417118116914010219 3 9X6 754180195718199999999999999 139 141354 3099999999999999
 63 34 23 30 55 91130161177173150115 77 46 29 31 50 8211915217117215412319 310X6 818178203217499999999999999 2 6 221425 2899999999999999
 87 56 37 36 51 80116148169173159130 94 60 36 27 36 60 9212615216415813819 311X6 843174211116499999999999999 235 341459 2799999999999999
109 79 57 48 55 75103133156167162141111 78 50 33 31 43 68 9812614615214419 312X6 910167215615299999999999999 3 5 481539 3099999999999999
126102 81 68 65 75 95119141156158148126 98 70 48 36 36 48 70 9511813413919 313X6 942159225813999999999999999 340 651628 3499999999999999
134121105 91 83 84 93108125140148147136118 94 71 52 41 40 48 65 8510612119 314X61023149999999999999999999999 425 821737 3999999999999999
129130124115106100 99103112123133139139132119100 79 59 45 38 41 53 71 9119 315X6 034130113314099999999999999 542 991911 3899999999999999
111126134136131122113106104106113122132138137129113 90 66 45 31 28 36 5519 316X6 240136132813899999999999999 8 11042046 2899999999999999
 81108131147152147134118103 94 93100114130144151146128101 69 39 18 12 2119 317X6 35915215 515199999999999999 940 922156 1199999999999999
 44 77113144163168159138113 91 77 76 88110136158169164142107 67 29  4 -319 318X6 4491691613169999999999999991035 752250 -399999999999999
 11 42 83127162181180162132 98 71 57 60 80112147175187179151108 59 18 -719 319X6 52918317 8187999999999999991119 562337-1299999999999999
-10 11 50 99146180193184155115 76 48 38 49 78119160191201187151102 50  919 320X6 6 51931756201999999999999991158 38999999999999999999999
-11 -7 22 68120166194198177139 93 52 27 25 45 83129172201206185144 92 4219 321X6 639199184220799999999999999 019-131237 2399999999999999
  7 -5  8 44 93144183200192161116 68 31 14 20 47 91139180203201175132 8219 322X6 711201192620599999999999999 059 -51315 1399999999999999
 39 13 11 32 71119163192197177138 91 47 17  9 22 5610014618119618815911819 323X6 74219820 919699999999999999 136  91353  899999999999999
 75 43 28 34 61100142175191183155114 70 33 13 12 32 6610814717418116914119 324X6 811191205218199999999999999 211 271431 1099999999999999
107 74 53 48 61 89124156177180164133 94 56 29 17 23 44 7711214316116315019 325X6 839181213716499999999999999 245 481510 1699999999999999
127101 79 68 71 87111138160169164143113 80 51 33 27 36 56 8411113314514519 326X6 9 8170222814699999999999999 319 681552 2799999999999999
134118102 90 86 91105124142154155146126101 76 55 42 40 48 65 8510512113019 327X6 938156234013299999999999999 355 861642 4099999999999999
131126118109102101106115126137142140131116 98 80 64 54 51 56 67 81 9611019 328X61017142999999999999999999999 4431011752 5199999999999999
120126126124119114111111114120125129129124115103 89 75 64 57 57 63 74 8819 329X6 140127113112999999999999999 6251101934 5699999999999999
104118128134133128120112107105108113119125126122113 99 83 67 56 52 55 6719 330X6 324134134912699999999999999 85410521 4 5299999999999999
 84104124138145142133119106 95 92 95105118129135134123106 84 64 49 43 4819 331X6 41514515191369999999999999910 0 9222 2 4399999999999999
 64 87113136151155147130110 91 80 78 87104124140149145130106 79 54 38 3519 4 1X6 4481551614149999999999999991037 782244 3599999999999999
 46 69 99129153164160144119 93 73 64 69 87112137156162153131100 68 42 2919 4 2X6 51616416551629999999999999911 7 642318 2899999999999999
 33 52 82118149168171158131 99 71 54 52 67 94126154171171154124 87 53 3119 4 3X6 5411721731173999999999999991135 512348 2599999999999999
 25 38 66103140168179170145110 75 49 39 47 72108144171182174148110 71 4119 4 4X6 6 417918 41829999999999999912 3 39999999999999999999999
 26 30 53 88128162181181160125 85 50 31 31 50 84125161184186168135 94 5719 4 5X6 628184183818899999999999999 017 251230 2899999999999999
 33 28 43 74114152179186172141 99 58 29 19 30 60100142175190183157119 7919 4 6X6 651187191119099999999999999 045 281259 1999999999999999
 48 34 40 64100139171187181156116 72 36 16 16 37 7311715618218817314210419 4 7X6 715187194618899999999999999 113 341329 1399999999999999
 69 47 43 58 87124158181184167133 91 50 21 10 20 48 8813016418217915912719 4 8X6 741186202318399999999999999 142 4314 1 1099999999999999
 93 67 54 59 80110143169181174148111 70 36 15 13 30 6110013716417416614519 4 9X6 8 718121 417499999999999999 213 541437 1299999999999999
116 90 72 68 78100128154171172158129 93 58 31 18 21 40 7110513615716215319 410X6 836174215216299999999999999 246 671517 1799999999999999
135113 94 83 84 96116137155164159142115 84 55 34 25 31 48 7510412914515019 411X6 911164225515099999999999999 325 8216 7 2599999999999999
144132116104 97 99108122137148152147132110 85 61 43 35 38 51 72 9511813419 412X6 956152999999999999999999999 418 971715 3599999999999999
142142136126116110108111119128136141139130115 95 74 55 43 40 47 63 8410719 413X6 029143111514199999999999999 5501081847 4099999999999999
127141148146138127116107104106114124134139138128110 88 65 46 36 38 52 7419 414X6 217148132014099999999999999 8 41042021 3699999999999999
101128149159159149131112 96 88 88 98115133148153146127100 70 44 29 28 4319 415X6 328161145815399999999999999 925 872132 2799999999999999
 70104137162174170153127 99 77 66 69 86112140162171164141107 69 38 21 2219 416X6 41517416 5171999999999999991016 662227 1999999999999999
 41 75116153178186175148112 77 53 44 54 80115152178188177148107 65 32 1719 417X6 4541861659188999999999999991058 442313 1699999999999999
 23 49 89134171193192171133 90 52 29 27 45 81124165193199183148103 59 2919 418X6 5291951747200999999999999991137 252355 2099999999999999
 20 33 66110155188201189157111 65 28 11 17 44 87136177201202180141 95 5619 419X6 6 22011832205999999999999991215 10999999999999999999999
 32 31 51 89133174198199177136 87 41 11  2 16 51 98147184202197170130 8919 420X6 633202191620399999999999999 034 291252  299999999999999
 56 42 49 75113154186199189157111 63 24  2  2 24 6311015418519518415611919 421X6 7 4199195819599999999999999 111 411329 -199999999999999
 85 62 57 70 99135169190191171134 89 46 15  3 11 38 7812115718018316814119 422X6 733193204018499999999999999 146 5614 6  399999999999999
111 85 72 75 92120150174184175149112 72 37 16 12 26 54 9112715516916715219 423X6 8 2184212317099999999999999 220 711443 1199999999999999
130107 90 85 92110134157171171156129 95 63 37 25 27 43 6910012814815715319 424X6 832173221015799999999999999 255 851522 2499999999999999
140123108 98 98106122139154160155139114 87 62 45 38 42 57 7910312413914519 425X6 9 4160231014599999999999999 334 9716 6 3799999999999999
143134123113107107114125136144146140126107 87 69 56 51 55 66 8310211913119 426X6 944146999999999999999999999 42710617 4 5199999999999999
138138134127119114112114120126132133130121109 94 79 68 62 62 70 82 9811419 427X6 036139105213399999999999999 5561121824 6199999999999999
127137141139133124115109107109114120126127124116104 90 76 67 64 68 79 9519 428X6 211141125412799999999999999 8 01071957 6499999999999999
113130143148146137124110 98 93 95103114125133134127114 97 79 66 60 64 7619 429X6 313149143813499999999999999 915 9321 8 6099999999999999
 96118139153158151136116 96 82 78 83 97115132144146138120 98 76 61 55 6219 430X6 354158154214799999999999999 958 782158 5599999999999999
 79104131153165164150127100 77 64 63 76 98123146158158144121 93 69 54 5219 5 1X6 4261661629160999999999999991032 622237 5199999999999999
 64 89119148168175165141109 78 55 46 54 76106138162172166146116 85 60 4919 5 2X6 45317517 81729999999999999911 2 462312 4999999999999999
 54 74105139166181178157123 86 53 34 34 52 83121155178182169141106 75 5419 5 3X6 5201821745183999999999999991132 322344 4999999999999999
 50 63 91126159182187172140 99 59 30 19 28 57 96138172189186165131 95 6719 5 4X6 54618818211919999999999999912 2 19999999999999999999999
 53 57 78111148177191185159118 73 34 12 11 31 68113155185195184156120 8619 5 5X6 612192185819599999999999999 016 521234  899999999999999
 63 58 70 98133167189192174139 93 49 16  2 11 39 8212816719119317614511019 5 6X6 640193193619599999999999999 048 5713 7  299999999999999
 81 66 69 87118151179192185158117 71 31  6  1 17 52 9614017319018516513419 5 7X6 710192201719099999999999999 122 651343  099999999999999
104 82 75 83105135164183187171139 98 55 22  4  7 28 6410614517318317515419 5 8X6 74218821 218399999999999999 158 751423  399999999999999
127103 88 86 98120145168179176156123 85 48 22 11 17 40 7411214516617316419 5 9X6 817180215417399999999999999 237 8515 8 1099999999999999
147125107 97 98109128148164170163143114 81 51 29 22 29 49 7911113915716319 510X6 859170225916399999999999999 325 9616 1 2299999999999999
158144128114106106114127142154158152136112 85 60 42 34 38 55 7910713215019 511X6 956158999999999999999999999 42910517 8 3499999999999999
158156147134121111107110118130140147146136119 97 74 55 44 44 56 7710212719 512X6 018159112314799999999999999 6 31071828 4399999999999999
147159161153140123109100 98103114128140147144132112 88 66 51 47 55 7410019 513X6 140161131314799999999999999 745 971951 4799999999999999
128151166169160142120 99 84 79 85100120140154157147127100 73 54 47 54 7419 514X6 244169144415799999999999999 858 7921 1 4799999999999999
103134161176177163138108 81 63 58 67 89118146165171161138107 77 55 47 5619 515X6 333178155317199999999999999 950 572158 4799999999999999
 80113147174187182160127 90 59 40 39 55 85122156178184172144109 77 55 5019 516X6 4141871649185999999999999991034 372247 4999999999999999
 63 91128163187194181150109 68 36 20 25 50 88130167190193176144107 75 5719 517X6 4511941738194999999999999991115 202330 5599999999999999
 57 75108145178197195172133 87 45 16  8 21 53 96142178197195173139103 7519 518X6 5251991824198999999999999991154  7999999999999999999999
 62 69 92126162190200188157113 65 26  4  3 24 62109153185198190165131 9919 519X6 55920019 719899999999999999 010 621232  199999999999999
 77 71 83110144176195195175137 91 47 14  0  8 35 7612216218719318015412319 520X6 631198194819499999999999999 048 7113 9  099999999999999
 96 81 82 99127158183193184157117 73 34 10  5 20 51 9213416718418416814219 521X6 7 3193202818699999999999999 125 801345  599999999999999
115 95 88 95114141167183185168138 98 60 29 14 17 36 6910614216717717215519 522X6 73518621 817799999999999999 2 1 881422 1399999999999999
132111 98 96107126149168177171151120 85 54 32 24 32 54 8411714516316816019 523X6 8 8177215116899999999999999 238 951459 2499999999999999
144126110102104115132150163166157136108 79 55 40 37 48 69 9612314515715919 524X6 845167223916099999999999999 3191011540 3799999999999999
151138123111106109119133146154154144125102 79 61 51 51 62 8110312514215219 525X6 928155233715499999999999999 4 91061628 5099999999999999
153147136124114109110117127137143142135121103 85 70 63 63 72 8710612514019 526X61027143999999999999999999999 5181081727 6299999999999999
150151147137125114107105109117126133135132122109 94 80 72 71 77 9010812619 527X6 046152115613599999999999999 6471051839 7099999999999999
141151154150139124110 99 95 97105117128135136130118103 88 78 74 79 9211019 528X6 152154133813699999999999999 8 9 951955 7499999999999999
129147158160153138118 99 85 80 84 95112129141145140127109 92 79 75 80 9419 529X6 245160145714599999999999999 9 6 802058 7599999999999999
115138156167166153131106 83 67 63 72 90114136152157150134112 92 77 74 8219 530X6 325168155515799999999999999 948 632149 7499999999999999
101125150169176168148118 87 61 47 49 65 92122150167170159137111 88 75 7419 531X6 4 01761642170999999999999991025 462232 7399999999999999
 87111140165181182166136 99 64 39 30 39 64 99136165181179162135107 84 7319 6 1X6 43218317251829999999999999911 0 302311 7399999999999999
 78 97126156180190182156118 76 40 18 17 35 69111151180192184162131101 8119 6 2X6 5 419018 6192999999999999991135 152349 7599999999999999
 75 86111142173192194177142 97 52 19  4 11 38 79125166192198184157124 9619 6 3X6 5371961847198999999999999991212  3999999999999999999999
 80 81 98126158186199192166124 76 33  4 -3 11 45 9113917719719717914911819 6 4X6 612199193020099999999999999 028 781250 -499999999999999
 94 83 89110140171193199185152107 59 20 -2 -3 18 5610314918219719217114219 6 5X6 648199201419899999999999999 1 8 831332 -699999999999999
114 94 89 99122151178194194174138 93 49 15 -1  4 29 6811315418219318416319 6 6X6 72819621 219399999999999999 150 891416 -299999999999999
136112 97 96108130156178189184162127 85 46 18  7 15 41 7912015617918517619 6 7X6 812190215318599999999999999 236 9515 5  799999999999999
156133112101101112132154172180173152120 84 51 28 20 29 53 8712415517417819 6 8X6 9 3180224917999999999999999 329 991558 2099999999999999
170152131113103102111128146162168163146120 89 61 42 35 43 64 9412615316919 6 9X610 5168235017499999999999999 4331011657 3599999999999999
174166151131113101 98104117134149157156145124 99 75 57 50 56 73 9912715219 610X61124158999999999999999999999 550 9818 3 5099999999999999
168173166151130110 95 88 91102119137150154149134112 89 71 63 66 8010413019 611X6 054173125815499999999999999 712 881914 6299999999999999
154170175168151127103 83 73 74 86106128147157157145125102 83 72 73 8710919 612X6 154175142815999999999999999 824 722024 7199999999999999
136160176180170148119 90 67 55 57 72 96124149165167157136112 90 78 79 9319 613X6 246180154116899999999999999 923 542127 7799999999999999
116144168183184169142108 74 49 38 42 62 93127156175178166143116 94 82 8419 614X6 3331861641178999999999999991012 372221 8199999999999999
100126154178190186165131 92 56 31 23 33 60 96135167184185170144117 95 8519 615X6 4151911732187999999999999991056 2323 9 8599999999999999
 90109137166188195184156116 74 39 17 15 32 65106146177192188169141113 9419 616X6 4541951818192999999999999991137 142352 8899999999999999
 88 98120150177194195176142 99 57 25  9 14 38 7611915918619518616313410819 617X6 5311971859195999999999999991216  8999999999999999999999
 93 92107132162186197190164125 82 42 16  8 20 50 9113416919019217815312519 618X6 6 7197193719499999999999999 032 911253  899999999999999
103 93 99117144172190194180149108 66 32 14 14 33 6710814817719018516714119 619X6 643195201419099999999999999 1 9 931329 1199999999999999
116100 96107128155178190187166132 92 55 28 18 26 50 8612415818018517515419 620X6 718191204918599999999999999 145 9614 4 1899999999999999
130109 98100115137161179185175151116 80 49 30 28 41 6910313816517817716419 621X6 753185212518099999999999999 221 981439 2799999999999999
143121105 99105121143163175176162136104 73 49 38 41 59 8611814716717416819 622X6 83117722 317499999999999999 259 991516 3799999999999999
153134115104101109125144160167164148124 97 72 54 49 57 7610212915216616919 623X6 913168224416999999999999999 3431011555 4999999999999999
161146128112103102110124139152157152138118 95 76 64 62 72 9011313615416419 624X610 2157233116599999999999999 4351021639 6299999999999999
164156141125110101100106118132143147144133117 99 84 75 75 8410012014015519 625X611 7148999999999999999999999 5401001731 7499999999999999
163162154139122107 96 93 98109122134141142135122107 94 86 85 9310712514319 626X6 025164123214299999999999999 653 931835 8599999999999999
157164163154137118100 87 82 86 98114129141145142132117104 94 92 9811112819 627X6 12216514 314599999999999999 8 2 821947 9299999999999999
147162169166154134110 87 72 66 72 88109130147155153142127110 99 9510011419 628X6 216169151815599999999999999 858 662055 9599999999999999
134154169176170152126 96 70 53 50 60 81109137158168166152133113100 9510219 629X6 3 3176161716999999999999999 946 492153 9599999999999999
119141164179183172148114 79 50 34 34 51 80115149173182177159135113 98 9519 630X6 34618317 8182999999999999991029 322243 9499999999999999
105126152176190189172140 99 60 30 16 22 46 84126163187194184161134109 9519 7 1X6 4281921754194999999999999991112 162329 9499999999999999
 95110135164188200193168129 83 41 12  3 16 47 9213817619920218615912910519 7 2X6 5102001838203999999999999991155  3999999999999999999999
 93 97117145176199206193161116 67 25 -1 -4 16 5410215018720620418415312219 7 3X6 553206192320899999999999999 014 931239 -699999999999999
100 92101124155186206208190152104 54 15 -6 -3 22 6411516119520820017714519 7 4X6 63721020 720899999999999999 058 921324 -899999999999999
115 96 92105131162191207205182143 94 47 12 -3  5 34 7812717019820519316719 7 5X6 724209205120599999999999999 143 921410 -399999999999999
136109 93 93108135165191203198173134 88 46 17  8 20 50 9313817519719918419 7 6X6 812204213620099999999999999 231 911457  899999999999999
157128104 91 93109134162185194187163127 87 52 29 24 39 6910814717719319019 7 7X6 9 5194222219499999999999999 322 901545 2499999999999999
174148121100 89 92107130154174182175154124 91 63 46 45 59 8712115317718719 7 8X610 3182231018799999999999999 418 891635 4399999999999999
182165141116 97 86 88100120142160168165149126101 78 66 66 7910213015717519 7 9X61112168999999999999999999999 522 861730 6499999999999999
182176160137113 93 81 80 90107128146157158149133113 95 85 84 9411313615819 710X6 0 1182123815999999999999999 634 791833 8399999999999999
174179173157134109 87 73 70 77 93114135150157155143127111100 9710512014019 711X6 058179141315899999999999999 749 701945 9799999999999999
159174179172155131104 79 63 57 64 8110513015016216315513912211010511012319 712X6 157179153616499999999999999 857 5721 010599999999999999
142162176181174154127 96 68 50 44 53 7310213115617117416414712811310711119 713X6 254181164017499999999999999 954 4422 510799999999999999
125146167182185175152120 85 56 37 34 46 7210614016718218216914912711110519 714X6 3461851730184999999999999991043 33225810599999999999999
112129152174188189174145109 72 42 26 28 46 7811615317919118616814412110519 715X6 4331901812191999999999999991125 25234110299999999999999
103114135161183194190169135 95 57 30 20 28 54 9113216719019518416113411219 716X6 51519518481969999999999999912 3 20999999999999999999999
100103119144171192198187160121 79 44 22 19 36 6810814918119619417614912219 717X6 554198192219799999999999999 019 991239 1899999999999999
103 97106127155181198197179146105 64 34 20 26 50 8612816519019718616313519 718X6 630200195319799999999999999 054 971313 2099999999999999
110 96 97112138166189199191167129 88 52 29 25 39 6910814717819419217414819 719X6 7 5199202319599999999999999 127 951345 2499999999999999
120100 93100120148174192195180151113 75 46 32 36 57 9112916318519218216019 720X6 740196205219299999999999999 2 0 931416 3199999999999999
133109 94 93106129155178189185166134 99 67 46 41 53 7811214617318718516919 721X6 816190212218899999999999999 234 921448 4199999999999999
145120100 91 95111134158176182173150121 90 65 53 55 72 9913115917818417619 722X6 854182215418499999999999999 311 911520 5299999999999999
157133111 96 91 98115136156169171159138112 88 71 65 73 9211714416617817819 723X6 936172222817999999999999999 354 911555 6599999999999999
166147125105 93 91 98114133150160159149131110 92 81 80 9010813015216817519 724X6102816123 917599999999999999 443 901635 8099999999999999
171158140119101 90 88 95109126141150151144131116102 95 9510411913815516719 725X61137152235917299999999999999 543 881727 9499999999999999
172167154136115 97 85 82 8710011613214414914713812711510810711312514115619 726X61310149999999999999999999999 654 82183710799999999999999
167171166154134112 91 76 70 74 8710612714415415615114012811811411712714119 727X6 1 0171144615699999999999999 8 5 7020 511499999999999999
156169174170156134107 81 63 55 59 75 9912514916517016515213612311511612519 728X6 2 6174155917099999999999999 9 9 54212411499999999999999
141160175182177160132 99 68 45 37 43 65 9613016017918517816114012111111219 729X6 3 818216551859999999999999910 4 37222611099999999999999
124144167185193186163128 88 52 27 19 31 59 9814017419519918716313711510419 730X6 4 31931743200999999999999991054 19231710399999999999999
107124149177198205193164122 76 35 10  6 24 6010715319020920818915912810519 731X6 4542051826211999999999999991141  5999999999999999999999
 96104126157188210215198162113 63 21 -1  0 25 6812016820321721018415011719 8 1X6 54321519 821899999999999999 0 3 961227 -499999999999999
 94 89102130166199219220197156103 52 13 -5  3 34 8213618321322020517313619 8 2X6 631222194822099999999999999 047 891312 -599999999999999
104 85 84103135172205223218192147 94 46 12  2 16 5210115319421621519415919 8 3X6 719224202721999999999999999 131 821356  299999999999999
121 92 77 82104138175205219210181137 89 47 21 17 37 7412216720021320517919 8 4X6 8 821921 521499999999999999 215 771439 1699999999999999
143108 83 73 82106139173199208197169129 88 55 38 40 62 9914117820120519119 8 5X6 858208214320699999999999999 3 2 731522 3699999999999999
163129 99 78 72 82105136165186192181157125 93 69 60 67 8912115418219619419 8 6X6 952192222219799999999999999 352 7216 5 6099999999999999
177150120 94 77 73 82102128152169175167150127104 88 84 9211113616118018819 8 7X6105417523 518899999999999999 447 721652 8499999999999999
182166142115 93 77 73 80 9611713715316015814813411910810511212614416217519 8 8X61216161235717999999999999999 553 73174910599999999999999
179174159139115 94 78 72 75 8610412314115215715414513412512112313214415819 8 9X614 4157999999999999999999999 711 71191012099999999999999
169174170158140117 94 77 67 66 76 9311413515216216315714613512712513014119 810X6 1 6174153916499999999999999 832 65204712599999999999999
154166173172161142118 92 71 58 56 66 8611213816017217416715313712512112519 811X6 223174164117599999999999999 939 5622 212199999999999999
136152168178178166144115 86 61 47 47 61 8611814917218418317015113111711319 812X6 3301791724185999999999999991031 46225311399999999999999
120136156175186184168141107 74 49 38 43 63 9513116418619418616714212010719 813X6 4221871758194999999999999991113 37233210599999999999999
106119141165186195188166132 94 60 38 32 44 7311014918119819718115512810619 814X6 5 61951829200999999999999991149 32999999999999999999999
 97104123151178197201187157118 79 47 30 33 54 9013116919520319316913911119 815X6 544201185720399999999999999 0 5 971221 2999999999999999
 94 92107133164191205201179143101 63 37 30 42 7211215318620320118215112019 816X6 619206192320599999999999999 035 911252 3099999999999999
 96 86 93115146177200207195165125 84 51 34 37 59 9513617419820419116413119 817X6 652207194820599999999999999 1 5 861321 3399999999999999
102 84 83 98126159188204203182148107 71 46 40 53 8212015918920319717614419 818X6 725206201320399999999999999 135 811349 4099999999999999
112 88 78 85106137169193201192166130 93 64 50 54 7410714417719719918515719 819X6 759201203920099999999999999 2 6 781417 4999999999999999
125 97 79 77 90116146174191192177149115 85 65 61 73 9813116318719618916819 820X6 83419421 519699999999999999 238 761446 6099999999999999
139110 87 76 80 97123151173184179161135107 85 74 78 9412014917418918917619 821X6 913184213319199999999999999 314 761516 7499999999999999
153125 99 82 76 84102126150167173166150128107 93 89 9611413716017718417919 822X6 95917322 518499999999999999 355 761551 8999999999999999
163141116 94 81 78 8610212314315716215714512911510610611412814616317417719 823X61059162224717799999999999999 446 77163410599999999999999
170155134112 93 81 77 83 9711513314715515414813812812212012513514816016919 824X61228155234817199999999999999 552 77174112099999999999999
171166153135114 94 79 72 75 8510312214015315915915214313513013013514415519 825X61423160999999999999999999999 715 72193112999999999999999
165170168158141118 94 74 62 60 70 8911413915917117416815614213112612813719 826X6 117170154717499999999999999 837 59211412599999999999999
151166176178169149121 90 63 46 43 54 7911114417118819018116214112411511719 827X6 243179164219199999999999999 943 42221811599999999999999
130151172188193183157122 83 49 28 26 42 7411515618820520418716013211010119 828X6 3501931726206999999999999991038 2523 710199999999999999
107127155184204209195162118 72 34 13 15 38 79127173206218210184149116 9319 829X6 44621018 5218999999999999991126 112349 8799999999999999
 87 99127163198220222202162111 60 22  4 13 44 92145191220225207173132 9619 830X6 5372241843226999999999999991211  4999999999999999999999
 76 76 96131173210231228202156101 51 16  6 22 6011216620822822319615511119 831X6 625233191822999999999999999 031 731254  699999999999999
 78 62 69 96137181217234226194146 93 47 21 18 41 8413618421822721217813319 9 1X6 712234195322899999999999999 112 621335 1699999999999999
 92 63 55 68100143185217228215182136 88 52 35 41 6811115819821921819515719 9 2X6 758228202622299999999999999 153 541415 3499999999999999
114 77 55 53 71105145183209214199167128 90 64 56 68 9713617520321320217519 9 3X6 846215205921399999999999999 236 521453 5699999999999999
137 99 70 55 58 77108144175194196181155125 98 82 82 9712315418219920018419 9 4X6 936197213220299999999999999 320 541532 8099999999999999
157123 92 69 60 65 8310913816217617716614812811110310712014116318118918419 9 5X6103517822 918999999999999999 410 60161410399999999999999
168144117 93 75 68 72 8510612814615916215814813712712312513514816217217619 9 6X61156162225517699999999999999 5 9 6817 812399999999999999
171158139118 98 83 75 75 84 9811613314715515815514914213613513914615416119 9 7X61356158999999999999999999999 627 74184513599999999999999
165163156142125106 90 78 74 78 8910612514315716516516015114213513313614419 9 8X6 013165153416699999999999999 8 2 74205113399999999999999
153160164160149132112 91 75 68 69 8110112514816717617616615213712612212619 9 9X6 2 1164162717799999999999999 919 6722 212299999999999999
136150163171169157137111 86 67 58 62 7810413416118018718116614512511211019 910X6 32017117 2187999999999999991013 58224310999999999999999
118135156173182178162136105 76 56 50 60 83115149178193194180156130108 9819 911X6 4141821732196999999999999991053 502316 9799999999999999
101117142167187193184160127 92 62 46 47 65 96134169194202193170139110 9119 912X6 4561931758202999999999999991127 442345 8799999999999999
 87 99124155182200200183151113 76 50 41 52 79116156188205203183151117 9019 913X6 5322021823207999999999999991158 41999999999999999999999
 78 83105137171197208200174136 96 62 44 45 65100141179203209194165128 9419 914X6 6 5208184620999999999999999 012 771226 4299999999999999
 73 70 86116153186208210193159118 80 53 45 57 8712616619721020317814110319 915X6 63821219 921099999999999999 040 691254 4599999999999999
 75 63 70 95130168198211204179141101 69 53 56 7811215218720720818915511619 916X6 710211193221099999999999999 1 8 631320 5299999999999999
 82 61 59 76107145180203207192161123 89 66 61 7410213817419920719616813119 917X6 743208195520799999999999999 137 581347 6199999999999999
 94 67 56 63 86120157186201197176144111 85 72 77 9612716018820219917914619 918X6 817201202020399999999999999 2 7 551415 7299999999999999
110 79 59 57 70 97131163185192183160132106 89 85 9611914717419219618415919 919X6 855192204619699999999999999 240 561444 8599999999999999
127 95 71 59 62 7910613616217818016914912710910010211613615917818818416819 920X6 938181211518899999999999999 317 581517 9999999999999999
143115 89 70 63 69 8510913415516716816014613011911511913114716317417817219 921X61036169215317899999999999999 4 3 6316 011599999999999999
157135111 90 74 68 72 8510512614415616115815014113313013113814815816516819 922X612 4161225416899999999999999 5 6 68171112999999999999999
164153136116 97 80 71 70 78 9411313315016016416215514713913513514014715619 923X614 6164999999999999999999999 635 69192713599999999999999
162163158146127105 84 68 62 65 7910112615016817717716915514012912412613519 924X6 046164152917899999999999999 810 61211212499999999999999
149163172172161140113 84 60 48 49 66 9312615818219419117715513111410611019 925X6 232173161919599999999999999 923 4722 810699999999999999
126149172188191178152115 78 48 33 36 58 94136174200209200176144113 92 8619 926X6 3431911659209999999999999991019 322251 8699999999999999
 97122154186206209192158113 69 36 22 31 61104152193217219199165124 89 6919 927X6 43921017352219999999999999911 7 222331 6699999999999999
 68 88123165201223223199157106 59 28 20 36 74123173211228219189145 99 6519 928X6 5292261810228999999999999991150 19999999999999999999999
 49 57 86129176214233227197150 98 54 28 28 52 95147194224229209169120 7519 929X6 616234184323199999999999999 010 491231 2599999999999999
 44 37 53 89138186221235223188141 92 55 38 46 76122170209228221191145 9619 930X6 7 2235191522899999999999999 049 361310 3899999999999999
 55 32 33 56 97146190220227210175131 90 63 56 711041471872152212041681221910 1X6 747227194622299999999999999 128 291348 5699999999999999
 77 44 30 37 65106150188210212193161125 94 78 79 991301661962112071831451910 2X6 833214201721299999999999999 2 8 291425 7699999999999999
103 66 42 36 48 76113151180195193176150124104 971031221491761941991871611910 3X6 922196204719999999999999999 250 3515 2 9799999999999999
128 93 65 49 48 61 861171461681781751631451291171151231391581751841821681910 4X61017178212018599999999999999 334 46154311599999999999999
145118 92 72 61 62 73 921151371541631631571471371311301351451561651691651910 5X6113216422 216999999999999999 426 60163913099999999999999
154137117 98 83 74 73 80 931101281431531581581531471411371371411461521551910 6X61325159231915599999999999999 537 72182913799999999999999
154148138124109 94 84 79 81 891031201371521611651621541451361301291331391910 7X615 1165999999999999999999999 713 79204312999999999999999
146151151146134119102 87 78 76 83 981181401581711741681561401261161151201910 8X6 134152155117499999999999999 842 76214411499999999999999
131145156160157144125103 83 71 69 79 981241501711821811691491271091001011910 9X6 3 4161162518399999999999999 941 692221 9999999999999999
113132152167173167149124 97 75 63 64 80106137166186192183161134108 89 84191010X6 3591731654192999999999999991023 622251 8499999999999999
 93114141166182185172147116 86 64 56 65 89121156184198194175145112 85 72191011X6 4411851719198999999999999991058 562319 7199999999999999
 75 94123155182195191171139103 73 56 57 74106143177199203188158121 87 64191012X6 5171961743204999999999999991129 542346 5899999999999999
 59 73101138173197203191162125 89 63 55 65 92129166195207199172134 94 63191013X6 55020418 6208999999999999991158 55999999999999999999999
 48 54 79116156189207204183148109 77 60 61 81115154187207207186149106 68191014X6 623208182920999999999999999 013 481225 5899999999999999
 44 41 57 91133173201210198169131 96 71 64 76103140176202209196164122 80191015X6 655210185220999999999999999 041 391253 6499999999999999
 48 34 41 68107149185205205185153117 88 73 76 95127162191206202178140 97191016X6 729208191620799999999999999 110 341321 7299999999999999
 59 36 33 49 81122162191202194170139108 87 82 93117148178198201186156116191017X6 8 4202194220299999999999999 141 311350 8299999999999999
 77 47 33 38 61 95134168189193181157129106 94 96111136163184195189168135191018X6 843194201019599999999999999 214 331421 9399999999999999
 98 66 44 38 48 73106140167181181168148127111106112128148168182184173151191019X6 929183204118599999999999999 252 38145810699999999999999
121 90 64 48 46 58 81109138159171170160146131122119125137152165173171160191020X61027172212217399999999999999 338 46154711999999999999999
140116 91 70 57 55 64 83106130149161164160151141133129131137146154160160191021X61153164223016199999999999999 441 55171212999999999999999
153139121100 81 67 61 65 78 97119140156165167161152141132127127132140148191022X61340167999999999999999999999 6 7 61192912799999999999999
154155148134114 93 74 61 59 68 87111137160174178173159142125113109114126191023X6 035155145617899999999999999 742 59205710999999999999999
142157165164151129102 76 57 50 58 79109142170188191181159133108 91 87 96191024X6 223166154519299999999999999 857 502149 8799999999999999
116142166182183168141106 73 50 42 53 79116155186203201182150114 83 66 65191025X6 335184162420499999999999999 955 422231 6399999999999999
 82113149181200200181147105 68 43 39 55 88131173203214203173131 89 56 42191026X6 43120217 0214999999999999991044 382311 4199999999999999
 49 76116160196215211186146101 63 42 43 66105151192217218196155106 62 32191027X6 5212161734220999999999999991127 392349 2499999999999999
 24 40 76124172208223214184140 96 62 47 56 85128172207222212180132 80 38191028X6 6 822318 72229999999999999912 8 47999999999999999999999
 15 16 40 83134181214223209175132 92 66 59 75108150190215219198157107 58191029X6 653223183922099999999999999 028 121247 5999999999999999
 22  8 17 48 94144187212215197163125 93 75 77 97131168199213206177133 85191030X6 738217191021499999999999999 1 6  71324 7499999999999999
 43 16 11 27 61106151186204202182152120 97 89 96119149179199203187155113191031X6 822205194120499999999999999 145 1014 2 8999999999999999
 71 38 20 22 42 761161531801911851671431201051031141351591811911861661351911 1X6 9 8191201319199999999999999 224 19144010299999999999999
 98 65 41 32 38 59 891221511701771701561381231151161271431611731771681481911 2X6 959177204717799999999999999 3 5 32152211499999999999999
121 92 68 51 47 55 73 981231451601641601501391291231251321431541611601521911 3X611 0164212816199999999999999 351 47161812399999999999999
136115 94 76 65 62 68 821011211391511571561511421341281271291351411461461911 4X61223157223614799999999999999 448 62175312699999999999999
141131117102 88 78 73 76 861001171341481561581551471361271211191211271331911 5X61352158999999999999999999999 6 6 73195411999999999999999
138139135125112 98 86 79 78 85 981151341511611651601481331181081041071151911 6X6 041139145316599999999999999 736 7721 410499999999999999
127138144144136122105 89 78 76 82 97118140159171171162144122103 90 87 941911 7X6 227145153417299999999999999 849 752147 8799999999999999
109128145155155145128106 86 74 72 82101127153172180175157131104 82 71 731911 8X6 33215716 618099999999999999 940 712220 7099999999999999
 88111137158169166151127101 80 69 71 87112142169185186171144111 80 60 541911 9X6 4191691634187999999999999991021 682249 5499999999999999
 65 90121152173181172150121 93 73 66 75 98129161185194185159123 85 55 40191110X6 45818117 0194999999999999991055 662318 3999999999999999
 44 65 99136169187189172144111 84 68 69 86115150180197195174139 96 58 33191111X6 5341901726198999999999999991127 662347 2799999999999999
 27 42 73114154184197190166133100 77 69 78103136170194201188156113 69 34191112X6 6 81971751201999999999999991158 69999999999999999999999
 17 22 47 87132171195200185156121 92 75 75 93122157186202197173133 86 45191113X6 643201181820399999999999999 017 171229 7399999999999999
 17 10 25 59103148183200196175143111 87 79 87110142173195200186153108 63191114X6 719201184620199999999999999 048 1013 0 7999999999999999
 27  9 12 35 74119160188197187163132105 89 88102127157183196192169131 88191115X6 757197191619799999999999999 122  71334 8699999999999999
 47 19  9 20 48 88130166187189176152125105 95100116141166184189178151114191116X6 839190195018999999999999999 159  91411 9599999999999999
 74 40 20 17 31 61 98136165180179166145124109104111126147166178177163136191117X6 927181202817999999999999999 240 16145410499999999999999
103 69 42 27 28 43 70103135159171170159143127115112117130145159166164151191118X61025172211816799999999999999 329 26155211299999999999999
129101 74 51 39 39 52 75103131152164166158146132121116117124135145153153191119X61138166223315499999999999999 429 37171811599999999999999
145129108 84 64 51 48 57 76100126148162167162151136122112107110118130141191120X61259167999999999999999999999 544 4819 610799999999999999
147147137120 99 77 61 54 58 74 97124148166173169156136116 99 90 90100116191121X6 02414814 917399999999999999 7 8 542028 8999999999999999
134149155151136113 88 68 56 58 72 97127155175182175156129101 78 66 68 82191122X6 2 815515 218299999999999999 824 552124 6599999999999999
106133156168167151125 96 70 56 57 74102136166187191178150115 80 54 42 48191123X6 324170154519199999999999999 926 552210 4299999999999999
 70103138167183181162132 98 71 57 60 81113150181198196174137 94 55 29 21191124X6 4241841624199999999999999991019 562252 2199999999999999
 34 65106148180195191168133 98 71 60 68 93129166194205194163118 71 31  8191125X6 51619617 02059999999999999911 5 602332  599999999999999
  8 29 67114159191203194166130 95 72 66 80109146181203205184145 96 48 12191126X6 6 32031735207999999999999991148 66999999999999999999999
 -4  3 32 76125169197204190160124 93 75 76 94126162191205198169125 75 30191127X6 648204181020599999999999999 011 -51228 7399999999999999
  1 -7  8 43 89137176198198180150117 92 82 88110142173195200184149104 57191128X6 731201184420199999999999999 050 -713 7 8199999999999999
 19 -2 -1 21 58103147179193188167139112 94 90101124153178192188166129 86191129X6 813193191819399999999999999 128 -41345 8999999999999999
 45 16  5 12 38 75116153177184175154130109 97 99112135159177182172147111191130X6 855184195218399999999999999 2 6  41423 9699999999999999
 74 41 21 17 30 56 911261541711721621431231081021061201391581691681551301912 1X6 937173202917099999999999999 244 1615 510299999999999999
 99 68 44 31 33 48 731031311531631621511361201091061111231381501571531391912 2X61023164211015799999999999999 324 30155410699999999999999
118 93 69 52 45 49 63 851101331491561541451331201111081111191301391431401912 3X6111715722 514399999999999999 4 9 4517 010899999999999999
129112 93 76 63 58 63 75 931141321461521511441331201101051051101181261311912 4X61221153232913299999999999999 5 2 58182910499999999999999
131125113 99 85 75 70 72 82 97115132146153152145133118105 96 93 961051151912 5X61328154999999999999999999999 610 701956 9399999999999999
124129127120109 95 84 77 77 85 99117135149157156147130111 93 81 77 82 931912 6X6 119129142415899999999999999 728 762057 7799999999999999
109124133136130118103 89 80 79 86102122142157164160145122 97 75 62 60 691912 7X6 24813615 816499999999999999 838 782140 5999999999999999
 88110130144148141125107 89 79 78 89107131153167170160137108 77 54 42 461912 8X6 350148154417199999999999999 933 772217 4299999999999999
 63 89118143158159148128105 87 77 79 94117144166177174154123 87 54 31 251912 9X6 4371601617178999999999999991018 762250 2599999999999999
 37 63 97132159171168151126101 82 76 83104131159179184171142103 62 29 12191210X6 5181721648184999999999999991058 762324 1099999999999999
 14 35 70111148174182172149120 94 78 77 91117147174188185162125 80 38  8191211X6 5561821720189999999999999991134 762358 -299999999999999
 -2 10 40 83127164185186170142112 88 77 83103132163186193180148104 57 17191212X6 6341881752193999999999999991210 77999999999999999999999
 -6 -8 13 51 98143176191186164133104 84 80 91116146175192191170131 84 37191213X6 713191182719499999999999999 034-101247 7999999999999999
  2-13 -6 21 64112155183191180155124 98 84 85101128157181192183156114 67191214X6 75419119 519299999999999999 112-141326 8399999999999999
 25 -4-12  1 34 78124162183186171145117 96 86 92110136162181186172142100191215X6 837187194518699999999999999 153-1214 8 8699999999999999
 57 20 -2 -4 14 48 90132164180178161137113 96 90 97115139161175175159129191216X6 923181203117799999999999999 236 -61456 9099999999999999
 92 53 23  7  9 28 61 99136162174170154132111 96 92 99114134153163162148191217X61013174212516599999999999999 324  61553 9299999999999999
122 90 58 33 21 24 43 72106137159168164149129110 96 91 95107123139150150191218X611 9168223415199999999999999 417 2017 3 9199999999999999
140120 94 68 47 37 40 55 81110137156164161147128108 92 84 84 93108124136191219X61210165999999999999999999999 518 361827 8399999999999999
142138124104 82 63 53 53 66 87113138156164161148127104 84 71 68 75 90109191220X6 0 5142131316599999999999999 627 521948 6899999999999999
127139141134118 98 79 66 64 73 91116141159168164148124 96 71 54 49 56 74191221X6 146142141216899999999999999 742 632055 4899999999999999
 98122141150146132111 90 75 70 78 96121146166174167147117 83 53 34 29 39191222X6 31315015 417499999999999999 854 702150 2899999999999999
 62 93124149161159144121 97 80 74 82101128155174179168142106 67 34 14 12191223X6 420162155118099999999999999 956 742238 1199999999999999
 27 57 95132160173169151124 99 81 76 86109138165182183166133 90 48 15 -2191224X6 5151731634185999999999999991049 762321 -399999999999999
  1 24 60104143171182174151122 96 79 78 92118149175188183158119 73 30  0191225X6 6 31821714188999999999999991135 77999999999999999999999
-11 -1 28 70116156180185172146116 91 78 82101129160182190177146102 55 15191226X6 646186175319099999999999999 0 1-111217 7899999999999999
 -9-13  5 40 86131166184183164136107 86 79 88111141169186186166129 84 39191227X6 725186183018899999999999999 040-141255 7999999999999999
  5-11 -6 18 58103144173183174152123 97 82 81 96121150174184176150111 67191228X6 8 118319 518499999999999999 117-121332 8099999999999999
 28  2 -5  7 37 78120155175176162138111 90 81 86105130156174177162133 94191229X6 836178194117899999999999999 152 -614 7 8199999999999999
 54 22  5  7 26 58 97134160171166148124101 86 82 92112136157168165146115191230X6 910171201716999999999999999 226  41444 8299999999999999
 79 46 23 15 23 46 77112141160163154135114 95 85 86 98117137152157149129191231X6 946164205415799999999999999 3 1 151524 8499999999999999
