 14 12  9  6  3  2  1  3  5  8 10 12 12 12 11 11 10 10 10 11 14 16 17 1819 1 1XM12 5 122243 1899999999999999 534  117 2 1099999999999999
 17 14 11  7  4  1 -1 -1  1  4  7 10 12 13 13 13 13 12 12 12 14 16 18 1919 1 2XM1351 132318 1999999999999999 632 -11746 1299999999999999
 19 17 14 10  6  2 -1 -3 -3  0  3  7 11 13 14 14 14 14 14 14 14 16 18 2019 1 3XM1451 142356 2199999999999999 719 -31822 1499999999999999
 21 20 17 13  8  4  0 -3 -4 -3  0  4  9 12 14 15 15 15 14 14 15 16 18 2019 1 4XM1524 15999999999999999999999 8 1 -41845 1499999999999999
 22 22 20 17 12  7  2 -2 -4 -5 -3  1  6 10 14 15 16 15 15 15 15 15 17 1919 1 5XM 034 221550 1699999999999999 839 -519 5 1599999999999999
 22 23 22 20 16 10  5  0 -3 -5 -4 -1  3  8 12 15 16 16 15 14 14 15 16 1819 1 6XM 113 231616 1699999999999999 915 -51933 1499999999999999
 21 23 23 22 19 14  8  2 -2 -4 -5 -4  0  5 10 13 15 15 15 14 13 14 14 1619 1 7XM 151 231643 1599999999999999 949 -520 5 1399999999999999
 18 21 23 23 21 17 11  5  0 -3 -5 -5 -2  2  7 11 14 15 14 13 12 12 13 1419 1 8XM 228 231712 15999999999999991023 -52039 1299999999999999
 16 19 21 22 21 18 14  8  3 -1 -4 -5 -4  0  4  8 11 13 13 13 11 11 11 1219 1 9XM 3 3 221741 13999999999999991056 -52117 1199999999999999
 13 16 18 20 20 18 15 10  5  1 -3 -4 -4 -2  1  6  9 11 12 12 11 10 10 1019 110XM 337 201811 12999999999999991128 -522 2 1099999999999999
 11 12 15 17 18 17 15 11  7  3 -1 -3 -4 -3  0  3  7  9 11 11 10  9  9  819 111XM 412 181841 11999999999999991159 -423 5  899999999999999
  9  9 11 13 14 15 14 12  8  4  1 -1 -3 -2 -1  2  5  8 10 11 10  9  8  719 112XM 449 151911 11999999999999991228 -3999999999999999999999
  7  7  8  9 11 12 12 11  9  6  3  1 -1 -1 -1  1  4  7  9 10 10 10  8  719 113XM 536 121942 1099999999999999 028  71257 -199999999999999
  6  5  5  5  7  8  9  9  8  7  5  3  2  1  1  2  4  6  8 10 11 11  9  819 114XM 643  92013 1199999999999999 154  51325  199999999999999
  6  4  3  3  3  4  5  6  7  7  6  5  4  3  3  3  4  6  8 10 12 12 11  919 115XM 824  72048 1299999999999999 318  31356  399999999999999
  7  5  3  1  0  0  1  3  4  6  7  7  6  6  6  6  6  7  8 10 12 13 13 1219 116XM1039  72129 1399999999999999 432  01438  699999999999999
 10  6  3  0 -2 -3 -3 -2  1  3  6  8  8  8  8  8  8  8  9 10 12 14 15 1519 117XM1241  82215 1699999999999999 532 -31553  899999999999999
 13 10  6  2 -2 -5 -7 -6 -4 -1  3  7  9 10 11 10 10 10 10 11 12 15 17 1819 118XM1350 1123 6 1899999999999999 624 -71714 1099999999999999
 17 14 10  5  0 -5 -8-10 -9 -6 -2  3  8 11 12 12 12 11 10 11 12 14 17 1919 119XM1434 12999999999999999999999 715-101816 1099999999999999
 20 19 16 11  4 -2 -7-11-12-11 -7 -2  4  9 12 13 13 12 11 10 11 12 15 1819 120XM 0 0 201513 1399999999999999 8 6-121910 1099999999999999
 21 22 21 17 11  3 -4 -9-13-14-13 -8 -1  5 10 13 13 12 11 10  9 10 11 1519 121XM 056 221550 1399999999999999 857-1420 3  999999999999999
 19 22 23 22 17 10  2 -5-11-14-15-13 -7  0  6 11 13 13 11  9  8  8  8 1019 122XM 152 231627 1399999999999999 948-1521 1  899999999999999
 14 19 23 23 21 16  9  1 -6-11-15-15-12 -6  1  7 11 12 11  9  7  6  6  619 123XM 247 2317 5 12999999999999991036-1522 2  699999999999999
  9 13 18 21 22 19 14  7  0 -6-11-14-13 -9 -3  3  8 11 11  9  7  5  4  319 124XM 343 221742 11999999999999991124-1423 5  399999999999999
  4  7 11 16 18 19 16 12  5 -1 -6 -9-11-10 -6 -1  4  8 10 10  8  5  3  219 125XM 439 191820 109999999999999912 9-11999999999999999999999
  1  2  4  8 12 14 15 13  9  4 -1 -4 -7 -8 -6 -2  2  6  9 10  9  7  4  219 126XM 539 151858 1099999999999999 0 9  11252 -899999999999999
  0 -1 -1  2  5  8 10 10  9  6  3  0 -2 -3 -3 -2  1  5  8  9 10  8  6  319 127XM 645 101937 1099999999999999 116 -11333 -499999999999999
  1 -1 -3 -3 -1  1  4  6  6  6  5  3  2  1  0  1  2  4  7  9 10 10  8  619 128XM 8 9  62017 1099999999999999 230 -31411  099999999999999
  3  0 -2 -4 -5 -4 -2  0  2  4  4  4  4  4  4  4  4  5  7  9 10 11 10  819 129XM1040  421 1 1199999999999999 355 -51440  499999999999999
  6  3  0 -3 -5 -7 -6 -5 -2  0  2  4  5  6  6  6  6  7  8  9 10 11 12 1119 130XM2148 12999999999999999999999 517 -7999999999999999999999
  9  6  3 -1 -4 -7 -8 -8 -6 -3  0  3  5  6  7  8  8  8  8  9 10 11 13 1319 131XM2239 13999999999999999999999 620 -8999999999999999999999
 12  9  6  2 -2 -5 -8 -9 -8 -6 -3  1  4  6  8  9  9  9  9  9 10 11 13 1419 2 1XM2329 14999999999999999999999 710 -9999999999999999999999
 14 12  9  6  1 -3 -7 -9-10 -8 -5 -1  3  6  8  9  9  9  9  9  9 10 12 1419 2 2XM9999999999999999999999999999 751-10999999999999999999999
 15 15 13  9  5  0 -5 -8-10-10 -8 -4  1  5  7  9  9  9  8  8  8  9 11 1319 2 3XM 016 151544  999999999999999 827-101848  899999999999999
 15 16 15 12  8  3 -2 -7 -9-10 -9 -6 -2  3  6  8  9  8  7  7  7  7  9 1119 2 4XM 1 0 161555  999999999999999 9 1-101925  799999999999999
 14 16 16 15 11  6  1 -5 -8-10-10 -8 -4  1  5  7  8  8  7  6  5  5  6  919 2 5XM 141 161611  999999999999999 933-1120 4  599999999999999
 11 14 16 15 13  9  3 -2 -7-10-11-10 -6 -2  3  6  8  8  6  5  4  3  4  619 2 6XM 220 161631  89999999999999910 3-112047  399999999999999
  8 11 14 15 14 11  6  0 -5 -8-10-10 -8 -4  1  4  7  7  6  4  3  2  2  319 2 7XM 256 151652  7999999999999991032-112133  299999999999999
  5  8 11 13 13 11  7  2 -3 -7 -9-10 -9 -6 -1  3  5  7  6  5  2  1  0  019 2 8XM 332 131714  79999999999999911 0-102224  099999999999999
  1  4  7 10 11 10  8  4 -1 -5 -7 -9 -9 -7 -3  1  4  6  6  5  3  1 -1 -119 2 9XM 4 8 111736  6999999999999991126 -92318 -199999999999999
 -1  0  3  6  8  8  7  5  1 -3 -5 -7 -7 -6 -3  0  3  6  6  6  4  1 -1 -219 210XM 449  81759  6999999999999991149 -7999999999999999999999
 -3 -3 -1  2  4  5  6  4  2 -1 -3 -5 -5 -5 -3  0  3  5  6  6  5  2  0 -219 211XM 538  61825  799999999999999 014 -312 8 -599999999999999
 -4 -4 -4 -3  0  2  3  3  2  1 -1 -2 -3 -3 -2  0  3  5  7  7  6  4  2 -119 212XM 645  31855  799999999999999 115 -41219 -399999999999999
 -3 -5 -6 -6 -5 -3 -1  1  1  1  1  0  0  0  0  1  3  5  7  8  8  7  4  119 213XM 824  21934  899999999999999 224 -61215  099999999999999
 -2 -4 -6 -8 -8 -7 -5 -3 -1  1  2  2  2  2  3  3  4  5  7  8  9  9  8  519 214XM2026  9999999999999999999999 344 -8999999999999999999999
  2 -2 -5 -8-10-10-10 -8 -5 -2  1  3  4  4  5  5  5  6  7  8 10 11 11  919 215XM2131 11999999999999999999999 5 0-10999999999999999999999
  6  3 -2 -6 -9-12-13-12-10 -6 -2  2  4  6  6  6  6  6  6  7  9 11 13 1319 216XM2241 13999999999999999999999 6 5-13999999999999999999999
 11  8  4 -2 -7-11-14-15-14-11 -6 -1  3  6  7  7  6  6  5  6  7  9 12 1419 217XM1435  72349 1599999999999999 7 2-1518 5  599999999999999
 15 13 10  4 -2 -8-13-16-17-16-12 -6  0  4  7  8  7  6  4  4  4  6  9 1319 218XM1456  8999999999999999999999 756-1719 6  499999999999999
 16 17 15 11  5 -2 -9-14-18-18-16-11 -4  2  6  8  7  6  4  2  2  2  4  819 219XM 052 171523  899999999999999 847-1920 5  299999999999999
 13 17 18 16 11  4 -3-10-15-18-18-15 -9 -2  3  7  8  6  4  1 -1 -1  0  219 220XM 151 181552  899999999999999 935-1921 5 -199999999999999
  8 13 17 18 15 10  3 -4-10-15-17-17-12 -6  0  5  7  7  5  1 -2 -3 -4 -319 221XM 249 181623  8999999999999991020-1722 3 -499999999999999
  1  6 12 15 16 13  8  2 -5-10-13-15-13 -9 -2  3  6  8  6  3 -1 -4 -6 -719 222XM 346 161655  89999999999999911 2-152259 -799999999999999
 -5 -1  4  9 12 13 10  6  0 -5 -8-11-11 -9 -4  1  5  7  7  5  1 -3 -5 -819 223XM 442 131727  8999999999999991141-112355 -899999999999999
 -8 -7 -3  2  6  8  9  7  3 -1 -4 -6 -7 -7 -4  0  4  7  8  6  3  0 -4 -719 224XM 541  918 0  8999999999999991217 -7999999999999999999999
 -9-10 -8 -5 -1  2  4  5  4  2  0 -2 -3 -3 -2  0  3  6  7  7  6  3 -1 -419 225XM 648  51833  899999999999999 053-101247 -399999999999999
 -7 -9-10 -9 -7 -4 -1  1  2  2  1  1  0  0  1  2  3  5  7  8  7  5  2 -119 226XM 821  219 7  899999999999999 159-101257  099999999999999
 -4 -7 -9-10-10 -8 -6 -4 -2  0  1  2  2  3  3  4  4  5  6  7  8  7  5  319 227XM1949  8999999999999999999999 318-10999999999999999999999
  0 -3 -6 -9-10-11-10 -8 -5 -3  0  1  3  4  5  5  5  6  6  7  7  8  7  519 228XM2046  8999999999999999999999 445-11999999999999999999999
  3  0 -3 -6 -9-11-11-10 -8 -5 -2  0  3  4  5  6  6  6  6  6  7  8  8  819 3 1XM2159  8999999999999999999999 555-11999999999999999999999
  6  4  1 -3 -6 -9-11-11-10 -8 -4 -1  2  4  5  6  6  6  6  6  6  7  8  919 3 2XM23 7  9999999999999999999999 647-11999999999999999999999
  8  7  4  0 -3 -7-10-11-11-10 -6 -3  1  3  5  6  5  5  5  4  5  6  7  919 3 3XM1510  6999999999999999999999 729-121847  499999999999999
 10  9  7  4  0 -5 -8-11-12-11 -8 -4  0  3  5  5  5  4  3  3  3  4  6  819 3 4XM 0 3 1015 5  599999999999999 8 4-121913  399999999999999
 10 10  9  7  3 -2 -6-10-12-12-10 -6 -2  2  4  5  5  3  2  1  1  2  3  619 3 5XM 051 101512  599999999999999 836-121945  199999999999999
  9 11 11  9  6  1 -4 -8-11-12-11 -8 -4  1  4  5  5  3  1  0 -1 -1  0  319 3 6XM 134 111525  599999999999999 9 6-122023 -199999999999999
  6  9 11 10  8  4 -1 -6 -9-11-12 -9 -5 -1  3  5  5  4  1 -1 -3 -3 -3 -119 3 7XM 214 111540  599999999999999 934-1221 4 -399999999999999
  3  7  9 10  9  6  1 -4 -8-10-11-10 -7 -2  2  5  5  4  2 -1 -3 -5 -5 -419 3 8XM 253 101557  59999999999999910 1-112146 -599999999999999
 -1  3  7  9  9  7  3 -1 -5 -8-10-10 -7 -3  1  4  6  5  3  0 -4 -6 -7 -719 3 9XM 332  91616  6999999999999991027-102229 -799999999999999
 -5 -1  3  6  7  7  4  1 -3 -6 -8 -8 -7 -4  0  4  6  6  4  1 -3 -6 -7 -819 310XM 413  71636  6999999999999991052 -82312 -899999999999999
 -8 -5 -2  2  5  5  4  2 -1 -4 -5 -6 -6 -4  0  3  6  6  6  3 -1 -4 -7 -919 311XM 459  51657  6999999999999991113 -62358-1099999999999999
-10 -9 -6 -2  1  3  3  3  1 -2 -3 -4 -3 -2  0  3  6  7  7  5  2 -2 -6 -819 312XM 554  31722  7999999999999991125 -4999999999999999999999
-10-10 -9 -7 -4 -1  1  2  1  0 -1 -1 -1  0  1  3  5  7  7  7  4  1 -3 -619 313XM 7 6  21753  899999999999999 049-101114 -199999999999999
 -9-11-11-10 -8 -5 -3 -1  1  1  1  1  1  2  2  4  5  7  8  8  7  4  1 -319 314XM1835  8999999999999999999999 150-11999999999999999999999
 -6 -9-11-12-11-10 -7 -4 -2  0  1  2  3  3  4  4  5  6  7  8  8  7  5  219 315XM1938  8999999999999999999999 3 7-12999999999999999999999
 -2 -6 -9-12-13-13-12 -9 -6 -2  1  3  4  4  5  5  5  5  6  7  9  9  9  719 316XM21 4  9999999999999999999999 431-13999999999999999999999
  3 -1 -5 -9-12-14-15-13-10 -6 -2  2  4  5  5  5  5  4  4  5  7  9 10 1019 317XM1358  52230 1199999999999999 544-151715  499999999999999
  9  5  1 -4 -9-13-15-16-14-10 -5 -1  3  5  6  5  4  3  2  2  4  6  9 1219 318XM1357  62345 1299999999999999 645-161821  299999999999999
 12 11  7  2 -4 -9-14-16-17-14 -9 -4  1  5  6  6  4  2  0 -1  0  2  5 1019 319XM1415  6999999999999999999999 739-171918 -199999999999999
 13 14 12  8  2 -4 -9-14-16-16-13 -7 -1  4  6  7  5  2 -1 -3 -4 -3  0  419 320XM 052 141438  799999999999999 828-162012 -499999999999999
 10 13 14 13  8  2 -4 -9-13-15-14-10 -4  2  6  7  6  3 -1 -4 -6 -7 -6 -219 321XM 154 1415 5  799999999999999 913-1521 5 -799999999999999
  3  9 13 14 12  8  2 -4 -8-11-13-11 -6  0  5  8  8  6  1 -3 -7 -9-10 -819 322XM 253 141534  899999999999999 954-132157-1099999999999999
 -4  2  8 11 12 11  6  1 -3 -7 -9 -9 -6 -1  4  8  9  8  4 -1 -5 -9-11-1219 323XM 351 1216 4  9999999999999991033 -92247-1299999999999999
-10 -5  1  6  9 10  8  5  1 -2 -4 -6 -5 -1  3  7  9  9  7  3 -2 -7-10-1219 324XM 448 101634 109999999999999911 8 -62337-1399999999999999
-13-10 -6  0  4  7  7  6  3  1  0 -2 -2  0  3  6  9 10  9  6  1 -3 -7-1119 325XM 547  717 3 10999999999999991138 -2999999999999999999999
-13-12-10 -6 -2  2  4  5  4  3  2  2  1  2  4  6  8 10 10  8  5  0 -4 -719 326XM 657  51731 1099999999999999 028-131157  199999999999999
-10-12-12-10 -7 -3  0  2  3  3  3  4  4  4  5  6  8  9  9  9  7  4  0 -319 327XM1758  9999999999999999999999 125-12999999999999999999999
 -6 -9-10-10 -9 -7 -4 -2  1  2  3  4  5  6  6  7  7  8  8  8  8  6  3  019 328XM1828  8999999999999999999999 233-11999999999999999999999
 -3 -5 -8 -9-10 -9 -7 -5 -2  0  3  4  6  6  7  7  7  7  7  8  7  7  6  419 329XM1921  8999999999999999999999 355-10999999999999999999999
  1 -2 -4 -7 -8 -9 -9 -7 -5 -2  1  3  5  6  7  7  7  7  6  6  7  7  7  619 330XM1447  72111  799999999999999 510 -91813  699999999999999
  4  2 -1 -4 -6 -8 -9 -8 -7 -4  0  2  5  6  7  6  6  5  5  5  5  6  7  719 331XM1420  72242  799999999999999 6 6 -91838  599999999999999
  6  5  2 -1 -4 -7 -8 -9 -8 -5 -2  1  4  6  6  6  5  4  3  3  4  5  6  819 4 1XM14 6  62348  899999999999999 649 -91857  399999999999999
  8  7  5  2 -1 -5 -7 -8 -8 -6 -3  0  3  5  6  6  4  3  2  1  1  2  5  719 4 2XM14 6  6999999999999999999999 725 -91920  199999999999999
  8  9  8  5  2 -2 -5 -7 -8 -7 -4 -1  3  5  7  6  4  2  0 -1 -1  0  2  519 4 3XM 041  91413  799999999999999 757 -81949 -199999999999999
  8  9  9  7  4  0 -3 -6 -7 -7 -5 -1  3  6  7  7  5  2  0 -2 -3 -3 -1  219 4 4XM 128  91425  799999999999999 826 -82023 -499999999999999
  6  8 10  9  7  3 -1 -4 -6 -7 -5 -2  2  6  8  8  6  3  0 -3 -5 -6 -5 -219 4 5XM 211 101439  899999999999999 855 -721 0 -699999999999999
  2  6  9 10  9  6  2 -1 -4 -5 -5 -3  1  5  8  9  8  5  1 -3 -6 -7 -8 -619 4 6XM 254 101457  999999999999999 923 -52138 -899999999999999
 -2  3  7  9  9  8  4  1 -1 -3 -3 -2  1  5  9 10 10  7  3 -2 -5 -8 -9 -919 4 7XM 338  91517 1099999999999999 950 -32217 -999999999999999
 -6 -1  4  7  9  9  7  4  1 -1 -1 -1  1  5  8 11 11  9  6  1 -4 -7-10-1119 4 8XM 424  91539 11999999999999991016 -12258-1199999999999999
 -9 -6 -1  4  7  8  7  6  3  2  1  1  2  5  8 11 12 11  8  4 -1 -6 -9-1119 4 9XM 515  816 5 12999999999999991037  12342-1199999999999999
-11 -9 -6 -1  3  6  7  6  5  4  3  3  4  5  8 10 12 12 11  7  2 -2 -6 -919 410XM 615  71635 12999999999999991042  3999999999999999999999
-11-11 -9 -6 -2  2  4  6  6  5  5  5  6  6  8 10 12 12 12 10  6  2 -3 -619 411XM 735  61711 1299999999999999 032-1210 8  599999999999999
 -9-11-11 -9 -6 -3  1  3  5  6  6  7  7  7  8  9 10 12 12 11  9  6  2 -219 412XM18 2 12999999999999999999999 131-11999999999999999999999
 -6 -9-11-11-10 -7 -4  0  3  5  6  7  8  8  8  8  9 10 11 11 11 10  7  319 413XM1919 11999999999999999999999 244-11999999999999999999999
 -1 -5 -8-10-11-10 -8 -5 -1  3  6  7  8  8  8  8  7  8  8 10 11 11 10  819 414XM13 1  82057 1199999999999999 4 6-111618  799999999999999
  5  1 -3 -7 -9-11-10 -8 -4  0  4  7  8  9  8  7  6  5  5  6  8 10 12 1219 415XM1249  92228 1299999999999999 518-111733  599999999999999
 10  7  3 -2 -6 -9-10-10 -7 -3  2  6  8  9  8  7  5  3  2  2  4  7 10 1219 416XM13 0  92347 1399999999999999 619-101828  299999999999999
 13 12  8  4 -1 -5 -8 -9 -8 -5  0  5  8 10 10  8  5  2  0 -1 -1  1  5 1019 417XM1320 10999999999999999999999 712 -91919 -299999999999999
 13 14 13 10  5  0 -4 -6 -7 -6 -2  3  8 11 11 10  6  2 -1 -4 -5 -4 -1  519 418XM 057 141345 1199999999999999 759 -720 9 -599999999999999
 10 13 15 13 10  6  1 -2 -4 -5 -2  2  7 11 13 12  9  4  0 -4 -7 -8 -6 -219 419XM 2 1 151413 1399999999999999 842 -52057 -899999999999999
  4 10 13 15 13 10  6  3  0 -1 -1  2  7 11 14 15 13  8  2 -3 -7 -9-10 -719 420XM 3 0 151442 1599999999999999 921 -22144-1099999999999999
 -2  4  9 13 14 13 10  7  4  2  2  3  6 11 14 16 15 12  7  1 -4 -8-11-1119 421XM 357 141512 1699999999999999 957  22230-1199999999999999
 -7 -2  4  9 12 13 12  9  7  6  5  5  7 10 14 16 17 15 11  5 -1 -5 -9-1119 422XM 454 131542 17999999999999991029  52316-1199999999999999
-10 -6 -1  4  8 11 12 11 10  9  8  8  8 10 13 16 17 16 14  9  4 -1 -5 -819 423XM 554 121611 17999999999999991053  8999999999999999999999
-10 -8 -5 -1  4  7 10 10 10 10 10 10 10 11 13 15 16 16 15 12  8  3 -1 -519 424XM 710 111638 1699999999999999 0 2-101028 1099999999999999
 -7 -8 -7 -4  0  3  7  9 10 10 11 11 11 12 13 14 15 15 15 13 10  7  3 -119 425XM17 2 15999999999999999999999 051 -8999999999999999999999
 -4 -5 -6 -5 -3  0  3  6  8 10 11 11 12 12 13 13 14 14 14 13 11  9  6  319 426XM1723 14999999999999999999999 147 -6999999999999999999999
  0 -2 -4 -4 -3 -2  1  3  6  8 10 11 12 12 12 12 12 12 12 12 12 10  8  619 427XM16 6 12999999999999999999999 254 -4999999999999999999999
  4  1 -1 -2 -3 -3 -1  1  4  7  9 10 11 12 12 11 11 11 10 11 11 11 10  819 428XM1322 12999999999999999999999 4 4 -3999999999999999999999
  6  4  2  0 -2 -2 -2  0  3  5  8 10 11 11 11 10 10  9  8  9  9 10 10 1019 429XM1257 1122 6 1099999999999999 5 3 -21813  899999999999999
  9  7  5  2  0 -1 -1  0  2  4  7 10 11 11 11 10  8  7  6  6  7  8 10 1119 430XM1251 112326 1199999999999999 549 -11834  699999999999999
 11 10  8  5  3  1  0  0  1  4  7 10 11 12 11 10  8  6  4  4  4  6  8 1019 5 1XM1255 12999999999999999999999 627  019 0  499999999999999
 12 11 10  8  5  3  1  1  1  4  7 10 12 13 12 10  8  5  3  2  2  3  6  919 5 2XM 028 1213 3 1399999999999999 7 1  11931  199999999999999
 11 13 12 11  8  6  4  2  2  4  7 10 13 14 14 12  9  5  2  0 -1  0  2  619 5 3XM 121 131317 1599999999999999 733  220 4 -199999999999999
 10 13 14 13 11  9  6  5  4  4  7 10 14 16 16 14 11  7  2 -1 -3 -3 -1  319 5 4XM 2 9 141336 1699999999999999 8 5  42041 -399999999999999
  7 12 14 15 14 12  9  7  6  6  7 10 14 17 18 17 14  9  4  0 -3 -5 -5 -119 5 5XM 256 151358 1899999999999999 836  62119 -599999999999999
  4  9 13 15 15 14 12 10  8  8  8 11 14 18 20 19 17 13  7  2 -3 -5 -7 -519 5 6XM 343 161425 2099999999999999 9 7  822 0 -799999999999999
 -1  4 10 13 16 16 14 12 11 10 10 11 14 17 20 21 20 16 11  5  0 -4 -7 -719 5 7XM 432 161456 2199999999999999 935 102243 -799999999999999
 -5  0  5 10 14 15 15 14 13 12 12 12 14 17 20 21 21 19 15 10  4 -1 -5 -719 5 8XM 527 161531 2299999999999999 959 122330 -899999999999999
 -7 -5  0  5 10 13 15 15 14 14 13 14 14 16 18 21 22 21 19 14  8  3 -2 -519 5 9XM 630 151610 229999999999999910 3 13999999999999999999999
 -7 -7 -4  0  5  9 12 14 15 14 14 14 15 15 17 19 20 21 20 18 13  8  3 -119 510XM1659 21999999999999999999999 022 -7999999999999999999999
 -4 -6 -6 -3  0  5  9 12 14 14 15 15 15 15 15 16 18 19 20 19 17 13  9  419 511XM18 1 20999999999999999999999 121 -6999999999999999999999
  0 -3 -4 -4 -3  1  5  8 12 14 15 15 15 15 14 14 15 16 17 18 18 16 13 1019 512XM1123 151924 1899999999999999 229 -51443 1499999999999999
  6  2 -1 -3 -3 -2  1  5  9 12 14 15 15 14 13 12 12 12 13 15 16 17 16 1419 513XM1123 1521 0 1799999999999999 341 -31619 1299999999999999
 11  7  4  1 -1 -1  0  3  7 11 14 16 16 15 13 11 10  9  9 10 13 15 17 1719 514XM1139 162231 1799999999999999 447 -11725  999999999999999
 15 13  9  6  3  1  1  2  5 10 14 16 17 16 14 11  9  6  5  6  8 11 14 1719 515XM1159 172353 1899999999999999 545  11820  599999999999999
 18 17 14 11  8  5  4  4  5  9 13 17 19 18 16 13  9  6  3  2  3  6 10 1419 516XM1224 19999999999999999999999 635  41911  299999999999999
 17 18 18 16 13 10  8  7  7  9 13 17 20 21 19 16 11  7  3  0 -1  1  5 1019 517XM 1 6 181252 2199999999999999 720  71959 -199999999999999
 15 18 19 19 17 14 12 10 10 11 13 17 21 23 23 20 15 10  5  1 -2 -2  0  419 518XM 211 191322 2399999999999999 8 0 102045 -399999999999999
 10 15 19 20 19 17 15 14 13 13 14 17 21 24 25 24 20 14  8  3 -1 -3 -3  019 519XM 310 201354 2599999999999999 837 132129 -399999999999999
  5 11 16 19 21 20 18 17 16 15 16 18 21 24 26 26 24 19 13  7  2 -2 -3 -219 520XM 4 5 211427 2699999999999999 9 8 152213 -399999999999999
  1  7 12 17 20 21 20 19 18 17 17 18 21 24 26 27 26 23 18 12  6  2 -1 -319 521XM 459 2115 1 2799999999999999 930 172255 -399999999999999
 -1  3  8 13 17 20 20 20 19 19 19 19 20 23 25 26 27 25 21 16 10  5  2 -119 522XM 556 201533 2799999999999999 924 192337 -199999999999999
 -1  1  5 10 14 17 19 20 19 19 20 20 21 22 24 25 26 25 23 19 14 10  5  219 523XM16 4 269999999999999999999999999999999999999999999999999
  1  1  3  7 11 14 17 19 19 19 20 20 20 21 22 23 24 24 23 21 17 13  9  619 524XM1634 24999999999999999999999 021  1999999999999999999999
  4  3  3  5  8 11 14 17 18 19 19 20 20 20 21 22 22 22 22 21 19 16 12  919 525XM17 6 22999999999999999999999 1 7  3999999999999999999999
  7  5  4  5  7  9 12 15 17 18 19 19 20 20 20 20 20 20 20 20 19 17 15 1219 526XM1753 20999999999999999999999 157  4999999999999999999999
 10  8  6  6  7  8 11 13 16 17 19 19 19 19 18 18 18 18 18 18 18 18 16 1419 527XM1134 191923 1899999999999999 251  61626 1899999999999999
 12 10  9  8  8  8 10 12 15 17 19 19 19 19 18 17 16 15 15 16 17 17 17 1619 528XM1125 192119 1799999999999999 345  81717 1599999999999999
 15 13 11 10  9  9 10 12 15 17 19 20 20 19 17 16 14 13 13 13 15 16 17 1719 529XM1128 202255 1799999999999999 432  91753 1399999999999999
 17 16 14 13 11 11 11 12 15 17 20 21 21 20 18 16 13 11 10 10 12 14 16 1819 530XM1137 21999999999999999999999 514 111826 1099999999999999
 19 18 17 16 14 13 13 13 15 18 21 23 23 22 20 17 13 11  9  8  9 11 14 1719 531XM 010 191152 2399999999999999 551 1319 1  899999999999999
 19 20 20 19 17 15 15 15 16 18 21 24 25 25 23 19 15 11  8  6  6  7 11 1519 6 1XM 112 201213 2599999999999999 627 151938  699999999999999
 19 21 22 21 20 18 17 17 17 19 22 25 27 28 26 22 18 13  8  5  4  4  7 1219 6 2XM 2 6 221240 2899999999999999 7 3 172017  399999999999999
 17 21 23 24 23 21 20 19 19 20 22 25 28 30 29 26 22 16 10  6  3  2  3  719 6 3XM 256 241313 3099999999999999 738 192059  299999999999999
 13 18 22 24 25 24 22 21 21 21 22 25 28 31 32 30 26 21 14  9  4  1  1  319 6 4XM 345 251350 3299999999999999 812 212144  099999999999999
  8 14 19 23 25 25 24 23 22 22 23 24 27 31 33 33 31 26 20 13  7  3  0  019 6 5XM 435 251431 3399999999999999 845 222232  099999999999999
  3  8 14 20 23 25 25 24 23 23 23 24 26 29 32 33 33 30 25 19 12  6  2  019 6 6XM 529 251517 3499999999999999 919 232323  099999999999999
  1  4  9 15 20 23 25 25 24 23 23 23 24 26 29 32 33 32 29 24 18 12  7  319 6 7XM 628 2516 8 339999999999999910 3 23999999999999999999999
  1  2  5 10 15 19 23 24 24 24 23 23 23 24 26 28 30 31 31 28 23 17 12  819 6 8XM 733 2417 5 3199999999999999 016  11128 2399999999999999
  4  3  3  6 11 15 19 22 24 24 23 23 23 22 23 24 26 28 29 29 26 22 18 1319 6 9XM 839 241812 2999999999999999 113  313 4 2299999999999999
  9  7  5  6  8 12 16 20 23 24 24 23 22 21 20 20 21 23 25 27 27 25 22 1819 610XM 928 241932 2799999999999999 213  51435 2099999999999999
 15 12  9  8  9 11 14 18 21 24 24 24 23 21 19 18 17 18 20 22 24 25 24 2219 611XM10 3 2421 4 2599999999999999 313  81558 1799999999999999
 20 17 14 12 11 12 14 17 21 24 25 25 24 22 20 17 15 14 15 17 20 22 24 2419 612XM1034 262239 2499999999999999 411 1117 8 1499999999999999
 23 21 19 17 15 15 15 17 21 24 26 27 27 24 21 18 15 12 11 12 15 18 21 2419 613XM11 3 27999999999999999999999 5 4 1518 7 1199999999999999
 25 24 23 21 20 18 18 19 21 24 27 29 29 28 24 20 16 13 10  9 10 13 17 2119 614XM 0 9 251133 3099999999999999 550 1819 0  999999999999999
 24 26 26 25 23 22 21 21 22 25 28 31 32 31 28 24 19 15 11  8  8  9 13 1819 615XM 126 2612 6 3299999999999999 630 211947  799999999999999
 22 25 27 27 26 25 24 24 24 26 29 32 34 34 32 29 24 18 13  9  7  7 10 1419 616XM 230 271241 3499999999999999 7 2 242032  799999999999999
 19 24 27 28 28 27 26 26 26 27 29 32 34 36 35 33 28 23 17 12  9  7  7 1119 617XM 323 281318 3699999999999999 725 262115  799999999999999
 16 21 25 28 29 29 28 27 27 28 29 31 34 36 37 36 33 27 21 16 11  8  7  919 618XM 410 291356 3799999999999999 739 272156  799999999999999
 13 18 23 27 29 29 29 28 28 28 29 30 33 35 37 37 35 31 26 20 15 11  9  819 619XM 454 291434 3799999999999999 758 282236  899999999999999
 11 15 20 24 27 29 29 29 28 28 29 30 31 34 36 37 36 34 30 24 19 14 11  919 620XM 538 291511 3799999999999999 822 282315  999999999999999
 10 13 17 21 25 28 29 29 28 28 28 29 30 32 34 35 36 35 32 27 22 18 14 1119 621XM 625 291546 3699999999999999 849 282354 1199999999999999
 11 12 15 19 22 25 27 28 28 28 28 28 29 30 31 33 34 34 32 29 25 21 17 1419 622XM1621 349999999999999999999999999999999999999999999999999
 12 12 14 17 20 23 26 27 28 27 27 27 28 28 29 30 31 32 31 29 27 23 20 1719 623XM1659 32999999999999999999999 032 12999999999999999999999
 15 14 14 16 19 22 24 26 27 27 27 27 27 27 27 28 28 29 29 29 27 25 22 1919 624XM 852 271746 2999999999999999 110 141244 2799999999999999
 17 16 16 16 18 21 23 25 27 27 27 27 26 26 25 25 25 26 27 27 27 25 24 2219 625XM 920 271855 2799999999999999 148 161441 2599999999999999
 20 18 18 18 19 21 23 25 27 28 28 28 27 25 24 23 23 23 24 25 26 26 25 2419 626XM 940 282035 2699999999999999 227 1816 3 2399999999999999
 22 21 20 20 20 21 23 25 27 29 29 29 28 26 24 22 21 20 21 22 24 25 26 2519 627XM 959 292225 2699999999999999 3 8 2017 0 2099999999999999
 25 24 23 22 22 22 24 26 28 30 31 31 30 27 25 22 20 18 18 19 21 23 25 2719 628XM1021 312357 2799999999999999 351 221746 1899999999999999
 27 27 26 25 24 24 25 27 29 31 33 34 33 30 27 23 20 17 16 16 18 20 24 2719 629XM1048 34999999999999999999999 435 241828 1699999999999999
 28 29 29 28 27 27 27 28 30 32 35 36 36 34 30 26 21 17 15 13 14 17 21 2519 630XM 1 8 291121 3699999999999999 519 271911 1399999999999999
 28 30 31 31 30 29 29 29 30 32 35 38 39 38 35 30 25 19 15 12 11 13 16 2119 7 1XM 2 5 3112 0 3999999999999999 6 1 291956 1199999999999999
 26 30 32 33 32 31 30 30 31 32 35 38 41 41 39 35 30 24 18 13 10 10 12 1619 7 2XM 254 331244 4199999999999999 643 302044 1099999999999999
 22 27 31 33 34 33 32 31 31 32 34 37 41 43 43 41 36 29 22 16 11  9  9 1119 7 3XM 341 341332 4399999999999999 725 312134  899999999999999
 17 23 28 32 34 34 33 32 31 31 32 35 38 42 44 44 41 36 29 21 15 11  8  819 7 4XM 427 341423 4499999999999999 810 312225  899999999999999
 12 18 24 29 32 34 33 32 31 31 31 32 35 39 42 44 44 40 35 28 21 15 11  819 7 5XM 513 341516 4499999999999999 9 4 312316  899999999999999
  9 13 19 25 29 32 33 33 31 30 30 30 31 34 38 41 43 42 39 33 27 20 15 1219 7 6XM 559 331612 43999999999999991019 30999999999999999999999
 10 11 15 20 26 30 32 33 32 30 30 29 29 30 33 36 39 41 40 37 32 26 21 1719 7 7XM 645 331713 4199999999999999 0 7 101141 2999999999999999
 14 12 14 18 22 27 30 32 32 31 30 29 27 27 28 30 33 36 37 37 35 31 26 2219 7 8XM 731 321820 3799999999999999 058 121258 2799999999999999
 19 17 16 17 21 25 29 31 33 32 31 29 27 26 25 25 27 30 32 34 34 33 30 2719 7 9XM 814 331938 3499999999999999 149 161416 2599999999999999
 24 22 20 20 21 24 28 31 33 34 33 31 29 26 24 23 23 24 26 29 31 32 31 3019 710XM 856 342111 3299999999999999 240 201535 2299999999999999
 28 26 25 24 24 25 28 31 33 35 35 34 31 28 25 23 21 20 21 23 26 29 31 3119 711XM 935 3523 3 3199999999999999 330 241651 2099999999999999
 31 30 29 28 27 28 29 31 34 36 37 37 35 32 28 24 21 19 18 19 22 25 28 3019 712XM1014 37999999999999999999999 418 271756 1899999999999999
 32 32 32 31 31 30 31 32 34 37 39 39 38 35 32 27 23 20 17 17 18 21 25 2919 713XM 055 321053 3999999999999999 5 1 301850 1799999999999999
 31 33 34 33 33 33 33 33 35 37 39 41 41 39 36 32 27 22 19 17 16 18 22 2619 714XM 216 341133 4199999999999999 533 331938 1699999999999999
 30 33 34 35 35 34 34 34 35 37 39 42 43 42 40 36 31 26 21 18 16 17 19 2319 715XM 3 3 351215 4399999999999999 554 342022 1699999999999999
 28 32 34 36 36 35 35 35 36 37 39 41 44 44 43 40 36 30 25 20 17 16 17 2119 716XM 334 361258 4499999999999999 619 3521 3 1699999999999999
 25 30 34 36 36 36 35 35 35 36 38 40 43 45 45 43 40 35 29 24 20 17 17 1919 717XM 4 2 361339 4599999999999999 653 352141 1799999999999999
 23 28 32 35 36 36 36 35 35 35 37 38 41 44 45 45 43 38 33 27 22 19 17 1819 718XM 430 361419 4599999999999999 730 352218 1799999999999999
 21 25 30 33 35 36 36 35 34 34 35 37 39 42 44 45 44 41 36 30 25 21 19 1819 719XM 5 0 361457 4599999999999999 8 8 342253 1899999999999999
 20 23 27 31 34 35 36 35 34 33 34 35 36 39 41 43 43 42 38 33 28 24 21 1919 720XM 531 361534 4399999999999999 850 332326 1999999999999999
 19 22 25 29 32 34 35 35 34 33 33 33 34 36 38 40 41 41 39 35 31 26 23 2119 721XM 6 2 351610 4199999999999999 941 332357 2099999999999999
 20 21 24 27 31 33 34 35 34 33 32 32 32 33 35 37 38 39 38 36 32 29 25 2319 722XM 632 351649 39999999999999991055 32999999999999999999999
 22 22 24 27 30 32 34 35 34 33 32 31 31 31 32 33 35 36 36 35 33 30 28 2619 723XM 7 2 351736 3699999999999999 027 221222 3199999999999999
 24 24 25 26 29 32 34 35 35 34 33 31 30 30 30 30 32 33 34 34 33 32 30 2819 724XM 731 351840 3499999999999999 055 241339 3099999999999999
 27 26 26 27 29 32 34 35 36 35 34 32 31 29 28 28 28 29 31 32 32 32 31 3019 725XM 8 1 362011 3299999999999999 123 261455 2899999999999999
 29 29 29 29 30 32 34 36 37 37 36 34 32 30 28 26 26 26 27 29 31 32 32 3219 726XM 833 372212 3299999999999999 151 2916 6 2699999999999999
 32 31 31 31 32 33 35 37 38 39 39 37 35 32 29 26 24 24 24 26 28 31 33 3419 727XM 910 39999999999999999999999 225 3117 6 2499999999999999
 34 34 34 33 34 34 35 37 39 41 41 40 38 35 31 27 24 22 21 22 25 28 31 3419 728XM 0 8 34 953 4199999999999999 316 331759 2199999999999999
 35 36 36 36 35 35 36 37 40 42 44 44 42 39 35 30 26 22 20 19 20 24 28 3219 729XM 122 361042 4499999999999999 424 351850 1999999999999999
 35 37 38 38 37 37 37 37 39 42 44 46 46 44 41 35 30 24 20 17 17 19 23 2819 730XM 2 8 381135 4799999999999999 524 361941 1799999999999999
 33 37 39 39 38 37 37 37 38 40 43 46 49 49 46 41 35 29 23 18 16 16 18 2319 731XM 247 391229 4999999999999999 617 372032 1599999999999999
 29 34 38 39 39 38 37 36 37 38 41 44 48 50 50 47 42 35 28 21 17 14 15 1819 8 1XM 324 401325 5199999999999999 7 8 362124 1499999999999999
 24 30 35 39 40 39 37 36 35 36 37 40 45 49 51 51 48 42 34 27 21 16 14 1519 8 2XM 4 0 401421 5199999999999999 8 4 352214 1499999999999999
 19 26 32 36 39 39 38 36 34 34 34 36 39 44 49 51 50 47 41 33 26 21 17 1519 8 3XM 437 391518 5199999999999999 912 3423 2 1599999999999999
 17 22 28 33 37 39 38 36 34 33 32 32 34 38 43 47 49 48 45 39 32 27 22 1919 8 4XM 515 391616 49999999999999991028 322349 1899999999999999
 18 20 25 30 35 38 39 37 35 33 31 30 30 32 35 40 44 45 45 42 37 32 28 2419 8 5XM 553 391717 46999999999999991137 30999999999999999999999
 22 22 24 28 33 36 38 39 37 34 32 30 28 28 29 33 37 40 42 41 39 36 32 2919 8 6XM 632 391824 4299999999999999 034 211244 2899999999999999
 27 25 26 28 32 35 38 39 39 37 34 31 29 27 26 27 30 33 36 38 38 37 35 3319 8 7XM 712 391944 3899999999999999 118 251354 2699999999999999
 32 30 29 30 32 35 38 40 40 39 37 34 31 28 26 25 25 27 30 33 35 36 36 3619 8 8XM 754 402135 3699999999999999 2 2 291512 2599999999999999
 35 34 33 33 34 35 37 40 41 41 40 38 35 31 28 25 24 24 25 28 31 33 35 3619 8 9XM 840 41999999999999999999999 247 331633 2499999999999999
 37 37 36 36 36 37 38 40 41 43 43 41 39 35 32 28 25 23 23 24 27 30 33 3519 810XM 043 37 930 4399999999999999 337 361743 2399999999999999
 37 38 38 38 38 38 39 40 41 43 44 44 42 39 36 32 28 24 22 22 24 27 30 3419 811XM1023 449999999999999999999991840 22999999999999999999999
 37 38 39 39 39 39 39 40 41 43 45 46 45 43 40 36 31 27 24 22 22 24 28 3219 812XM1114 469999999999999999999991927 22999999999999999999999
 35 38 39 40 40 39 39 40 40 42 44 46 47 46 44 40 35 30 26 23 22 23 26 3019 813XM12 2 4799999999999999999999920 9 22999999999999999999999
 34 37 39 40 40 39 39 39 39 41 43 45 47 48 47 44 39 34 29 25 23 22 24 2819 814XM 314 401247 4899999999999999 618 392047 2299999999999999
 32 36 39 40 40 39 38 38 38 39 41 44 46 48 48 46 43 37 32 28 24 23 23 2619 815XM 328 401330 4899999999999999 653 382121 2399999999999999
 30 34 37 39 40 39 38 37 37 37 39 41 44 47 48 48 45 41 35 30 26 24 23 2419 816XM 348 401410 4899999999999999 732 372154 2399999999999999
 28 32 36 39 40 39 38 36 35 36 36 38 41 45 47 47 46 43 38 33 28 25 24 2419 817XM 410 401448 4899999999999999 815 352224 2499999999999999
 26 30 34 37 39 39 38 36 34 34 34 35 38 41 44 46 46 44 40 35 31 27 25 2419 818XM 433 391525 4699999999999999 9 4 342253 2499999999999999
 26 29 33 36 38 39 38 36 34 33 33 33 35 37 41 43 44 43 41 37 33 29 27 2619 819XM 455 3916 3 449999999999999910 1 332319 2699999999999999
 26 28 32 35 38 39 39 37 35 33 32 32 32 34 37 40 41 42 40 38 35 31 29 2819 820XM 518 391644 429999999999999911 1 322345 2799999999999999
 28 29 31 35 37 39 39 38 36 34 32 31 31 31 33 36 38 39 39 38 36 33 31 3019 821XM 542 391734 39999999999999991159 31999999999999999999999
 30 30 32 34 37 39 40 39 37 35 33 31 30 29 30 32 34 36 37 37 36 35 33 3219 822XM 6 7 401839 3799999999999999 0 7 301258 2999999999999999
 32 32 33 35 37 39 40 40 39 37 35 32 30 29 28 29 30 32 34 35 36 36 35 3519 823XM 638 402011 3699999999999999 025 3214 3 2899999999999999
 34 34 35 36 37 39 41 41 41 40 37 35 32 30 28 27 27 29 30 33 34 36 36 3619 824XM 717 41999999999999999999999 031 341517 2799999999999999
 36 36 37 37 38 39 41 42 43 42 41 38 35 32 29 27 25 25 27 29 32 34 36 3719 825XM 8 8 439999999999999999999991630 25999999999999999999999
 38 38 38 38 39 39 41 42 44 44 44 42 39 35 31 28 25 23 23 25 28 31 35 3719 826XM 911 449999999999999999999991735 23999999999999999999999
 39 39 40 39 39 39 40 41 43 45 46 46 44 40 36 31 27 23 21 21 23 27 31 3519 827XM1018 469999999999999999999991832 21999999999999999999999
 38 40 40 40 39 39 39 40 42 44 47 49 48 46 42 36 31 25 21 19 19 22 27 3219 828XM 156 401122 4999999999999999 524 391927 1999999999999999
 37 40 41 41 39 38 38 38 39 41 45 48 51 50 48 43 36 30 24 20 18 19 22 2819 829XM 220 411224 5199999999999999 619 382019 1899999999999999
 33 38 40 41 40 38 36 36 36 37 41 45 50 52 52 49 43 36 29 23 19 18 19 2319 830XM 248 411323 5299999999999999 714 3621 8 1899999999999999
 29 35 39 41 41 38 36 34 33 33 35 39 45 50 52 52 48 43 35 29 23 20 19 2119 831XM 319 411422 5299999999999999 816 332156 1999999999999999
 26 32 37 40 41 40 37 33 31 30 31 33 38 44 49 51 51 47 41 35 29 24 21 2119 9 1XM 351 411520 5199999999999999 922 302240 2199999999999999
 24 29 35 39 41 41 38 35 31 29 28 28 31 36 42 46 49 48 45 40 34 30 26 2419 9 2XM 424 411620 49999999999999991025 282323 2499999999999999
 24 28 33 37 41 42 40 37 33 30 28 26 26 29 34 39 43 45 45 42 38 34 31 2919 9 3XM 459 421721 45999999999999991125 26999999999999999999999
 28 29 32 36 40 42 42 40 36 32 29 27 25 25 28 32 36 40 42 42 40 37 35 3319 9 4XM 534 421830 4299999999999999 0 4 281225 2599999999999999
 32 32 33 36 39 41 42 42 39 36 32 29 26 24 24 26 30 33 36 38 39 38 37 3719 9 5XM 612 421957 3999999999999999 043 321330 2499999999999999
 36 35 35 37 39 41 42 43 42 39 36 33 30 27 25 24 25 28 31 34 36 37 38 3819 9 6XM 654 43999999999999999999999 123 351445 2499999999999999
 38 38 38 38 39 40 41 42 43 42 40 37 34 30 27 25 24 25 26 29 32 35 37 3819 9 7XM 745 439999999999999999999991610 24999999999999999999999
 39 40 40 40 40 40 41 42 43 43 42 40 38 34 31 28 25 24 24 26 29 32 35 3719 9 8XM 849 439999999999999999999991724 24999999999999999999999
 39 40 40 40 40 40 40 41 42 43 44 43 41 38 35 31 28 25 24 24 26 29 33 3619 9 9XM 217 40 959 4499999999999999 5 5 401822 2499999999999999
 38 40 40 40 40 39 39 40 41 42 44 44 44 42 39 35 31 28 25 24 25 27 31 3419 910XM 225 4011 2 4499999999999999 554 3919 8 2499999999999999
 37 39 40 40 39 39 38 38 39 41 43 45 45 44 42 38 34 30 27 25 24 26 29 3319 911XM 223 401155 4599999999999999 623 381947 2499999999999999
 36 38 40 40 39 38 37 37 37 39 41 44 45 46 44 41 37 33 29 26 24 25 27 3119 912XM 227 401242 4699999999999999 646 372021 2499999999999999
 35 38 39 39 38 37 36 35 35 36 38 42 44 46 46 44 40 35 31 28 25 25 26 2919 913XM 239 401324 4699999999999999 714 352052 2599999999999999
 33 37 39 39 39 37 35 33 33 34 35 39 42 45 46 45 42 38 33 29 27 25 25 2819 914XM 254 3914 4 4699999999999999 751 332121 2599999999999999
 32 36 38 39 39 37 34 32 31 31 32 35 39 42 45 45 44 40 36 31 28 26 26 2719 915XM 312 401443 4599999999999999 833 312148 2699999999999999
 31 35 38 39 39 38 35 32 30 29 30 31 35 39 42 44 43 41 38 34 30 28 27 2719 916XM 330 401522 4499999999999999 918 292214 2799999999999999
 30 34 37 39 40 39 36 33 30 28 28 28 31 35 39 41 42 41 39 35 32 30 29 2819 917XM 349 4016 3 429999999999999910 4 282239 2899999999999999
 30 33 37 39 40 40 37 34 31 28 27 27 28 31 35 38 40 40 39 37 34 32 31 3019 918XM 4 9 401648 40999999999999991049 2723 2 3099999999999999
 31 33 36 39 40 40 39 36 32 29 27 26 26 27 30 34 37 38 38 37 36 34 33 3219 919XM 431 411741 39999999999999991136 262320 3299999999999999
 32 34 36 38 40 41 40 38 35 31 28 26 25 25 27 30 33 35 37 37 36 35 34 3419 920XM 456 411849 37999999999999991227 252317 3499999999999999
 34 35 36 38 40 41 41 40 37 34 30 28 26 24 25 26 28 31 33 35 36 36 36 3619 921XM 528 419999999999999999999991325 24999999999999999999999
 36 36 37 38 39 41 41 41 39 37 34 30 27 25 24 24 25 27 29 32 34 36 36 3719 922XM 612 419999999999999999999991438 24999999999999999999999
 37 37 38 38 39 40 41 42 41 40 37 34 31 28 25 23 22 23 25 28 31 34 36 3719 923XM 717 4299999999999999999999916 0 22999999999999999999999
 38 38 38 38 38 39 40 41 42 42 41 39 35 32 28 24 22 21 21 23 27 31 34 3719 924XM 842 429999999999999999999991712 21999999999999999999999
 38 38 38 38 37 37 38 39 41 43 44 43 41 37 32 28 24 21 19 20 22 27 31 3519 925XM 1 8 3810 6 4499999999999999 442 371814 1999999999999999
 37 38 38 37 36 35 35 36 38 41 44 45 45 42 38 33 28 23 20 18 19 23 27 3319 926XM 116 381118 4599999999999999 540 3519 8 1899999999999999
 36 38 38 37 35 33 32 32 34 36 41 45 47 46 44 39 33 27 23 19 18 20 24 2919 927XM 136 391224 4799999999999999 633 321958 1899999999999999
 35 38 39 38 35 32 30 29 29 31 35 40 45 47 47 44 39 33 27 23 20 19 22 2719 928XM 2 1 391326 4899999999999999 727 292046 1999999999999999
 32 37 39 39 37 33 29 27 26 26 28 33 40 45 47 47 44 39 33 28 24 22 22 2519 929XM 229 401426 4899999999999999 824 252130 2199999999999999
 30 35 39 40 39 35 31 27 24 22 23 26 32 39 44 46 46 43 38 33 29 26 24 2519 930XM 3 0 401525 4699999999999999 921 222212 2499999999999999
 29 34 38 41 41 38 34 29 24 22 20 21 25 31 37 42 44 44 41 37 33 30 28 271910 1XM 332 411625 44999999999999991015 202251 2799999999999999
 29 33 37 41 42 41 37 32 27 23 20 19 20 24 29 35 39 41 41 39 36 34 32 311910 2XM 4 5 421726 419999999999999911 9 192329 3199999999999999
 31 33 36 40 42 42 40 36 31 27 23 20 19 20 23 28 33 36 38 39 37 36 35 341910 3XM 439 421836 399999999999999912 3 19999999999999999999999
 34 34 36 39 41 42 41 39 35 31 27 23 21 19 20 23 27 31 34 36 37 37 37 361910 4XM 514 422025 3799999999999999 0 6 3413 2 1999999999999999
 36 36 37 38 39 40 41 40 38 35 31 27 24 22 21 21 23 26 29 32 34 36 36 371910 5XM 554 41999999999999999999999 042 361411 2199999999999999
 37 37 37 38 38 39 40 40 39 37 35 32 28 25 23 22 22 23 25 28 31 34 35 371910 6XM 644 409999999999999999999991533 22999999999999999999999
 37 38 38 37 37 37 38 38 39 38 37 35 32 29 26 24 22 22 23 25 28 31 34 361910 7XM 114 38 759 3999999999999999 411 371650 2299999999999999
 37 37 37 37 36 36 36 37 37 38 38 37 35 33 30 27 24 23 22 23 26 29 32 341910 8XM 127 37 931 3899999999999999 529 361749 2299999999999999
 36 37 37 36 35 34 34 34 35 37 38 38 37 36 33 30 27 24 23 22 24 27 30 331910 9XM 126 371047 3899999999999999 6 6 341835 2299999999999999
 35 36 36 35 34 33 32 32 33 35 37 38 39 38 35 32 29 26 24 23 23 25 29 32191010XM 125 361147 3999999999999999 631 321912 2399999999999999
 34 36 36 35 33 31 30 30 30 32 35 37 39 39 38 35 31 28 25 23 23 24 27 31191011XM 130 361236 3999999999999999 655 301944 2399999999999999
 34 35 36 35 32 30 28 28 28 29 32 35 38 39 39 37 34 30 27 25 24 24 26 30191012XM 141 361320 3999999999999999 723 272012 2499999999999999
 33 35 36 35 33 30 27 26 25 26 28 32 36 38 39 38 36 32 29 26 25 25 26 29191013XM 154 3614 2 3999999999999999 756 252039 2499999999999999
 33 36 37 36 34 30 27 24 23 23 25 28 33 36 38 39 37 35 31 28 26 25 26 29191014XM 210 371443 3999999999999999 833 2321 6 2599999999999999
 32 36 37 37 35 32 28 24 22 21 22 24 29 33 37 38 38 36 33 30 28 27 27 28191015XM 228 371525 3899999999999999 912 212133 2799999999999999
 32 35 38 38 37 34 29 25 22 20 19 21 24 29 33 36 37 37 35 32 30 29 28 29191016XM 248 3816 8 3899999999999999 951 192158 2899999999999999
 31 35 37 39 38 36 32 27 23 20 18 18 21 25 29 33 36 36 35 33 32 30 30 30191017XM 311 391656 36999999999999991032 182220 3099999999999999
 31 34 37 39 39 37 34 30 25 21 19 17 18 21 25 29 32 34 35 34 33 32 31 31191018XM 336 391750 35999999999999991115 172231 3199999999999999
 32 34 36 38 39 38 36 32 28 24 20 18 17 18 21 24 28 31 33 34 33 33 32 32191019XM 4 6 3919 0 349999999999999912 4 1722 5 3299999999999999
 33 34 35 37 38 39 37 35 31 27 23 20 18 17 18 20 23 27 30 32 33 33 33 33191020XM 443 3999999999999999999999913 1 17999999999999999999999
 33 34 34 36 37 38 38 37 34 31 27 23 20 18 17 17 19 22 25 28 31 32 33 33191021XM 534 389999999999999999999991411 17999999999999999999999
 34 34 34 34 35 36 37 37 36 34 31 27 24 21 18 17 17 18 21 24 27 30 32 33191022XM 651 379999999999999999999991532 16999999999999999999999
 33 33 33 32 32 33 34 35 36 36 35 32 29 25 21 18 16 16 17 20 24 28 31 32191023XM 014 33 829 3699999999999999 342 321646 1699999999999999
 33 33 32 31 30 30 30 32 34 36 37 36 33 30 26 22 19 16 16 17 20 25 29 32191024XM 0 8 3310 1 3799999999999999 455 301749 1699999999999999
 33 33 32 30 28 27 26 27 30 33 36 38 37 35 31 27 22 19 17 16 18 22 27 31191025XM 022 331119 3899999999999999 549 261842 1699999999999999
 33 33 32 30 27 24 23 22 24 27 32 36 38 38 36 32 27 23 20 18 18 20 25 29191026XM 043 341228 3999999999999999 639 221931 1899999999999999
 33 35 34 31 27 23 20 19 19 21 26 31 36 39 39 37 33 28 24 21 20 20 23 28191027XM 1 9 351333 3999999999999999 730 182016 2099999999999999
 33 35 36 34 30 24 20 17 15 16 19 25 31 36 39 39 36 33 28 25 23 22 24 27191028XM 138 361434 3999999999999999 822 152058 2299999999999999
 32 36 37 36 33 28 22 17 14 12 13 17 24 30 35 38 38 36 32 29 27 25 25 27191029XM 2 9 371532 3899999999999999 912 122138 2599999999999999
 31 35 38 38 36 32 26 20 15 12 11 12 17 23 30 34 37 37 35 32 30 28 28 28191030XM 243 391630 379999999999999910 2 112215 2799999999999999
 30 34 37 39 39 36 30 24 19 15 12 11 13 17 23 29 33 35 35 34 32 31 30 30191031XM 317 391729 35999999999999991051 112250 3099999999999999
 31 33 36 38 39 38 34 29 23 18 15 12 12 14 18 23 28 31 33 33 33 32 32 311911 1XM 352 391837 33999999999999991140 112321 3199999999999999
 31 32 34 36 38 38 36 32 28 23 19 15 13 13 15 19 23 27 30 31 32 32 32 321911 2XM 427 389999999999999999999991232 13999999999999999999999
 32 32 33 34 36 36 36 34 30 27 23 19 17 15 15 16 19 22 26 28 30 31 32 321911 3XM 5 4 369999999999999999999991331 15999999999999999999999
 32 32 32 33 33 34 34 33 32 29 26 23 20 18 16 16 17 19 22 25 27 29 30 311911 4XM 547 349999999999999999999991440 16999999999999999999999
 31 32 31 31 31 31 31 32 31 30 28 26 23 21 19 18 17 18 20 22 25 27 29 301911 5XM 034 32 655 3299999999999999 354 311553 1799999999999999
 31 31 30 30 29 29 29 29 30 30 29 28 26 24 22 20 18 18 18 20 23 25 28 291911 6XM 025 31 840 3099999999999999 512 291655 1899999999999999
 30 30 29 28 27 26 26 26 27 28 29 29 28 26 24 22 20 19 18 19 21 24 27 281911 7XM 018 301018 2999999999999999 548 261743 1899999999999999
 29 29 28 27 25 24 23 23 25 26 28 29 29 28 26 24 22 20 19 19 21 23 26 281911 8XM 019 291131 2999999999999999 616 231820 1999999999999999
 29 29 28 26 24 22 21 20 21 24 26 28 29 29 28 26 24 22 20 20 20 23 26 281911 9XM 026 291229 2999999999999999 642 201852 2099999999999999
 30 30 29 26 23 21 19 18 18 20 23 26 29 30 30 28 26 23 22 21 21 22 25 28191110XM 037 301319 3099999999999999 712 181921 2199999999999999
 30 31 30 27 24 20 17 16 15 17 20 24 27 30 31 30 28 26 23 22 22 23 25 28191111XM 052 3114 4 3199999999999999 744 151950 2299999999999999
 31 32 32 29 25 21 17 14 13 13 16 20 25 28 30 31 30 28 25 24 23 23 25 28191112XM 111 321446 3199999999999999 819 132019 2399999999999999
 31 33 33 31 28 23 18 14 12 11 12 16 21 26 29 31 31 29 27 25 24 24 25 27191113XM 133 331529 3199999999999999 856 112048 2499999999999999
 31 33 34 33 30 26 20 15 12 10  9 12 16 22 26 30 31 30 29 27 26 25 25 27191114XM 2 0 341613 3199999999999999 936  92115 2599999999999999
 30 33 35 35 33 29 23 18 13 10  8  9 12 17 22 27 29 30 30 28 27 26 26 27191115XM 231 3517 1 30999999999999991017  82138 2699999999999999
 29 32 34 35 34 32 27 21 16 12  9  8  9 12 17 22 26 28 29 28 27 27 27 27191116XM 3 5 351755 299999999999999911 2  82152 2799999999999999
 28 30 32 34 35 33 30 25 19 15 11  8  7  9 13 17 21 25 27 28 27 27 27 27191117XM 344 3519 1 28999999999999991151  72157 2799999999999999
 27 28 30 32 33 33 32 28 24 18 14 11  8  8  9 12 16 20 24 26 27 27 26 27191118XM 430 349999999999999999999991247  8999999999999999999999
 27 27 28 29 31 32 32 30 27 23 18 14 11  9  8 10 12 16 19 23 25 26 26 26191119XM 529 322215 26999999999999991351  8999999999999999999999
 26 26 25 26 27 28 29 30 29 26 23 19 15 12 10  9 10 12 15 19 22 24 25 26191120XM 647 302237 2699999999999999 150 2515 3  999999999999999
 25 24 23 23 23 24 25 27 28 28 26 23 20 16 14 11 10 11 13 16 20 23 25 26191121XM 822 282259 2699999999999999 334 231613 1099999999999999
 25 24 22 21 19 19 20 22 24 26 27 26 24 21 18 15 13 12 12 14 18 22 24 26191122XM 958 272323 2699999999999999 447 191714 1299999999999999
 26 24 22 19 17 15 15 16 19 23 26 27 27 25 23 19 17 15 14 14 17 20 24 27191123XM1124 272350 2799999999999999 545 1518 8 1499999999999999
 27 26 23 20 16 13 11 11 13 17 21 25 27 28 26 24 21 18 17 16 17 20 24 27191124XM1240 28999999999999999999999 637 111856 1699999999999999
 29 29 26 22 17 13 10  8  8 11 15 21 25 28 29 27 25 22 20 19 18 20 23 27191125XM 020 291347 2999999999999999 727  71940 1899999999999999
 30 31 29 26 21 15 10  7  5  6  9 15 21 26 28 29 28 25 23 22 21 21 23 27191126XM 053 311447 2999999999999999 816  52020 2199999999999999
 30 32 32 30 25 19 13  8  5  3  4  9 15 21 26 29 29 28 26 24 23 23 23 26191127XM 128 331542 2999999999999999 9 3  32058 2299999999999999
 29 32 34 33 29 24 17 11  7  3  2  5 10 16 22 26 28 28 27 26 25 24 24 25191128XM 2 5 341634 2999999999999999 949  22131 2499999999999999
 28 31 33 34 32 28 22 16 10  6  3  3  6 11 17 22 26 27 27 26 25 25 25 25191129XM 244 341727 28999999999999991034  32158 2599999999999999
 27 29 32 33 33 30 26 20 14  9  6  4  4  7 12 17 22 25 26 26 25 25 25 25191130XM 322 331823 26999999999999991119  422 8 2599999999999999
 25 27 29 31 32 31 28 24 18 13  9  7  5  6  9 13 18 21 23 24 25 24 24 241912 1XM 359 3299999999999999999999912 4  5999999999999999999999
 25 25 27 28 29 29 28 25 21 17 13 10  8  7  8 11 14 18 20 22 23 23 23 231912 2XM 435 299999999999999999999991251  7999999999999999999999
 24 24 24 25 26 27 26 25 22 19 16 13 10  9  9 10 12 15 17 20 21 22 22 221912 3XM 513 279999999999999999999991340  9999999999999999999999
 22 22 22 22 23 23 24 23 22 20 18 15 13 11 10 10 11 13 15 18 20 21 21 221912 4XM 6 1 242241 22999999999999991433 10999999999999999999999
 21 21 20 20 20 20 20 21 21 20 19 17 15 13 12 11 11 12 14 16 18 20 21 211912 5XM 723 212250 2199999999999999 4 0 201528 1199999999999999
 21 20 19 18 17 17 17 18 18 19 19 18 17 15 14 13 12 13 14 15 17 19 21 211912 6XM 921 1923 0 2199999999999999 5 5 171619 1299999999999999
 21 20 18 16 15 14 14 14 16 17 18 18 18 17 16 15 14 14 14 15 17 19 21 221912 7XM11 6 182313 2299999999999999 544 1417 3 1499999999999999
 22 20 18 16 13 12 11 11 12 14 17 18 19 19 18 17 16 15 15 16 17 20 22 231912 8XM1224 192330 2399999999999999 618 111742 1599999999999999
 23 22 19 16 13 10  8  8  9 11 14 17 19 20 20 19 18 17 16 16 18 20 22 241912 9XM1323 202352 2599999999999999 651  81818 1699999999999999
 25 24 21 18 14 10  7  5  6  8 11 15 18 21 21 21 20 19 18 17 18 20 22 25191210XM1410 21999999999999999999999 725  51853 1799999999999999
 26 26 24 20 16 11  7  4  3  4  7 12 16 20 22 22 22 20 19 18 19 20 22 25191211XM 020 261452 2299999999999999 8 2  31927 1899999999999999
 27 28 27 23 19 13  8  4  1  1  3  7 13 18 21 23 23 22 20 19 19 20 21 24191212XM 052 281533 2399999999999999 842  120 1 1999999999999999
 27 29 29 27 23 17 11  5  1 -1  0  3  8 14 19 22 23 23 21 20 20 20 20 22191213XM 129 291615 2399999999999999 923 -12033 1999999999999999
 26 29 30 29 26 21 15  8  3 -1 -2 -1  3  9 14 19 22 23 22 21 20 19 20 21191214XM 210 3017 0 239999999999999910 8 -221 6 1999999999999999
 23 27 29 30 29 25 19 13  6  2 -2 -3 -1  3  9 14 19 21 21 21 20 19 19 19191215XM 254 301748 21999999999999991055 -32144 1999999999999999
 21 23 26 29 29 27 23 17 11  5  1 -2 -3  0  4  9 14 18 20 20 19 18 18 18191216XM 342 291840 20999999999999991144 -32242 1899999999999999
 18 20 22 25 27 27 25 21 16 10  5  1 -1 -2  1  5  9 14 17 18 19 18 17 17191217XM 435 271934 19999999999999991236 -2999999999999999999999
 16 17 18 20 22 24 24 23 19 14  9  5  2  0  0  2  6 10 14 16 18 18 17 16191218XM 535 242026 1899999999999999 011 161332  099999999999999
 15 14 14 15 17 19 21 21 20 17 14 10  6  4  2  2  4  7 11 14 17 17 17 16191219XM 649 212111 1799999999999999 143 141430  299999999999999
 15 13 12 11 12 13 15 17 18 18 16 14 11  8  6  5  5  7  9 13 16 17 18 17191220XM 819 182150 1899999999999999 311 111530  599999999999999
 15 13 11  9  8  8  9 11 14 16 17 16 14 13 11  9  8  8  9 12 15 18 19 19191221XM10 1 172225 1999999999999999 430  71629  899999999999999
 17 15 12  8  6  4  4  5  8 12 15 16 16 16 14 13 11 11 11 12 15 18 20 21191222XM1143 1723 1 2199999999999999 536  41725 1199999999999999
 20 18 14 10  6  3  1  1  3  6 11 14 17 17 17 16 15 14 13 13 15 18 21 22191223XM1310 172338 2399999999999999 633  01814 1399999999999999
 23 21 18 13  8  4  0 -2 -2  1  5 10 15 17 19 18 17 16 15 15 16 17 20 23191224XM1417 19999999999999999999999 724 -21858 1599999999999999
 25 24 22 17 12  6  1 -2 -4 -3  1  6 11 16 18 19 19 18 17 17 16 17 20 23191225XM 018 2515 9 1999999999999999 812 -41937 1699999999999999
 25 26 25 22 17 11  5  0 -4 -5 -3  1  7 12 17 19 20 19 18 17 17 17 19 21191226XM 1 0 261553 2099999999999999 857 -520 9 1799999999999999
 24 26 27 25 21 15  9  3 -1 -4 -5 -2  3  8 14 18 19 20 19 18 17 17 18 19191227XM 143 271633 2099999999999999 940 -52036 1799999999999999
 22 25 27 27 24 20 13  7  2 -2 -4 -4 -1  5 10 15 18 19 19 17 17 16 17 18191228XM 225 271711 19999999999999991021 -42059 1699999999999999
 20 22 25 26 25 22 17 11  5  1 -2 -4 -2  1  6 11 15 17 18 17 16 16 16 16191229XM 3 5 261750 189999999999999911 0 -42125 1699999999999999
 17 19 22 24 24 23 19 14  9  4  0 -2 -2  0  3  8 12 15 16 16 15 15 14 15191230XM 342 241828 16999999999999991138 -222 0 1499999999999999
 15 17 19 21 22 22 20 16 11  6  3  0 -1 -1  2  5  9 12 14 15 14 14 13 13191231XM 417 221912 15999999999999991215 -12243 1399999999999999
