 19 16 13 10  7  5  4  5  7 10 13 14 15 15 14 13 13 12 13 14 17 19 21 2219 1 1XO1217 1523 1 2299999999999999 556  41652 1299999999999999
 21 19 16 12  8  5  2  2  3  5  9 12 14 16 16 16 15 15 15 16 17 19 22 2319 1 2XO14 2 162336 2499999999999999 656  21730 1599999999999999
 24 22 19 15 11  6  3  0  0  1  5  9 13 15 17 17 17 17 17 17 18 19 22 2419 1 3XO15 8 17999999999999999999999 744  018 9 1799999999999999
 25 25 22 19 14  9  4  1 -1 -1  1  6 10 14 17 18 19 18 18 17 18 19 21 2419 1 4XO 012 251548 1999999999999999 825 -11846 1799999999999999
 26 26 25 22 18 12  7  2 -1 -2 -1  2  7 12 16 18 19 19 18 18 18 18 20 2219 1 5XO 050 261617 1999999999999999 9 2 -21923 1799999999999999
 25 27 27 25 21 16 10  4  0 -2 -2  0  4  9 14 17 19 19 18 17 17 17 19 2119 1 6XO 129 271644 1999999999999999 937 -31959 1799999999999999
 23 26 27 26 24 19 13  7  2 -1 -3 -2  1  6 11 15 18 19 18 17 16 16 17 1819 1 7XO 2 7 271711 19999999999999991012 -32035 1699999999999999
 21 24 26 27 25 22 17 10  5  0 -2 -3 -1  3  8 13 16 18 18 17 16 15 15 1619 1 8XO 245 271740 18999999999999991046 -32111 1599999999999999
 18 21 24 25 25 23 19 13  7  2 -1 -3 -3  0  5  9 13 16 17 16 15 14 13 1419 1 9XO 321 261811 17999999999999991120 -32149 1399999999999999
 15 17 20 23 24 22 20 15 10  4  0 -2 -3 -1  2  6 10 13 15 15 15 13 12 1219 110XO 356 241842 16999999999999991153 -32235 1299999999999999
 13 14 16 19 21 21 19 16 12  7  2  0 -2 -2  0  4  8 11 13 14 14 13 12 1119 111XO 432 211914 14999999999999991226 -22342 1199999999999999
 11 11 13 15 17 18 17 16 12  8  5  2  0 -1  0  3  6 10 12 14 14 13 12 1019 112XO 510 181945 14999999999999991256 -1999999999999999999999
 10  9 10 11 13 14 15 14 12 10  7  4  2  1  1  3  5  9 11 13 14 13 12 1119 113XO 557 152013 1499999999999999 1 9  91324  199999999999999
  9  8  7  8  9 10 11 12 12 10  8  6  4  4  3  4  6  8 11 13 14 14 13 1219 114XO 7 7 122040 1499999999999999 223  71347  399999999999999
 10  8  6  5  5  6  7  9 10 10  9  8  7  6  6  6  7  9 11 13 15 16 15 1419 115XO 851 1021 9 1699999999999999 335  514 9  699999999999999
 11  9  6  4  3  2  3  5  7  9 10 10 10  9  9  9  9 10 12 14 16 17 18 1619 116XO1056 102146 1899999999999999 445  21439  999999999999999
 14 11  8  4  2  0 -1  0  3  6  8 10 12 12 12 11 11 12 13 14 16 18 20 2019 117XO2230 20999999999999999999999 549 -1999999999999999999999
 18 15 11  6  2 -1 -3 -4 -2  1  5  9 12 14 14 14 14 13 14 14 16 18 21 2219 118XO1419 142322 2299999999999999 644 -41712 1399999999999999
 22 20 16 11  5  0 -4 -6 -7 -4  0  5 10 13 15 16 16 15 14 14 15 17 20 2319 119XO15 6 16999999999999999999999 736 -71827 1499999999999999
 24 24 21 16 10  4 -2 -7 -9 -9 -6 -1  6 11 15 17 17 16 15 14 14 15 18 2119 120XO 017 251545 1799999999999999 827 -91924 1499999999999999
 25 26 26 22 17 10  2 -4 -9-11-11 -7  0  7 12 16 17 17 16 14 13 13 15 1819 121XO 113 271622 1799999999999999 918-122016 1399999999999999
 22 26 28 27 23 17  9  1 -6-11-13-12 -7  1  8 13 16 17 16 14 12 11 11 1319 122XO 2 8 281659 179999999999999910 9-1321 8 1199999999999999
 17 22 26 28 26 22 16  7 -1 -7-11-13-11 -5  2  9 13 16 16 14 11  9  9  919 123XO 3 2 281735 16999999999999991058-1322 9  999999999999999
 11 15 21 25 26 24 20 14  6 -2 -7-11-11 -9 -2  4 10 14 15 14 12  9  7  619 124XO 357 261811 15999999999999991145-112321  699999999999999
  7  9 13 18 22 23 21 17 11  4 -2 -6 -8 -8 -5  1  7 11 14 14 13 10  7  519 125XO 454 231847 14999999999999991229 -9999999999999999999999
  4  4  6 10 15 18 18 17 14  9  3 -1 -4 -5 -4 -1  4  9 12 14 14 11  8  619 126XO 556 181922 1499999999999999 030  41310 -599999999999999
  4  2  2  4  7 10 13 14 13 11  7  4  1  0 -1  1  4  8 11 13 14 13 11  819 127XO 7 8 141958 1499999999999999 137  21347 -199999999999999
  5  2  0  0  1  3  6  8  9  9  8  7  5  4  3  3  5  8 10 13 14 14 13 1019 128XO 834 102035 1499999999999999 248  01418  399999999999999
  7  4  1 -1 -2 -1  0  2  4  6  7  7  7  7  7  7  7  9 10 12 14 15 15 1319 129XO1043  72116 1599999999999999 411 -21432  799999999999999
 10  7  4  1 -2 -3 -4 -2  0  2  5  7  8  8  9  9  9 10 11 12 14 15 16 1519 130XO22 2 16999999999999999999999 537 -4999999999999999999999
 14 11  7  4  0 -3 -5 -5 -4 -1  2  5  7  9 10 11 11 11 12 12 14 15 16 1719 131XO2252 17999999999999999999999 643 -5999999999999999999999
 16 14 11  7  3 -1 -4 -6 -6 -4 -1  3  6  9 10 11 12 12 12 12 13 14 16 1719 2 1XO2344 18999999999999999999999 732 -6999999999999999999999
 18 17 14 10  6  1 -3 -6 -7 -6 -4  0  4  8 10 12 12 12 11 11 12 13 15 1719 2 2XO16 1 12999999999999999999999 813 -71829 1199999999999999
 18 18 17 14  9  4  0 -4 -7 -8 -6 -3  2  6 10 11 12 12 11 10 11 11 13 1519 2 3XO 032 1916 6 1299999999999999 849 -81915 1099999999999999
 18 19 19 16 13  8  2 -3 -6 -8 -8 -5 -1  4  8 11 12 12 10  9  9  9 11 1319 2 4XO 116 191620 1299999999999999 922 -81955  999999999999999
 16 18 19 18 15 11  5 -1 -5 -8 -9 -7 -4  1  6  9 11 11 10  8  7  7  8 1019 2 5XO 158 191638 1299999999999999 954 -92034  799999999999999
 13 16 18 19 17 13  8  2 -3 -7 -9 -9 -6 -1  4  8 10 11 10  8  6  5  6  719 2 6XO 237 1917 0 11999999999999991025 -92115  599999999999999
  9 13 16 18 17 15 10  5 -1 -6 -8 -9 -8 -4  1  6  9 10 10  8  6  4  3  419 2 7XO 314 181723 10999999999999991055 -92159  399999999999999
  6  9 12 15 16 15 12  7  1 -3 -7 -8 -8 -5 -1  4  7  9 10  8  6  3  2  219 2 8XO 351 161746 10999999999999991124 -82249  299999999999999
  3  5  8 12 13 13 12  8  4 -1 -5 -6 -7 -6 -2  2  6  8  9  9  7  4  2  119 2 9XO 428 1418 8  9999999999999991150 -72345  099999999999999
  0  1  4  7 10 11 11  9  5  1 -2 -4 -5 -5 -2  1  5  8  9  9  8  5  2  019 210XO 510 111828  9999999999999991212 -5999999999999999999999
 -1 -1  0  3  6  8  9  8  6  3  0 -2 -2 -2 -1  1  5  8  9 10  9  7  3  119 211XO 6 1  91847 1099999999999999 042 -11226 -399999999999999
 -1 -2 -2 -1  1  4  6  6  6  5  3  1  0  0  1  3  5  8 10 11 10  9  6  319 212XO 715  61912 1199999999999999 139 -21229  099999999999999
  0 -2 -3 -4 -2  0  2  3  5  5  4  4  3  3  3  4  6  8 10 11 12 11  9  619 213XO 853  51947 1299999999999999 242 -41229  399999999999999
  2 -1 -3 -5 -5 -4 -3  0  2  4  5  5  5  5  6  6  7  9 10 12 13 13 12  919 214XO2037 13999999999999999999999 354 -5999999999999999999999
  6  2 -1 -4 -6 -7 -7 -5 -2  1  3  6  7  7  8  8  9  9 10 12 13 14 15 1319 215XO2144 15999999999999999999999 512 -7999999999999999999999
 11  7  3 -2 -5 -8-10-10 -7 -4  0  4  7  9  9 10 10  9 10 11 12 14 16 1619 216XO2258 16999999999999999999999 621-10999999999999999999999
 15 13  8  3 -2 -7-11-12-12 -9 -5  0  5  8 10 11 10  9  9  9 10 12 15 1719 217XO15 2 11999999999999999999999 720-131825  999999999999999
 19 18 14 10  4 -3 -9-13-15-14-11 -5  1  6 10 11 11  9  8  7  7  8 11 1519 218XO 0 7 191524 1199999999999999 815-151924  799999999999999
 19 20 19 16 10  3 -4-10-14-16-15-10 -4  3  8 10 11 10  7  5  4  4  6 1019 219XO 110 201551 1199999999999999 9 6-162019  499999999999999
 15 19 21 20 16 10  3 -5-11-15-16-14 -9 -1  5  9 11 10  8  5  2  1  1  419 220XO 2 8 211620 1199999999999999 955-162116  199999999999999
  8 14 19 21 20 16  9  1 -6-12-15-15-12 -6  2  7 10 11  9  5  2 -1 -2 -219 221XO 3 4 211649 11999999999999991040-152217 -299999999999999
  1  7 13 17 19 18 14  7  0 -6-10-13-12 -8 -1  5  9 11 10  7  3 -1 -4 -519 222XO 4 2 191719 11999999999999991122-132318 -599999999999999
 -4 -1  5 11 15 16 15 11  5 -1 -5 -8 -9 -8 -3  3  8 10 11  9  5  1 -3 -519 223XO 5 3 161749 119999999999999912 0 -9999999999999999999999
 -7 -6 -2  3  8 11 12 11  8  3  0 -3 -5 -5 -2  2  6 10 11 11  8  4  0 -419 224XO 6 7 121819 1199999999999999 016 -71234 -599999999999999
 -6 -8 -7 -4  0  4  7  8  7  5  3  1  0 -1  0  2  6  9 11 11 10  7  3 -119 225XO 717  81850 1199999999999999 114 -813 1 -199999999999999
 -4 -6 -8 -7 -5 -2  1  3  5  5  4  3  3  3  3  4  6  9 10 11 11  9  7  319 226XO 841  51923 1199999999999999 216 -813 3  399999999999999
  0 -3 -6 -8 -8 -6 -4 -2  1  2  3  4  5  5  5  6  7  8 10 11 11 11  9  619 227XO20 2 11999999999999999999999 329 -8999999999999999999999
  3  0 -3 -6 -7 -8 -7 -6 -3 -1  2  3  5  6  7  7  8  9  9 10 11 11 11  919 228XO2057 11999999999999999999999 5 0 -8999999999999999999999
  7  4  1 -2 -5 -7 -8 -8 -6 -4 -1  2  4  6  7  8  8  8  9  9 10 11 11 1119 3 1XO2210 11999999999999999999999 615 -8999999999999999999999
  9  7  4  1 -3 -6 -8 -9 -8 -6 -3  0  3  6  7  8  8  8  8  8  8  9 11 1119 3 2XO2322 11999999999999999999999 7 8 -9999999999999999999999
 11 10  7  4  0 -4 -7 -9 -9 -8 -5 -2  2  5  7  8  7  7  6  6  6  7  9 1119 3 3XO1520  8999999999999999999999 750 -91846  699999999999999
 12 12 10  7  3 -1 -5 -8-10-10 -7 -4  1  4  6  7  7  6  5  4  4  5  7  919 3 4XO 020 121523  799999999999999 825-101924  499999999999999
 12 13 12 10  6  2 -3 -7-10-10 -9 -6 -2  3  6  7  7  6  4  2  2  2  4  619 3 5XO 1 8 131533  799999999999999 857-1020 1  299999999999999
 10 12 13 12  9  5  0 -5 -9-11-10 -8 -4  1  5  7  7  6  4  1  0  0  1  319 3 6XO 151 131548  799999999999999 927-112040  099999999999999
  7 10 13 13 11  7  2 -3 -7-10-11 -9 -6 -1  4  6  7  6  4  1 -1 -2 -2 -119 3 7XO 232 1316 5  799999999999999 956-112121 -399999999999999
  3  7 11 12 12  9  5  0 -5 -8-10-10 -7 -2  2  6  7  7  5  2 -2 -4 -4 -419 3 8XO 311 121622  7999999999999991024-1022 3 -499999999999999
 -1  3  8 10 11 10  7  3 -2 -6 -8 -8 -7 -3  1  5  7  8  6  3 -1 -4 -6 -619 3 9XO 352 111639  8999999999999991051 -82247 -699999999999999
 -5 -1  3  7 10 10  8  5  1 -3 -5 -6 -6 -3  1  5  8  8  7  5  1 -3 -6 -719 310XO 435 101654  8999999999999991114 -62331 -799999999999999
 -7 -5 -1  3  7  8  8  6  3  0 -3 -4 -4 -2  1  5  8  9  8  7  3 -1 -5 -719 311XO 525  81710  9999999999999991130 -4999999999999999999999
 -8 -8 -5 -1  3  5  6  6  5  2  0 -1 -1  0  2  5  8 10 10  8  6  1 -3 -619 312XO 626  71731 1099999999999999 017 -81131 -199999999999999
 -8 -9 -8 -5 -2  1  4  5  5  4  2  2  2  2  3  5  8 10 11 10  8  5  1 -319 313XO 738  518 0 1199999999999999 1 8 -91129  199999999999999
 -6 -8 -9 -8 -6 -3  0  2  4  4  4  4  4  4  5  6  8 10 11 11 10  8  5  119 314XO 910  41842 1199999999999999 2 6 -91124  499999999999999
 -3 -6 -8 -9 -9 -7 -5 -2  1  3  4  5  5  6  6  7  8  9 10 11 11 11  9  519 315XO1947 11999999999999999999999 317-10999999999999999999999
  1 -2 -6 -9-10-10 -9 -7 -4  0  3  5  6  7  7  8  8  8  9 10 11 12 12 1019 316XO2119 12999999999999999999999 441-11999999999999999999999
  7  3 -1 -5 -9-11-12-11 -8 -5  0  3  6  7  8  8  7  7  7  8  9 11 13 1319 317XO1416  82250 1399999999999999 558-121729  799999999999999
 12  9  5  0 -5-10-13-14-13 -9 -5  1  5  7  8  8  7  5  5  4  5  7 11 1319 318XO1419  8999999999999999999999 7 2-141837  499999999999999
 15 14 11  6  1 -5-10-14-15-13 -9 -3  2  6  8  8  7  5  2  1  1  3  6 1019 319XO 0 6 151437  899999999999999 757-151931  199999999999999
 14 16 15 12  7  1 -6-11-14-14-12 -7 -1  5  8  9  8  5  2 -1 -2 -2  0  419 320XO 111 1615 0  999999999999999 846-152025 -399999999999999
 10 15 17 16 13  7  0 -6-10-13-13-10 -4  3  7 10  9  7  3 -2 -5 -6 -6 -319 321XO 212 171525 1099999999999999 932-132119 -699999999999999
  3 10 15 17 16 12  7  0 -6 -9-11-10 -6  1  7 10 11  9  5  0 -5 -8 -9 -819 322XO 312 171552 11999999999999991014-112213 -999999999999999
 -4  2  9 13 15 14 11  6  0 -4 -7 -8 -6 -1  5 10 12 11  8  3 -3 -7-10-1119 323XO 414 151619 12999999999999991052 -823 5-1199999999999999
-10 -5  1  7 11 13 12  9  5  0 -2 -3 -3  0  4  9 12 12 11  7  1 -4 -8-1119 324XO 515 131646 12999999999999991126 -42356-1299999999999999
-12-10 -5  1  5  9 10 10  7  4  2  1  0  1  4  9 12 13 12 10  5  0 -5 -819 325XO 617 101713 13999999999999991154  0999999999999999999999
-11-11 -9 -5 -1  3  6  8  7  6  5  4  4  4  5  8 11 12 13 12  9  4  0 -419 326XO 722  81741 1399999999999999 047-1112 7  499999999999999
 -7-10-10 -8 -5 -2  1  4  6  6  6  6  6  6  7  8 10 12 12 12 10  7  4  019 327XO18 9 12999999999999999999999 141-10999999999999999999999
 -3 -6 -8 -8 -7 -5 -3  0  3  4  5  6  7  7  8  9 10 11 11 11 11  9  6  319 328XO1844 11999999999999999999999 243 -8999999999999999999999
  0 -2 -5 -7 -7 -7 -5 -3 -1  2  4  6  7  8  8  9  9  9 10 10 10 10  8  619 329XO1947 10999999999999999999999 4 2 -7999999999999999999999
  4  1 -2 -4 -6 -7 -7 -5 -3  0  2  5  6  8  8  8  8  8  8  8  9  9  9  819 330XO2127  9999999999999999999999 525 -7999999999999999999999
  7  4  2 -1 -4 -6 -7 -7 -5 -3  0  3  6  7  8  8  7  6  6  6  7  8  9  919 331XO1419  82259  999999999999999 625 -71829  699999999999999
  8  7  5  2 -1 -4 -6 -7 -7 -5 -1  2  5  7  7  7  6  5  4  4  4  5  7  919 4 1XO1417  7999999999999999999999 7 9 -71857  499999999999999
 10  9  7  5  1 -2 -5 -7 -7 -6 -3  1  4  6  7  7  6  4  2  1  1  3  5  719 4 2XO 0 7 101421  799999999999999 745 -71927  199999999999999
 10 10 10  8  4  0 -3 -6 -7 -7 -5 -1  3  6  8  8  6  4  1 -1 -1 -1  1  519 4 3XO 059 101430  899999999999999 817 -720 1 -199999999999999
  8 11 11 10  7  3 -1 -4 -6 -7 -5 -2  2  6  8  8  7  5  1 -2 -3 -3 -2  119 4 4XO 146 111443  899999999999999 847 -72037 -499999999999999
  6  9 11 11 10  6  2 -2 -4 -6 -5 -3  2  6  9  9  9  6  2 -2 -4 -6 -5 -319 4 5XO 230 121457  999999999999999 916 -62115 -699999999999999
  2  7 10 12 11  9  5  1 -2 -4 -4 -3  1  6  9 11 10  8  4 -1 -5 -7 -7 -619 4 6XO 315 121513 1199999999999999 944 -42153 -799999999999999
 -2  3  8 11 12 11  8  5  1 -1 -2 -1  1  5 10 12 12 10  7  2 -3 -7 -9 -919 4 7XO 4 3 121529 12999999999999991011 -22233 -999999999999999
 -6 -1  4  9 11 12 11  8  4  2  1  1  2  5 10 13 13 12  9  5 -1 -5 -8-1019 4 8XO 453 121549 13999999999999991032  12314-1099999999999999
 -9 -6  0  5  9 11 11 10  7  5  3  3  4  6  9 13 14 14 12  8  3 -3 -7 -919 4 9XO 548 111613 14999999999999991044  32359-1099999999999999
-10 -9 -5  0  5  8 10 10  9  7  6  6  6  7  9 12 15 15 14 11  7  1 -4 -719 410XO 647 101642 15999999999999991044  6999999999999999999999
 -9-10 -8 -4  0  4  7  9  9  9  8  8  8  9 10 12 14 15 15 13 10  6  1 -419 411XO 754  91718 1599999999999999 049-101047  899999999999999
 -7 -9 -9 -8 -5 -1  3  6  8  9  9  9  9 10 10 11 13 14 15 14 13 10  6  119 412XO18 9 15999999999999999999999 147 -9999999999999999999999
 -3 -6 -8 -9 -8 -5 -2  1  5  7  9  9 10 10 10 11 11 12 13 14 14 13 10  719 413XO1933 14999999999999999999999 257 -9999999999999999999999
  3 -1 -5 -7 -8 -8 -6 -3  1  4  7  9 10 10 10 10  9 10 10 11 13 13 13 1119 414XO1310 102117 1399999999999999 416 -81622  999999999999999
  8  4  0 -4 -7 -8 -8 -7 -3  1  5  8 10 10 10  9  8  7  7  7  9 11 13 1419 415XO13 4 102251 1499999999999999 532 -91746  799999999999999
 13 10  6  2 -3 -6 -8 -8 -6 -2  2  7 10 11 11  9  7  5  4  3  4  7 11 1419 416XO1318 11999999999999999999999 635 -81842  399999999999999
 15 14 12  8  3 -2 -5 -7 -7 -5  0  5  9 11 12 10  7  4  1  0  0  1  5 1019 417XO 0 8 151338 1299999999999999 728 -71934 -199999999999999
 14 16 16 13  9  4 -1 -4 -6 -5 -2  3  9 12 13 12  9  5  1 -3 -4 -4 -1  419 418XO 117 1614 0 1399999999999999 816 -62024 -499999999999999
 10 15 17 17 14 10  5  0 -2 -3 -2  2  8 13 15 15 12  8  2 -2 -6 -7 -6 -319 419XO 222 171425 1599999999999999 859 -32114 -799999999999999
  4 10 15 17 17 14 10  5  2  1  0  2  7 13 16 17 16 12  6  0 -5 -8 -9 -819 420XO 326 171452 1799999999999999 938  022 2 -999999999999999
 -3  4 10 15 17 16 14 10  7  5  4  4  7 12 16 18 18 16 11  4 -2 -6 -9-1019 421XO 426 171521 19999999999999991013  42249-1099999999999999
 -8 -2  4 10 14 16 16 13 10  8  7  7  8 12 16 19 19 18 15  9  3 -3 -7 -919 422XO 524 161550 19999999999999991042  72334 -999999999999999
 -9 -6 -1  5 10 13 15 14 13 11 10 10 10 12 15 18 20 19 17 13  8  2 -3 -619 423XO 620 151618 20999999999999991059 10999999999999999999999
 -8 -7 -4  0  5  9 12 13 13 12 12 12 12 13 15 17 19 19 18 15 11  6  2 -219 424XO 721 131647 1999999999999999 020 -81035 1299999999999999
 -5 -6 -5 -2  1  5  8 11 12 12 12 12 13 13 14 16 17 18 18 16 14 10  6  219 425XO1715 18999999999999999999999 1 7 -6999999999999999999999
 -1 -3 -4 -3 -1  2  5  8 10 11 12 13 13 13 14 15 15 16 16 16 14 12  9  619 426XO1746 16999999999999999999999 2 0 -4999999999999999999999
  3  0 -2 -2 -2  0  2  5  7 10 11 12 13 13 13 13 14 14 14 14 14 13 11  819 427XO1847 14999999999999999999999 3 2 -2999999999999999999999
  6  3  1  0 -1 -1  0  2  5  8 10 11 12 13 13 12 12 12 12 12 12 12 12 1019 428XO13 8 132040 1299999999999999 413 -11731 1299999999999999
  9  6  4  2  0 -1  0  1  3  6  9 11 12 12 12 11 10  9  9  9 10 11 12 1219 429XO13 2 122226 1299999999999999 517 -11811  999999999999999
 11  9  7  4  2  1  0  0  2  5  8 10 12 13 12 11  9  8  7  7  7  9 10 1219 430XO13 3 132346 1299999999999999 6 6  01841  699999999999999
 12 11 10  7  5  2  1  1  2  4  7 10 12 13 13 11  9  6  5  4  4  6  8 1119 5 1XO13 9 13999999999999999999999 645  11912  499999999999999
 13 13 12 10  8  5  3  2  2  4  7 10 13 14 14 12 10  6  4  2  1  3  5  919 5 2XO 047 131319 1499999999999999 719  21945  199999999999999
 12 14 14 13 11  8  5  4  3  4  7 10 14 16 16 14 11  7  3  1 -1  0  2  619 5 3XO 141 141333 1699999999999999 752  32020 -199999999999999
 11 14 16 16 14 12  9  6  5  5  7 11 14 17 18 17 14 10  5  1 -2 -3 -2  219 5 4XO 232 161351 1899999999999999 823  52057 -399999999999999
  7 12 16 17 17 15 12  9  8  7  8 11 15 18 20 19 17 13  7  2 -2 -4 -4 -219 5 5XO 322 171412 2099999999999999 852  72136 -499999999999999
  3  9 14 17 18 18 16 13 11 10 10 12 15 19 22 22 20 17 11  5  0 -4 -5 -519 5 6XO 413 181437 2299999999999999 919 102217 -599999999999999
 -1  5 11 15 18 19 18 16 13 12 12 13 15 19 22 24 23 20 16  9  3 -2 -5 -619 5 7XO 5 5 1915 7 2499999999999999 941 1223 1 -699999999999999
 -5  0  6 12 16 18 19 18 16 15 14 14 16 18 21 24 24 23 19 14  8  2 -2 -519 5 8XO 558 191541 2599999999999999 956 142348 -699999999999999
 -6 -4  1  7 12 15 18 18 18 16 16 16 16 18 20 23 24 24 22 18 13  7  2 -219 5 9XO 655 181620 25999999999999991011 16999999999999999999999
 -5 -5 -3  2  7 11 15 17 18 17 17 17 17 17 19 21 23 24 23 21 17 12  7  219 510XO 8 1 1817 8 2499999999999999 041 -51030 1799999999999999
 -1 -3 -4 -2  2  6 10 14 16 17 17 17 17 17 18 18 20 21 22 22 20 17 12  819 511XO1813 22999999999999999999999 139 -4999999999999999999999
  3  0 -2 -3 -1  2  6 10 13 16 17 17 17 17 16 16 17 18 19 20 20 19 17 1319 512XO11 9 171942 2099999999999999 244 -31453 1699999999999999
  9  5  2  0 -1  0  3  6 10 14 16 17 17 17 16 15 14 14 15 16 18 19 19 1719 513XO1132 172120 1999999999999999 353 -11629 1499999999999999
 14 11  7  4  1  1  1  4  8 12 15 17 18 17 16 14 12 10 10 11 14 16 18 1919 514XO1154 182254 1999999999999999 459  11741 1099999999999999
 18 16 12  9  6  3  3  4  6 11 15 18 19 19 17 14 11  8  7  7  8 11 15 1819 515XO1216 19999999999999999999999 557  31838  699999999999999
 20 19 17 14 11  8  6  5  7 10 14 18 21 21 19 16 12  8  5  3  3  6 10 1519 516XO 016 201240 2199999999999999 648  51930  399999999999999
 19 21 21 19 16 13 10  9  9 10 14 18 22 23 22 20 15 10  5  2  0  1  4 1019 517XO 130 2113 6 2399999999999999 733  82018  099999999999999
 15 19 22 22 20 17 14 12 12 12 14 18 23 25 25 23 19 14  8  3  0 -2  0  419 518XO 238 221334 2699999999999999 813 1221 4 -299999999999999
 10 16 20 22 23 21 19 16 15 15 16 19 23 26 28 27 24 19 12  6  1 -2 -2  019 519XO 339 2314 5 2899999999999999 847 152149 -299999999999999
  5 11 17 21 23 23 22 19 18 17 18 19 22 26 29 29 27 23 17 11  5  1 -2 -219 520XO 435 241437 2999999999999999 914 172232 -299999999999999
  1  7 13 18 22 23 23 22 20 19 19 20 22 25 28 30 29 27 22 16  9  4  1 -119 521XO 526 241510 3099999999999999 930 192314 -199999999999999
  0  3  9 14 19 22 23 23 22 21 21 21 22 24 27 29 30 28 25 20 14  9  4  219 522XO 616 231543 3099999999999999 940 212356  199999999999999
  1  2  6 10 15 19 21 22 22 21 21 21 22 23 25 27 28 28 26 23 18 13  8  519 523XO 7 9 221616 2999999999999999 950 21999999999999999999999
  3  3  4  8 12 16 19 21 21 21 21 21 22 22 24 25 26 27 26 24 20 16 12  819 524XO1650 27999999999999999999999 039  2999999999999999999999
  6  4  4  6  9 13 16 18 20 21 21 21 21 22 22 23 24 24 24 23 21 18 15 1219 525XO1729 25999999999999999999999 124  4999999999999999999999
  9  7  6  6  8 10 13 16 18 20 20 21 21 21 21 21 21 22 22 22 21 19 17 1419 526XO1824 22999999999999999999999 212  6999999999999999999999
 12  9  8  7  8  9 11 14 17 19 20 21 21 20 19 19 19 19 19 20 20 19 18 1619 527XO1132 211956 2099999999999999 3 4  716 8 1999999999999999
 14 12 10  9  9  9 11 13 16 18 20 21 21 20 19 18 17 16 16 17 18 18 19 1819 528XO1134 212143 1999999999999999 356  91722 1699999999999999
 17 15 13 12 10 10 11 13 15 18 20 21 22 21 19 17 15 14 13 14 15 17 18 1919 529XO1141 222318 1999999999999999 444 1018 5 1399999999999999
 19 18 16 14 13 12 12 13 15 18 21 23 23 22 20 18 15 13 11 11 12 14 17 1919 530XO1154 23999999999999999999999 527 121843 1199999999999999
 20 20 19 18 16 15 14 14 16 19 22 24 25 25 23 19 16 12 10  9  9 11 14 1819 531XO 033 201210 2599999999999999 6 7 141919  899999999999999
 21 22 22 21 19 18 17 16 17 19 22 25 27 27 26 22 18 14 10  7  6  7 11 1519 6 1XO 136 221231 2899999999999999 643 161956  699999999999999
 20 23 24 24 23 21 20 19 19 20 23 26 29 30 29 26 22 16 11  7  5  5  7 1119 6 2XO 233 241257 3099999999999999 719 192036  499999999999999
 17 22 25 26 26 25 23 21 21 22 23 27 30 33 32 30 26 21 14  9  5  3  4  719 6 3XO 326 261328 3399999999999999 752 212118  399999999999999
 13 19 23 26 28 27 26 24 23 23 24 26 30 33 35 34 31 26 19 12  7  3  2  319 6 4XO 417 2814 4 3599999999999999 824 2322 4  299999999999999
  8 14 20 25 28 29 28 26 25 24 25 26 29 33 36 36 34 31 25 18 11  6  3  219 6 5XO 5 7 291445 3699999999999999 854 242252  299999999999999
  4  9 15 21 25 28 29 28 26 25 25 26 28 31 34 36 36 34 30 24 16 10  5  319 6 6XO 558 291529 3799999999999999 926 252343  299999999999999
  2  4 10 16 21 25 27 28 27 26 26 26 27 28 31 34 36 35 33 29 23 16 10  619 6 7XO 651 281620 369999999999999910 4 26999999999999999999999
  3  3  6 11 16 21 25 27 27 27 26 26 26 26 28 30 33 34 34 32 27 22 16 1119 6 8XO 747 271717 3499999999999999 036  31110 2699999999999999
  7  5  5  7 12 17 21 24 26 27 26 25 25 25 25 26 28 30 31 31 30 26 21 1719 6 9XO 844 271827 3299999999999999 132  51323 2499999999999999
 12  9  7  7 10 13 18 22 25 26 26 26 25 24 23 22 23 25 27 28 29 28 25 2219 610XO 936 271951 2999999999999999 228  71452 2299999999999999
 18 14 11 10 10 12 16 20 23 26 27 27 25 24 22 20 19 20 21 23 26 27 27 2519 611XO1017 272126 2799999999999999 324 101614 1999999999999999
 23 20 17 14 13 13 15 19 22 26 28 28 27 25 23 20 17 16 16 18 20 23 25 2619 612XO1050 2823 4 2699999999999999 419 131727 1699999999999999
 26 24 22 19 17 17 17 19 22 26 29 30 30 28 25 21 17 15 13 13 15 18 22 2519 613XO1120 30999999999999999999999 511 171829 1399999999999999
 27 27 26 24 22 21 20 21 23 26 29 32 33 31 28 24 20 15 12 10 11 13 18 2219 614XO 035 271150 3399999999999999 558 201922 1099999999999999
 26 28 28 27 26 24 23 23 24 27 30 33 35 35 32 28 23 18 13 10  9 10 13 1819 615XO 154 281222 3599999999999999 638 232010  999999999999999
 23 27 29 30 29 28 27 26 26 28 30 34 36 37 36 33 28 22 17 12  9  8 10 1419 616XO 259 301256 3799999999999999 712 262054  899999999999999
 19 25 28 31 31 30 29 28 28 29 30 33 37 39 39 37 33 27 21 15 11  8  8 1119 617XO 352 311332 3999999999999999 740 282136  899999999999999
 16 21 26 30 32 32 31 30 29 30 31 33 36 39 40 39 36 32 26 19 14 10  9  919 618XO 438 3214 9 4099999999999999 8 6 292216  999999999999999
 13 18 23 28 31 32 32 31 30 30 31 32 34 37 40 40 39 35 30 24 18 13 10 1019 619XO 520 321447 4099999999999999 835 302255  999999999999999
 11 15 20 25 29 31 32 31 30 30 30 31 33 35 38 40 39 37 33 28 22 17 13 1119 620XO 6 0 321524 4099999999999999 9 4 302334 1199999999999999
 11 13 17 22 26 29 31 31 30 30 30 30 31 33 35 37 38 37 35 31 26 20 16 1319 621XO 640 3116 1 3899999999999999 936 30999999999999999999999
 12 12 15 19 23 27 29 30 30 30 29 29 30 31 32 34 36 36 35 32 28 23 19 1619 622XO 723 301638 3699999999999999 013 121014 2999999999999999
 14 13 14 17 21 24 27 29 30 29 29 29 29 29 30 31 33 34 33 32 29 26 22 1919 623XO 8 7 301718 3499999999999999 052 131121 2999999999999999
 16 15 15 16 19 22 25 28 29 29 29 28 28 28 28 28 29 30 31 31 29 27 24 2119 624XO 850 2918 9 3199999999999999 130 151332 2899999999999999
 19 17 17 17 19 21 24 27 28 29 29 29 28 27 26 26 26 27 28 28 28 27 26 2419 625XO 925 291924 2899999999999999 2 8 1715 0 2699999999999999
 22 20 19 19 19 21 24 26 28 30 30 30 28 27 25 24 24 24 25 26 27 27 27 2619 626XO 953 3021 6 2799999999999999 245 191615 2499999999999999
 24 23 22 21 21 22 24 26 29 31 32 31 30 28 26 24 22 21 21 23 24 26 27 2719 627XO1015 322252 2799999999999999 323 211716 2199999999999999
 27 26 25 24 24 24 25 27 30 32 33 33 32 30 27 24 21 20 19 19 21 24 26 2819 628XO1038 34999999999999999999999 4 2 2418 4 1999999999999999
 29 29 28 27 27 26 27 28 31 33 35 36 35 33 30 26 22 19 17 17 18 21 24 2719 629XO 024 2911 5 3699999999999999 446 261848 1799999999999999
 30 31 31 30 30 29 29 30 31 34 37 39 39 37 34 30 25 20 17 15 15 17 21 2519 630XO 136 311138 3999999999999999 533 291931 1499999999999999
 29 32 33 33 33 32 31 31 32 34 37 40 42 41 39 34 29 23 18 14 13 13 16 2119 7 1XO 234 341217 4299999999999999 621 312016 1299999999999999
 27 31 34 35 35 34 33 33 33 34 37 40 43 44 43 40 34 28 21 16 12 11 12 1619 7 2XO 325 3513 0 4499999999999999 7 6 3321 3 1199999999999999
 22 28 33 36 37 36 35 34 33 34 36 39 42 45 46 44 40 34 27 20 14 11 10 1219 7 3XO 413 371348 4699999999999999 749 332153 1099999999999999
 17 23 29 34 36 37 36 35 34 34 35 36 40 44 47 47 45 40 34 26 19 13 10  919 7 4XO 458 371437 4799999999999999 831 342244  999999999999999
 12 17 24 30 34 36 37 36 34 33 33 34 36 40 44 47 47 44 39 33 25 18 13 1019 7 5XO 543 371529 4799999999999999 918 332336 1099999999999999
 10 13 19 25 31 34 36 36 34 33 32 32 33 35 39 43 45 45 43 38 31 24 18 1419 7 6XO 626 361625 46999999999999991019 32999999999999999999999
 12 12 15 21 27 31 34 36 35 33 32 31 31 31 34 37 41 43 43 40 36 30 24 1919 7 7XO 710 361726 4399999999999999 027 111156 3199999999999999
 16 14 15 18 23 28 32 34 35 34 32 31 30 29 29 31 34 37 39 39 38 34 30 2519 7 8XO 752 351837 3999999999999999 116 141320 2999999999999999
 21 19 17 18 22 26 30 33 35 35 34 32 30 28 27 27 28 31 33 35 36 35 33 3019 7 9XO 833 3520 1 3699999999999999 2 4 171436 2699999999999999
 27 24 22 21 23 26 29 33 35 36 36 34 32 29 26 25 24 25 27 30 32 33 34 3219 710XO 913 362137 3499999999999999 250 211553 2499999999999999
 31 29 27 26 26 27 29 32 35 37 38 37 35 32 28 25 23 21 22 24 27 30 32 3319 711XO 952 382328 3399999999999999 336 261710 2199999999999999
 33 32 31 30 29 30 31 33 36 38 40 40 38 35 31 27 24 21 19 20 22 25 29 3219 712XO1030 40999999999999999999999 420 291818 1999999999999999
 34 34 34 33 33 33 33 34 36 39 41 42 41 39 36 31 27 22 19 18 19 21 25 2919 713XO 116 3411 9 4299999999999999 5 3 331913 1899999999999999
 33 35 36 36 35 35 35 35 37 39 41 43 44 43 40 36 31 26 21 18 17 18 22 2619 714XO 234 361150 4499999999999999 545 3520 0 1799999999999999
 31 34 36 37 37 37 36 36 37 39 41 44 45 45 44 40 35 30 24 20 18 17 19 2319 715XO 324 371231 4699999999999999 623 362043 1799999999999999
 28 33 36 38 38 38 37 37 37 38 40 43 45 47 46 44 40 34 28 23 19 18 18 2119 716XO 358 381313 4799999999999999 7 0 372122 1799999999999999
 25 30 35 37 39 39 38 37 37 37 39 41 44 47 47 46 43 38 32 26 22 19 18 1919 717XO 427 391354 4799999999999999 737 3722 0 1899999999999999
 23 28 33 36 38 39 38 37 36 36 37 39 42 45 47 47 45 41 36 30 25 21 19 1819 718XO 455 391434 4799999999999999 814 362236 1899999999999999
 20 25 30 34 37 38 38 37 36 35 36 37 39 42 45 46 46 43 39 34 28 23 20 1919 719XO 525 381512 4799999999999999 852 352311 1999999999999999
 19 22 27 32 35 37 38 37 35 34 34 35 36 39 42 44 45 44 41 36 31 26 22 2019 720XO 555 381550 4599999999999999 932 342346 2099999999999999
 20 21 25 29 33 35 37 37 35 34 33 33 34 36 38 41 43 42 41 38 33 28 25 2219 721XO 626 371627 43999999999999991020 33999999999999999999999
 21 21 24 27 31 34 36 36 36 34 33 32 32 33 35 37 39 40 40 38 35 31 27 2519 722XO 657 3617 8 4099999999999999 018 211133 3299999999999999
 23 23 24 26 30 33 35 36 36 35 33 32 32 31 32 33 35 37 37 37 35 33 30 2719 723XO 728 361759 3799999999999999 049 231259 3199999999999999
 26 25 25 27 30 32 35 36 37 36 34 33 31 30 30 30 32 33 35 35 35 34 32 3019 724XO 756 371912 3599999999999999 118 2514 8 3099999999999999
 28 28 27 28 30 33 35 37 38 37 36 34 32 30 29 28 29 30 31 33 34 34 33 3219 725XO 823 382049 3499999999999999 144 271514 2899999999999999
 31 30 30 30 31 33 36 37 39 39 38 37 34 32 29 27 26 27 28 30 32 33 34 3419 726XO 852 392241 3499999999999999 2 7 301620 2699999999999999
 34 33 33 33 33 35 36 38 40 41 41 40 37 34 31 28 26 24 25 26 29 31 34 3519 727XO 926 41999999999999999999999 233 331722 2499999999999999
 36 36 36 36 36 36 37 39 41 43 44 43 41 38 34 30 26 24 22 23 25 28 32 3519 728XO10 8 449999999999999999999991817 22999999999999999999999
 37 38 38 38 38 38 38 39 41 44 45 46 45 43 38 34 29 24 21 20 21 24 28 3219 729XO 150 381058 4699999999999999 439 3819 8 2099999999999999
 36 39 40 40 40 39 39 39 41 43 46 48 49 47 44 39 33 27 22 19 18 19 23 2819 730XO 237 401152 4999999999999999 551 391959 1899999999999999
 34 38 40 41 41 40 39 39 40 41 44 48 50 51 49 45 39 33 26 20 17 16 18 2319 731XO 316 411247 5199999999999999 647 392050 1699999999999999
 29 35 39 41 42 41 40 38 38 39 41 45 49 52 53 50 46 39 32 24 19 16 15 1819 8 1XO 353 421342 5399999999999999 736 382142 1599999999999999
 23 30 36 40 42 42 40 38 37 37 38 41 45 50 53 53 51 46 39 31 23 18 16 1519 8 2XO 430 421436 5499999999999999 826 372232 1599999999999999
 19 25 32 37 40 42 41 38 36 35 35 36 39 44 49 52 52 50 45 37 30 23 19 1719 8 3XO 5 6 421531 5399999999999999 923 352321 1699999999999999
 17 21 28 34 38 41 41 39 36 34 33 33 34 37 43 48 50 50 48 43 36 29 24 2019 8 4XO 542 411629 51999999999999991037 33999999999999999999999
 19 20 25 31 36 39 41 40 38 35 32 31 31 32 35 40 45 47 47 45 41 35 30 2619 8 5XO 618 411735 4799999999999999 0 7 191156 3199999999999999
 23 22 24 29 34 38 40 41 40 37 34 31 30 29 30 33 37 41 43 43 42 39 35 3119 8 6XO 655 411850 4399999999999999 051 2213 6 2999999999999999
 29 27 27 29 33 37 40 42 42 40 37 33 31 28 27 28 30 33 36 39 40 39 38 3519 8 7XO 732 422013 4099999999999999 133 271414 2799999999999999
 33 32 31 32 34 37 40 42 43 42 40 37 34 30 28 26 26 28 30 33 36 37 38 3719 8 8XO 812 432157 3899999999999999 213 311529 2699999999999999
 37 36 35 35 36 37 40 42 43 44 43 41 38 34 30 27 25 25 26 28 31 34 36 3819 8 9XO 855 44999999999999999999999 251 351650 2599999999999999
 38 38 38 38 38 39 40 42 43 45 45 44 42 38 34 30 27 25 24 24 27 30 33 3619 810XO 944 4599999999999999999999918 4 24999999999999999999999
 38 39 40 40 40 40 40 41 43 45 46 46 45 42 39 35 30 27 24 23 24 27 30 3419 811XO1037 4699999999999999999999919 1 23999999999999999999999
 37 40 41 41 41 41 41 41 42 44 46 47 47 46 43 39 34 30 26 23 23 24 28 3219 812XO1129 479999999999999999999991947 23999999999999999999999
 36 39 41 41 41 41 40 40 41 43 45 47 48 48 46 43 38 33 28 25 23 23 25 2919 813XO 319 411218 4999999999999999 617 402028 2399999999999999
 34 38 40 41 41 41 40 39 40 41 43 46 48 49 48 46 42 37 31 27 24 23 24 2719 814XO 333 4213 3 4999999999999999 655 3921 5 2399999999999999
 32 36 39 41 41 41 39 38 38 39 41 43 46 49 49 48 45 40 34 29 25 23 23 2519 815XO 351 411344 5099999999999999 731 382139 2399999999999999
 29 34 38 40 41 41 39 37 37 37 38 40 44 47 49 49 47 43 38 32 27 24 23 2419 816XO 411 411424 4999999999999999 8 9 372211 2399999999999999
 27 31 36 39 41 41 39 37 35 35 36 37 40 44 47 48 47 45 40 35 30 26 24 2419 817XO 433 4115 2 4899999999999999 849 352242 2499999999999999
 25 29 34 38 40 40 40 37 35 34 34 35 37 40 44 46 47 45 42 37 32 28 26 2519 818XO 457 401541 4799999999999999 933 342312 2499999999999999
 25 28 32 36 39 40 40 38 36 33 32 33 34 36 40 43 45 44 43 39 35 31 28 2619 819XO 521 401620 45999999999999991024 322339 2699999999999999
 26 28 31 35 38 40 40 39 37 34 32 31 31 33 36 39 42 42 42 40 37 33 30 2919 820XO 544 4017 5 42999999999999991125 31999999999999999999999
 28 29 31 35 38 40 40 40 38 35 33 31 30 31 32 35 38 40 40 40 38 35 33 3119 821XO 6 5 4018 2 4099999999999999 0 5 281227 3099999999999999
 31 31 32 35 38 40 41 41 40 37 34 32 30 30 30 31 34 36 38 38 38 37 35 3419 822XO 626 411918 3899999999999999 024 311325 2999999999999999
 33 33 34 36 38 40 42 42 41 39 37 34 31 30 29 29 30 32 35 36 37 38 37 3619 823XO 652 422049 3899999999999999 030 331424 2899999999999999
 36 36 36 37 39 41 42 43 43 42 40 36 33 31 29 28 27 29 31 33 35 37 38 3819 824XO 728 43999999999999999999999 021 361531 2799999999999999
 38 38 38 39 40 41 42 44 44 44 43 40 37 33 30 28 26 26 27 29 32 35 37 3919 825XO 819 449999999999999999999991643 26999999999999999999999
 40 40 40 40 40 41 42 44 45 46 46 44 41 38 33 30 26 24 24 25 28 31 35 3819 826XO 923 469999999999999999999991750 24999999999999999999999
 40 41 41 41 41 41 41 43 44 46 48 48 46 43 38 34 29 25 22 22 23 26 31 3619 827XO1034 489999999999999999999991849 22999999999999999999999
 39 41 42 42 41 41 40 41 42 45 48 50 50 48 44 39 33 28 23 20 20 22 26 3119 828XO 221 421141 5099999999999999 551 401943 2099999999999999
 37 40 42 43 42 40 39 39 40 42 45 49 52 52 50 46 40 33 26 21 19 19 21 2619 829XO 245 431242 5299999999999999 646 392035 1899999999999999
 33 38 41 43 42 40 38 36 36 37 40 44 49 53 53 51 46 40 32 25 21 18 19 2219 830XO 313 431339 5499999999999999 736 362125 1899999999999999
 28 35 40 42 43 41 38 35 33 33 35 38 44 50 53 53 51 46 39 31 25 21 19 2019 831XO 342 431436 5499999999999999 830 332212 1999999999999999
 24 31 37 41 43 42 39 35 32 31 31 32 36 43 49 52 52 50 45 38 31 26 22 2119 9 1XO 413 431534 5299999999999999 933 302257 2199999999999999
 23 28 35 40 43 43 41 38 33 30 28 28 30 35 41 47 49 50 48 43 37 31 27 2519 9 2XO 444 431638 50999999999999991041 282340 2599999999999999
 25 28 33 38 42 44 43 40 36 31 28 26 26 28 33 39 43 46 47 45 41 36 33 3019 9 3XO 517 441748 47999999999999991146 26999999999999999999999
 29 29 32 37 41 44 44 43 39 35 31 28 25 25 27 31 36 40 42 43 42 40 37 3519 9 4XO 551 4419 1 4399999999999999 019 291247 2599999999999999
 33 33 34 37 41 43 45 44 43 39 35 31 28 25 25 26 29 33 36 39 40 40 39 3819 9 5XO 627 452023 4099999999999999 056 331350 2499999999999999
 37 37 37 38 40 43 44 45 44 42 39 35 31 28 26 25 26 28 31 34 36 38 39 3919 9 6XO 7 8 45999999999999999999999 131 3715 1 2599999999999999
 39 39 39 40 41 42 43 45 45 44 42 39 36 32 29 26 25 25 27 29 32 35 37 3919 9 7XO 758 459999999999999999999991624 25999999999999999999999
 40 41 41 41 41 42 42 43 44 45 44 43 40 37 33 30 27 25 25 26 28 32 35 3819 9 8XO 859 459999999999999999999991743 25999999999999999999999
 40 41 41 41 41 41 41 42 43 44 45 45 43 40 37 33 30 27 25 25 26 29 32 3619 9 9XO10 9 459999999999999999999991841 24999999999999999999999
 39 40 41 41 41 40 40 40 41 43 44 45 45 43 41 37 33 29 26 25 25 27 30 3419 910XO 230 411115 4599999999999999 555 401926 2499999999999999
 37 40 41 41 40 39 38 38 39 41 43 45 46 45 43 40 36 32 28 25 24 25 28 3219 911XO 236 4112 9 4699999999999999 631 3820 4 2499999999999999
 36 39 40 40 40 38 37 36 37 38 40 43 46 46 45 43 39 34 30 26 24 24 26 3019 912XO 246 411255 4699999999999999 7 2 362037 2499999999999999
 34 38 40 40 40 38 36 34 34 35 37 40 44 46 46 45 42 37 32 28 25 24 25 2819 913XO 258 401336 4699999999999999 735 3421 7 2499999999999999
 32 36 39 40 40 38 35 33 32 33 34 37 41 44 46 46 43 40 35 30 27 25 25 2619 914XO 313 401416 4699999999999999 812 322136 2499999999999999
 30 35 38 40 40 39 36 33 31 30 31 33 37 41 44 45 44 42 37 33 29 26 25 2619 915XO 331 401456 4599999999999999 852 3022 4 2599999999999999
 29 34 38 40 40 39 37 33 30 29 29 30 33 37 42 44 44 43 40 35 31 28 27 2719 916XO 349 401538 4499999999999999 936 292230 2799999999999999
 29 33 37 40 41 40 38 35 31 28 27 27 29 33 38 41 43 43 41 38 34 31 29 2919 917XO 4 7 411623 43999999999999991022 272254 2999999999999999
 30 32 36 40 41 41 39 36 32 29 27 26 27 29 33 38 40 41 41 39 36 33 32 3119 918XO 423 411715 41999999999999991110 262311 3199999999999999
 31 33 36 39 41 42 41 38 35 31 28 26 25 26 29 33 37 39 40 39 38 35 34 3319 919XO 440 421818 40999999999999991159 252311 3399999999999999
 33 34 36 39 42 42 42 40 37 33 29 27 25 25 26 29 33 35 37 38 38 37 36 3519 920XO 5 2 421928 38999999999999991251 2523 4 3599999999999999
 36 36 37 39 41 43 43 42 40 36 32 29 27 25 25 26 28 31 34 36 37 38 37 3719 921XO 531 439999999999999999999991348 25999999999999999999999
 37 38 38 39 41 42 43 43 42 39 36 32 29 26 25 24 25 27 30 32 35 37 38 3819 922XO 614 439999999999999999999991455 24999999999999999999999
 38 39 39 40 41 42 43 43 43 42 40 36 33 29 26 24 23 23 25 28 31 34 37 3819 923XO 724 439999999999999999999991612 23999999999999999999999
 39 39 40 40 40 40 41 42 43 44 43 41 38 34 30 26 23 22 22 23 27 30 34 3719 924XO 856 449999999999999999999991726 21999999999999999999999
 39 40 40 39 39 39 39 40 42 44 45 45 43 39 35 30 25 22 20 20 22 26 31 3519 925XO 134 401022 4599999999999999 458 391828 2099999999999999
 38 40 40 39 38 36 36 37 38 41 44 46 46 44 41 35 30 25 21 19 19 22 27 3219 926XO 139 401136 4799999999999999 559 361922 1999999999999999
 37 39 40 39 37 35 33 33 34 36 40 44 47 48 46 42 36 30 24 20 19 19 23 2819 927XO 158 401240 4899999999999999 650 332012 1899999999999999
 34 38 40 40 38 35 31 29 29 30 34 39 45 48 49 47 42 36 29 24 21 19 21 2519 928XO 220 401340 4999999999999999 742 2921 0 1999999999999999
 32 37 40 41 39 36 31 28 26 26 27 32 38 44 48 48 46 42 36 29 25 22 22 2419 929XO 246 411440 4999999999999999 838 262144 2299999999999999
 29 36 40 42 41 39 34 28 25 23 23 25 30 37 43 47 47 45 41 35 30 27 25 2519 930XO 313 421544 4799999999999999 937 222225 2599999999999999
 28 34 39 43 43 41 37 32 26 22 20 20 23 29 36 42 45 45 44 40 35 31 29 281910 1XO 343 431650 45999999999999991035 2023 4 2899999999999999
 29 33 38 42 44 43 41 36 30 25 21 19 19 22 28 34 39 42 43 41 38 35 33 321910 2XO 414 441757 43999999999999991131 192340 3299999999999999
 32 34 38 42 44 44 43 40 35 29 24 21 19 19 23 28 32 36 39 40 39 38 36 361910 3XO 447 4519 5 40999999999999991226 19999999999999999999999
 35 36 37 40 43 44 44 42 39 34 29 25 22 20 20 23 27 31 34 37 38 38 38 371910 4XO 522 442029 3899999999999999 011 351324 2099999999999999
 37 37 38 40 42 43 43 43 41 38 34 30 26 23 22 22 23 26 29 32 35 36 37 381910 5XO 6 3 43999999999999999999999 030 371429 2199999999999999
 38 39 39 39 40 41 42 42 42 40 37 34 31 27 25 23 22 23 25 28 31 34 36 371910 6XO 656 429999999999999999999991548 22999999999999999999999
 38 39 39 39 39 39 40 40 41 40 39 37 34 31 28 25 23 23 23 25 28 31 34 361910 7XO 8 9 4199999999999999999999917 7 23999999999999999999999
 37 38 38 38 37 37 37 38 39 39 39 39 37 34 31 28 25 23 23 23 25 28 32 341910 8XO 136 38 935 4099999999999999 519 3718 7 2399999999999999
 36 37 37 37 36 35 35 35 36 37 39 39 38 37 34 31 28 25 23 22 24 26 29 331910 9XO 138 371055 3999999999999999 6 7 351851 2299999999999999
 35 37 37 36 35 33 32 32 33 35 37 39 39 38 37 34 30 27 24 23 23 24 28 31191010XO 142 371156 3999999999999999 638 321926 2299999999999999
 34 36 37 36 34 32 30 30 30 32 34 37 39 39 38 36 32 29 25 23 23 24 26 30191011XO 149 371245 3999999999999999 7 6 301956 2399999999999999
 34 36 37 36 34 31 29 27 27 28 31 34 38 39 39 38 35 31 27 25 23 23 25 29191012XO 159 371330 4099999999999999 738 272024 2399999999999999
 33 36 37 37 35 32 28 26 25 25 27 31 35 38 40 39 37 34 30 26 25 24 25 28191013XO 212 371413 4099999999999999 813 252051 2499999999999999
 32 36 38 38 36 33 29 25 23 23 24 27 31 36 39 40 39 36 33 29 26 25 26 28191014XO 228 381458 4099999999999999 851 232117 2599999999999999
 32 36 38 39 37 35 30 26 23 21 21 23 27 32 37 39 39 38 35 32 29 27 27 28191015XO 245 391545 3999999999999999 931 212141 2799999999999999
 31 35 39 40 39 37 33 28 23 21 19 20 23 28 33 37 38 39 37 34 31 30 29 30191016XO 3 3 401635 39999999999999991011 1922 1 2999999999999999
 31 35 39 41 40 39 35 30 25 21 19 19 20 24 29 33 36 38 38 36 33 32 31 31191017XO 323 411730 38999999999999991054 1922 9 3199999999999999
 32 35 38 41 41 40 38 33 28 23 20 18 18 20 24 29 33 35 37 36 35 33 33 33191018XO 347 411828 37999999999999991139 182212 3399999999999999
 33 35 37 40 41 41 39 36 32 26 22 20 18 18 20 24 28 32 34 35 35 35 34 34191019XO 416 421933 36999999999999991229 182218 3499999999999999
 35 35 37 39 41 41 40 38 35 30 26 22 19 18 18 20 24 27 30 33 34 35 35 35191020XO 451 419999999999999999999991327 18999999999999999999999
 35 36 36 37 39 40 40 39 37 34 30 26 22 20 18 18 20 22 26 29 31 33 34 35191021XO 539 409999999999999999999991433 18999999999999999999999
 35 36 36 36 37 38 39 39 39 37 34 30 26 23 20 18 17 18 21 24 28 31 33 34191022XO 7 1 399999999999999999999991547 17999999999999999999999
 35 35 35 34 34 35 36 37 38 38 37 35 31 27 23 20 17 17 18 20 24 28 31 33191023XO 052 35 843 3899999999999999 342 341659 1799999999999999
 35 35 34 33 32 32 32 33 35 37 38 38 36 32 28 24 20 17 16 17 20 24 29 32191024XO 034 351016 3899999999999999 5 6 3218 1 1699999999999999
 34 35 34 32 30 28 28 28 30 33 37 39 39 37 34 29 24 20 18 17 18 22 26 31191025XO 045 351134 3999999999999999 6 4 281854 1799999999999999
 34 35 35 32 29 26 24 24 25 27 32 37 39 40 38 35 30 25 21 19 18 20 24 30191026XO 1 4 351243 4099999999999999 656 241942 1899999999999999
 34 36 36 34 31 26 22 20 20 21 25 31 36 40 41 39 35 30 26 22 21 21 23 28191027XO 127 371348 4199999999999999 748 202026 2099999999999999
 34 37 38 37 33 28 23 19 16 16 18 23 30 36 40 41 39 36 31 27 24 23 24 27191028XO 153 381453 4199999999999999 841 1621 7 2399999999999999
 33 38 40 40 37 32 26 20 16 14 14 17 23 30 36 39 40 39 35 31 28 27 26 28191029XO 222 401558 4099999999999999 933 132145 2699999999999999
 32 37 41 42 40 37 31 24 18 14 12 12 16 23 29 35 38 39 38 35 32 30 29 30191030XO 253 4217 0 39999999999999991024 122218 2999999999999999
 32 36 40 42 42 40 35 29 22 17 14 12 13 17 23 29 33 36 37 36 34 32 32 32191031XO 326 421759 37999999999999991114 122244 3299999999999999
 32 35 38 41 42 41 39 34 28 22 17 14 13 14 18 23 28 32 34 35 35 34 33 331911 1XO 4 1 4219 2 359999999999999912 5 132241 3399999999999999
 33 34 37 39 41 41 40 37 32 26 22 18 15 14 16 19 23 27 30 33 34 34 33 341911 2XO 437 419999999999999999999991257 14999999999999999999999
 34 34 35 37 39 39 39 37 34 30 26 22 19 17 16 17 19 23 26 29 31 32 33 331911 3XO 515 399999999999999999999991353 16999999999999999999999
 34 34 34 35 36 37 37 36 35 32 29 26 22 20 18 17 18 20 22 25 28 30 31 321911 4XO 6 3 379999999999999999999991458 17999999999999999999999
 33 33 33 33 33 33 34 34 34 33 31 28 26 23 20 19 18 18 20 22 25 28 30 311911 5XO 711 3499999999999999999999916 8 18999999999999999999999
 32 32 32 31 31 30 31 31 32 32 31 30 28 25 23 21 19 18 19 20 23 26 28 301911 6XO 038 32 842 3299999999999999 459 3017 8 1899999999999999
 31 31 30 29 28 28 27 28 29 30 30 30 29 28 25 23 20 19 19 19 21 24 27 291911 7XO 037 311018 3199999999999999 552 271753 1999999999999999
 31 31 30 28 27 25 24 24 25 27 29 30 30 29 27 25 22 20 19 19 20 23 26 291911 8XO 041 311135 3099999999999999 626 241829 1999999999999999
 31 31 30 28 26 23 22 21 22 24 26 29 30 30 29 27 25 22 20 20 20 22 26 291911 9XO 047 311236 3099999999999999 658 2119 0 2099999999999999
 31 32 31 29 26 23 20 19 19 20 23 27 29 31 31 30 27 25 22 21 21 23 25 29191110XO 058 321328 3199999999999999 730 181929 2199999999999999
 32 33 32 30 27 23 19 17 16 17 19 24 28 31 32 31 30 27 25 23 22 23 25 29191111XO 113 331418 3299999999999999 8 5 161957 2299999999999999
 32 34 34 33 29 25 20 16 14 14 16 20 25 29 32 33 32 30 27 25 24 24 26 29191112XO 131 3415 7 3399999999999999 841 142024 2499999999999999
 32 35 36 35 32 27 22 17 14 12 13 16 21 26 30 32 33 32 30 27 26 26 26 28191113XO 152 361556 3399999999999999 919 122049 2699999999999999
 32 36 37 37 35 31 25 19 15 12 11 12 16 22 27 31 33 33 32 30 28 27 27 29191114XO 217 371645 3399999999999999 959 1121 9 2799999999999999
 31 35 38 38 37 34 29 23 17 13 10 10 12 17 23 27 31 32 33 31 29 28 28 29191115XO 246 381736 33999999999999991041 102125 2899999999999999
 31 34 37 39 38 36 32 27 20 15 11 10 10 12 17 23 27 30 31 32 30 29 29 29191116XO 319 391830 32999999999999991128  92142 2999999999999999
 30 32 35 37 38 37 35 30 25 19 14 11  9 10 13 17 22 26 29 30 30 30 29 29191117XO 357 381931 30999999999999991218  922 2 2999999999999999
 30 31 33 35 37 37 36 33 29 23 18 14 11  9 10 13 17 21 25 27 29 29 29 29191118XO 441 379999999999999999999991314  9999999999999999999999
 29 30 30 32 34 35 35 34 31 27 22 18 14 11 10 10 13 16 20 24 27 28 28 28191119XO 539 359999999999999999999991415 10999999999999999999999
 28 28 28 29 30 31 32 33 32 30 27 22 18 15 12 11 11 13 16 20 24 26 28 28191120XO 7 0 332258 28999999999999991519 10999999999999999999999
 28 27 26 26 26 26 28 29 31 31 29 27 23 19 16 13 12 12 14 17 21 24 27 28191121XO 836 312322 2899999999999999 341 261623 1199999999999999
 28 27 25 24 22 22 22 24 26 29 30 29 27 24 21 17 14 13 13 15 19 23 26 28191122XO1012 302345 2999999999999999 5 0 221722 1399999999999999
 29 28 26 23 20 18 18 18 21 24 27 29 30 28 25 22 19 16 15 16 18 22 26 29191123XO1138 30999999999999999999999 6 3 181815 1599999999999999
 30 30 28 24 20 16 14 13 14 18 22 27 29 30 29 27 24 20 18 18 18 21 25 29191124XO 010 301256 3099999999999999 658 1319 2 1899999999999999
 32 32 31 27 22 17 13 10 10 11 16 21 26 30 31 30 28 25 22 21 20 22 25 29191125XO 038 3214 8 3199999999999999 750 101944 2099999999999999
 33 35 34 31 26 20 14 10  7  7 10 15 21 27 30 32 31 29 26 24 23 23 25 29191126XO 1 9 351513 3299999999999999 839  72022 2399999999999999
 33 36 37 35 31 25 18 12  8  5  6  9 15 22 27 30 32 31 29 27 25 25 26 28191127XO 142 371612 3299999999999999 927  52054 2599999999999999
 32 36 38 37 35 30 23 16 10  6  5  5 10 16 22 27 30 31 31 29 27 26 27 28191128XO 218 3817 5 31999999999999991014  42118 2699999999999999
 30 34 37 38 37 34 28 21 15  9  6  5  6 11 17 23 27 29 30 29 28 27 27 28191129XO 256 381756 30999999999999991059  52136 2799999999999999
 29 32 35 37 37 35 31 26 19 14  9  7  6  8 12 18 23 26 28 29 28 27 27 27191130XO 334 371848 29999999999999991144  62152 2799999999999999
 28 30 32 35 36 35 33 29 23 18 13  9  7  8 10 14 18 22 25 27 27 27 26 271912 1XO 412 361944 27999999999999991230  722 9 2699999999999999
 27 28 29 31 33 33 32 30 26 21 16 13 10  9  9 11 15 18 22 24 25 26 26 261912 2XO 450 339999999999999999999991316  9999999999999999999999
 26 26 27 28 29 30 30 29 26 23 19 16 13 11 10 11 13 15 19 21 23 24 25 251912 3XO 531 3099999999999999999999914 3 10999999999999999999999
 25 24 24 25 25 26 27 26 25 23 21 18 15 13 12 11 12 14 16 19 21 23 24 241912 4XO 621 272257 24999999999999991451 11999999999999999999999
 24 23 23 22 22 22 23 23 23 23 21 19 17 15 13 12 12 13 15 17 20 22 23 241912 5XO 738 2323 9 2499999999999999 341 221538 1299999999999999
 23 23 21 20 19 19 19 20 21 21 21 20 19 17 16 14 13 14 15 16 19 21 23 241912 6XO 922 212321 2499999999999999 5 8 191624 1399999999999999
 24 23 21 19 17 16 16 16 17 19 20 20 20 19 18 16 15 15 15 16 19 21 23 251912 7XO11 8 202335 2599999999999999 558 1617 6 1599999999999999
 25 24 22 19 16 14 13 13 14 16 18 20 21 21 20 19 18 17 16 17 19 21 24 261912 8XO1231 212353 2699999999999999 636 131745 1699999999999999
 26 25 23 20 16 13 11 10 10 12 15 18 21 22 22 21 20 19 18 18 19 21 24 271912 9XO1335 22999999999999999999999 711 101823 1899999999999999
 28 28 26 22 18 14 10  8  7  9 12 16 20 22 24 24 23 21 20 20 20 22 24 27191210XO 014 281429 2499999999999999 748  71859 2099999999999999
 30 30 28 25 21 16 11  7  5  5  8 12 17 21 24 25 25 24 22 21 21 22 24 27191211XO 041 301518 2599999999999999 825  51933 2199999999999999
 30 32 31 29 24 19 13  8  4  3  4  8 13 19 23 25 26 26 24 23 22 22 24 27191212XO 112 3216 4 2699999999999999 9 5  320 5 2299999999999999
 30 33 33 32 28 23 16 10  5  2  2  4  8 14 20 24 26 26 25 24 23 23 23 25191213XO 147 331649 2699999999999999 947  12035 2399999999999999
 28 32 34 34 32 27 21 14  8  3  1  1  3  9 15 20 24 26 26 25 23 23 23 24191214XO 226 341735 26999999999999991032  021 6 2399999999999999
 26 29 33 34 34 31 26 19 12  6  2  0  0  4 10 15 20 23 25 25 23 22 22 23191215XO 3 9 341823 25999999999999991120  02141 2299999999999999
 24 26 29 32 33 32 29 23 17 10  5  1  0  1  4 10 15 20 22 24 23 22 21 21191216XO 356 331912 24999999999999991210  02228 2199999999999999
 22 23 25 28 31 31 30 27 21 15  9  5  2  0  2  6 11 15 19 21 22 22 21 20191217XO 447 3120 2 229999999999999913 1  0999999999999999999999
 20 20 21 23 26 28 28 27 24 19 14  9  5  3  2  3  7 11 16 19 21 21 21 20191218XO 547 282050 2199999999999999 011 201353  299999999999999
 19 18 18 18 20 22 24 25 24 22 18 14 10  7  5  4  6  9 13 17 19 21 21 20191219XO 7 2 252133 2199999999999999 2 0 181445  499999999999999
 19 17 16 15 15 16 18 20 21 22 20 18 14 11  9  7  7  9 11 15 18 21 22 21191220XO 834 222211 2299999999999999 325 151538  799999999999999
 20 17 15 13 11 11 12 14 17 19 20 19 18 16 13 11 10 10 12 14 18 21 23 23191221XO1016 202245 2399999999999999 446 111631 1099999999999999
 22 20 16 13 10  8  7  8 10 14 17 19 20 19 17 16 14 13 14 15 17 21 24 25191222XO12 0 202320 2599999999999999 557  71723 1399999999999999
 25 23 19 15 11  7  4  3  5  8 12 16 19 20 20 19 18 17 16 16 18 21 24 26191223XO1330 212356 2799999999999999 657  31812 1699999999999999
 27 26 23 19 14  8  4  1  1  3  7 12 16 20 22 22 21 20 19 18 19 21 23 27191224XO1442 22999999999999999999999 749  11857 1899999999999999
 29 29 27 23 18 12  6  2 -1 -1  2  7 12 17 21 23 23 22 21 20 20 21 23 26191225XO 035 291538 2399999999999999 836 -11935 2099999999999999
 29 31 30 27 23 17 10  4  0 -2 -1  2  8 14 19 22 23 23 22 21 20 21 22 24191226XO 116 311624 2399999999999999 921 -220 7 2099999999999999
 28 31 32 30 27 22 15  8  3 -1 -2 -1  3  9 15 19 22 23 23 21 20 20 21 22191227XO 157 3217 4 239999999999999910 4 -22038 2099999999999999
 25 29 31 31 29 25 20 13  6  2 -1 -2  0  5 11 16 20 22 22 21 20 19 20 20191228XO 238 311741 22999999999999991045 -22110 1999999999999999
 22 25 28 30 30 27 23 17 10  5  1 -1 -1  2  7 12 17 20 21 21 19 18 18 19191229XO 318 301818 21999999999999991124 -12144 1899999999999999
 20 22 25 27 28 27 24 19 14  8  3  1  0  1  4  9 13 17 19 20 19 18 17 17191230XO 357 281855 209999999999999912 2  02225 1799999999999999
 18 19 21 24 25 25 24 21 16 11  6  3  1  1  2  6 10 14 16 18 18 17 16 16191231XO 433 261935 18999999999999991239  12317 1699999999999999
