 62 78 93105110107 98 85 72 64 63 71 86104122134138132117 95 72 50 36 3119 1 1YJ 4 7110155313899999999999999 934 622257 3199999999999999
 36 51 70 90106114112104 90 77 68 68 76 92112130141143133114 88 60 36 2119 1 2YJ 5211141638143999999999999991033 672344 1899999999999999
 18 27 46 70 94111119117107 91 77 69 70 81 99120138148146131107 76 46 2219 1 3YJ 6171201719148999999999999991123 68999999999999999999999
  9 10 24 48 76101119125120106 89 74 67 72 87108131147153145125 95 62 3119 1 4YJ 7 1125175715399999999999999 025  812 6 6799999999999999
  9  0  8 28 56 86111125127118101 83 70 67 76 95119141154155141115 81 4619 1 5YJ 739128183215699999999999999 1 2  01244 6699999999999999
 17 -1 -2 12 37 68 98120129126112 93 76 66 68 83105130150158152132101 6519 1 6YJ 81312919 615999999999999999 136 -31319 6599999999999999
 31  6 -4  2 22 51 82109126129120103 84 69 64 72 92116140156158145120 8519 1 7YJ 845130194015999999999999999 2 9 -41353 6499999999999999
 50 20  2 -1 12 36 67 96118128125112 94 76 65 66 7910112614715715213410519 1 8YJ 916129201315799999999999999 240 -21426 6499999999999999
 70 37 13  3  7 26 53 83108123127119103 85 70 64 70 8711013314915214212019 1 9YJ 947127204615399999999999999 311  21459 6499999999999999
 89 57 30 13 10 21 43 70 96116125123112 95 78 67 66 76 9511613514514312919 110YJ1019126212114699999999999999 342  91536 6599999999999999
105 76 48 27 18 21 37 60 85106120124118105 89 75 68 70 81 9911813213713119 111YJ1052124215913799999999999999 413 171617 6799999999999999
115 92 67 45 31 27 36 53 74 96113122122114100 85 74 69 72 83 9911412412619 112YJ1129123224312699999999999999 446 2717 5 6999999999999999
119103 83 63 47 39 40 50 67 86104117122120111 97 84 73 69 72 81 9310511319 113YJ1211122234011599999999999999 523 3818 6 6999999999999999
114108 96 80 65 54 49 52 63 78 94109119123119110 97 83 72 66 67 73 84 9419 114YJ13 0123999999999999999999999 6 6 491922 6599999999999999
102105102 94 83 72 63 60 63 72 85 99113122125121111 96 80 66 58 56 61 7119 115YJ 1 0105135612599999999999999 7 3 602045 5699999999999999
 83 94101102 98 91 81 73 69 70 77 89104118128131126114 96 75 57 44 40 4519 116YJ 245102145513199999999999999 818 692157 4099999999999999
 57 73 89101108107101 91 81 74 73 80 92108124136139132116 93 67 43 27 2219 117YJ 423108155013999999999999999 936 732255 2299999999999999
 29 45 67 89107117117110 98 85 75 73 80 95115134147150139118 87 55 26  819 118YJ 5341181642150999999999999991043 732346  399999999999999
  4 15 37 66 94116127127117100 84 72 71 81100124146160160145117 80 41  919 119YJ 6281291732162999999999999991138 70999999999999999999999
-10-11  5 34 69103126137134119 99 79 67 68 82106134158171168148113 70 2719 120YJ 714137182017299999999999999 033-131227 6699999999999999
 -7-23-20  3 38 78113136144136117 93 72 61 65 84112143168180172147106 5919 121YJ 75814419 818099999999999999 119-241314 6199999999999999
 15-17-30-20  7 47 88123143146133110 84 63 56 64 87118150174182171141 9819 122YJ 840147195518299999999999999 2 4-3014 0 5699999999999999
 50  7-20-27-13 19 60101131146144127101 75 57 52 64 9012215317417816313119 123YJ 921147204317899999999999999 249-281446 5299999999999999
 88 43  6-16-17  3 36 76112137146138118 92 67 52 51 65 9112214916616615019 124YJ10 1146213216899999999999999 332-191533 5099999999999999
119 79 40 10 -4  1 23 56 91121139142131110 84 63 50 52 67 9011713915215019 125YJ1042143222315399999999999999 414 -41624 4999999999999999
134107 74 43 21 14 23 45 74104127138137123103 80 61 51 53 66 8610712513419 126YJ1123139231913499999999999999 456 141720 5199999999999999
132118 97 72 50 36 35 45 65 89112129135131117 98 78 62 53 54 63 77 9410719 127YJ12 6135999999999999999999999 539 341826 5299999999999999
115115107 92 76 62 54 54 64 80 99116128132127114 97 79 64 54 52 56 66 7919 128YJ 028116125513299999999999999 625 531950 5299999999999999
 91100103100 93 83 74 69 70 77 89104117126129125114 99 81 65 52 46 47 5419 129YJ 2 3103135512999999999999999 723 692124 4699999999999999
 65 78 90 98101 99 93 86 80 79 84 93105117126130127116100 81 62 47 37 3619 130YJ 4 210115 313099999999999999 844 792240 3599999999999999
 42 55 71 88100107107101 93 86 82 84 92105118129134130119101 78 56 37 2619 131YJ 53010716 71349999999999999910 8 822334 2599999999999999
 26 35 52 72 92108115114106 95 85 80 82 92107123135140135120 97 71 45 2519 2 1YJ 62211617 1140999999999999991112 79999999999999999999999
 16 19 33 55 80102118122118105 91 79 75 80 93112130143146137117 89 59 3219 2 2YJ 659122174514699999999999999 016 161158 7599999999999999
 14  9 18 38 65 93115126126116 99 82 71 70 80 99121141152150135109 77 4419 2 3YJ 729128182315399999999999999 052  91236 6999999999999999
 19  5  7 23 49 80107126132125109 89 72 64 68 85108133151158150128 97 6219 2 4YJ 757132185815899999999999999 124  413 9 6499999999999999
 30  9  3 12 35 66 97121133131118 97 77 62 60 71 93120144159159144116 8119 2 5YJ 823134193116199999999999999 153  31341 5999999999999999
 46 19  5  7 24 53 85113131135126107 84 65 56 60 7710313115216115413210019 2 6YJ 84913520 416199999999999999 222  31412 5599999999999999
 65 33 13  7 18 42 73103126136132117 94 72 56 53 64 8611413915515714311719 2 7YJ 914136203615899999999999999 250  71444 5399999999999999
 84 51 25 13 17 35 62 93118134136125105 82 62 52 55 70 9512114215214712919 2 8YJ 939137211015299999999999999 317 131517 5199999999999999
101 69 42 24 21 32 55 83109129136131116 94 72 56 51 59 7710112414014413419 2 9YJ10 6137214614499999999999999 343 201553 5199999999999999
113 86 60 39 30 34 50 74100121134135124106 84 65 53 53 63 8210312213213219 210YJ1034136222613399999999999999 411 301633 5199999999999999
120100 77 57 44 42 51 69 91112128134130117 98 78 61 53 55 65 8210011512119 211YJ11 6134231512299999999999999 441 411721 5299999999999999
119108 92 75 61 54 57 67 84103119130132125111 93 75 61 53 54 63 77 9210419 212YJ1144132999999999999999999999 515 541822 5399999999999999
110109102 91 79 71 68 71 81 95109122129129123109 93 75 61 52 50 56 66 7919 213YJ 022110123413099999999999999 559 681943 5099999999999999
 91100103101 96 89 83 80 82 89 99111121129130125113 96 77 60 46 40 43 5219 214YJ 2 6103134413199999999999999 7 9 802114 4099999999999999
 66 81 95104108106101 95 89 87 90 98109121132136133121102 79 55 37 26 2619 215YJ 41310815 613699999999999999 856 872230 2599999999999999
 36 54 75 95110118119112102 92 86 86 94107124138146144131108 78 48 23 1019 216YJ 5311191619147999999999999991027 852330  899999999999999
 10 23 47 75102121131129119103 88 78 78 88107129149160157140111 74 37  819 217YJ 6211321720161999999999999991131 77999999999999999999999
 -6 -3 16 46 82113135142136119 97 77 66 69 84109138162173168146110 67 2519 218YJ 7 2142181317499999999999999 020 -71221 6699999999999999
 -5-17 -9 17 54 94127147149136113 86 64 54 60 82113147172183174146104 5719 219YJ 73915019 318399999999999999 1 6-1713 7 5499999999999999
 15-13-20 -5 27 69110141155150130101 71 49 43 55 83118154178185172140 9519 220YJ 815155195118699999999999999 149-211351 4399999999999999
 48  9-14-14  8 45 88126151157146120 87 57 38 37 54 8512215617718016212819 221YJ 850158203818199999999999999 230-161434 3599999999999999
 85 41  9 -5  2 29 67107139156154136106 73 46 32 35 56 8812315216816714719 222YJ 925157212417099999999999999 3 9 -61518 3199999999999999
114 75 40 16 11 25 54 89123147155146124 93 63 40 31 38 59 8911914215314819 223YJ 958155221215399999999999999 346 1016 3 3199999999999999
129101 70 44 30 33 50 77108133148149135111 83 57 39 35 43 62 8711012813419 224YJ103215023 313499999999999999 422 291651 3499999999999999
129113 92 70 54 49 56 73 96119137144139124102 78 57 44 41 48 63 81 9911119 225YJ11 7144999999999999999999999 456 491746 4199999999999999
116113102 89 76 68 68 76 90108123134136130116 97 78 61 51 47 51 61 73 8619 226YJ 0 5116114613699999999999999 532 671857 4799999999999999
 96102102 99 92 86 83 84 90100111121128128123112 98 82 67 56 50 50 54 6319 227YJ 138103123812999999999999999 618 822035 4999999999999999
 74 85 94100102100 97 94 93 95101108116122124121114102 87 72 58 49 44 4619 228YJ 4 210214 012499999999999999 750 932211 4499999999999999
 54 67 81 94104110110106100 95 94 96102111119125125119108 91 73 55 42 3619 3 1YJ 530110153512699999999999999 955 942313 3699999999999999
 39 49 66 84102114119117109 99 90 87 89 98110122131132126111 91 68 47 3319 3 2YJ 61011916441339999999999999911 6 872356 2899999999999999
 28 34 50 72 95114125126119106 91 81 78 84 97114130140141130110 85 58 3619 3 3YJ 6391271733142999999999999991150 78999999999999999999999
 23 23 36 58 84109127133128114 96 79 69 71 82102124142150146130104 74 4519 3 4YJ 7 4133181215099999999999999 031 221224 6999999999999999
 25 17 24 44 72101124137137124104 82 65 60 67 86112136153157146123 92 5919 3 5YJ 727139184715799999999999999 1 1 171256 6099999999999999
 32 17 18 33 60 91119138142133113 88 66 53 54 70 95124148161158140111 7719 3 6YJ 750143192016299999999999999 129 151325 5299999999999999
 45 23 16 25 49 80111135146141123 98 71 51 45 54 77107136157163153128 9519 3 7YJ 812146195216399999999999999 156 161355 4599999999999999
 61 34 20 22 41 70102130146147134109 80 55 41 42 59 8711814516015814111319 3 8YJ 834149202516199999999999999 221 191426 3999999999999999
 80 49 29 25 36 61 92122143150142121 92 64 43 35 44 67 9712714915614812719 3 9YJ 857150205915699999999999999 247 241457 3599999999999999
 97 67 43 32 37 56 83113137150148132106 76 51 36 35 50 7610513114614813519 310YJ 921151213514999999999999999 312 321531 3499999999999999
112 85 60 44 42 54 77104129145149140119 91 64 43 34 39 57 8210912913913619 311YJ 947150221513999999999999999 339 4116 8 3499999999999999
121100 78 60 53 58 73 96119138147144129107 81 57 41 36 44 62 8510612212819 312YJ101614723 412899999999999999 4 7 531651 3699999999999999
123111 94 78 68 67 75 90109127140143136120 99 76 56 43 40 48 63 81 9911119 313YJ1050143999999999999999999999 439 661746 4099999999999999
116114105 95 85 80 82 89102116129136137130116 97 77 60 47 43 47 58 72 8719 314YJ 0 9116113613899999999999999 519 8019 1 4399999999999999
100107110107102 97 94 94 98106115125131133129118103 84 66 51 42 41 47 5919 315YJ 156110125013399999999999999 629 932038 4099999999999999
 75 91104112115114109104 99 98102109118127134134127113 94 71 51 36 30 3419 316YJ 4 9115143513599999999999999 844 9822 6 3099999999999999
 47 66 88107121127126118107 97 91 91 99112127140145141126102 74 46 25 1719 317YJ 51812716 5145999999999999991025 902310 1699999999999999
 21 38 63 92117134140134120102 86 77 77 89109131150160155137107 72 38 1419 318YJ 6 01401712160999999999999991125 76999999999999999999999
  5 14 37 69104132148149137115 90 69 59 64 82109139163173166142106 65 2919 319YJ 63515118 717399999999999999 0 1  51212 5999999999999999
  5  0 14 45 83120148159153132103 72 50 42 53 78113147173181170141101 5719 320YJ 7 9159185618199999999999999 045 -11255 4299999999999999
 21  1  3 25 61102138161164150121 85 53 32 30 47 79118154177182166133 9119 321YJ 741165194318399999999999999 126 -11337 2999999999999999
 49 18  6 15 44 83123154168163139105 67 36 20 24 47 8212215617517415512219 322YJ 813169202917799999999999999 2 4  61418 1999999999999999
 82 45 22 19 36 68106141163168154125 87 51 24 15 25 51 8712315216516114019 323YJ 844169211516699999999999999 240 181459 1599999999999999
109 74 47 33 38 60 92126152165161140108 72 40 20 17 31 58 9012114315114319 324YJ 91516622 115199999999999999 314 331541 1699999999999999
124 98 72 54 50 61 84112138156159148125 94 62 37 24 25 40 64 9111513013419 325YJ 945160225113499999999999999 347 501624 2399999999999999
127111 92 75 66 69 82103125143152149134111 84 59 41 33 36 49 68 8810511619 326YJ1016152234911999999999999999 418 661711 3299999999999999
119114104 92 83 81 86 98114129139142136122102 81 62 49 43 46 55 69 83 9619 327YJ1049142999999999999999999999 451 8018 9 4399999999999999
105108107103 98 94 94 98106116126131131126114 99 84 69 58 52 52 57 66 7619 328YJ 116109113213299999999999999 532 931932 5199999999999999
 88 98104108108106103102103107112118122123120113103 90 77 65 57 53 54 6119 329YJ 332108124912399999999999999 7 71022116 5399999999999999
 71 84 97108114116114109104101100103109115120121118110 98 83 68 56 49 4919 330YJ 456116145012199999999999999 9361002230 4899999999999999
 56 70 86103116124124119109 99 92 90 94103113123128126117102 84 65 51 4319 331YJ 5331251617128999999999999991049 902319 4399999999999999
 45 56 74 95114128133129117102 88 79 79 88102118131138135122102 79 58 4219 4 1YJ 6 11331712138999999999999991131 782356 3799999999999999
 37 44 61 84109129139138127108 88 73 66 71 86107127142147140121 96 70 4819 4 2YJ 62514017541479999999999999912 4 66999999999999999999999
 35 36 50 73101126142146137117 93 71 57 56 68 91117139153153139115 86 5819 4 3YJ 647146183015499999999999999 027 341235 5599999999999999
 39 32 41 62 91120142152147128102 74 53 44 51 71100129151159153133104 7319 4 4YJ 7 915219 516099999999999999 056 3213 4 4499999999999999
 48 34 36 53 81113139155155140113 82 54 37 36 51 79112141158161147122 9119 4 5YJ 730157193916299999999999999 122 331334 3499999999999999
 61 41 36 47 72103133154161150126 94 61 36 26 34 57 9012314916115613710919 4 6YJ 753161201316199999999999999 148 3614 5 2699999999999999
 78 53 41 46 65 94125150163159140109 74 43 24 22 37 6610013115215714712419 4 7YJ 817163204915799999999999999 215 411437 2199999999999999
 96 70 52 49 61 85115142160163151125 91 57 31 19 24 45 7610813515014913519 4 8YJ 842164212815199999999999999 242 481512 1899999999999999
112 87 67 58 62 79105132153162157138109 76 45 25 20 30 53 8311213314213819 4 9YJ 910162221214399999999999999 311 571550 2099999999999999
124104 85 72 69 78 97120142156158147125 96 66 41 26 25 38 60 8611012613219 410YJ 94115923 413299999999999999 343 691634 2499999999999999
128116101 88 81 83 94110129144152150137116 90 64 44 32 33 44 62 8410311719 411YJ1018152999999999999999999999 419 811729 3199999999999999
123121114105 97 93 96104117130140144141130112 91 69 51 40 38 45 59 77 9419 412YJ 01512311 814499999999999999 5 6 931842 3899999999999999
108117120118113107103103107114123131136136129116 99 79 60 46 40 42 53 6819 413YJ 2 0120122913799999999999999 6341032014 4099999999999999
 87104117125126123116108103101104112121130136135126110 90 68 49 38 36 4519 414YJ 345126142213699999999999999 8491012139 3599999999999999
 62 84106124135137131119105 94 88 89 98113129141145139123 98 71 47 32 2919 415YJ 4451371555145999999999999991017 872243 2999999999999999
 39 60 88115136147146134115 94 77 69 72 87109132150157151132103 71 43 2619 416YJ 52514817 3158999999999999991113 692334 2499999999999999
 25 40 67 99130151158151131104 76 56 49 57 79108138160168159135102 66 3819 417YJ 5591581758168999999999999991158 49999999999999999999999
 23 27 48 80116147165165149120 86 55 36 33 47 76112145167173160133 97 6119 418YJ 632167184817399999999999999 018 231240 3299999999999999
 35 26 36 63100136163173165140104 66 35 19 22 43 78116150170172155125 8919 419YJ 7 3173193517399999999999999 057 261321 1899999999999999
 57 37 35 53 84121153173175157125 86 47 19  9 19 46 8312115116716414511519 420YJ 734176202116899999999999999 135 3314 1  999999999999999
 83 56 44 51 73106140165176168144108 68 33 11  7 23 52 8912314815915213319 421YJ 8 517621 615999999999999999 210 441441  699999999999999
106 79 60 57 69 94125153170171156127 91 54 25 11 13 32 61 9412314214713919 422YJ 836173215214799999999999999 244 561521 1099999999999999
121 98 79 69 72 88112138158166161141111 78 47 25 17 24 44 70 9712013313519 423YJ 9 6166224113599999999999999 316 6816 1 1799999999999999
127112 96 84 80 88104124144156157147126 98 70 46 32 29 37 55 76 9811412419 424YJ 937158233612599999999999999 349 801644 2899999999999999
124118108 97 91 92100114129142148145133114 91 69 51 42 41 49 63 80 9610919 425YJ1011148999999999999999999999 425 901734 4099999999999999
116118115109103 99101107117127135137133123107 90 73 60 52 51 57 67 80 9319 426YJ 048118105313799999999999999 512 991838 5199999999999999
105113117117113109106105108114120125127125118107 94 80 68 61 58 60 68 7919 427YJ 22411712 012799999999999999 63910520 2 5899999999999999
 92105115121122120114108104103105110116120122119112101 87 75 65 59 60 6719 428YJ 347123135212299999999999999 8481032125 5999999999999999
 79 94109122129130124115104 96 92 94101110119125125119107 92 77 64 57 5819 429YJ 4351301533125999999999999991010 922224 5799999999999999
 67 82101119132138135124109 94 83 79 83 95109123132133126111 93 74 60 5419 430YJ 5 81381639133999999999999991058 7923 8 5499999999999999
 58 71 91113132144145135117 97 78 67 66 76 93114131141140129111 89 68 5519 5 1YJ 5351461727142999999999999991134 652344 5299999999999999
 52 61 81105129146153146129104 79 60 52 57 74 98122141149145129106 81 6119 5 2YJ 6 015318 91499999999999999912 7 52999999999999999999999
 52 55 71 96123146158157141115 85 58 41 39 52 77106133151155145124 98 7319 5 3YJ 623159184715599999999999999 015 511238 3899999999999999
 56 53 63 86115142161165154129 97 64 38 27 32 53 84117143157156140116 8819 5 4YJ 647166192415899999999999999 045 521310 2699999999999999
 66 55 59 77105135159170165145113 76 43 21 17 31 59 9412715115915213310619 5 5YJ 71317120 215999999999999999 115 551343 1799999999999999
 81 63 60 71 95124152170173159131 94 56 26 11 15 36 6810413515315714512419 5 6YJ 741174204215799999999999999 145 591419 1099999999999999
 99 77 66 69 86113141164175169148115 77 41 17  8 18 43 7711113715115013719 5 7YJ 811175212615399999999999999 217 651457  899999999999999
116 94 78 74 82102128152169173161136101 65 33 14 12 25 52 8311413614514219 5 8YJ 845173221514699999999999999 251 731539 1199999999999999
129111 94 84 84 95115137157167165150124 92 59 33 19 19 34 58 8711313113819 5 9YJ 922168231213999999999999999 329 821627 1799999999999999
135125111 98 92 94105122140154160156141117 88 60 38 27 28 41 62 8710912519 510YJ10 7160999999999999999999999 415 921724 2699999999999999
133132124114105100102110122135146151147135115 91 67 48 37 36 46 63 8410519 511YJ 02213311 615199999999999999 5161001832 3599999999999999
121130132128120111105103107115125135141141134119 99 77 58 45 42 48 63 8219 512YJ 146133123114299999999999999 6511031951 4299999999999999
103121133138134126114104 97 96101111123134139137126109 87 66 51 44 49 6319 513YJ 3 3138141414099999999999999 839 9621 6 4499999999999999
 83107127141146141129112 96 84 80 85 97114131142144136118 95 72 53 45 4919 514YJ 359146154314599999999999999 957 802210 4599999999999999
 65 89115138152154145127104 81 66 61 68 86109131147152144125 99 73 54 4619 515YJ 4421551652152999999999999991054 6123 2 4699999999999999
 53 72100129152163161144119 89 63 46 43 55 78107135153158149127 99 72 5419 516YJ 5191641750158999999999999991141 422347 4999999999999999
 50 61 84115145165171162138105 71 43 28 29 47 76110140158161149125 97 7119 517YJ 5531721842162999999999999991224 26999999999999999999999
 56 56 73100132160175174157126 89 52 25 14 22 45 79115144160160145120 9219 518YJ 627177193016299999999999999 028 5413 5 1499999999999999
 70 60 67 88118148171180171146110 71 36 13  8 22 50 8512014615815413811319 519YJ 7 0180201615999999999999999 1 6 601345  899999999999999
 88 71 68 80104134161177178162132 94 55 25  8 10 28 58 9312414615314612919 520YJ 73317921 015399999999999999 143 671425  799999999999999
106 86 75 78 95120146167176170148116 79 44 20 11 18 39 6910112714314613719 521YJ 8 5176214414699999999999999 218 7515 3 1199999999999999
120101 87 82 90108132154168170158133101 68 39 22 19 30 52 8010712713813819 522YJ 838171222913999999999999999 253 821542 1899999999999999
129114 99 90 90101118139155163160144119 90 62 40 29 31 44 65 8911012613319 523YJ 912163231613399999999999999 329 891622 2899999999999999
131122110100 95 98109124140151155148131109 84 61 45 39 43 56 75 9511212419 524YJ 949155999999999999999999999 4 9 9517 5 3999999999999999
129127120111103100103113125137144144137122103 82 65 53 50 55 66 82 9911319 525YJ 011129103314599999999999999 4581001755 5099999999999999
123128126121113106103105112120129134134128117101 85 71 62 59 63 73 8610119 526YJ 114128113013599999999999999 6 81031855 5999999999999999
115125130129124116108103102105112120125127124116104 90 78 69 66 68 77 9019 527YJ 222130125412799999999999999 74210220 5 6699999999999999
105119130135134127117106 97 93 95102111119125125119109 96 83 73 69 71 8019 528YJ 319135143312599999999999999 910 932112 6999999999999999
 94111127138142138128113 98 86 81 83 92105118127129125115100 86 75 70 7319 529YJ 4 21421554129999999999999991012 8122 7 7099999999999999
 84101120137148149140124103 84 71 66 72 85103121133136131119102 85 74 7019 530YJ 4371491655136999999999999991057 662252 7099999999999999
 76 92112134150157152137114 88 66 53 52 63 83107127141143136120100 82 7219 531YJ 5 71571745144999999999999991135 512331 7099999999999999
 72 83103127149162164152128 98 69 46 36 41 59 85114136149149137118 96 7919 6 1YJ 5361651829150999999999999991211 36999999999999999999999
 71 76 93117143163172166146115 80 48 28 23 35 60 92123145155151135113 9219 6 2YJ 6 6172191215599999999999999 0 7 711247 2299999999999999
 77 74 84106133159175178163135 99 61 30 13 15 34 6410013115215815013110819 6 3YJ 638179195415899999999999999 043 731325 1299999999999999
 88 77 79 95120148172183178157123 82 44 16  5 13 37 7210813815515714612619 6 4YJ 713183203915899999999999999 120 7614 5  599999999999999
104 86 80 87107133160179185174147110 69 32  9  3 16 44 7911414115515414119 6 5YJ 751185212615699999999999999 159 801448  399999999999999
121101 87 85 96117143167181182166137 99 60 28  9  8 24 52 8611814215214919 6 6YJ 832184221615299999999999999 240 841534  699999999999999
136118101 90 91104124147167178175157128 93 57 29 15 16 33 61 9212014014819 6 7YJ 918178231014899999999999999 326 891623 1399999999999999
145133117102 94 96108126146162169165149122 90 60 36 25 28 44 68 9612113919 6 8YJ1010170999999999999999999999 419 941717 2499999999999999
146142132117105 97 98107122138152159155142120 93 66 46 37 39 53 7510012319 6 9YJ 010146111215999999999999999 524 971817 3699999999999999
139145143133119106 97 95101112126139147147138121 98 76 58 49 50 62 8210419 610YJ 112145123014899999999999999 645 951921 4899999999999999
126141148145135120105 93 87 89 98112126137142137125106 86 69 59 59 70 8819 611YJ 21314814 014299999999999999 814 872028 5899999999999999
110131147153149137119100 84 74 74 83 98115131140140130114 94 77 67 67 7719 612YJ 3 8153152914199999999999999 931 732131 6599999999999999
 96118140155160153137115 91 70 59 58 68 86108128141144136120100 82 72 7219 613YJ 3561601644144999999999999991034 572228 7199999999999999
 84104128150164166155134106 78 55 42 43 57 80106130145148140123103 85 7519 614YJ 4391661747148999999999999991126 412318 7599999999999999
 78 92115140161172169153126 94 62 39 28 33 51 78108134149151142123102 8519 615YJ 5191721841152999999999999991212 28999999999999999999999
 78 84102127152170177169147115 79 47 25 19 29 52 82114139152152140120 9919 616YJ 557177192815499999999999999 0 3 781254 1999999999999999
 85 82 92113139162177178164136101 64 34 17 16 31 58 9012114415415013511519 617YJ 634180201215499999999999999 044 811333 1499999999999999
 96 85 86101124150170180175155123 86 51 25 14 19 39 6810112914715214412819 618YJ 710180205215299999999999999 123 841412 1399999999999999
108 92 86 93111135158175178167142109 73 42 22 17 27 51 8111113514814813719 619YJ 745179213114999999999999999 2 0 861448 1699999999999999
120102 91 90100120144164175172156129 96 63 37 24 25 40 65 9412013914614219 620YJ 82017522 814699999999999999 236 891524 2299999999999999
130113 99 91 94108128149165170163143116 85 57 37 30 37 55 8010612714014319 621YJ 856170224614399999999999999 313 9116 0 3099999999999999
136123108 97 94100114133150161162151131104 77 55 42 41 51 70 9311513114019 622YJ 934163232714199999999999999 352 941636 4099999999999999
140132119106 98 97104118134147154151139120 97 75 58 50 53 65 8310312113419 623YJ1015154999999999999999999999 437 961715 5099999999999999
140137129117106 99 98105117130140144141130113 94 76 64 60 65 77 9311112619 624YJ 01114011 414499999999999999 532 981758 6099999999999999
136140137128116106 99 97102112122131135132123110 95 81 73 70 75 8610111719 625YJ 1 014012 713599999999999999 641 971849 7099999999999999
131140142138128116104 95 92 95103113122127127122111 99 88 80 78 83 9310719 626YJ 153142133012899999999999999 8 0 921949 7899999999999999
122136144146140129114 99 87 82 84 92104115124127124116106 95 87 84 88 9919 627YJ 24414615 212799999999999999 914 822054 8499999999999999
113129143151151142127108 89 75 68 71 81 97112125131130123112 99 90 87 9219 628YJ 3301521622132999999999999991013 682154 8799999999999999
104121138153159156143122 97 74 58 53 58 73 93114130139138129116101 91 8919 629YJ 41115917241399999999999999911 1 532247 8999999999999999
 95110130150164168160140113 83 57 40 37 47 68 94120139147145133117101 9019 630YJ 4511681816148999999999999991144 372334 8999999999999999
 90100118141162175175161135101 67 39 23 24 40 68 99128148155149135115 9819 7 1YJ 53117719 3155999999999999991227 22999999999999999999999
 89 91105128154175185180160127 88 50 22 10 16 39 7110713715516015113311219 7 2YJ 612185194816099999999999999 019 881310 1099999999999999
 95 87 94112138165185192182156118 75 37 11  3 14 42 7811514416116114912919 7 3YJ 655192203316399999999999999 1 3 871354  399999999999999
107 91 87 97119147174192194180149108 65 27  5  2 18 49 8712315016316014519 7 4YJ 740195211816499999999999999 147 871439  199999999999999
123102 88 88101125153178193192174141100 58 24  6  8 27 60 9713115416315719 7 5YJ 82719522 416399999999999999 233 861525  499999999999999
140118 98 87 89103127154177189185165133 94 55 27 14 19 41 7210713715616019 7 6YJ 916189225016199999999999999 322 861612 1399999999999999
152134113 95 86 89104126151170179174155125 91 58 35 27 35 56 8611714215619 7 7YJ1010179233815999999999999999 415 8617 0 2799999999999999
158148130110 94 85 88101121142158166161145120 91 65 48 43 52 72 9812514519 7 8YJ11 9166999999999999999999999 515 851750 4399999999999999
156155145128108 92 84 85 95111128143151149137118 96 76 63 60 69 8610913119 7 9YJ 027157121915199999999999999 623 831843 6099999999999999
148156154143126107 91 80 79 85 98113128138139133120103 88 77 75 82 9711719 710YJ 119157134314099999999999999 743 781943 7599999999999999
136151158155144126106 87 74 69 73 84 99115128134133124112 99 89 86 9210519 711YJ 214158151813599999999999999 9 5 692049 8699999999999999
123141154161157145125103 81 65 57 60 71 88107124134136131120107 97 93 9819 712YJ 3 91611646137999999999999991017 572156 9399999999999999
110128146159165160145123 97 72 54 45 48 61 82105125138142136125111 99 9519 713YJ 4 31651753142999999999999991115 452256 9599999999999999
101114133152165169162144118 88 61 42 34 40 57 82109131144147140126110 9819 714YJ 45216918441479999999999999912 3 342347 9599999999999999
 95103119140159172173162139109 76 49 31 27 38 60 8911713915015013912210519 715YJ 5361741926152999999999999991245 27999999999999999999999
 95 95106126148167177174158130 97 63 37 24 26 42 69 9912814715414913411519 716YJ 61717820 315499999999999999 030 931323 2399999999999999
 99 91 96111134157175181172150119 83 51 29 21 30 52 8211313815315414412619 717YJ 655181203615599999999999999 1 9 911358 2199999999999999
106 93 89 99119143166180180165139105 70 42 26 25 40 66 9712614715515013519 718YJ 73118221 715599999999999999 145 891431 2399999999999999
116 98 88 90105127152172180174155125 91 59 36 28 35 55 8311313815215314319 719YJ 8 6180213715499999999999999 220 8715 3 2899999999999999
126106 91 87 94112136158173176165141110 78 52 37 36 49 7310112714615314919 720YJ 84117722 715399999999999999 255 861534 3499999999999999
135116 99 88 88 99119141160170167152127 98 70 50 43 49 66 9111613815015219 721YJ 917170223815299999999999999 331 8616 4 4399999999999999
143127109 94 87 90104123143157162155138114 89 67 55 54 64 8310712814415119 722YJ 955162231115199999999999999 410 871635 5299999999999999
148137120104 91 88 93106124140150151143126105 85 70 63 67 80 9911913714819 723YJ1037152234715099999999999999 455 8717 8 6399999999999999
150144132116101 90 88 94105120133140140132118102 87 77 75 81 9411112814119 724YJ1128141999999999999999999999 548 881745 7499999999999999
149149142129113 99 89 86 90100112123130131125115104 93 87 86 9310411913319 725YJ 029150123713199999999999999 654 861832 8699999999999999
144150149141127111 96 85 80 82 90102113122126124118110102 97 9610111112419 726YJ 119151141112699999999999999 810 801937 9699999999999999
137148153151142128109 91 77 70 70 78 9110611812712912611911110410210511419 727YJ 217153155412999999999999999 925 69205710299999999999999
127141153159157146128106 83 65 55 56 65 8210211913213713512811710810410619 728YJ 3161591713138999999999999991028 54221210399999999999999
115130147161168165151128100 72 50 39 40 54 7610212514114814413412010710119 729YJ 41316818 9148999999999999991122 38231210199999999999999
104116134155171179173155125 91 58 33 23 28 47 7610713515215715013511710219 730YJ 5 51791854157999999999999991210 22999999999999999999999
 96101117140165183190181156121 80 43 18 10 20 46 8111714616216415213211119 731YJ 556190193616599999999999999 0 4 961256 1099999999999999
 94 89 98119148175194198185155113 69 31  7  4 20 51 9012815616916614912519 8 1YJ 644199201717099999999999999 052 891341  399999999999999
101 85 83 97123154183201202184149105 60 23  3  5 27 6210414016517316414219 8 2YJ 733204205717399999999999999 138 821425  199999999999999
115 91 77 79 97126158187202199178141 96 53 21  7 15 41 7811815117017215819 8 3YJ 821203213617399999999999999 224 7615 8  799999999999999
133105 82 72 77 97127159184196190167131 90 52 26 19 32 60 9613215917116719 8 4YJ 911196221517299999999999999 311 711551 1999999999999999
150124 97 76 69 76 97125154175183176154121 86 56 38 37 53 8111414316316919 8 5YJ10 2183225516999999999999999 4 0 691633 3699999999999999
161141116 91 74 68 76 95119143161167160141115 87 66 55 59 7510012715016319 8 6YJ1058167233616699999999999999 454 681715 5599999999999999
165154134111 89 74 69 76 91110129143149144131112 93 79 74 79 9411413515219 8 7YJ12 3149999999999999999999999 555 6918 0 7499999999999999
161159148130109 90 76 70 73 83 98114126133133126115103 94 91 9610712313919 8 8YJ 022162132713499999999999999 7 9 701853 9199999999999999
151158156146130110 92 77 68 67 74 85 9911312312812712111410710310611412519 8 9YJ 116158151812899999999999999 837 6720 710399999999999999
138149156155146131113 93 75 64 59 63 74 8910612013013313012311510910911419 810YJ 22315616581339999999999999910 1 59213510899999999999999
124137149157157149134114 91 70 56 50 54 67 8510612413614013712711710810619 811YJ 33315817591409999999999999911 6 50224810699999999999999
111123138152161162153135111 85 62 46 41 48 65 8911313314514713912611210319 812YJ 4351631840147999999999999991154 41234010199999999999999
101109124142158168167154132104 75 51 37 36 48 71 9912514415314913712010419 813YJ 5251691912153999999999999991233 35999999999999999999999
 95 97109128150167175170152124 92 62 40 31 36 55 8311313815415614712910919 814YJ 6 7175194115799999999999999 021 9413 7 3199999999999999
 93 88 95113137160176179168144112 79 50 32 30 43 68 9912915015915413811719 815YJ 64418020 815999999999999999 057 881338 2999999999999999
 96 84 84 98121147170181179161132 98 65 41 30 36 57 8611814415915914712619 816YJ 719182203316199999999999999 129 8214 8 3099999999999999
103 85 78 85104131157176182172149117 83 54 37 35 49 7510613515516215413619 817YJ 753182205816299999999999999 2 1 781435 3499999999999999
112 90 76 76 89113140164178177161134101 70 48 40 47 67 9612614916115914519 818YJ 826179212316299999999999999 233 7415 2 4099999999999999
123 99 80 72 77 95121147166173166146118 88 63 49 49 64 8811614115716115319 819YJ 9 0173214816299999999999999 3 6 721528 4799999999999999
134110 88 74 71 82102127149163164152131104 79 62 57 64 8310813215116015719 820YJ 935165221516199999999999999 341 711555 5799999999999999
143123100 81 72 74 87107129147155152138118 96 78 68 69 8210112414315615819 821YJ1014155224415999999999999999 420 711623 6799999999999999
150134114 93 78 72 77 90108126139144139127110 94 83 79 85 9811613414915619 822YJ11 0144231915699999999999999 5 4 721654 7999999999999999
154144127108 90 78 73 78 89104119129133130121109 99 92 92 9911112513914919 823YJ12 1133999999999999999999999 559 731732 9299999999999999
153150140124106 90 78 72 75 83 9510811912412512111510810410410911812914019 824YJ 0 3153133512599999999999999 712 72183110499999999999999
148152149140126108 91 76 68 66 72 83 9711012112612712411911511211311912819 825YJ 1 7152154212899999999999999 840 66201311299999999999999
138148154154146132112 91 71 58 53 58 70 8810712313413813612912011311111419 826YJ 22915517 71389999999999999910 0 53215511199999999999999
124137151161163156139115 88 62 44 38 43 60 8410913114515014513311910710319 827YJ 34716417571509999999999999911 2 3823 310399999999999999
107120138158172176168146116 81 50 29 23 32 55 86118144158160149131111 9619 828YJ 4511771837161999999999999991153 232355 9199999999999999
 91 98117142167185189177150113 72 37 16 13 28 58 95131157169165147123 9819 829YJ 5461901913169999999999999991239 11999999999999999999999
 82 79 91117148178197199182149106 61 26  7 10 33 6911014717017516413910919 830YJ 637200194817699999999999999 041 781322  699999999999999
 82 67 68 87118154186203202180143 97 52 20  7 17 46 8612816117817615712719 831YJ 725205202318099999999999999 125 6514 4  799999999999999
 94 67 55 62 86121158188203197172133 88 48 22 17 33 6610714517218117114619 9 1YJ 813203205818199999999999999 2 9 551443 1699999999999999
112 79 55 48 59 87122158184194185159121 81 49 32 34 56 8912715817717716119 9 2YJ 9 1194213217999999999999999 253 481522 3099999999999999
133 99 69 49 47 61 88121152173179168144112 80 56 48 57 8011114216517516919 9 3YJ 95117922 717599999999999999 339 461559 4899999999999999
149120 90 64 49 50 64 89116141157160150130106 84 70 68 8010212715016516819 9 4YJ1044160224316999999999999999 428 481636 6799999999999999
158138112 86 65 54 56 68 87108127139141135122106 93 86 8810011713615116019 9 5YJ1147142232416199999999999999 523 531715 8699999999999999
159148130108 87 70 61 61 69 82 9811212312712612011210410110411212413714719 9 6YJ1315127999999999999999999999 631 6018 410199999999999999
152150142127110 92 77 67 64 67 75 8710011112012412412011611311311612313219 9 7YJ 016152152412499999999999999 8 3 64193111299999999999999
140145145140130115 99 83 70 62 61 67 78 9210812012913112912311711311311719 9 8YJ 13414617 013199999999999999 939 61213111399999999999999
125134142146143135121103 84 67 57 54 60 74 9211112713713913412511410710519 9 9YJ 3101461746140999999999999991048 54224610599999999999999
110120133144151150141124102 79 60 49 48 58 76 99122138146144134119105 9719 910YJ 4231521817147999999999999991135 472332 9599999999999999
 96105120137152159157143122 95 70 50 41 45 61 85112135150152144127108 9219 911YJ 5151601843153999999999999991211 41999999999999999999999
 85 90104125146162167160141114 84 58 41 38 49 72101128149157152136114 9319 912YJ 55616719 715799999999999999 0 8 851243 3799999999999999
 79 77 88109135158171172158133101 70 47 36 41 60 89119145159159146123 9819 913YJ 632174193016199999999999999 040 761311 3699999999999999
 77 68 73 91118146168177171150120 86 58 40 38 52 7810913815816415413310619 914YJ 7 5177195216499999999999999 110 671338 3799999999999999
 80 63 61 74 99130157174176163137104 72 49 40 47 69 9913015416516114311719 915YJ 738178201416699999999999999 140 6014 3 4099999999999999
 88 65 54 60 80110140164175170150121 89 62 47 48 63 9012114816416615312819 916YJ 810175203716799999999999999 210 541428 4599999999999999
 99 72 54 51 64 89120148166169158134105 78 58 53 62 8311214016016716014019 917YJ 84417021 016799999999999999 241 501453 5299999999999999
112 83 60 49 53 71 98127150161159143120 94 73 62 64 8010413015216416314919 918YJ 919162212516599999999999999 314 481518 6199999999999999
125 97 71 54 49 59 79105130147153146130109 88 75 72 80 9912114315816215519 919YJ 957153215216299999999999999 349 491545 7199999999999999
137112 87 65 53 53 65 85107127139141134120104 90 83 86 9711413314915715619 920YJ1043142222415899999999999999 430 521615 8399999999999999
145127104 82 65 56 58 69 85104119129131125116105 98 9510011012413714815219 921YJ114413123 615299999999999999 521 561652 9599999999999999
149138122102 83 68 60 60 68 80 9510911912312311911310910711011712613514319 922YJ1321124999999999999999999999 630 59175310799999999999999
147145137124107 89 73 62 58 61 70 84 9911212212712712412011511411512112819 923YJ 013147153612799999999999999 8 4 5820 311499999999999999
137144146143132116 96 76 60 50 50 58 73 9211112713613813412611610910611019 924YJ 158146165013999999999999999 934 49215410699999999999999
120132145154154145127102 75 53 39 37 47 67 92118138149149140125109 96 9219 925YJ 3331551732150999999999999991040 362257 9299999999999999
 97112132152166169158135104 70 42 26 26 41 68100131153161156139116 94 7819 926YJ 44316918 7161999999999999991132 242344 7499999999999999
 75 85107135162179182167138101 62 32 17 21 43 77115147167170156131101 7419 927YJ 5391831840171999999999999991217 16999999999999999999999
 58 59 76106141172190190170136 94 53 24 14 26 55 94134164177172149116 8119 928YJ 629192191217899999999999999 028 561258 1499999999999999
 53 40 47 72108147179195190166128 85 47 23 21 39 74115152176181167137 9819 929YJ 717196194518299999999999999 110 401337 1999999999999999
 61 36 28 41 72111151180192183156118 78 45 30 35 60 9713616718217815512019 930YJ 8 4192201718399999999999999 152 281415 2999999999999999
 80 46 25 24 42 75114150174181169143108 74 50 44 56 841191521741801681401910 1YJ 851181204918099999999999999 234 221451 4399999999999999
104 66 37 22 26 47 79114144163165153129101 75 61 62 791051351601731711541910 2YJ 940166212217599999999999999 317 211526 6099999999999999
125 91 59 36 27 34 54 82111134147148137118 98 82 76 82 991221441601661581910 3YJ1032149215616699999999999999 4 3 2716 1 7699999999999999
139113 84 58 42 37 44 61 83105122132132125113101 92 91 991131301451541541910 4YJ1134133223215599999999999999 453 371638 9199999999999999
145128106 83 64 52 48 53 65 81 971101191221201141081041041091191291381431910 5YJ13 1122232014399999999999999 553 48172710399999999999999
142134121105 88 73 62 58 59 66 76 891021121181211191161131111121161221281910 6YJ15 5121999999999999999999999 716 5719 711199999999999999
132133129121109 96 82 70 62 60 63 71 84 981121221271271231161111071081121910 7YJ 041133162912899999999999999 856 60212210799999999999999
118125130131126117103 87 72 61 56 59 68 84101118130135133125113103 97 961910 8YJ 2401311710135999999999999991011 562233 9699999999999999
102112124133137134123107 87 69 56 51 56 70 89111129141142134120104 90 841910 9YJ 4 413717391439999999999999911 1 512315 8399999999999999
 86 96112129141146141126105 82 62 49 47 57 77102125142149144129108 88 74191010YJ 45914618 3149999999999999991138 472348 7199999999999999
 71 79 96118138151153143123 98 72 53 44 48 65 91118141153153139116 91 70191011YJ 5401541826155999999999999991210 44999999999999999999999
 59 62 78102128150160157141115 87 61 46 44 56 80109137155159149127 98 71191012YJ 617161184815999999999999999 018 591238 4399999999999999
 53 48 59 82112140159164154132103 74 52 44 50 71100130153163158138109 77191013YJ 650164191016399999999999999 048 4813 4 4399999999999999
 52 39 43 62 92124151164163146120 89 63 48 48 64 91121148164164149121 88191014YJ 723166193116699999999999999 117 381330 4699999999999999
 57 36 31 43 70103135157164156134106 78 58 51 60 82112141161168158134102191015YJ 757164195416899999999999999 147 311355 5199999999999999
 68 40 26 30 50 81114142158158144120 93 70 58 60 77103131155167164146117191016YJ 831160201916899999999999999 218 261421 5799999999999999
 83 51 30 24 35 59 91122144154149132108 86 69 65 75 95121146162166155131191017YJ 9 8154204516699999999999999 251 241448 6599999999999999
100 68 41 26 27 43 69 98124141145137121101 84 75 77 91112134153162158142191018YJ 949145211516299999999999999 327 251518 7499999999999999
117 87 59 38 29 34 51 75101122134135127114 99 88 85 91105123140152155148191019YJ1038136214915699999999999999 4 8 291551 8599999999999999
131107 81 58 42 36 42 57 77 98115125126121112103 97 96102113127139146147191020YJ1143127223414799999999999999 459 361635 9699999999999999
139124104 82 63 49 43 46 58 74 91107117122121117111107105108114123131137191021YJ1320122234813999999999999999 6 7 43175210599999999999999
139134124108 90 71 56 47 47 54 67 83100114123127125120114108105107112120191022YJ1510127999999999999999999999 736 46201010599999999999999
128134136130118101 80 61 48 42 46 59 78 98117131137135126114102 94 92 97191023YJ 143136161413799999999999999 9 5 422147 9299999999999999
108122135143142131111 87 63 44 35 39 54 77104128143148142127107 88 76 73191024YJ 3231441655148999999999999991012 352244 7399999999999999
 81 99121141154155142119 89 60 38 29 35 56 85116142157157143120 92 68 54191025YJ 43415617301599999999999999911 5 292330 5299999999999999
 54 68 93123149165165150121 87 54 32 26 38 65 99134158168160137105 72 45191026YJ 53116718 3168999999999999991150 26999999999999999999999
 32 37 59 92128158173171151119 82 49 30 30 49 81119152172173157125 86 49191027YJ 622174183517599999999999999 013 321231 2899999999999999
 24 15 27 56 94133163176169146112 75 47 34 41 66101138167179172146108 66191028YJ 71017619 817999999999999999 054 1513 9 3499999999999999
 30  8  6 24 58 99137163172162137103 71 49 44 57 86122154175179163131 90191029YJ 757172194018099999999999999 136  41346 4399999999999999
 49 16  1  5 28 63103137158162150125 96 70 56 58 77106138164176171149114191030YJ 845163201317699999999999999 217  01422 5599999999999999
 74 37 11  2 11 36 70105133148149136115 91 73 67 75 95122148165169157132191031YJ 933151204616999999999999999 259  21457 6799999999999999
 98 63 32 14 10 23 47 76105126137136125108 91 80 80 901091311491591571421911 1YJ1023138211916099999999999999 342 101533 7899999999999999
117 87 58 35 23 23 36 56 80102118126125116105 94 89 911021171321441481421911 2YJ1121126215614899999999999999 427 211612 8999999999999999
128106 82 59 43 35 37 47 63 81 98111118118113106100 971001071171271341351911 3YJ1233119224013599999999999999 518 3417 4 9799999999999999
129117101 82 66 53 47 48 55 66 81 951061141171151111061021021051111171221911 4YJ14 6117235012499999999999999 623 46183510299999999999999
124120113101 87 74 63 56 54 58 67 80 93106116121120116109103 98 981011061911 5YJ1526121999999999999999999999 747 542040 9899999999999999
112116117114106 94 81 69 60 56 58 67 80 96111123128126118108 97 89 86 891911 6YJ 145117161512899999999999999 9 9 562159 8699999999999999
 96106115120119113101 86 71 60 55 58 68 85104121132135129116100 84 74 721911 7YJ 32512016491359999999999999910 9 542246 7299999999999999
 78 90105119127127118104 85 68 56 52 59 74 95116133142139126107 85 68 581911 8YJ 4311281716142999999999999991053 522322 5799999999999999
 60 71 90110127135133121102 81 62 52 52 64 85109131146148138117 91 66 491911 9YJ 5191361741149999999999999991129 512354 4399999999999999
 43 51 70 95119136142136119 96 73 56 50 57 75100126146155148129101 71 45191110YJ 55914218 51559999999999999912 0 50999999999999999999999
 32 33 49 75105130145146134113 87 65 52 53 67 91119144158158142114 80 49191111YJ 635147182916099999999999999 025 301229 5199999999999999
 26 19 29 53 84116139149145128103 78 59 53 61 82110138158164154129 95 58191112YJ 711150185316499999999999999 055 191257 5399999999999999
 28 12 13 31 61 96126145150139118 93 70 58 59 74100129153166163144112 74191113YJ 747150191916799999999999999 127 101325 5699999999999999
 39 13  4 13 38 72106133147145131108 85 67 61 69 90117144162167156130 94191114YJ 824148194816799999999999999 2 0  41355 6199999999999999
 56 24  5  3 19 48 82114136144138122100 80 69 69 83105131153165162144115191115YJ 9 4144201916699999999999999 235  21427 6799999999999999
 79 43 17  4  8 28 57 89117134138130114 95 81 75 80 96117139156161153132191116YJ 948138205516199999999999999 314  415 2 7599999999999999
102 68 38 16  9 17 37 64 93115128130123109 95 85 83 90105123141151152142191117YJ1040131213615399999999999999 359  91544 8399999999999999
121 94 64 39 22 18 26 44 68 92111123125119109 99 92 91 97108122135142142191118YJ1144125222814399999999999999 450 171639 9099999999999999
133115 92 67 45 31 27 33 48 68 89107119123120113105 98 95 97104114124131191119YJ13 4123234513399999999999999 554 2718 4 9599999999999999
133127114 96 75 55 40 34 37 49 67 87106119126125119109 99 92 90 93100111191120YJ1425126999999999999999999999 710 341957 9099999999999999
121127127119104 85 65 48 39 39 49 66 88109125133133124111 95 82 75 76 84191121YJ 130128152613499999999999999 828 372125 7499999999999999
 97112125131127114 95 72 53 40 39 49 69 93117135143140126106 84 65 55 56191122YJ 3 8131161214499999999999999 936 382226 5499999999999999
 67 86108127138136123102 77 54 41 40 53 76104130148153144123 95 67 44 34191123YJ 4241391651153999999999999991033 392315 3399999999999999
 37 54 80108132145144129105 77 54 41 44 61 88119145160159143114 80 46 23191124YJ 5251461727162999999999999991120 40999999999999999999999
 14 23 46 78111138151148130104 75 53 44 51 73104135159168160136100 61 26191125YJ 61915118 216899999999999999 0 0 1412 3 4499999999999999
  4  0 15 44 81116142153147127 99 72 53 49 62 88120150169171155124 84 43191126YJ 7 8153183717299999999999999 042 -11244 4999999999999999
  9 -8 -6 14 47 86120143151142120 94 69 56 58 76104135161172167144108 67191127YJ 755151191217399999999999999 124-101322 5599999999999999
 27 -1-12 -4 20 55 92123142145133112 88 69 61 69 90118146165169157130 92191128YJ 841145194717099999999999999 2 5-121359 6199999999999999
 52 18 -4 -9  4 31 65 98124137136123104 84 71 69 81103129151163161143114191129YJ 926138202116499999999999999 245 -91436 6899999999999999
 78 43 15  0  1 17 43 74102122130127114 98 83 75 78 92112134149155148128191130YJ1012131205715599999999999999 325 -21514 7599999999999999
100 68 38 18  9 15 32 56 82104119123119108 95 84 81 86 991171331431441341912 1YJ1059123213414599999999999999 4 6  91554 8199999999999999
114 89 62 40 25 22 29 45 66 87104115118114105 95 87 86 911021151271331311912 2YJ1152118221613399999999999999 449 221643 8699999999999999
120103 82 62 45 35 35 42 56 73 90104113116112105 97 91 89 921001091171211912 3YJ1253116231012199999999999999 536 341750 8999999999999999
119111 97 81 65 53 46 45 52 63 78 93106114117114107 99 92 88 88 92 991061912 4YJ1359117999999999999999999999 632 451925 8799999999999999
110110106 96 84 71 61 54 53 58 68 82 96109118121118110 99 88 81 79 81 881912 5YJ 032111145912199999999999999 741 532059 7999999999999999
 96103107106100 90 78 67 60 57 62 72 86102116125127121109 94 80 69 65 681912 6YJ 218107154512799999999999999 851 5722 4 6599999999999999
 77 89100108110105 95 83 70 62 59 64 76 93111125133132121104 84 66 54 501912 7YJ 347110162213499999999999999 951 592250 5099999999999999
 57 70 87103113116111 99 84 70 61 60 68 84103123137141134117 93 68 47 361912 8YJ 4511161653141999999999999991038 592327 3599999999999999
 37 49 68 90110121123115100 83 68 60 62 75 95117137147145131106 77 48 281912 9YJ 5401241722148999999999999991118 60999999999999999999999
 20 27 46 72 98119129128116 98 79 64 60 67 85109133150155145123 91 57 27191210YJ 622130175115599999999999999 0 2 201153 6099999999999999
 10  9 23 49 80108128135129113 92 73 62 62 76 98125148160158140110 73 36191211YJ 7 2135182216199999999999999 036  71227 6099999999999999
  9 -3  3 24 56 90118135137127108 86 69 62 68 87113140159166156131 94 54191212YJ 741138185416699999999999999 110 -313 2 6299999999999999
 18 -5-10  3 30 65100126138136122101 80 66 65 77 99127152167166149118 79191213YJ 821139193016999999999999999 147-111337 6499999999999999
 38  6-12-11  8 39 75108130138132116 95 77 67 70 86110137158168162140106191214YJ 9 313820 816899999999999999 227-141416 6799999999999999
 66 28  0-12 -6 17 49 84113131135127110 91 76 70 77 94118142159164153129191215YJ 948135205016499999999999999 3 9-121457 7099999999999999
 95 57 23  0 -6  3 27 58 90115129131122106 89 77 74 82 99121141153155143191216YJ1037132213715699999999999999 354 -71545 7499999999999999
119 88 54 25  7  4 15 38 66 94116127127118104 90 80 78 85 99117133143143191217YJ1131128223214599999999999999 443  31643 7799999999999999
133112 85 56 32 18 16 27 47 73 97116126126118105 91 81 78 82 93107121130191218YJ1230127234213299999999999999 538 151756 7899999999999999
132124108 86 62 42 30 28 38 56 78100118127127119106 92 80 73 73 81 92106191219YJ1331128999999999999999999999 638 281926 7299999999999999
117122119108 91 72 54 42 39 47 63 83104122131131123108 90 74 63 59 64 75191220YJ 111122143113299999999999999 745 392055 5999999999999999
 90105115118112 99 82 64 52 48 54 69 89111128138137126107 85 64 48 42 46191221YJ 249118152413999999999999999 854 4822 6 4299999999999999
 59 78 97113120118107 90 72 58 54 60 75 97120138146142127103 76 50 31 24191222YJ 415121161214699999999999999 957 5423 3 2499999999999999
 29 46 70 95115125124113 95 76 62 57 65 83106130148153145125 95 63 33 13191223YJ 5251261656153999999999999991053 572352  899999999999999
  8 17 39 68 97119131129117 97 77 63 60 70 91117141157159145119 84 47 17191224YJ 6231321737160999999999999991142 59999999999999999999999
 -1 -3 11 38 71102125135131116 94 74 62 63 78102129152163160140108 70 32191225YJ 712135181716499999999999999 036 -41226 6199999999999999
  3-11 -7 13 44 79110130137129111 89 71 62 68 86112139159166156131 95 55191226YJ 756137185516699999999999999 118-1213 7 6299999999999999
 19 -6-14 -4 20 54 88117133134123104 82 67 64 74 96123147162163147118 80191227YJ 837136193216599999999999999 157-141345 6399999999999999
 42 10 -9-10  5 33 67 99122132129115 95 76 66 68 82106131152161155135103191228YJ 91513320 816199999999999999 234-111422 6599999999999999
 66 32  6 -5  0 20 49 80107125129122106 87 72 67 73 90114136151154143120191229YJ 952129204315599999999999999 311 -51459 6799999999999999
 88 55 26  8  4 15 37 65 92113124124114 98 82 71 70 79 97118136146144129191230YJ1028126211914799999999999999 345  31536 6999999999999999
105 76 48 26 15 17 30 52 77100115121118107 93 80 73 75 85102119132137131191231YJ11 7122215713799999999999999 421 141618 7399999999999999
