 20 17 14 11  8  6  6  7  9 12 14 16 16 16 16 15 14 14 15 16 18 21 23 2319 1 1Z71215 162254 2399999999999999 549  61651 1499999999999999
 22 20 17 13  9  6  4  3  4  7 10 13 16 17 17 17 17 16 17 17 19 21 23 2419 1 2Z714 8 172327 2599999999999999 647  31724 1699999999999999
 24 23 20 16 11  7  4  2  1  3  6 10 14 16 18 18 18 18 18 18 19 21 23 2519 1 3Z79999999999999999999999999999 735  1999999999999999999999
 26 25 23 19 14  9  5  2  0  1  3  7 11 15 18 19 19 19 19 19 19 21 23 2519 1 4Z7 0 3 26999999999999999999999 816  0999999999999999999999
 26 27 25 22 17 12  7  3  0 -1  0  4  9 13 16 19 19 19 19 19 19 20 21 2419 1 5Z7 039 271617 2099999999999999 852 -11850 1999999999999999
 26 27 27 24 20 15  9  4  1 -1 -1  1  5 10 15 18 19 19 19 18 18 19 20 2219 1 6Z7 117 271641 1999999999999999 927 -21929 1899999999999999
 24 27 27 26 23 18 12  7  2 -1 -2 -1  2  7 12 16 18 19 18 18 17 17 18 2019 1 7Z7 154 2717 7 199999999999999910 1 -220 7 1799999999999999
 22 25 26 26 25 21 16 10  4  0 -2 -2  0  4  9 13 16 18 18 17 16 16 16 1719 1 8Z7 231 271736 18999999999999991035 -32046 1699999999999999
 19 22 24 25 25 22 18 12  7  2 -1 -3 -2  1  6 10 13 16 17 16 15 14 14 1519 1 9Z7 3 8 2618 7 179999999999999911 9 -32126 1499999999999999
 17 19 21 23 24 22 19 15  9  4  1 -2 -2  0  3  7 11 14 15 15 15 14 13 1319 110Z7 344 241839 15999999999999991142 -22213 1399999999999999
 14 16 18 20 21 21 19 16 11  7  3  0 -1 -1  2  5  9 12 14 15 14 13 12 1219 111Z7 420 211911 15999999999999991215 -12317 1299999999999999
 12 13 14 16 18 18 18 16 13  9  5  2  1  0  1  4  7 10 13 14 14 13 12 1119 112Z7 5 0 181941 14999999999999991246  0999999999999999999999
 11 11 11 12 14 15 16 15 13 10  7  5  3  2  2  4  7  9 12 14 14 14 13 1119 113Z7 548 1620 8 1499999999999999 043 111314  299999999999999
 10  9  9  9 10 12 13 13 12 11  9  7  6  5  5  5  7  9 12 14 15 15 14 1319 114Z7 654 132034 1599999999999999 2 9  91340  499999999999999
 11  9  8  7  7  8  9 10 11 11 10  9  8  7  7  7  8 10 12 14 16 17 16 1519 115Z7 835 1121 4 1799999999999999 332  714 4  799999999999999
 12 10  7  6  4  4  5  6  8 10 11 11 11 10 10 10 10 11 13 15 17 18 18 1719 116Z71055 112140 1899999999999999 445  41433 1099999999999999
 15 12  9  5  3  1  1  2  4  7  9 11 12 13 13 12 12 13 14 15 17 19 21 2019 117Z72224 21999999999999999999999 545  1999999999999999999999
 19 15 11  7  3  0 -2 -2 -1  2  6 10 13 14 15 15 14 14 15 15 17 19 22 2319 118Z72314 23999999999999999999999 638 -2999999999999999999999
 22 20 16 11  5  1 -3 -5 -5 -3  1  6 11 14 16 16 16 16 15 15 17 19 21 2419 119Z715 5 16999999999999999999999 728 -61811 1599999999999999
 25 24 21 16 10  4 -2 -6 -8 -8 -5  1  7 12 15 17 17 17 16 15 15 17 19 2319 120Z7 0 8 251541 1799999999999999 819 -919 8 1599999999999999
 26 27 26 22 16  9  2 -5 -9-11-10 -5  1  7 13 16 17 17 16 14 14 14 16 1919 121Z7 1 3 271617 1799999999999999 9 9-1120 1 1499999999999999
 23 27 28 26 22 16  8  0 -6-11-12-10 -5  2  8 13 16 17 16 14 13 12 13 1519 122Z7 158 281652 1799999999999999 959-122057 1299999999999999
 19 23 27 28 26 21 14  6 -1 -7-11-12 -9 -4  3  9 13 16 15 14 12 10 10 1119 123Z7 253 281728 16999999999999991047-122158 1099999999999999
 13 17 22 25 26 24 20 13  5 -2 -7-10-10 -7 -1  5 10 14 15 14 12 10  8  819 124Z7 348 2618 4 15999999999999991134-1023 5  899999999999999
  8 11 15 20 23 23 21 17 11  4 -1 -5 -7 -7 -3  2  7 11 14 14 13 10  8  619 125Z7 445 231840 14999999999999991219 -8999999999999999999999
  6  6  8 12 16 19 19 17 14  9  4  0 -3 -4 -3  1  5 10 13 14 14 12  9  719 126Z7 546 191916 1499999999999999 014  513 1 -499999999999999
  5  4  4  6  9 12 14 15 14 11  8  5  2  1  0  2  5  9 12 14 15 14 11  919 127Z7 655 151953 1599999999999999 125  41340  099999999999999
  6  4  2  2  3  5  8 10 11 10  9  8  6  5  4  5  6  9 11 14 15 15 14 1119 128Z7 821 112032 1599999999999999 243  21413  499999999999999
  8  6  3  1  0  0  2  4  6  8  8  8  8  8  8  8  9 10 12 14 15 16 16 1419 129Z71046  92112 1699999999999999 410  01423  899999999999999
 11  8  5  2 -1 -2 -2 -1  1  4  6  8  9 10 10 10 11 11 12 14 15 16 17 1619 130Z72157 17999999999999999999999 532 -2999999999999999999999
 14 11  8  4  1 -2 -4 -4 -2  0  3  6  8 10 11 12 12 12 13 14 15 16 17 1819 131Z72245 18999999999999999999999 636 -4999999999999999999999
 17 14 11  7  3 -1 -3 -5 -5 -3  0  4  7  9 11 12 13 13 13 13 14 16 17 1819 2 1Z72334 18999999999999999999999 725 -5999999999999999999999
 18 17 14 10  6  2 -2 -5 -6 -5 -3  1  5  8 11 12 12 12 12 13 13 14 16 1819 2 2Z79999999999999999999999999999 8 5 -6999999999999999999999
 19 19 17 13  9  4 -1 -4 -6 -7 -5 -1  3  7 10 12 12 12 11 11 12 13 14 1619 2 3Z7 021 1916 6 1299999999999999 840 -71843 1199999999999999
 18 19 18 16 12  7  2 -3 -6 -8 -7 -4  0  5  8 11 12 11 10 10 10 10 12 1419 2 4Z7 1 5 191614 1299999999999999 912 -81930 1099999999999999
 17 19 19 18 15 10  4 -1 -5 -8 -8 -6 -3  2  6  9 11 11 10  9  8  8  9 1119 2 5Z7 147 191631 1199999999999999 944 -82013  899999999999999
 14 17 19 18 16 12  7  1 -4 -7 -9 -8 -5 -1  4  8 10 10  9  8  6  6  7  819 2 6Z7 226 191652 10999999999999991015 -92056  699999999999999
 11 14 17 18 17 14  9  4 -1 -6 -8 -8 -7 -3  2  6  8 10  9  8  6  5  4  519 2 7Z7 3 4 181715 10999999999999991045 -92141  499999999999999
  7 10 13 16 16 14 11  6  1 -3 -6 -8 -7 -4  0  4  7  9  9  8  6  4  3  319 2 8Z7 341 161738  9999999999999991113 -82231  399999999999999
  4  6  9 12 14 14 11  8  3 -1 -4 -6 -6 -5 -1  3  6  8  9  8  6  4  3  219 2 9Z7 419 1418 0  9999999999999991140 -62325  299999999999999
  2  3  5  8 11 12 11  9  5  2 -2 -4 -4 -4 -1  2  6  8  9  9  8  5  3  119 210Z7 5 1 121821  99999999999999912 3 -4999999999999999999999
  1  1  2  4  7  9  9  8  6  4  1 -1 -2 -1  0  2  6  8 10 10  9  7  4  219 211Z7 551  91843 1099999999999999 025  11221 -299999999999999
  0  0  0  1  3  5  6  7  6  5  3  2  1  1  2  3  6  8 10 11 11  9  6  419 212Z7 7 0  71910 1199999999999999 128 -11229  199999999999999
  1 -1 -2 -2 -1  1  3  4  5  5  5  4  4  4  4  5  7  9 11 12 12 11  9  619 213Z7 843  61945 1299999999999999 239 -21226  499999999999999
  3  0 -2 -3 -4 -3 -2  1  3  4  5  6  6  6  7  7  8  9 11 13 14 14 12 1019 214Z72033 14999999999999999999999 356 -4999999999999999999999
  7  3  0 -3 -5 -6 -6 -4 -1  2  4  6  7  8  9  9  9 10 11 12 14 15 15 1419 215Z72137 15999999999999999999999 511 -6999999999999999999999
 11  7  3 -1 -5 -8 -9 -9 -7 -3  1  5  7  9 10 10 10 10 10 11 13 15 17 1719 216Z72249 17999999999999999999999 616 -9999999999999999999999
 16 13  8  3 -2 -7-10-12-11 -8 -4  1  5  9 10 11 10 10  9 10 11 13 16 1819 217Z715 0 112358 1999999999999999 714-1218 6  999999999999999
 19 18 14  9  3 -3 -9-13-14-13 -9 -4  2  7 10 11 10  9  8  8  8  9 12 1619 218Z71517 11999999999999999999999 8 7-1419 9  899999999999999
 19 20 19 15 10  2 -5-10-14-16-14 -9 -3  3  8 10 10  9  7  6  5  6  7 1119 219Z7 1 1 201541 1199999999999999 858-1620 7  599999999999999
 16 20 21 20 16  9  2 -6-11-15-16-13 -7 -1  5  9 10 10  7  5  3  2  3  519 220Z7 2 0 2116 9 1099999999999999 945-1621 5  299999999999999
 10 15 20 21 19 15  8  1 -6-11-14-14-11 -4  2  7 10 10  8  5  2  0 -1  019 221Z7 257 211639 10999999999999991029-1422 4 -199999999999999
  3  8 14 18 19 17 13  6  0 -6-10-12-11 -7 -1  5  9 10 10  7  3  0 -2 -319 222Z7 354 191710 10999999999999991111-1223 4 -399999999999999
 -2  1  7 12 15 16 14 10  5 -1 -5 -7 -8 -6 -2  3  8 10 11  9  5  1 -2 -419 223Z7 452 161741 11999999999999991150 -8999999999999999999999
 -5 -4  0  4  9 11 12 11  8  4  0 -2 -4 -4 -1  3  7 10 11 11  8  4  1 -319 224Z7 554 121813 1199999999999999 0 3 -51225 -499999999999999
 -5 -6 -5 -2  2  5  7  8  8  6  4  2  1  0  1  3  7  9 11 12 10  7  4  019 225Z7 7 4  81845 1299999999999999 1 4 -61253  099999999999999
 -3 -5 -6 -6 -4 -1  2  4  5  5  5  4  4  4  4  5  7  9 11 12 11 10  7  419 226Z7 837  51919 1299999999999999 212 -61254  499999999999999
  1 -2 -5 -6 -6 -5 -3 -1  1  3  4  5  5  6  6  7  8  9 10 11 12 11 10  719 227Z71957 12999999999999999999999 330 -6999999999999999999999
  4  1 -2 -5 -6 -7 -6 -5 -2  0  2  4  6  7  8  8  9  9 10 11 11 12 11 1019 228Z72049 12999999999999999999999 457 -7999999999999999999999
  7  4  1 -2 -5 -7 -8 -7 -5 -3  0  3  5  7  8  9  9  9  9 10 10 11 11 1119 3 1Z722 0 11999999999999999999999 6 8 -8999999999999999999999
 10  7  4  1 -3 -6 -8 -8 -8 -5 -2  1  4  6  7  8  8  8  8  9  9 10 11 1219 3 2Z72311 12999999999999999999999 659 -8999999999999999999999
 11 10  7  4  0 -4 -7 -9 -9 -7 -5 -1  3  5  7  8  8  7  7  7  7  8 10 1119 3 3Z71522  8999999999999999999999 740 -91828  799999999999999
 12 12 10  7  3 -2 -6 -8-10 -9 -7 -3  1  4  6  7  7  6  5  5  5  6  8 1019 3 4Z7 0 9 121516  799999999999999 815-1019 8  599999999999999
 12 12 12  9  5  1 -4 -7-10-10 -9 -5 -1  3  5  7  7  5  4  3  3  3  5  719 3 5Z7 059 121524  799999999999999 846-101947  399999999999999
 10 12 13 11  8  4 -1 -6 -9-10-10 -7 -3  1  4  6  6  5  3  1  0  0  2  419 3 6Z7 143 131538  799999999999999 916-102027  099999999999999
  7 11 12 12 10  6  1 -4 -7-10-10 -8 -5  0  4  6  7  6  3  1 -1 -2 -1  119 3 7Z7 224 121555  799999999999999 945-1021 8 -299999999999999
  4  8 11 12 11  8  4 -1 -5 -8 -9 -9 -6 -2  3  6  7  6  4  1 -1 -3 -3 -319 3 8Z7 3 4 121613  7999999999999991013 -92150 -399999999999999
  0  4  8 10 11  9  6  2 -2 -6 -7 -8 -6 -2  2  5  7  7  5  3 -1 -3 -5 -519 3 9Z7 344 111630  7999999999999991039 -82234 -599999999999999
 -3  0  4  8  9  9  8  4  0 -3 -5 -6 -5 -2  2  5  8  8  7  4  1 -3 -5 -619 310Z7 426 101648  89999999999999911 2 -62318 -699999999999999
 -6 -4  0  4  7  8  8  6  3  0 -2 -3 -3 -1  2  5  8  9  8  6  3 -1 -4 -619 311Z7 514  817 7  9999999999999991121 -3999999999999999999999
 -7 -6 -4  0  3  6  7  6  5  2  1  0  0  1  3  5  8 10 10  8  5  2 -2 -519 312Z7 613  71730 1099999999999999 0 6 -71130  099999999999999
 -7 -7 -7 -4 -1  2  4  5  5  4  3  2  2  3  4  6  8 10 11 10  8  5  1 -319 313Z7 729  51759 1199999999999999 1 0 -71125  299999999999999
 -5 -7 -8 -7 -5 -2  0  3  4  5  5  4  5  5  6  7  8 10 11 11 10  8  5  119 314Z71839 11999999999999999999999 2 2 -8999999999999999999999
 -3 -6 -8 -9 -8 -7 -4 -1  1  3  5  6  6  7  7  8  9 10 11 12 12 11  9  619 315Z71940 12999999999999999999999 317 -9999999999999999999999
  2 -2 -5 -8-10-10 -9 -6 -3  0  3  5  7  7  8  8  8  9 10 11 12 12 12 1019 316Z721 8 12999999999999999999999 439-10999999999999999999999
  7  3 -1 -5 -9-11-12-11 -8 -4  0  4  6  8  8  8  8  7  8  8 10 12 13 1319 317Z71416  82239 1399999999999999 553-121713  799999999999999
 12  9  4 -1 -5-10-12-13-12 -8 -4  1  5  7  8  8  7  6  5  5  6  9 12 1419 318Z71412  82356 1599999999999999 655-131824  599999999999999
 15 14 10  6  0 -6-10-13-14-12 -8 -2  3  6  8  8  7  5  3  2  2  4  7 1119 319Z71427  8999999999999999999999 748-141921  299999999999999
 15 16 15 12  6  0 -6-11-13-14-11 -6  0  5  8  9  7  5  2 -1 -2 -1  1  619 320Z7 1 3 161449  999999999999999 837-142015 -299999999999999
 11 15 17 16 12  6  0 -6-10-12-12 -8 -2  3  8  9  9  6  2 -2 -4 -5 -4 -119 321Z7 2 5 171515  999999999999999 921-1221 8 -599999999999999
  5 11 15 17 15 12  6  0 -5 -9-10 -8 -4  2  7 10 10  8  4  0 -4 -7 -8 -719 322Z7 3 4 171543 109999999999999910 3-1022 2 -899999999999999
 -3  4 10 14 15 14 10  5  0 -4 -6 -6 -4  1  6 10 12 11  8  3 -2 -6 -9-1019 323Z7 4 3 151612 12999999999999991041 -62254-1099999999999999
 -8 -3  3  8 12 13 12  9  5  1 -1 -2 -2  1  5 10 12 12 11  7  1 -3 -7-1019 324Z7 5 3 131641 12999999999999991115 -32346-1099999999999999
-10 -8 -4  2  6  9 10  9  7  5  3  2  1  3  6  9 12 13 12 10  5  0 -4 -719 325Z7 6 5 1017 9 13999999999999991144  1999999999999999999999
 -9-10 -8 -4  0  4  7  8  8  6  5  5  5  5  7  9 11 13 13 11  8  4  0 -419 326Z7 717  81737 1399999999999999 039-101157  599999999999999
 -7 -9 -9 -7 -4 -1  2  4  6  6  6  7  7  7  8  9 11 12 12 12 10  7  4  019 327Z718 3 12999999999999999999999 136 -9999999999999999999999
 -3 -6 -7 -8 -7 -5 -2  1  3  5  6  7  8  8  9 10 10 11 11 11 11  9  7  419 328Z71830 12999999999999999999999 242 -8999999999999999999999
  1 -2 -5 -6 -7 -6 -5 -3  0  3  5  6  8  9  9  9 10 10 10 10 10 10  8  619 329Z71921 10999999999999999999999 4 0 -7999999999999999999999
  4  1 -2 -4 -6 -7 -6 -5 -3  0  3  5  7  8  9  9  9  9  9  9  9  9  9  819 330Z721 9  9999999999999999999999 516 -7999999999999999999999
  7  4  1 -1 -4 -6 -7 -6 -5 -2  1  4  6  7  8  8  7  7  7  7  7  8  9  919 331Z71420  82246  999999999999999 614 -71827  799999999999999
  8  7  4  1 -2 -4 -6 -7 -6 -4 -1  2  5  7  7  7  6  5  5  4  5  6  8  919 4 1Z714 9  72357  999999999999999 657 -71851  499999999999999
  9  9  7  4  1 -3 -5 -7 -7 -5 -2  1  4  6  7  7  6  4  3  2  2  3  5  819 4 2Z71412  7999999999999999999999 734 -71919  299999999999999
 10 10  9  7  4  0 -4 -6 -7 -6 -4  0  4  6  7  7  6  4  1  0  0  0  2  519 4 3Z7 052 101421  899999999999999 8 5 -71952  099999999999999
  8 10 11  9  6  3 -1 -4 -6 -6 -4 -1  3  6  8  8  7  4  1 -1 -3 -2 -1  219 4 4Z7 140 111433  899999999999999 835 -62028 -399999999999999
  6  9 11 11  9  6  2 -2 -4 -5 -4 -1  3  6  9  9  8  5  2 -2 -4 -5 -4 -119 4 5Z7 224 111448  999999999999999 9 3 -521 5 -599999999999999
  3  7 10 11 11  8  5  1 -2 -3 -3 -1  2  6  9 11 10  7  3 -1 -4 -6 -6 -519 4 6Z7 3 8 1115 4 1199999999999999 931 -32143 -699999999999999
 -1  4  8 11 11 10  8  4  1  0 -1  0  3  6 10 12 12 10  6  1 -3 -6 -7 -719 4 7Z7 353 111523 1299999999999999 957 -12223 -899999999999999
 -5  0  5  9 11 11 10  7  4  2  2  2  3  7 10 13 13 12  9  4 -1 -5 -7 -819 4 8Z7 442 111544 13999999999999991020  223 5 -899999999999999
 -8 -4  1  5  9 10 11  9  7  5  4  4  5  7 10 13 14 14 11  7  2 -2 -6 -819 4 9Z7 537 1116 9 14999999999999991037  42350 -999999999999999
 -9 -7 -4  1  5  8 10 10  9  8  7  7  7  8 10 13 15 15 14 11  6  1 -3 -619 410Z7 640 101637 15999999999999991040  7999999999999999999999
 -8 -9 -7 -4  1  4  7  9  9  9  9  9  9 10 11 13 14 15 15 13 10  6  1 -319 411Z7 8 1  91712 1599999999999999 042 -91029  999999999999999
 -6 -8 -8 -7 -4  0  3  6  8  9 10 10 10 11 11 12 13 15 15 15 13 10  6  119 412Z718 1 15999999999999999999999 141 -8999999999999999999999
 -2 -6 -8 -8 -7 -5 -1  2  5  8  9 10 11 11 11 12 12 13 14 14 14 13 10  719 413Z71918 14999999999999999999999 253 -8999999999999999999999
  3 -1 -5 -7 -8 -8 -6 -2  1  5  8 10 11 11 11 11 10 10 11 12 13 14 13 1119 414Z71312 1121 2 1499999999999999 412 -81612 1099999999999999
  8  4  0 -4 -6 -8 -8 -6 -2  2  6  9 10 11 10  9  8  8  8  9 10 12 14 1419 415Z71258 112239 1499999999999999 526 -81735  899999999999999
 13 10  6  2 -3 -6 -7 -7 -5 -1  3  7 10 11 11  9  7  5  4  4  6  8 12 1419 416Z713 9 11999999999999999999999 628 -81832  499999999999999
 15 14 12  7  3 -2 -5 -6 -6 -3  1  6 10 12 12 10  7  4  2  1  1  3  7 1119 417Z7 0 0 151328 1299999999999999 720 -71924  099999999999999
 15 16 16 13  9  4  0 -3 -5 -4  0  5 10 13 13 12  9  5  1 -2 -3 -2  1  619 418Z7 110 161351 1499999999999999 8 6 -52014 -399999999999999
 11 15 17 16 14  9  5  1 -1 -2  0  4  9 13 15 15 12  7  2 -2 -5 -6 -5 -119 419Z7 214 171418 1599999999999999 848 -221 4 -699999999999999
  5 11 15 17 17 14 10  6  3  2  2  4  9 13 17 17 15 11  6  0 -4 -7 -8 -619 420Z7 315 171446 1799999999999999 926  12152 -899999999999999
 -1  5 11 15 17 16 14 10  7  6  5  6  9 13 17 19 18 15 10  4 -1 -6 -8 -819 421Z7 415 171516 199999999999999910 1  52239 -999999999999999
 -6 -1  5 11 14 16 15 13 11  9  8  8 10 13 17 19 20 18 14  9  3 -2 -6 -819 422Z7 514 161544 20999999999999991031  82326 -899999999999999
 -8 -5  0  6 10 13 15 14 13 12 11 11 12 13 16 19 20 19 17 13  7  2 -2 -519 423Z7 615 151612 20999999999999991048 11999999999999999999999
 -7 -6 -3  1  6  9 12 13 13 13 13 13 13 14 16 18 19 19 18 15 11  6  2 -219 424Z7 728 131637 1999999999999999 013 -710 2 1399999999999999
 -4 -5 -4 -2  2  5  9 11 12 13 13 14 14 15 15 17 18 18 18 16 13 10  6  219 425Z717 0 18999999999999999999999 1 1 -5999999999999999999999
 -1 -3 -3 -3  0  2  5  8 10 12 13 14 14 15 15 16 16 16 16 16 14 12  9  619 426Z71721 17999999999999999999999 154 -3999999999999999999999
  3  0 -1 -2 -1  0  3  5  8 10 12 13 14 14 14 14 14 15 15 15 14 13 11  819 427Z71754 15999999999999999999999 256 -2999999999999999999999
  6  3  1  0 -1 -1  1  3  6  8 11 12 13 13 13 13 13 12 12 13 13 13 12 1119 428Z71312 13999999999999999999999 4 5 -1999999999999999999999
  9  6  4  2  0  0  0  2  4  7  9 11 13 13 12 12 11 10 10 10 11 12 12 1219 429Z71256 132211 1299999999999999 5 6  018 8 1099999999999999
 11  9  7  4  2  1  0  1  3  6  9 11 12 13 12 11 10  8  8  8  8 10 11 1219 430Z71254 132337 1299999999999999 555  01834  799999999999999
 12 11 10  7  5  3  2  1  3  5  8 11 13 13 13 11  9  7  5  5  5  7  9 1119 5 1Z713 0 13999999999999999999999 634  119 4  599999999999999
 13 13 12 10  8  5  3  3  3  5  8 11 14 15 14 12 10  7  4  3  3  4  7 1019 5 2Z7 041 131310 1599999999999999 7 7  31937  399999999999999
 13 14 14 13 11  8  6  4  4  6  8 12 15 16 16 14 11  7  4  1  0  1  3  719 5 3Z7 136 141324 1699999999999999 738  42012  099999999999999
 11 14 15 15 14 11  9  7  6  7  9 12 16 18 18 17 14  9  5  1 -1 -2  0  419 5 4Z7 226 161342 1899999999999999 8 9  62049 -299999999999999
  8 13 16 17 16 15 12 10  9  9 10 12 16 19 20 19 17 12  7  2 -1 -3 -3  019 5 5Z7 315 1714 4 2099999999999999 838  82127 -399999999999999
  4 10 14 17 18 17 15 13 11 11 11 13 16 20 22 22 20 16 11  5  0 -3 -4 -319 5 6Z7 4 5 181430 2299999999999999 9 6 1122 8 -499999999999999
  0  6 11 15 18 19 18 16 14 13 13 14 17 20 23 24 23 20 15  9  3 -1 -4 -519 5 7Z7 457 191459 2499999999999999 930 132252 -599999999999999
 -3  1  7 12 16 18 19 18 17 16 15 16 17 19 22 24 25 23 19 13  7  2 -2 -419 5 8Z7 554 191533 2599999999999999 948 152340 -599999999999999
 -5 -3  2  7 12 16 18 18 18 17 17 17 18 19 21 24 25 24 22 18 12  7  2 -219 5 9Z7 659 181611 2599999999999999 957 17999999999999999999999
 -4 -4 -2  2  7 12 15 17 18 18 18 18 18 19 20 22 24 24 23 21 17 12  7  219 510Z71657 24999999999999999999999 032 -4999999999999999999999
 -1 -3 -3 -1  3  7 11 14 16 18 18 18 18 18 19 20 21 22 23 22 20 17 12  819 511Z718 0 23999999999999999999999 131 -3999999999999999999999
  3  0 -2 -2  0  3  7 11 14 16 18 18 18 18 18 17 18 19 20 21 21 20 17 1319 512Z71136 181927 2199999999999999 237 -21437 1799999999999999
  9  5  2  0  0  1  4  7 11 15 17 18 18 17 16 16 15 15 16 18 19 20 19 1719 513Z71132 1821 6 2099999999999999 347  01620 1599999999999999
 14 11  7  4  2  2  3  5  9 13 16 18 18 18 16 14 13 12 12 13 15 18 19 2019 514Z71147 182243 2099999999999999 454  21731 1199999999999999
 18 16 13  9  6  4  4  5  8 12 16 19 20 19 17 14 12  9  8  8 10 13 17 1919 515Z712 7 20999999999999999999999 551  41828  899999999999999
 20 20 18 15 11  9  7  7  8 12 16 19 21 21 20 16 12  9  6  4  5  7 12 1619 516Z7 0 8 201231 2299999999999999 641  71919  499999999999999
 19 21 21 19 16 13 11 10 10 12 16 20 23 24 23 20 15 10  6  3  2  3  6 1119 517Z7 122 211258 2499999999999999 724 1020 8  299999999999999
 16 20 22 22 20 18 15 14 13 14 16 20 24 26 26 24 19 14  8  4  1  0  1  619 518Z7 229 221327 2699999999999999 8 2 132054  099999999999999
 12 17 21 23 23 21 19 17 16 16 17 20 24 27 28 27 24 18 12  6  2 -1 -1  219 519Z7 330 231358 2899999999999999 836 162139 -199999999999999
  7 13 18 21 23 23 22 20 19 19 19 21 24 27 29 29 27 23 17 11  5  1 -1  019 520Z7 426 231430 2999999999999999 9 2 192223 -199999999999999
  3  8 14 19 22 23 23 22 21 21 21 22 24 26 29 30 29 26 21 15  9  5  1  019 521Z7 521 2315 1 3099999999999999 915 2123 5  099999999999999
  1  5 10 15 19 22 23 23 22 22 22 22 24 26 28 29 29 28 24 19 14  8  4  219 522Z7 618 231532 3099999999999999 913 222347  199999999999999
  1  3  7 11 16 19 21 22 22 22 22 23 23 25 26 28 29 28 26 22 17 12  8  519 523Z716 2 299999999999999999999999999999999999999999999999999
  3  3  5  8 12 16 19 21 22 22 22 22 23 24 25 26 27 27 26 24 20 16 12  819 524Z71633 27999999999999999999999 030  3999999999999999999999
  6  5  5  7 10 13 16 19 20 21 22 22 22 23 23 24 25 25 25 24 21 18 15 1119 525Z717 9 25999999999999999999999 115  5999999999999999999999
  9  7  6  7  8 11 14 17 19 20 21 21 21 21 21 22 22 22 23 22 21 20 17 1419 526Z718 3 23999999999999999999999 2 4  6999999999999999999999
 12 10  8  8  8 10 12 15 17 19 20 21 21 21 20 20 20 20 20 20 20 20 19 1719 527Z71130 211936 2099999999999999 256  816 0 2099999999999999
 15 13 11 10  9 10 12 14 17 19 20 21 21 20 19 18 17 17 17 18 19 19 19 1819 528Z71127 212126 1999999999999999 348  91715 1799999999999999
 17 15 14 12 11 11 12 14 16 19 21 22 22 21 20 18 16 15 14 15 16 18 19 1919 529Z71133 2223 8 1999999999999999 436 111758 1499999999999999
 19 18 17 15 14 13 13 14 17 19 22 23 23 23 21 18 16 13 12 12 13 15 18 1919 530Z71144 24999999999999999999999 517 131835 1299999999999999
 20 20 19 18 16 15 15 16 17 20 23 25 26 25 23 20 16 13 11 10 10 12 15 1819 531Z7 028 2012 0 2699999999999999 555 151911 1099999999999999
 21 22 22 21 20 18 17 17 19 21 24 26 28 28 26 22 18 14 10  8  8  9 12 1619 6 1Z7 132 221221 2899999999999999 630 171949  899999999999999
 20 23 24 24 23 21 20 20 20 22 24 28 30 30 29 26 21 16 11  8  6  6  8 1319 6 2Z7 228 241248 3199999999999999 7 4 202028  699999999999999
 18 22 25 26 26 25 23 22 22 23 25 28 31 33 32 30 26 20 14  9  5  4  5  819 6 3Z7 320 261319 3399999999999999 738 222110  499999999999999
 14 19 24 26 27 27 26 25 24 24 25 28 31 34 35 34 30 25 18 12  7  4  3  419 6 4Z7 412 281355 3599999999999999 811 242155  399999999999999
  9 15 20 25 27 28 28 27 26 26 26 28 30 34 36 36 34 30 24 17 11  6  3  219 6 5Z7 5 4 281435 3699999999999999 842 252243  299999999999999
  5 10 16 21 25 28 28 28 27 26 27 27 29 32 35 37 36 34 29 23 16 10  5  319 6 6Z7 559 281519 3799999999999999 913 262333  299999999999999
  3  5 10 16 21 25 27 28 28 27 27 27 28 30 32 35 36 35 33 28 22 15 10  619 6 7Z7 657 2816 8 3699999999999999 948 27999999999999999999999
  4  4  7 11 17 21 25 27 27 27 27 27 27 27 29 31 34 35 34 31 27 21 16 1119 6 8Z7 759 2717 6 3599999999999999 026  31055 2799999999999999
  7  5  6  8 13 17 21 25 26 27 27 26 26 26 26 27 29 31 32 32 30 26 21 1619 6 9Z7 857 271815 3299999999999999 122  513 1 2699999999999999
 12  9  8  8 11 14 18 22 25 27 27 26 25 24 24 24 24 26 28 29 30 28 25 2219 610Z7 941 271937 3099999999999999 220  81438 2499999999999999
 18 15 12 11 11 13 17 21 24 26 27 27 26 24 23 21 21 21 23 25 27 28 27 2619 611Z71014 272112 2899999999999999 318 1116 5 2199999999999999
 23 20 17 15 14 15 17 20 23 27 28 29 28 26 23 20 18 17 18 19 22 25 26 2719 612Z71043 292254 2799999999999999 415 141718 1799999999999999
 26 24 22 20 19 18 18 20 24 27 30 31 30 28 25 21 18 16 14 15 17 20 23 2619 613Z71112 31999999999999999999999 5 7 181819 1499999999999999
 27 27 26 24 23 22 21 22 24 28 31 33 33 32 28 24 20 16 13 12 12 15 19 2319 614Z7 027 271142 3399999999999999 551 211912 1299999999999999
 26 28 29 28 27 25 25 25 26 28 31 34 35 35 32 28 23 18 14 11 10 11 15 1919 615Z7 147 291214 3699999999999999 629 2520 0 1099999999999999
 24 27 29 30 29 28 27 27 28 29 32 35 37 38 36 33 28 22 17 12 10  9 11 1519 616Z7 253 301248 3899999999999999 658 272045  999999999999999
 20 25 29 31 31 30 30 29 29 30 32 34 37 39 39 36 32 26 20 15 11  9  9 1219 617Z7 348 311323 3999999999999999 720 292127  999999999999999
 17 22 27 30 32 32 31 30 30 31 32 34 37 39 40 39 36 31 25 19 14 11  9 1019 618Z7 435 321359 4099999999999999 741 3022 7  999999999999999
 14 19 24 28 31 32 32 31 31 31 32 33 35 38 40 40 38 34 29 23 17 13 10 1019 619Z7 519 321435 4099999999999999 8 5 312246 1099999999999999
 12 16 21 25 29 31 32 31 31 31 31 32 34 36 38 39 39 36 32 27 21 16 13 1119 620Z7 6 1 321511 3999999999999999 833 312325 1199999999999999
 11 14 18 22 26 29 31 31 30 30 30 31 32 34 36 37 38 37 34 30 25 20 16 1319 621Z7 645 311547 3899999999999999 9 4 30999999999999999999999
 12 13 16 19 23 27 29 30 30 30 30 30 30 32 33 35 36 36 34 31 27 23 19 1619 622Z71625 36999999999999999999999 0 3 12999999999999999999999
 14 13 15 18 21 24 27 29 29 29 29 29 29 30 31 32 33 34 33 32 29 25 22 1819 623Z717 6 34999999999999999999999 042 13999999999999999999999
 16 15 15 17 20 23 25 28 29 29 29 29 28 28 28 29 30 31 31 31 29 27 24 2119 624Z7 857 291757 3199999999999999 120 1513 0 2899999999999999
 19 17 17 17 19 22 24 27 29 29 29 29 28 27 27 27 27 28 28 29 29 28 26 2419 625Z7 926 2919 9 2999999999999999 159 171444 2799999999999999
 22 20 19 19 20 22 24 27 29 30 30 30 29 27 26 25 24 25 25 26 27 27 27 2619 626Z7 947 302047 2799999999999999 236 1916 9 2499999999999999
 24 23 22 22 22 23 25 27 29 31 32 31 30 28 26 24 23 22 22 24 25 26 27 2719 627Z710 7 322242 2799999999999999 314 221711 2299999999999999
 27 26 25 24 24 25 26 28 30 33 34 34 32 30 27 25 22 20 20 20 22 24 27 2819 628Z71029 34999999999999999999999 352 241758 2099999999999999
 29 29 28 27 27 27 28 29 31 34 36 36 35 33 30 26 23 20 18 17 19 21 25 2819 629Z7 022 291056 3699999999999999 434 271841 1799999999999999
 30 31 31 30 30 29 29 30 32 35 37 39 39 37 34 29 25 20 17 15 15 18 21 2619 630Z7 136 311129 3999999999999999 520 291924 1599999999999999
 29 32 33 33 32 32 31 32 33 35 38 40 41 41 38 34 28 23 18 14 13 14 17 2219 7 1Z7 235 3312 8 4299999999999999 6 5 3120 9 1399999999999999
 27 31 34 35 35 34 33 33 34 35 38 41 43 44 42 39 33 27 21 16 12 11 13 1719 7 2Z7 325 351251 4499999999999999 649 332056 1199999999999999
 22 28 32 35 36 36 35 34 34 35 37 39 43 45 45 43 39 33 26 19 14 10 10 1219 7 3Z7 411 361337 4699999999999999 732 342145 1099999999999999
 17 23 29 33 36 36 36 35 34 34 35 37 41 44 46 46 44 39 32 24 18 13 10  919 7 4Z7 456 361427 4799999999999999 817 342235  999999999999999
 12 18 24 30 34 36 36 35 34 34 34 35 37 41 44 46 46 43 38 31 23 17 12 1019 7 5Z7 541 361519 4799999999999999 9 6 342325 1099999999999999
 10 14 19 25 30 34 35 35 34 33 33 33 34 36 40 43 45 45 42 36 30 23 17 1319 7 6Z7 625 351615 45999999999999991011 33999999999999999999999
 11 12 16 21 27 31 34 35 34 33 32 31 31 32 35 38 41 43 42 40 35 29 23 1919 7 7Z7 7 8 351716 4399999999999999 016 111139 3199999999999999
 16 14 15 19 24 28 32 34 35 34 32 31 30 29 30 32 35 38 39 39 37 33 29 2519 7 8Z7 749 351825 4099999999999999 1 6 1413 3 2999999999999999
 21 19 18 19 22 26 30 33 35 35 34 32 30 28 27 28 29 32 34 36 36 35 33 3019 7 9Z7 829 351946 3699999999999999 155 181424 2799999999999999
 27 24 22 22 23 26 30 33 35 36 36 34 32 29 27 25 25 26 28 31 33 34 34 3219 710Z7 9 7 362125 3499999999999999 244 221547 2599999999999999
 31 29 27 26 26 28 30 33 36 38 38 37 34 31 28 25 23 22 23 25 28 30 32 3319 711Z7 944 382323 3399999999999999 331 2617 4 2299999999999999
 33 32 31 31 30 30 32 34 36 39 40 40 38 35 31 27 24 21 20 21 23 26 29 3219 712Z71022 40999999999999999999999 415 301810 2099999999999999
 34 34 34 34 33 33 34 35 37 39 41 42 41 39 35 31 26 22 20 18 19 22 26 2919 713Z7 119 3411 0 4299999999999999 452 3319 5 1899999999999999
 33 35 36 36 36 35 35 36 37 40 42 43 44 42 39 35 30 25 21 18 18 19 22 2719 714Z71140 449999999999999999999991952 18999999999999999999999
 31 34 36 37 37 37 37 37 38 39 41 44 45 45 43 39 34 29 24 20 18 17 20 2419 715Z71221 459999999999999999999992034 17999999999999999999999
 28 32 35 37 38 37 37 37 38 39 41 43 45 46 45 42 38 32 27 22 19 17 18 2119 716Z713 2 469999999999999999999992114 17999999999999999999999
 25 30 34 37 38 38 37 37 37 38 39 41 44 46 46 45 41 36 31 25 21 18 17 1919 717Z7 426 381343 4699999999999999 7 6 372151 1799999999999999
 23 27 32 35 37 38 37 36 36 37 38 39 42 44 46 46 44 40 34 28 23 20 18 1819 718Z7 452 381422 4699999999999999 747 362226 1799999999999999
 20 25 29 33 36 37 37 36 35 35 36 37 39 42 44 45 44 42 37 32 26 22 19 1819 719Z7 521 3715 1 4599999999999999 828 3523 1 1899999999999999
 19 22 27 31 34 36 36 36 35 34 34 35 37 39 42 43 44 42 39 34 29 24 21 1919 720Z7 551 361539 4499999999999999 911 342335 1999999999999999
 19 21 24 29 32 34 36 35 34 33 33 33 34 36 38 41 42 41 40 36 32 27 24 2119 721Z7 623 361617 429999999999999910 2 33999999999999999999999
 20 21 23 27 30 33 35 35 35 34 33 32 32 33 35 37 39 39 39 37 34 30 26 2419 722Z7 654 351659 3999999999999999 0 7 201111 3299999999999999
 22 22 24 26 29 32 34 35 35 34 33 32 31 31 32 34 35 37 37 36 34 32 29 2719 723Z7 723 351748 3799999999999999 038 221236 3199999999999999
 25 24 25 27 29 32 34 36 36 35 34 32 31 30 30 31 32 33 34 35 34 33 31 2919 724Z7 750 361855 3599999999999999 1 6 241354 3099999999999999
 28 27 27 28 30 32 35 36 37 37 36 34 32 30 29 29 29 30 31 33 33 33 33 3219 725Z7 816 372031 3399999999999999 131 271510 2999999999999999
 31 30 30 30 31 33 35 37 39 39 38 36 34 31 29 28 27 27 28 30 31 33 33 3319 726Z7 844 392239 3399999999999999 153 301620 2799999999999999
 33 33 33 33 33 34 36 38 40 41 41 39 37 34 30 28 26 24 25 26 28 31 33 3419 727Z7 918 41999999999999999999999 214 331720 2499999999999999
 35 35 35 35 35 36 37 39 41 43 43 42 40 37 33 29 26 23 22 23 25 28 31 3419 728Z7 959 439999999999999999999991813 22999999999999999999999
 36 37 37 37 37 37 38 39 41 43 45 45 44 41 37 32 28 24 21 20 20 23 27 3219 729Z71048 4599999999999999999999919 3 20999999999999999999999
 35 38 39 39 39 38 38 39 41 43 45 47 48 46 42 37 32 26 21 18 17 19 23 2819 730Z7 245 391142 4899999999999999 530 381953 1799999999999999
 33 37 39 40 40 39 39 39 40 41 44 47 49 50 48 43 37 31 24 19 16 15 18 2219 731Z7 318 401237 5099999999999999 628 382043 1599999999999999
 28 34 38 40 40 40 39 38 38 39 41 45 49 51 51 48 44 37 29 23 18 15 15 1719 8 1Z7 351 401332 5199999999999999 721 382133 1499999999999999
 23 29 35 38 40 40 39 37 36 37 38 41 45 49 52 52 49 43 36 28 22 17 14 1519 8 2Z7 425 401427 5299999999999999 815 362223 1499999999999999
 19 25 31 36 39 40 39 37 35 35 35 36 40 44 49 51 51 48 42 35 28 22 17 1619 8 3Z7 5 0 401523 5199999999999999 916 352310 1699999999999999
 17 21 27 33 37 39 39 38 35 34 33 33 34 38 43 47 49 49 46 41 34 28 23 1919 8 4Z7 535 401621 49999999999999991028 332356 1899999999999999
 18 20 24 30 35 38 40 39 37 34 32 31 31 32 36 40 44 46 46 43 39 33 29 2519 8 5Z7 610 401724 46999999999999991142 31999999999999999999999
 23 22 24 29 33 37 39 40 39 36 33 31 29 29 30 33 37 40 42 42 41 37 34 3019 8 6Z7 647 401835 4299999999999999 041 221253 2999999999999999
 28 26 27 29 33 36 39 41 41 39 36 33 30 28 27 28 30 33 36 38 39 38 37 3519 8 7Z7 725 411959 3999999999999999 123 2614 6 2799999999999999
 33 31 31 31 33 36 39 41 42 41 39 36 33 30 27 26 26 28 30 33 35 37 37 3719 8 8Z7 8 4 422155 3799999999999999 2 3 311526 2699999999999999
 36 35 35 35 35 37 39 41 43 43 42 40 37 33 30 27 25 24 26 28 31 33 35 3719 8 9Z7 847 43999999999999999999999 241 351647 2499999999999999
 37 38 38 38 38 38 40 41 43 44 44 43 41 37 33 30 26 24 23 24 26 29 33 3519 810Z7 935 459999999999999999999991758 23999999999999999999999
 37 39 39 39 39 40 40 41 43 44 45 45 44 41 37 33 29 26 23 22 24 26 30 3319 811Z71026 469999999999999999999991854 22999999999999999999999
 36 38 40 40 40 40 40 41 42 44 45 46 46 44 41 37 32 28 25 22 22 24 27 3119 812Z71118 469999999999999999999991940 22999999999999999999999
 35 38 39 40 40 40 40 40 41 42 44 46 47 46 44 41 36 31 27 23 22 22 25 2819 813Z712 7 479999999999999999999992020 22999999999999999999999
 33 36 39 40 40 39 39 39 40 41 43 45 47 47 46 43 39 34 29 25 22 22 23 2619 814Z7 335 401252 4799999999999999 629 392056 2299999999999999
 30 35 38 39 40 39 38 38 38 39 40 43 45 47 47 46 42 37 32 27 23 22 22 2419 815Z7 347 401335 4899999999999999 710 382129 2199999999999999
 28 32 36 38 39 39 37 36 36 36 38 40 43 46 47 47 44 40 35 29 25 22 21 2319 816Z7 4 5 391415 4799999999999999 751 3622 1 2199999999999999
 26 30 34 37 39 39 37 36 35 34 35 37 40 43 46 46 45 42 38 32 27 24 22 2219 817Z7 427 391454 4699999999999999 834 342231 2299999999999999
 24 28 33 36 38 38 37 36 34 33 33 34 36 39 43 45 45 43 40 35 30 26 24 2319 818Z7 451 381532 4599999999999999 921 3323 0 2399999999999999
 24 27 31 35 37 38 38 36 34 32 32 32 33 36 39 42 43 42 40 37 33 29 26 2519 819Z7 514 381612 43999999999999991013 322327 2599999999999999
 25 27 30 34 37 38 38 37 35 33 31 31 31 33 35 38 40 41 40 38 35 31 29 2719 820Z7 537 381656 41999999999999991111 312351 2799999999999999
 27 28 30 34 36 38 39 38 36 34 32 31 30 30 32 34 37 38 39 38 36 34 31 3019 821Z7 559 391749 39999999999999991212 30999999999999999999999
 30 30 31 34 37 39 40 39 38 36 33 31 30 29 29 31 33 35 36 37 36 35 34 3319 822Z7 622 4019 0 3799999999999999 011 301315 2999999999999999
 32 32 33 35 37 39 40 41 40 38 36 33 31 29 28 28 30 32 33 35 36 36 35 3519 823Z7 648 412040 3699999999999999 020 321421 2899999999999999
 35 35 35 36 38 40 41 42 42 41 38 35 33 30 28 27 27 28 30 32 34 35 36 3719 824Z7 724 42999999999999999999999 011 351532 2799999999999999
 37 37 37 38 39 40 41 43 43 43 42 39 36 32 29 27 25 25 26 28 31 33 36 3719 825Z7 811 439999999999999999999991643 25999999999999999999999
 38 39 39 39 39 40 41 43 44 45 45 43 40 36 32 28 25 23 23 24 26 30 33 3619 826Z7 913 459999999999999999999991747 22999999999999999999999
 38 39 40 40 40 40 41 42 44 45 46 46 44 41 36 32 27 23 21 20 22 25 30 3419 827Z71022 479999999999999999999991844 20999999999999999999999
 37 40 40 40 40 39 39 40 42 44 47 48 48 46 42 37 31 25 21 19 18 20 25 3019 828Z7 227 401130 4899999999999999 533 391937 1899999999999999
 35 38 40 41 40 39 38 38 39 41 44 48 50 50 48 43 37 30 24 20 17 17 20 2519 829Z7 244 411232 5099999999999999 631 382028 1799999999999999
 31 36 39 40 40 38 37 36 36 37 40 44 48 51 51 48 43 37 29 23 19 17 17 2119 830Z7 3 8 401331 5199999999999999 727 352116 1799999999999999
 27 33 38 40 40 39 36 34 33 33 35 38 43 48 51 51 48 43 36 29 23 19 18 1919 831Z7 335 401429 5299999999999999 824 3322 2 1899999999999999
 24 30 36 39 41 40 37 34 31 30 30 32 36 42 47 50 50 47 42 35 29 24 21 2019 9 1Z7 4 5 411527 5099999999999999 926 302246 2099999999999999
 23 28 34 38 41 41 39 35 32 29 28 28 30 35 40 45 48 48 45 40 35 30 26 2419 9 2Z7 437 411628 48999999999999991031 272328 2499999999999999
 24 27 32 37 40 42 41 38 34 30 27 26 26 28 33 38 42 45 45 43 39 35 31 2919 9 3Z7 510 421734 45999999999999991134 25999999999999999999999
 28 29 32 36 40 42 43 41 38 33 30 27 25 25 27 31 35 39 41 41 40 38 35 3419 9 4Z7 544 431847 4199999999999999 0 8 281237 2499999999999999
 32 32 33 36 39 42 43 43 41 37 33 30 27 25 24 26 29 32 35 38 39 38 38 3719 9 5Z7 621 432018 3999999999999999 045 321344 2499999999999999
 36 36 36 37 39 42 43 44 43 41 38 34 30 27 25 24 25 27 30 33 35 37 38 3819 9 6Z7 7 1 44999999999999999999999 118 361459 2499999999999999
 38 38 38 39 40 41 42 43 44 43 41 38 35 31 28 25 24 24 26 28 31 34 36 3819 9 7Z7 748 449999999999999999999991623 24999999999999999999999
 39 40 40 40 40 41 42 43 43 44 43 41 38 35 32 28 25 24 24 25 27 31 34 3619 9 8Z7 847 449999999999999999999991737 24999999999999999999999
 38 40 40 40 40 40 40 41 42 43 44 43 41 39 35 31 28 25 23 23 25 28 31 3419 9 9Z7 957 449999999999999999999991834 23999999999999999999999
 37 39 40 40 40 39 39 40 40 42 43 44 43 41 38 35 31 27 24 23 23 25 29 3219 910Z7 246 4011 3 4499999999999999 545 391918 2399999999999999
 36 38 39 39 39 38 38 38 38 40 42 43 44 43 41 38 33 29 26 23 23 24 27 3019 911Z7 240 391159 4499999999999999 622 381955 2399999999999999
 34 37 38 38 38 37 36 36 36 37 39 42 44 44 43 40 36 32 27 24 23 23 25 2819 912Z7 242 391246 4499999999999999 652 362028 2299999999999999
 32 36 38 38 37 36 34 33 34 34 36 39 42 44 44 42 39 34 30 26 23 22 24 2719 913Z7 252 381329 4499999999999999 726 332058 2299999999999999
 31 34 37 38 37 36 33 32 31 32 33 36 40 42 44 43 41 37 32 28 25 23 23 2519 914Z7 3 7 381410 4499999999999999 8 3 312126 2399999999999999
 29 33 36 38 38 36 33 31 30 29 30 33 36 40 42 43 42 39 35 30 27 24 24 2519 915Z7 325 381450 4399999999999999 843 292153 2499999999999999
 28 32 36 38 38 37 34 31 29 28 28 29 32 36 40 42 42 40 37 33 29 27 25 2619 916Z7 343 381531 4299999999999999 927 282218 2599999999999999
 28 32 35 38 39 38 36 32 29 27 26 27 29 32 36 39 41 40 38 35 32 29 28 2719 917Z7 4 1 391614 41999999999999991012 262241 2799999999999999
 29 31 35 38 39 39 37 34 31 28 26 25 26 29 33 36 38 39 39 37 34 32 30 3019 918Z7 419 3917 3 39999999999999991059 2523 0 3099999999999999
 30 32 35 38 40 40 39 36 33 29 27 25 25 26 29 32 35 37 38 37 36 34 33 3219 919Z7 439 4018 3 38999999999999991149 2523 7 3299999999999999
 32 33 35 38 40 41 40 38 35 32 28 26 25 24 26 28 31 34 36 36 36 35 35 3419 920Z7 5 2 411918 36999999999999991242 242258 3499999999999999
 34 35 36 38 40 41 41 40 38 35 31 28 26 24 24 25 27 30 32 34 35 36 36 3619 921Z7 531 419999999999999999999991343 24999999999999999999999
 36 37 37 38 40 41 42 42 40 38 34 31 28 25 23 23 24 26 28 31 33 35 36 3719 922Z7 612 429999999999999999999991454 23999999999999999999999
 37 38 38 39 39 40 41 42 42 40 38 35 31 28 25 23 22 22 24 27 30 33 35 3719 923Z7 715 429999999999999999999991611 22999999999999999999999
 38 38 38 38 39 39 40 41 42 42 41 39 36 32 28 24 21 20 20 22 25 29 33 3619 924Z7 841 429999999999999999999991722 20999999999999999999999
 37 38 38 38 38 37 38 39 41 42 43 43 41 37 33 28 23 20 18 19 21 25 29 3419 925Z7 141 381010 4399999999999999 442 371823 1899999999999999
 36 38 38 37 36 35 35 36 37 40 43 45 44 42 38 33 28 23 19 17 18 21 26 3119 926Z7 138 381126 4599999999999999 547 351917 1799999999999999
 35 37 38 37 35 33 32 32 33 36 39 43 46 46 44 39 33 27 22 19 17 18 22 2819 927Z7 152 381232 4699999999999999 642 3220 6 1799999999999999
 33 37 38 38 36 33 30 29 28 30 34 39 44 47 47 44 40 33 27 22 19 19 20 2519 928Z7 214 381334 4799999999999999 735 282051 1899999999999999
 31 36 38 39 37 34 30 27 25 25 27 32 38 43 46 47 44 39 33 28 24 21 21 2419 929Z7 239 391434 4799999999999999 831 252134 2199999999999999
 29 35 39 40 39 36 32 27 24 22 22 25 30 37 42 45 45 43 38 33 29 26 24 2519 930Z7 3 8 401536 4699999999999999 927 222215 2499999999999999
 28 33 38 41 41 39 35 30 25 22 20 20 23 29 35 40 43 43 41 38 33 30 28 281910 1Z7 338 411638 44999999999999991024 202253 2899999999999999
 29 33 37 41 42 42 39 34 28 24 20 19 19 23 28 34 38 40 41 39 37 34 32 311910 2Z7 410 421744 41999999999999991120 192328 3199999999999999
 32 33 37 40 43 43 41 38 33 28 24 20 19 19 22 27 32 35 38 39 38 36 35 351910 3Z7 443 431857 39999999999999991217 192359 3499999999999999
 34 35 37 39 42 43 43 41 37 32 28 24 21 19 20 22 26 30 33 35 37 37 37 371910 4Z7 518 439999999999999999999991317 19999999999999999999999
 37 37 37 39 40 42 42 41 39 36 32 28 25 22 21 21 22 25 28 31 34 35 36 371910 5Z7 555 429999999999999999999991425 21999999999999999999999
 38 38 38 38 39 40 41 41 40 38 35 32 29 26 23 22 21 22 24 27 30 33 35 361910 6Z7 642 419999999999999999999991543 21999999999999999999999
 37 38 38 38 38 38 39 39 39 39 37 35 33 30 26 24 22 22 22 24 27 30 33 351910 7Z7 752 3999999999999999999999917 0 22999999999999999999999
 36 37 37 37 37 36 36 37 37 38 38 37 35 33 30 27 24 22 21 22 24 27 30 331910 8Z7 147 37 923 3899999999999999 525 361758 2199999999999999
 35 36 36 36 35 34 34 34 35 36 37 38 37 35 32 29 26 23 22 21 23 25 29 321910 9Z7 139 361045 3899999999999999 6 7 341842 2199999999999999
 34 35 35 34 33 32 32 32 32 34 36 37 38 37 35 32 28 25 23 21 22 24 27 30191010Z7 137 351149 3899999999999999 634 321918 2199999999999999
 33 35 35 34 32 31 29 29 29 31 33 36 37 38 36 34 31 27 24 22 22 23 26 29191011Z7 142 351241 3899999999999999 7 1 291948 2299999999999999
 32 34 35 34 32 30 28 27 27 28 30 33 36 38 38 36 33 29 26 23 22 23 25 28191012Z7 152 351327 3899999999999999 731 262015 2299999999999999
 32 34 35 35 33 30 27 25 24 25 27 30 34 37 38 37 35 32 28 25 24 23 25 28191013Z7 2 5 351410 3899999999999999 8 5 242041 2399999999999999
 31 35 36 36 34 31 27 24 22 22 23 26 31 35 37 38 37 34 31 28 26 25 25 28191014Z7 220 361453 3899999999999999 842 2221 6 2599999999999999
 31 35 37 37 35 32 28 24 22 20 21 23 27 31 35 37 37 36 33 30 28 27 27 28191015Z7 237 371538 3799999999999999 921 202130 2699999999999999
 31 35 37 38 37 35 31 26 22 20 19 20 23 28 32 35 37 37 35 33 30 29 28 29191016Z7 256 381625 379999999999999910 1 192151 2899999999999999
 31 35 38 39 39 37 33 28 24 20 18 18 20 23 28 32 35 36 36 34 32 31 30 31191017Z7 317 391718 36999999999999991043 1822 5 3099999999999999
 32 34 37 39 40 38 36 31 26 22 19 18 18 20 24 28 32 34 35 35 34 33 32 32191018Z7 342 401819 35999999999999991128 1822 7 3299999999999999
 33 34 37 39 40 40 38 34 30 25 21 19 17 18 20 24 28 31 33 34 34 34 33 34191019Z7 410 401935 34999999999999991219 1722 2 3399999999999999
 34 35 36 38 40 40 39 37 33 29 24 21 18 17 18 20 23 26 29 32 33 34 34 34191020Z7 444 409999999999999999999991317 17999999999999999999999
 35 35 36 37 38 39 39 38 36 32 28 24 21 19 17 17 19 22 25 28 31 32 33 34191021Z7 531 399999999999999999999991425 17999999999999999999999
 35 35 35 36 36 37 38 38 37 35 32 29 25 21 19 17 17 18 20 24 27 30 32 34191022Z7 646 389999999999999999999991542 17999999999999999999999
 34 34 34 34 34 34 35 36 37 37 36 33 30 26 22 19 17 16 17 20 23 27 30 33191023Z7 828 379999999999999999999991655 16999999999999999999999
 34 34 33 32 31 31 31 33 35 37 37 37 35 31 27 23 19 17 16 17 20 24 28 32191024Z7 030 3410 5 3799999999999999 457 311756 1699999999999999
 33 34 33 31 29 28 27 28 30 33 36 38 38 36 32 28 23 20 17 17 18 22 26 31191025Z7 038 341127 3899999999999999 555 271849 1799999999999999
 33 34 33 31 28 25 24 23 25 28 32 36 39 39 37 33 29 24 21 19 18 21 25 30191026Z7 056 341238 3999999999999999 647 231935 1899999999999999
 34 35 35 33 29 25 22 20 19 21 26 31 36 39 40 38 34 30 25 22 21 21 24 29191027Z7 119 351343 4099999999999999 739 192018 2199999999999999
 33 37 37 35 32 27 22 18 16 16 19 24 30 36 39 40 38 34 30 27 24 23 25 28191028Z7 146 371446 4099999999999999 830 162059 2399999999999999
 33 37 39 38 35 30 24 19 15 13 14 17 23 30 35 38 39 37 34 31 28 27 27 29191029Z7 216 391548 3999999999999999 922 132136 2799999999999999
 32 37 40 41 39 35 29 23 17 14 12 13 17 23 29 34 37 38 36 34 32 30 29 30191030Z7 248 411649 38999999999999991013 122210 2999999999999999
 32 36 39 41 41 38 34 27 21 16 13 12 13 17 23 29 33 35 36 35 34 32 32 32191031Z7 321 411751 369999999999999911 4 122237 3299999999999999
 33 35 38 40 41 40 37 32 26 21 16 14 13 14 18 23 28 31 34 34 34 33 33 331911 1Z7 354 4119 2 34999999999999991154 132237 3399999999999999
 33 35 37 39 40 40 38 35 30 25 21 17 15 14 16 19 23 27 30 32 33 33 33 341911 2Z7 427 409999999999999999999991247 14999999999999999999999
 34 34 35 37 38 38 38 36 33 29 25 21 18 16 16 17 19 22 26 29 31 32 33 331911 3Z7 5 2 389999999999999999999991344 16999999999999999999999
 34 34 34 35 35 36 36 35 34 31 28 25 21 19 17 17 18 20 22 25 28 30 31 321911 4Z7 541 369999999999999999999991449 17999999999999999999999
 33 33 33 33 33 33 33 33 33 32 30 27 25 22 20 18 18 18 20 22 25 28 29 311911 5Z7 648 339999999999999999999991558 18999999999999999999999
 31 31 31 31 30 30 30 31 31 31 30 29 27 25 22 20 19 18 19 20 23 26 28 301911 6Z7 038 32 829 3199999999999999 510 301659 1899999999999999
 30 30 30 29 28 27 27 28 28 29 30 30 29 27 24 22 20 19 19 19 21 24 27 291911 7Z7 030 311011 3099999999999999 551 271746 1999999999999999
 30 30 29 28 26 25 24 24 25 27 28 29 29 28 27 24 22 20 19 19 21 23 26 291911 8Z7 031 301132 3099999999999999 620 241822 1999999999999999
 30 30 29 27 25 23 22 21 22 24 26 28 30 30 29 27 24 22 21 20 21 23 26 291911 9Z7 037 301235 3099999999999999 650 211852 2099999999999999
 31 31 30 28 25 22 20 19 19 21 23 26 29 30 30 29 27 24 22 21 22 23 26 29191110Z7 048 311327 3099999999999999 721 191920 2199999999999999
 31 32 31 29 26 22 19 17 16 17 20 24 27 30 31 31 29 27 25 23 23 24 26 29191111Z7 1 2 321416 3199999999999999 755 161947 2399999999999999
 32 34 33 31 28 24 19 16 14 14 16 20 25 28 31 32 31 29 27 25 24 25 26 29191112Z7 120 3415 2 3299999999999999 831 142013 2499999999999999
 33 35 35 34 31 26 21 16 13 12 13 16 21 26 30 32 32 31 29 27 26 26 27 29191113Z7 142 351549 3299999999999999 9 8 122039 2699999999999999
 32 35 37 36 33 29 24 18 14 11 11 13 17 22 27 30 32 32 31 29 28 28 28 29191114Z7 2 8 371638 3299999999999999 948 1121 1 2899999999999999
 32 35 37 38 36 32 27 21 16 12 10 10 13 17 23 27 30 32 32 31 29 29 29 30191115Z7 237 381730 32999999999999991030 102119 2999999999999999
 31 34 37 38 37 35 30 25 19 14 11  9 10 13 18 23 27 30 31 31 30 30 29 30191116Z7 3 9 381829 31999999999999991116  92132 2999999999999999
 31 33 35 37 38 36 33 29 23 18 13 10  9 10 13 18 22 26 29 30 30 30 30 30191117Z7 346 3899999999999999999999912 6  9999999999999999999999
 30 31 33 35 36 36 35 32 27 22 17 13 10  9 10 13 17 21 25 27 29 29 29 29191118Z7 430 3799999999999999999999913 2  9999999999999999999999
 30 30 31 32 34 35 35 33 30 26 21 17 14 11 10 11 13 17 21 24 27 28 29 29191119Z7 527 3599999999999999999999914 4 10999999999999999999999
 29 29 29 29 30 31 32 33 32 29 26 22 18 15 12 11 12 14 17 21 24 26 28 28191120Z7 646 3323 1 28999999999999991512 11999999999999999999999
 28 27 27 26 26 27 28 30 31 31 29 26 23 19 16 14 12 13 15 18 22 25 27 28191121Z7 823 312316 2899999999999999 331 261619 1299999999999999
 28 27 25 24 23 22 23 25 27 29 30 29 27 24 21 18 15 14 14 16 20 24 27 29191122Z710 3 302336 2999999999999999 452 221719 1499999999999999
 29 28 25 23 20 19 18 19 22 25 28 30 30 28 26 22 19 17 16 17 19 23 27 29191123Z71134 30999999999999999999999 553 181811 1699999999999999
 30 30 27 23 20 17 14 14 15 19 23 27 30 30 29 27 24 21 20 19 20 23 27 30191124Z7 0 1 301252 3099999999999999 647 141857 1999999999999999
 32 32 30 26 21 17 13 11 10 13 17 22 27 30 31 30 28 25 23 22 22 23 26 30191125Z7 029 3314 1 3199999999999999 738 101937 2299999999999999
 34 35 34 30 25 19 14 10  8  8 11 16 22 27 30 32 31 29 27 25 24 25 26 30191126Z7 1 1 3515 4 3299999999999999 828  72014 2499999999999999
 34 36 36 34 30 24 17 12  8  6  7 10 16 22 27 31 32 31 29 27 26 26 27 29191127Z7 135 3716 3 3299999999999999 916  62047 2699999999999999
 33 36 38 37 34 28 22 15 10  7  5  7 11 17 23 27 30 31 30 29 28 27 28 29191128Z7 210 381658 319999999999999910 2  52112 2799999999999999
 31 35 37 38 36 32 27 20 14  9  6  5  8 12 18 23 27 30 30 29 28 28 28 29191129Z7 247 381752 30999999999999991048  52125 2899999999999999
 30 33 35 37 37 34 30 24 18 13  9  7  7  9 13 19 23 26 28 29 28 28 28 28191130Z7 323 371849 29999999999999991133  62129 2899999999999999
 29 30 33 34 35 34 32 27 22 17 12  9  8  8 11 15 19 23 25 27 27 27 27 271912 1Z7 359 359999999999999999999991218  8999999999999999999999
 28 29 30 31 33 33 31 29 25 20 16 12 10  9 10 12 15 19 22 24 26 26 26 261912 2Z7 435 3399999999999999999999913 4  9999999999999999999999
 26 27 27 28 29 30 30 28 26 22 19 15 13 11 10 11 13 16 19 22 24 25 25 251912 3Z7 513 309999999999999999999991351 10999999999999999999999
 25 25 25 25 26 26 27 26 25 23 20 18 15 13 12 12 13 14 17 19 22 23 24 241912 4Z7 6 4 272255 24999999999999991440 12999999999999999999999
 24 24 23 23 23 23 23 24 24 23 21 19 17 16 14 13 13 14 16 18 20 22 23 241912 5Z7 723 2423 1 2499999999999999 341 231531 1399999999999999
 24 23 22 21 20 20 20 20 21 21 21 21 19 18 16 15 14 15 16 17 20 22 23 241912 6Z7 912 222311 2499999999999999 5 5 201618 1499999999999999
 24 23 21 19 18 17 16 17 18 19 20 21 21 20 18 17 16 16 16 18 20 22 24 251912 7Z711 6 212324 2599999999999999 551 161659 1699999999999999
 25 24 22 19 17 15 14 14 15 17 19 20 21 21 21 19 18 18 18 18 20 22 25 261912 8Z71232 212341 2799999999999999 628 131736 1799999999999999
 27 25 23 20 17 14 11 11 11 13 16 19 21 22 22 22 21 20 19 19 21 23 25 281912 9Z71337 23999999999999999999999 7 3 111811 1999999999999999
 28 28 25 22 18 14 10  9  8 10 13 17 20 23 24 24 23 22 21 21 21 23 26 28191210Z7 0 3 281429 2499999999999999 739  81845 2199999999999999
 30 30 28 25 20 15 11  7  6  6  9 13 18 22 24 25 25 24 23 22 22 23 26 28191211Z7 030 301516 2599999999999999 816  61919 2299999999999999
 31 32 31 28 24 18 12  8  5  4  5  9 14 19 23 25 26 25 24 23 23 24 25 28191212Z7 1 1 3216 0 2699999999999999 855  41952 2399999999999999
 31 33 33 31 27 22 16 10  5  3  2  5  9 15 20 24 26 26 25 24 24 24 25 26191213Z7 136 331646 2699999999999999 937  22024 2499999999999999
 29 32 34 33 31 26 20 13  7  3  1  1  5 10 16 21 24 26 26 25 24 24 24 25191214Z7 215 341733 26999999999999991021  12054 2499999999999999
 27 30 33 34 33 29 24 18 11  5  2  0  1  5 11 16 21 24 25 25 24 23 23 24191215Z7 257 341822 259999999999999911 8  02128 2399999999999999
 25 27 30 33 33 32 28 22 16  9  5  1  0  2  6 11 16 20 23 24 23 23 22 22191216Z7 344 331914 24999999999999991157  02215 2299999999999999
 23 24 27 29 31 31 29 26 20 14  9  5  2  1  3  7 12 16 20 22 22 22 22 21191217Z7 435 3120 6 22999999999999991249  12352 2199999999999999
 21 21 22 25 27 28 29 27 24 19 14  9  6  4  3  5  8 12 16 20 21 22 21 20191218Z7 536 292052 22999999999999991342  3999999999999999999999
 20 19 19 20 21 23 25 26 25 22 18 14 10  8  6  6  7 10 14 18 20 22 22 21191219Z7 651 262130 2299999999999999 142 191438  699999999999999
 19 18 17 16 16 18 20 21 23 22 21 18 15 12 10  9  9 10 13 16 19 22 23 22191220Z7 822 2322 4 2399999999999999 316 161534  999999999999999
 20 18 16 14 12 12 13 16 18 20 21 20 19 17 15 13 12 12 13 16 19 22 24 24191221Z710 8 212237 2499999999999999 439 121629 1299999999999999
 23 20 17 14 11  9  8 10 12 15 18 20 21 20 19 17 16 15 15 17 19 22 25 26191222Z71155 212311 2699999999999999 548  81721 1599999999999999
 25 23 20 15 11  8  5  5  6 10 14 17 20 21 21 20 19 18 18 18 20 22 25 28191223Z71326 212347 2899999999999999 646  518 7 1899999999999999
 28 27 23 19 14  9  5  3  2  4  8 13 18 21 22 23 22 21 20 20 21 22 25 28191224Z71437 23999999999999999999999 738  21847 2099999999999999
 30 30 27 23 18 12  7  3  0  1  3  8 14 18 22 23 23 23 22 21 21 22 24 27191225Z7 026 301533 2399999999999999 826  01922 2199999999999999
 30 31 30 27 22 16 10  5  1 -1  0  4  9 15 19 22 24 23 23 22 22 22 23 26191226Z7 1 7 311619 2499999999999999 911 -11952 2299999999999999
 29 31 32 30 26 21 14  8  3  0 -1  1  5 11 16 20 23 23 23 22 21 21 22 24191227Z7 148 321659 2399999999999999 953 -12020 2199999999999999
 26 29 31 31 29 24 18 12  6  2 -1 -1  2  7 12 17 20 22 22 21 21 20 21 22191228Z7 228 311737 22999999999999991034 -12050 2099999999999999
 24 26 29 30 29 27 22 16 10  5  1  0  0  3  8 13 17 20 21 21 20 19 19 20191229Z7 3 7 301815 21999999999999991113 -12123 1999999999999999
 21 23 26 28 28 27 23 19 13  8  4  1  0  2  5 10 14 17 19 20 19 18 18 18191230Z7 345 281853 20999999999999991150  022 2 1899999999999999
 19 20 22 24 26 25 24 20 15 10  6  3  1  2  4  7 11 14 17 18 18 17 17 17191231Z7 421 261936 18999999999999991227  12251 1799999999999999
