 42 39 35 30 26 23 24 29 37 43 48 51 49 45 39 31 24 18 15 17 22 29 35 4119 1 1ZA11 9 51999999999999999999999 512 2318 6 1599999999999999
 45 46 43 38 33 27 24 25 30 37 44 49 52 52 47 39 30 21 14 11 14 20 28 3619 1 2ZA 039 461219 5399999999999999 616 2319 4 1199999999999999
 44 49 50 46 40 33 27 24 25 31 38 46 52 55 54 48 38 27 18 11  8 12 19 2919 1 3ZA 140 501317 5699999999999999 714 231954  899999999999999
 39 48 53 53 47 40 32 26 23 25 32 40 49 56 59 56 46 34 23 13  7  6 11 2119 1 4ZA 226 5414 3 5999999999999999 8 7 232040  699999999999999
 32 43 53 57 54 47 38 31 25 22 26 34 44 53 60 61 55 43 30 18  9  4  5 1319 1 5ZA 3 5 571443 6199999999999999 856 222122  499999999999999
 24 37 49 57 58 53 44 35 28 23 22 27 37 48 57 63 61 51 37 24 13  6  3  619 1 6ZA 342 591518 6399999999999999 939 2222 0  399999999999999
 17 30 43 54 59 57 49 40 32 25 21 22 30 42 53 61 63 58 45 31 18  9  4  319 1 7ZA 415 591550 63999999999999991019 212235  399999999999999
 10 22 36 48 57 59 54 44 35 27 22 20 24 34 46 56 62 60 52 38 24 14  7  319 1 8ZA 447 591621 62999999999999991055 2023 6  399999999999999
  6 15 29 42 52 57 56 48 39 30 23 19 20 26 37 49 57 60 55 44 31 19 10  619 1 9ZA 516 581653 60999999999999991128 192334  599999999999999
  5 11 22 35 47 54 55 51 42 33 26 20 18 21 29 40 50 56 55 48 37 25 15  919 110ZA 545 561726 56999999999999991159 18999999999999999999999
  7  9 17 29 40 49 53 52 46 37 29 22 18 18 23 32 41 49 52 50 42 31 21 1419 111ZA 615 5418 4 5299999999999999 0 1  71231 1899999999999999
 10 10 14 23 34 43 49 51 47 40 32 25 20 18 20 25 33 41 47 48 44 36 27 1919 112ZA 648 511847 4899999999999999 029  913 8 1899999999999999
 14 13 14 20 28 37 44 48 48 43 36 29 23 20 19 21 26 32 39 43 44 40 33 2619 113ZA 725 491937 4499999999999999 1 3 131354 1999999999999999
 20 17 16 19 24 31 38 44 47 45 40 34 28 23 20 19 20 25 30 36 40 41 38 3319 114ZA 8 8 472040 4199999999999999 146 161458 1999999999999999
 27 23 21 20 22 26 32 39 43 45 43 39 33 28 24 20 18 19 22 28 34 38 40 3819 115ZA 859 452159 4099999999999999 248 201618 1899999999999999
 35 31 28 25 23 24 28 33 39 43 45 43 40 35 29 24 19 15 15 19 25 32 37 4119 116ZA10 4 452337 4199999999999999 411 231731 1599999999999999
 41 39 35 31 28 25 25 28 33 39 44 46 46 42 37 30 22 15 11 11 15 22 30 3819 117ZA1124 46999999999999999999999 529 251832 1099999999999999
 44 45 44 39 34 29 25 25 28 34 40 45 49 50 46 39 29 19 11  6  6 11 20 3119 118ZA 1 0 451239 5099999999999999 637 251927  599999999999999
 41 48 51 48 42 35 28 24 24 28 34 42 49 54 55 49 39 26 15  5  0  1  9 2019 119ZA 158 511337 5599999999999999 737 242019  099999999999999
 33 45 53 55 50 42 34 27 22 22 27 35 44 53 59 58 50 37 22 10  0 -5 -2  819 120ZA 244 551426 6099999999999999 833 2121 8 -599999999999999
 22 37 50 58 58 50 40 31 24 19 19 26 37 48 58 63 60 49 33 18  5 -4 -8 -219 121ZA 326 591511 6399999999999999 925 182155 -899999999999999
 10 26 42 56 61 58 48 37 27 19 15 17 26 39 51 61 65 59 45 29 14  2 -7 -819 122ZA 4 6 611555 65999999999999991013 152239 -999999999999999
  0 15 32 48 59 62 55 43 32 23 15 11 16 27 41 53 62 63 55 40 24 11  0 -719 123ZA 446 621638 64999999999999991057 112321 -899999999999999
 -5  6 22 38 52 61 60 51 38 27 18 11  9 16 29 42 53 60 59 49 34 21  9  019 124ZA 525 621723 61999999999999991141  9999999999999999999999
 -4  0 13 29 43 55 60 56 45 33 23 14  8  9 18 30 42 51 56 53 43 30 19 1019 125ZA 6 4 6018 9 5699999999999999 0 2 -41224  899999999999999
  3  1  8 21 35 47 55 57 51 40 29 20 12  8 11 20 31 40 48 50 47 37 27 1919 126ZA 644 581857 5099999999999999 042  113 9  899999999999999
 12  7  8 15 27 39 48 54 53 46 35 26 18 12 10 13 21 30 37 43 45 41 34 2719 127ZA 725 541951 4599999999999999 125  71359 1099999999999999
 21 16 13 15 22 31 40 47 50 48 42 33 25 19 14 12 14 21 28 34 39 40 38 3319 128ZA 8 9 512055 4099999999999999 213 1315 0 1299999999999999
 29 25 21 19 20 25 33 40 45 47 45 39 33 27 21 16 14 15 19 25 31 35 37 3719 129ZA 9 0 472226 3899999999999999 314 191614 1499999999999999
 35 32 29 26 23 23 27 33 39 43 44 43 40 34 29 23 17 14 14 17 22 28 33 3719 130ZA10 7 44999999999999999999999 430 231732 1399999999999999
 39 39 37 34 29 26 25 27 32 37 41 44 44 42 37 31 24 17 12 11 14 20 26 3319 131ZA 025 391141 4499999999999999 548 241841 1199999999999999
 39 43 44 41 36 31 26 24 26 31 36 41 45 47 45 39 31 22 14  9  8 12 19 2719 2 1ZA 136 4413 0 4799999999999999 659 241939  899999999999999
 36 44 48 47 43 36 30 24 22 24 30 37 44 49 51 47 39 28 18 10  5  5 11 2019 2 2ZA 222 481352 5199999999999999 759 222028  499999999999999
 30 41 49 52 49 42 34 27 21 20 23 31 39 48 53 53 47 36 24 13  5  1  4 1219 2 3ZA 258 521432 5499999999999999 849 202110  199999999999999
 23 35 46 53 53 47 39 30 23 18 17 23 33 44 52 56 53 43 30 18  8  1 -1  419 2 4ZA 332 5415 7 5699999999999999 931 172148 -199999999999999
 15 29 41 51 55 52 43 33 25 18 14 16 25 37 48 56 57 50 38 24 12  3 -2  019 2 5ZA 4 2 551540 579999999999999910 8 142220 -299999999999999
  8 21 35 47 54 54 47 37 27 19 13 12 17 29 42 52 57 54 44 30 17  7  0 -219 2 6ZA 430 551611 57999999999999991041 112250 -299999999999999
  3 14 29 42 52 55 51 41 30 20 13  9 11 20 33 46 54 55 49 37 23 12  3 -119 2 7ZA 455 551642 56999999999999991112  92316 -199999999999999
  1  9 22 36 48 53 52 45 34 23 14  9  8 13 24 37 48 53 51 42 30 17  8  219 2 8ZA 521 541715 53999999999999991140  72342  199999999999999
  1  6 17 30 42 50 52 47 38 27 17 10  7  9 17 29 40 48 50 46 36 24 13  719 2 9ZA 547 521751 509999999999999912 9  7999999999999999999999
  3  5 13 24 36 46 50 49 41 31 21 13  8  8 12 21 31 41 46 46 40 30 20 1219 210ZA 616 501830 4799999999999999 0 8  31240  799999999999999
  8  7 12 20 30 40 46 48 44 35 26 17 12  9 10 15 24 32 40 44 42 35 27 1919 211ZA 648 481914 4499999999999999 037  71315  999999999999999
 14 12 13 18 26 34 41 45 45 39 31 23 16 12 11 12 17 24 32 38 40 38 33 2619 212ZA 723 4620 6 4099999999999999 110 1214 2 1199999999999999
 21 18 17 19 23 30 36 41 43 42 36 29 22 18 14 13 13 17 23 29 34 37 36 3319 213ZA 8 4 432115 3799999999999999 153 171514 1299999999999999
 28 25 23 22 23 26 31 36 40 41 40 35 30 25 20 16 13 12 15 20 26 31 35 3619 214ZA 859 412256 3699999999999999 3 6 221644 1299999999999999
 35 33 30 28 26 25 27 31 35 38 40 40 38 33 28 22 16 11  8 10 15 22 29 3519 215ZA1025 40999999999999999999999 447 2518 4  899999999999999
 39 40 38 35 31 27 25 25 29 33 37 41 43 42 38 31 22 14  7  3  5 11 19 2919 216ZA 047 401214 4399999999999999 617 251911  399999999999999
 38 44 45 43 37 31 26 22 22 26 31 38 44 48 48 42 32 21 10  1 -3  0  8 1919 217ZA 149 451326 4999999999999999 731 2220 7 -399999999999999
 31 42 50 50 45 37 29 22 18 18 23 31 40 49 54 52 44 31 17  5 -4 -8 -3  719 218ZA 234 511419 5499999999999999 829 172057 -899999999999999
 21 36 49 55 53 44 34 25 16 11 13 20 31 43 54 59 55 42 27 13  0 -9-11 -319 219ZA 313 5515 5 5999999999999999 919 112143-1199999999999999
 10 27 43 55 58 52 41 29 19 10  5  9 20 34 47 58 61 53 39 23  9 -3-11-1019 220ZA 350 591549 619999999999999910 3  52224-1299999999999999
  0 17 34 50 59 59 49 35 23 12  3  1  8 21 37 50 59 59 49 34 19  6 -5-1119 221ZA 427 601631 61999999999999991045  123 4-1199999999999999
 -6  8 25 42 55 61 56 43 29 16  6 -2 -1  9 24 39 51 58 55 43 28 15  4 -519 222ZA 5 3 611714 58999999999999991125 -22342 -799999999999999
 -7  2 17 33 48 57 59 50 36 22 11  2 -3  1 13 28 41 50 54 49 37 24 13  419 223ZA 538 591756 549999999999999912 4 -3999999999999999999999
 -1  0 11 25 40 51 56 54 43 29 17  8  1 -1  5 17 30 40 47 48 42 32 21 1419 224ZA 614 571840 4999999999999999 020 -21244 -199999999999999
  7  5  9 19 32 43 50 53 47 37 24 15  8  3  4 10 20 30 38 43 42 37 28 2119 225ZA 649 531926 4399999999999999 058  51327  399999999999999
 16 13 12 16 25 35 43 48 47 41 32 22 15 10  8  9 14 22 29 35 38 37 33 2819 226ZA 727 482020 3899999999999999 140 121418  799999999999999
 24 21 18 18 22 29 36 41 43 42 37 30 23 18 15 12 12 16 21 27 31 34 34 3319 227ZA 8 9 432139 3599999999999999 234 181527 1299999999999999
 30 28 26 24 23 25 29 34 38 39 38 35 31 26 22 18 15 13 15 19 24 28 32 3419 228ZA 9 9 39999999999999999999999 353 231655 1399999999999999
 35 34 33 30 27 24 24 27 31 34 36 37 36 34 30 25 20 15 12 12 16 21 26 3219 3 1ZA 0 6 3511 1 3799999999999999 526 241818 1299999999999999
 36 39 39 36 32 27 23 22 24 28 32 36 39 40 38 32 26 18 12  8  9 13 19 2719 3 2ZA 128 391248 4099999999999999 648 221923  899999999999999
 34 41 44 42 38 31 25 20 19 21 27 33 39 43 44 40 32 23 15  8  4  6 11 2019 3 3ZA 210 441343 4499999999999999 750 192013  499999999999999
 30 39 46 47 43 36 28 21 16 15 19 27 35 43 48 47 40 29 19  9  2  0  4 1319 3 4ZA 243 471422 4899999999999999 837 152054  099999999999999
 24 35 45 49 48 40 31 22 15 11 12 19 30 40 48 51 47 37 24 13  4 -2 -2  519 3 5ZA 313 501456 5199999999999999 915 102129 -399999999999999
 17 30 42 49 51 45 35 25 15  8  6 11 22 35 46 52 52 44 31 18  7 -1 -4  019 3 6ZA 340 511527 5399999999999999 949  622 0 -499999999999999
 10 24 37 48 52 49 39 28 17  8  3  4 13 26 40 50 54 49 38 24 12  2 -4 -319 3 7ZA 4 4 521558 54999999999999991019  32228 -499999999999999
  4 17 32 44 51 51 43 32 20  9  2  0  5 18 32 45 53 52 44 31 18  7 -1 -419 3 8ZA 428 521629 54999999999999991048  02255 -499999999999999
  1 12 26 40 49 52 47 36 23 12  3 -1  0 10 23 38 48 52 48 38 24 12  4 -119 3 9ZA 452 5217 1 52999999999999991115 -22321 -299999999999999
  0  8 21 34 45 51 49 41 28 16  6  0 -2  4 15 29 41 49 50 43 31 19  9  319 310ZA 517 511735 51999999999999991143 -22348  299999999999999
  2  6 16 29 40 48 50 44 33 21 10  3  0  1  9 21 33 43 48 46 37 26 16  919 311ZA 545 501812 48999999999999991212 -1999999999999999999999
  6  7 14 24 35 44 48 46 38 27 16  8  3  2  6 15 25 35 42 44 41 32 23 1619 312ZA 614 481853 4499999999999999 016  61244  299999999999999
 12 11 14 21 30 38 44 45 41 32 22 14  8  6  6 10 18 27 34 39 40 36 29 2219 313ZA 647 451941 4099999999999999 046 111324  599999999999999
 18 16 17 20 26 33 39 42 41 37 29 21 15 11  9  9 13 18 25 31 35 36 34 2919 314ZA 724 422045 3699999999999999 123 161427  999999999999999
 25 23 21 22 24 28 33 37 39 38 34 29 23 18 15 12 10 12 16 21 27 32 34 3419 315ZA 815 392224 3499999999999999 226 2116 4 1099999999999999
 32 30 28 26 25 25 27 31 34 36 36 35 32 27 23 18 13  9  8 11 16 23 29 3419 316ZA 948 36999999999999999999999 421 241740  899999999999999
 37 37 35 32 28 24 23 24 26 30 34 37 39 37 33 26 19 11  5  3  6 12 21 2919 317ZA 028 3712 3 3999999999999999 610 231854  399999999999999
 37 42 42 38 33 27 21 18 18 22 28 34 40 44 43 37 28 17  7  0 -2  1 10 2119 318ZA 132 421319 4599999999999999 724 171952 -399999999999999
 33 43 48 46 40 31 22 15 11 12 18 27 37 46 51 48 39 27 14  3 -5 -7  0 1119 319ZA 214 481412 5199999999999999 818 102040 -799999999999999
 25 39 50 53 47 37 26 16  7  3  7 16 28 41 51 55 50 38 24 10 -2 -9 -8  219 320ZA 251 531457 5599999999999999 9 3  32124-1099999999999999
 16 32 46 55 55 45 32 20  8  0 -3  4 17 32 46 56 57 49 34 20  6 -5-10 -619 321ZA 327 571539 5899999999999999 945 -322 4-1099999999999999
  7 24 40 53 59 54 40 25 12  1 -7 -6  5 20 36 50 58 56 45 29 16  4 -6 -819 322ZA 4 1 591620 58999999999999991024 -72243 -899999999999999
  0 16 32 47 58 58 49 33 18  6 -4 -9 -5  9 25 40 52 57 52 39 25 13  3 -419 323ZA 435 5917 0 579999999999999911 2 -92320 -499999999999999
 -2  9 25 40 52 58 54 42 26 12  1 -7 -8  0 15 30 43 52 53 45 33 21 11  419 324ZA 5 9 581740 53999999999999991140 -82357  199999999999999
  1  6 18 33 45 54 55 48 34 20  8  0 -5 -3  7 20 33 43 49 47 39 28 19 1219 325ZA 542 561819 49999999999999991217 -5999999999999999999999
  8  7 14 26 38 47 51 50 41 28 16  8  2  0  4 13 25 35 42 44 41 34 26 2019 326ZA 615 5219 1 4499999999999999 034  71254  099999999999999
 15 13 14 21 31 40 45 47 43 34 24 16 10  7  6 10 18 27 34 38 39 37 31 2619 327ZA 649 471948 3999999999999999 114 131337  699999999999999
 22 20 18 20 25 32 38 41 41 37 30 23 18 14 12 12 15 20 26 31 34 35 34 3119 328ZA 728 422054 3599999999999999 2 4 181438 1299999999999999
 28 26 24 23 23 26 31 35 37 36 34 30 25 22 19 16 15 16 19 23 28 31 33 3419 329ZA 822 3723 5 3499999999999999 321 221610 1599999999999999
 33 32 30 27 25 23 24 27 31 33 34 33 32 29 26 22 18 15 14 16 20 25 29 3319 330ZA1010 34999999999999999999999 5 1 231744 1499999999999999
 36 37 36 32 28 24 21 21 24 27 31 34 36 35 33 28 22 16 12 10 13 17 23 3019 331ZA 056 371227 3699999999999999 627 201854 1099999999999999
 36 40 40 37 32 26 20 16 17 20 26 32 37 40 39 35 28 20 13  8  7 10 17 2519 4 1ZA 141 411325 4099999999999999 727 161945  699999999999999
 33 40 44 42 37 29 21 14 11 13 19 27 35 42 44 42 35 25 16  8  3  4  9 1919 4 2ZA 214 4414 4 4499999999999999 810 112025  399999999999999
 29 38 45 46 41 33 23 14  8  6 11 20 31 40 47 48 42 31 20 10  3  0  3 1219 4 3ZA 242 461437 4899999999999999 847  621 0  099999999999999
 24 35 44 48 46 37 26 15  7  2  3 11 23 36 46 51 48 39 26 15  5  0  0  619 4 4ZA 3 7 4815 9 5199999999999999 919  22131 -199999999999999
 18 31 42 49 49 42 30 18  8  0 -2  3 15 29 43 51 53 46 34 21 10  2 -1  219 4 5ZA 330 501540 5399999999999999 949 -222 0 -199999999999999
 12 26 39 49 52 47 36 22 10  1 -5 -3  6 21 36 48 54 51 41 28 16  6  0  119 4 6ZA 354 521612 54999999999999991018 -52229  099999999999999
  8 20 34 46 52 51 41 28 15  4 -4 -6  0 12 28 42 52 54 47 35 22 12  5  219 4 7ZA 420 531644 54999999999999991047 -62258  299999999999999
  6 16 29 42 50 53 47 34 20  8 -1 -5 -4  5 19 34 46 53 51 42 29 18 10  519 4 8ZA 447 531719 53999999999999991117 -62327  599999999999999
  6 13 24 37 46 52 50 40 27 14  4 -2 -4  1 12 26 38 48 51 46 36 25 17 1119 4 9ZA 516 521756 51999999999999991148 -42358  999999999999999
  9 12 20 31 41 48 50 45 34 21 11  4  0  1  7 18 30 40 46 47 41 32 23 1719 410ZA 547 501836 47999999999999991222  0999999999999999999999
 14 14 18 27 36 43 47 46 39 28 18 10  6  4  6 12 21 31 38 43 42 37 29 2319 411ZA 620 471925 4399999999999999 032 1313 4  499999999999999
 20 18 19 23 30 37 41 43 41 35 26 18 13 10  8 10 15 22 29 35 39 38 35 3019 412ZA 7 0 432028 3999999999999999 114 1814 4  899999999999999
 26 24 22 23 25 30 35 38 39 37 33 27 21 17 14 11 11 14 19 25 31 35 37 3519 413ZA 757 392158 3799999999999999 222 221536 1199999999999999
 32 30 27 25 24 24 27 30 33 35 36 34 31 26 22 17 12 10 11 15 21 28 34 3719 414ZA 941 362347 3899999999999999 411 241714 1099999999999999
 38 37 33 29 25 21 20 22 25 30 34 37 38 36 32 25 18 11  7  7 11 19 27 3519 415ZA1151 38999999999999999999999 555 201829  699999999999999
 41 43 41 35 29 22 16 14 15 21 27 35 41 44 42 36 27 17  8  3  3  9 18 2919 416ZA 056 4313 7 4499999999999999 7 3 141926  299999999999999
 39 46 48 43 35 25 16  9  6 10 18 28 38 47 50 46 37 26 14  4 -1  1 10 2219 417ZA 141 481359 5099999999999999 755  62015 -199999999999999
 34 46 52 51 42 31 19  9  1  0  6 17 30 43 52 54 48 36 23 11  2 -2  2 1419 418ZA 220 531443 5599999999999999 839  02058 -299999999999999
 27 41 52 57 51 39 25 12  1 -5 -3  6 20 35 48 57 56 46 32 20  9  0 -1  719 419ZA 257 571525 5799999999999999 920 -52140 -299999999999999
 20 35 49 58 58 48 33 18  6 -4 -8 -4  9 25 40 53 58 54 42 29 17  7  1  319 420ZA 332 5916 5 589999999999999910 0 -82219  099999999999999
 13 28 43 54 60 56 42 26 12  1 -7 -8  0 15 31 45 55 57 50 37 25 15  7  419 421ZA 4 7 601644 58999999999999991038 -92257  499999999999999
  9 21 36 49 57 59 51 35 20  8 -1 -7 -4  6 22 36 48 55 53 44 32 22 15  919 422ZA 440 591722 55999999999999991115 -72335  899999999999999
  8 16 29 42 52 57 54 44 29 15  6 -1 -3  2 14 28 40 49 52 48 39 29 21 1619 423ZA 513 5718 0 52999999999999991151 -3999999999999999999999
 12 14 23 35 45 52 53 48 37 24 14  7  3  3 10 21 32 41 47 48 43 35 27 2219 424ZA 545 541839 4899999999999999 013 121227  299999999999999
 18 17 20 28 38 45 49 48 41 31 21 14 10  8 10 16 25 34 40 44 43 39 33 2819 425ZA 618 491922 4499999999999999 053 1713 5  899999999999999
 24 21 21 24 31 37 42 44 42 36 28 21 17 14 13 15 20 27 33 38 40 39 36 3319 426ZA 657 442017 4099999999999999 140 211353 1399999999999999
 29 27 25 24 26 30 35 38 39 37 33 28 24 20 18 17 18 21 26 31 35 37 37 3619 427ZA 748 392142 3799999999999999 248 241511 1799999999999999
 34 32 29 26 24 25 27 31 34 35 35 33 30 27 24 21 18 18 20 24 28 32 36 3719 428ZA 912 352339 3899999999999999 421 241648 1899999999999999
 38 36 33 30 25 22 22 24 27 31 34 35 35 33 30 26 21 17 16 17 21 27 32 3619 429ZA1126 36999999999999999999999 545 2118 4 1699999999999999
 39 40 38 34 28 22 18 17 20 25 30 35 38 39 37 32 25 19 14 13 15 20 27 3419 430ZA 046 401246 3999999999999999 646 171859 1399999999999999
 39 43 42 38 31 24 17 12 12 17 24 32 39 43 43 39 31 23 16 11 10 14 21 3019 5 1ZA 126 431333 4499999999999999 730 121942 1099999999999999
 38 44 46 43 36 27 17 10  7  9 16 26 37 44 48 46 39 29 20 12  8  9 15 2519 5 2ZA 157 461410 4899999999999999 8 8  72019  899999999999999
 35 44 49 48 41 31 20 10  4  3  8 18 31 42 50 52 47 37 26 16  9  7 11 2019 5 3ZA 224 491444 5299999999999999 842  22054  799999999999999
 31 42 50 52 47 37 24 13  4 -1  1 10 23 37 49 55 53 45 33 22 13  8  8 1519 5 4ZA 251 521518 5599999999999999 914 -12127  799999999999999
 26 38 49 55 53 44 31 17  6 -2 -4  2 14 29 44 54 57 52 41 29 18 11  8 1219 5 5ZA 319 551551 5799999999999999 947 -422 0  899999999999999
 21 34 46 54 57 51 38 24 11  1 -4 -3  6 20 36 49 57 57 48 36 25 16 11 1119 5 6ZA 348 571626 58999999999999991020 -52233 1099999999999999
 17 29 41 52 57 56 46 31 17  6 -1 -4  0 12 27 42 53 58 54 43 32 23 16 1319 5 7ZA 419 5817 3 58999999999999991055 -423 8 1399999999999999
 15 24 36 47 55 57 52 40 25 13  4 -1 -1  6 19 33 45 54 55 49 39 29 22 1719 5 8ZA 452 571743 56999999999999991131 -22345 1699999999999999
 16 20 30 41 50 55 54 47 34 21 11  5  1  3 12 24 36 46 52 51 45 35 28 2219 5 9ZA 527 551826 53999999999999991211  1999999999999999999999
 19 19 25 34 43 49 52 50 41 30 20 12  7  5  8 16 27 36 44 49 47 41 34 2819 510ZA 6 6 521916 4999999999999999 026 191257  599999999999999
 24 22 23 28 35 42 46 48 45 37 28 21 15 11 10 12 19 27 35 42 45 44 40 3419 511ZA 653 482017 4699999999999999 116 221356 1099999999999999
 30 26 24 25 28 33 38 42 43 41 36 30 24 19 15 13 14 19 25 33 39 43 43 4019 512ZA 759 432131 4499999999999999 225 241514 1399999999999999
 36 32 28 25 24 25 29 33 37 40 40 38 33 28 23 18 14 14 17 24 31 38 43 4419 513ZA 934 402254 4499999999999999 357 241639 1499999999999999
 43 39 34 28 23 20 20 24 29 34 39 42 41 38 33 26 20 14 12 16 22 31 39 4519 514ZA1125 42999999999999999999999 526 201752 1299999999999999
 47 46 41 34 26 19 14 14 18 25 33 40 45 46 43 36 28 19 13 11 15 23 32 4219 515ZA 0 6 471244 4699999999999999 632 141850 1199999999999999
 49 52 49 41 32 22 13  8  9 15 24 34 43 50 51 46 37 27 18 12 10 16 25 3619 516ZA 1 0 521340 5199999999999999 725  81941 1099999999999999
 46 54 56 50 40 28 16  7  3  5 13 25 37 48 55 54 47 37 26 17 11 11 19 3019 517ZA 145 561427 5699999999999999 811  32028 1099999999999999
 42 52 59 58 49 36 22 11  2 -1  4 15 28 42 53 59 56 46 34 24 16 11 14 2319 518ZA 226 6015 9 5999999999999999 855 -12112 1199999999999999
 36 48 58 62 58 46 30 17  6 -1 -2  6 19 33 47 57 60 54 43 32 23 16 13 1819 519ZA 3 4 621549 6099999999999999 936 -32155 1399999999999999
 29 42 54 62 63 55 40 25 13  3 -2  0 10 25 39 52 59 59 51 39 30 22 16 1619 520ZA 340 641628 60999999999999991016 -22236 1599999999999999
 23 35 48 58 63 61 50 34 20 10  3  0  5 17 31 44 55 59 56 46 36 28 22 1819 521ZA 414 6417 6 59999999999999991055  02316 1899999999999999
 20 29 41 52 60 62 56 43 29 17  9  4  4 11 24 37 48 55 57 51 42 34 27 2219 522ZA 447 621743 57999999999999991131  32355 2099999999999999
 20 24 34 45 54 59 57 50 37 25 16 10  7 10 18 30 41 49 54 53 47 39 32 2719 523ZA 520 591821 549999999999999912 7  7999999999999999999999
 23 23 28 37 47 53 55 52 43 32 23 16 12 12 16 24 34 43 49 51 49 43 37 3119 524ZA 554 5519 1 5199999999999999 034 231242 1299999999999999
 28 25 26 31 39 46 50 50 46 38 29 22 18 16 16 20 28 36 43 47 48 45 41 3619 525ZA 633 501946 4899999999999999 118 251321 1699999999999999
 32 28 27 28 32 38 43 46 45 41 35 29 24 21 19 20 23 29 36 41 45 45 43 4019 526ZA 722 462042 4599999999999999 213 271414 1999999999999999
 36 32 29 27 28 30 35 39 42 42 39 35 30 26 23 22 22 24 29 35 40 43 44 4319 527ZA 827 422152 4499999999999999 327 271530 2199999999999999
 40 37 33 29 26 25 27 32 36 40 41 39 37 33 29 25 23 22 24 28 34 40 43 4419 528ZA 955 4123 9 4599999999999999 447 251650 2299999999999999
 44 41 37 32 27 23 21 24 29 35 39 42 42 40 36 31 26 22 21 23 28 35 41 4519 529ZA1134 42999999999999999999999 552 211754 2199999999999999
 47 46 42 36 29 22 18 17 21 27 35 41 45 46 43 38 31 25 21 20 23 29 37 4419 530ZA 012 471244 4699999999999999 641 171844 2099999999999999
 48 50 48 42 33 25 17 13 13 19 28 37 45 50 50 46 38 30 24 20 20 24 32 4119 531ZA 057 501334 5099999999999999 724 121928 1999999999999999
 48 53 53 49 40 29 19 11  8 11 19 30 41 50 55 53 47 37 29 22 19 21 27 3619 6 1ZA 135 541416 5599999999999999 8 3  820 9 1999999999999999
 46 54 58 55 47 35 23 13  6  5 10 21 34 47 56 59 55 46 35 27 21 19 23 3219 6 2ZA 210 581455 5999999999999999 841  52050 1999999999999999
 42 52 60 61 56 44 30 17  8  2  4 12 25 39 52 60 61 54 43 33 26 21 21 2719 6 3ZA 245 611533 6299999999999999 920  22130 2099999999999999
 37 48 58 64 63 53 39 24 13  4  1  5 15 30 45 57 63 60 51 40 31 25 21 2319 6 4ZA 320 641611 639999999999999910 0  12212 2199999999999999
 31 42 54 63 66 61 48 33 20  9  2  1  8 20 35 50 60 63 58 48 38 30 24 2219 6 5ZA 357 661651 63999999999999991041  12254 2299999999999999
 26 36 47 58 64 65 57 43 29 17  8  2  3 12 26 40 53 61 61 54 44 35 29 2419 6 6ZA 435 661734 62999999999999991123  22338 2399999999999999
 23 29 39 50 59 63 61 52 38 26 16  8  5  7 17 30 43 54 60 58 51 42 34 2819 6 7ZA 516 641819 609999999999999912 7  4999999999999999999999
 25 25 32 41 51 57 60 57 47 35 25 17 10  8 12 22 34 45 53 58 55 48 40 3419 6 8ZA 6 1 6019 8 5899999999999999 024 241254  899999999999999
 28 25 27 33 41 48 54 56 52 44 34 26 19 14 12 17 25 35 45 52 55 53 46 3919 6 9ZA 653 5620 2 5599999999999999 116 251347 1299999999999999
 34 29 26 27 32 38 45 49 51 49 42 35 28 22 18 16 20 27 36 45 51 54 52 4619 610ZA 757 5121 1 5499999999999999 218 261449 1699999999999999
 40 34 29 25 25 29 34 40 45 48 47 43 37 32 26 21 19 22 28 37 45 51 54 5219 611ZA 916 4822 5 5499999999999999 333 251559 1999999999999999
 47 41 34 28 23 22 25 30 36 42 46 47 45 41 35 30 24 21 23 29 38 46 52 5519 612ZA1048 482312 5599999999999999 451 2217 8 2199999999999999
 54 49 42 34 26 20 18 21 27 34 41 47 50 49 45 39 32 26 22 24 31 39 47 5419 613ZA1215 50999999999999999999999 558 181810 2299999999999999
 57 56 50 42 32 23 16 14 17 24 33 42 50 54 53 48 40 33 26 23 25 33 42 5019 614ZA 015 571321 5499999999999999 655 1419 6 2399999999999999
 57 61 59 51 40 29 19 12 11 15 24 34 45 54 58 56 49 41 33 26 24 27 35 4519 615ZA 110 611412 5899999999999999 746 111958 2499999999999999
 54 61 64 60 50 37 25 16  9  9 15 26 37 49 58 62 58 49 40 32 27 25 30 3919 616ZA 157 641456 6299999999999999 833  82047 2599999999999999
 49 59 66 67 60 47 33 21 12  7  9 17 29 42 54 62 63 57 47 39 32 27 26 3219 617ZA 239 671537 6499999999999999 918  72135 2699999999999999
 43 54 63 69 67 57 42 29 18 10  7 11 21 34 48 59 65 63 54 45 37 31 27 2819 618ZA 318 691616 659999999999999910 0  72219 2699999999999999
 36 48 59 67 69 64 52 37 25 16  9  8 15 27 40 53 62 65 60 51 42 35 30 2719 619ZA 354 691653 65999999999999991040  823 0 2799999999999999
 30 40 52 62 68 67 59 46 32 22 14 10 12 20 33 46 56 63 63 56 47 39 33 2919 620ZA 428 681729 63999999999999991117 102339 2899999999999999
 28 33 44 55 63 66 63 53 40 28 20 14 12 17 27 39 50 58 62 59 52 44 37 3219 621ZA 5 1 6618 4 62999999999999991151 12999999999999999999999
 28 30 37 47 56 62 62 57 46 35 25 19 15 16 22 33 44 53 58 59 55 48 40 3519 622ZA 536 631839 5999999999999999 017 281222 1599999999999999
 30 29 32 39 48 55 59 57 51 41 32 24 20 18 21 28 37 47 54 57 56 51 45 3819 623ZA 614 591916 5799999999999999 055 291254 1899999999999999
 33 30 30 33 39 47 53 55 52 46 38 30 25 22 22 25 32 40 48 53 55 53 48 4219 624ZA 659 551957 5599999999999999 138 291332 2299999999999999
 37 33 30 30 33 39 45 50 51 49 43 37 31 27 25 25 28 34 42 48 53 54 51 4719 625ZA 753 512044 5499999999999999 232 301421 2599999999999999
 41 37 33 30 29 32 37 43 47 49 47 43 38 33 30 28 28 31 36 43 49 52 53 5019 626ZA 858 492138 5399999999999999 341 291528 2799999999999999
 46 41 36 32 28 27 29 34 41 46 48 47 45 41 36 32 30 29 32 37 44 50 53 5419 627ZA1017 482240 5499999999999999 451 271639 2999999999999999
 51 47 42 36 30 25 24 27 32 39 46 49 50 48 44 39 34 31 30 33 39 45 51 5519 628ZA1144 502345 5699999999999999 550 241742 3099999999999999
 56 54 48 41 33 26 21 20 24 31 40 47 52 54 52 47 41 35 31 31 34 41 48 5419 629ZA1256 54999999999999999999999 640 201836 3199999999999999
 58 59 56 49 40 30 21 17 17 22 31 41 50 57 59 55 49 41 35 32 32 36 43 5119 630ZA 044 591350 5999999999999999 728 161928 3199999999999999
 58 63 63 58 48 36 25 17 12 14 21 32 44 55 62 62 57 49 41 35 31 32 38 4619 7 1ZA 133 641436 6399999999999999 814 122019 3199999999999999
 55 63 68 66 58 45 32 20 12  9 12 22 35 48 60 66 65 57 48 40 34 31 33 4019 7 2ZA 218 681519 6699999999999999 9 0  92110 3199999999999999
 50 60 68 72 67 56 41 27 16  8  6 12 24 38 53 64 69 65 56 46 38 32 30 3319 7 3ZA 3 0 7216 0 6999999999999999 946  62159 3099999999999999
 42 53 64 72 73 66 52 37 24 13  6  6 14 28 43 58 68 70 63 53 44 36 30 2919 7 4ZA 342 741642 70999999999999991031  52246 2999999999999999
 34 44 56 66 73 72 62 48 33 21 11  6  8 18 33 48 62 69 68 60 50 41 34 2819 7 5ZA 425 741724 70999999999999991115  52332 2799999999999999
 28 35 46 58 67 72 69 58 43 30 20 11  8 12 24 38 53 64 69 66 57 47 38 3119 7 6ZA 510 7218 7 69999999999999991159  8999999999999999999999
 26 28 36 47 57 65 68 64 53 40 29 20 13 12 18 30 43 56 65 67 63 53 44 3619 7 7ZA 557 681851 6899999999999999 019 261243 1199999999999999
 29 26 28 36 46 55 62 63 59 49 38 29 22 17 17 24 35 47 57 64 65 59 50 4219 7 8ZA 649 641938 6699999999999999 1 7 261329 1699999999999999
 34 28 26 29 36 44 52 57 59 55 47 39 32 26 22 23 29 39 49 58 63 63 57 4919 7 9ZA 747 592026 6499999999999999 2 1 261420 2199999999999999
 41 34 29 26 28 34 41 48 53 55 52 47 40 35 30 27 28 33 42 51 58 62 61 5619 710ZA 853 552119 6299999999999999 3 4 261520 2799999999999999
 49 41 35 29 26 27 32 38 45 50 53 52 48 44 39 34 31 31 36 44 52 58 61 6119 711ZA1014 532220 6299999999999999 415 261627 3199999999999999
 56 50 42 35 28 24 25 29 36 43 49 53 54 52 48 43 38 34 34 38 45 53 58 6219 712ZA1148 542331 6299999999999999 525 241734 3399999999999999
 62 58 51 43 35 27 22 23 27 34 42 49 55 57 56 52 46 40 36 35 39 46 53 5919 713ZA13 8 57999999999999999999999 629 221837 3599999999999999
 64 64 60 52 43 33 25 20 20 26 34 43 51 59 62 59 54 47 41 36 36 40 47 5519 714ZA 041 6514 4 6299999999999999 726 201937 3599999999999999
 62 67 67 62 52 41 30 22 18 19 25 35 45 55 63 65 61 54 47 40 36 36 41 4919 715ZA 137 681449 6599999999999999 817 172033 3599999999999999
 58 65 70 69 61 49 37 27 19 15 18 27 38 50 61 67 67 61 53 45 39 35 35 4219 716ZA 223 711528 6899999999999999 9 5 152123 3499999999999999
 52 61 69 73 69 58 45 33 23 16 14 19 30 43 55 65 70 67 59 50 43 36 33 3619 717ZA 3 3 7316 5 7099999999999999 948 1422 7 3399999999999999
 44 55 65 72 73 66 53 40 28 20 14 15 23 36 49 61 69 70 64 55 46 39 34 3219 718ZA 339 741639 70999999999999991026 142247 3299999999999999
 37 47 59 68 73 71 61 47 34 25 17 14 18 29 42 55 65 70 67 60 50 42 35 3119 719ZA 413 731711 709999999999999911 1 142324 3199999999999999
 32 39 51 62 69 71 66 54 41 30 22 17 17 23 35 49 60 67 68 63 54 45 38 3219 720ZA 447 711741 69999999999999991132 162358 3099999999999999
 30 33 42 54 63 68 67 60 48 36 27 21 18 21 30 42 54 63 67 65 58 49 41 3419 721ZA 521 691811 679999999999999912 0 18999999999999999999999
 30 30 35 45 55 63 65 62 53 42 32 25 21 22 27 37 48 58 64 65 61 53 44 3719 722ZA 557 651841 6599999999999999 031 291227 2199999999999999
 32 29 31 38 47 55 61 61 57 48 39 31 26 24 27 33 42 52 60 64 62 57 49 4119 723ZA 638 621915 6499999999999999 1 6 291257 2499999999999999
 35 31 30 33 39 47 54 58 58 53 45 38 32 29 29 32 38 46 54 60 62 59 53 4619 724ZA 725 591953 6299999999999999 146 301334 2899999999999999
 40 35 32 31 34 39 46 52 56 55 51 44 39 35 33 33 36 42 49 56 60 60 57 5119 725ZA 820 562037 6199999999999999 240 311423 3299999999999999
 45 39 35 32 31 33 38 45 50 54 54 50 46 42 39 37 37 39 44 51 56 60 60 5619 726ZA 927 542129 6099999999999999 348 311531 3699999999999999
 51 46 40 35 31 29 31 36 43 49 53 54 53 50 46 43 40 39 41 46 52 57 60 6019 727ZA1052 542237 6099999999999999 459 291647 3999999999999999
 58 53 47 40 34 28 26 28 34 41 48 54 57 57 54 50 45 42 41 42 47 52 58 6119 728ZA1226 572357 6399999999999999 6 2 261757 4199999999999999
 63 61 56 48 39 31 25 22 25 31 40 49 56 61 61 58 52 47 42 40 42 47 53 5919 729ZA1334 62999999999999999999999 7 0 2219 3 4099999999999999
 64 67 65 58 48 37 27 20 18 21 29 40 51 61 66 66 60 53 46 41 39 41 46 5419 730ZA 1 6 671424 6799999999999999 754 1820 5 3999999999999999
 62 69 71 68 58 46 33 22 15 13 18 29 42 55 66 71 68 61 52 45 39 36 39 4619 731ZA 2 0 7115 7 7199999999999999 845 1321 1 3699999999999999
 56 65 73 75 69 57 42 29 18 11 11 18 31 46 61 71 74 68 59 49 41 35 33 3719 8 1ZA 248 751548 7499999999999999 933 102152 3299999999999999
 46 58 69 77 77 68 54 39 25 15  8 10 20 35 52 66 75 75 66 55 45 37 30 2919 8 2ZA 333 781627 76999999999999991019  82238 2899999999999999
 36 47 60 71 78 76 65 49 35 23 13  8 13 26 42 58 71 77 73 63 51 41 32 2619 8 3ZA 418 7817 6 779999999999999911 1  82323 2599999999999999
 27 36 49 62 72 77 72 60 45 32 21 13 11 19 33 49 64 74 77 70 58 46 36 2719 8 4ZA 5 4 771746 77999999999999991143 11999999999999999999999
 23 26 37 50 62 70 73 67 55 42 31 22 16 17 26 41 55 67 75 74 65 53 42 3219 8 5ZA 550 731825 7599999999999999 0 6 231223 1599999999999999
 25 23 28 39 50 60 67 68 62 51 40 32 24 21 24 34 47 59 69 73 70 60 49 3919 8 6ZA 639 6919 5 7399999999999999 050 2213 5 2199999999999999
 31 25 24 30 40 50 58 63 63 57 49 41 34 29 27 31 41 52 61 68 70 65 56 4619 8 7ZA 731 641948 7099999999999999 137 241351 2799999999999999
 38 31 27 27 32 40 48 55 59 59 55 48 43 38 35 34 38 45 54 62 66 67 62 5419 8 8ZA 830 602034 6799999999999999 232 261445 3499999999999999
 46 39 33 29 29 32 39 45 51 55 56 54 51 47 43 40 39 42 48 55 60 64 64 6019 8 9ZA 945 562131 6499999999999999 339 281552 3999999999999999
 54 48 42 36 31 29 32 37 43 49 54 56 56 54 52 48 44 42 43 48 54 59 62 6319 810ZA1131 562251 6399999999999999 454 2917 9 4299999999999999
 61 57 51 44 37 31 28 30 35 41 48 54 58 60 59 56 51 46 43 43 47 52 58 6219 811ZA13 5 60999999999999999999999 6 6 281824 4299999999999999
 64 64 59 52 44 36 29 26 28 33 40 48 56 63 65 63 58 52 46 42 42 46 52 5819 812ZA 021 6414 0 6599999999999999 7 9 261931 4199999999999999
 63 67 67 61 52 42 33 26 23 25 32 41 51 61 67 69 64 58 50 44 39 40 45 5219 813ZA 125 681440 6999999999999999 8 3 232027 3999999999999999
 60 67 71 69 61 49 38 29 22 20 25 33 45 56 66 71 70 63 55 47 40 36 38 4519 814ZA 213 711516 7299999999999999 850 202115 3699999999999999
 54 63 71 73 68 57 45 34 25 19 19 26 37 50 62 71 73 68 60 50 42 36 33 3719 815ZA 252 731548 7399999999999999 931 182155 3399999999999999
 46 58 67 74 73 65 52 39 29 21 17 20 30 43 57 68 74 72 64 54 45 37 31 3119 816ZA 327 741618 749999999999999910 6 172231 3099999999999999
 38 50 62 71 74 70 59 46 34 25 19 18 24 37 51 63 72 74 68 58 47 38 31 2819 817ZA 4 1 741645 74999999999999991038 1723 4 2899999999999999
 31 41 54 65 72 72 65 53 40 29 22 19 21 31 45 58 68 73 71 62 51 41 33 2719 818ZA 433 731711 739999999999999911 7 182334 2699999999999999
 27 33 45 58 67 71 68 59 46 35 26 21 21 27 39 52 64 71 72 66 55 44 35 2819 819ZA 5 6 711736 72999999999999991133 21999999999999999999999
 25 28 37 49 60 67 68 63 53 41 32 26 24 27 35 47 59 67 71 68 59 49 39 3119 820ZA 541 6918 3 7199999999999999 0 3 251158 2499999999999999
 27 26 32 41 52 61 66 65 58 48 38 31 28 28 33 42 53 62 68 68 63 53 44 3519 821ZA 619 661833 6999999999999999 033 261225 2799999999999999
 30 27 29 35 44 53 60 63 60 53 45 38 33 32 34 40 48 57 64 67 65 58 49 4019 822ZA 7 1 6319 6 6799999999999999 1 7 271256 3299999999999999
 34 30 29 32 38 45 53 59 60 57 51 44 40 37 37 40 45 52 59 63 64 61 54 4619 823ZA 750 601944 6599999999999999 149 291335 3799999999999999
 40 35 32 31 33 38 45 51 56 58 55 51 47 44 42 42 44 48 54 59 62 62 59 5319 824ZA 852 582031 6299999999999999 249 311434 4299999999999999
 47 41 37 33 31 32 37 42 49 54 56 56 53 51 48 46 45 46 49 54 58 60 61 5919 825ZA1018 562138 6199999999999999 410 3116 6 4599999999999999
 54 49 44 38 33 30 30 33 39 46 52 57 59 58 56 53 49 47 46 48 52 56 60 6119 826ZA1210 592321 6199999999999999 529 291740 4699999999999999
 61 58 52 45 38 30 26 25 29 36 44 53 60 63 63 60 55 50 45 44 46 50 55 6019 827ZA1324 64999999999999999999999 638 251859 4499999999999999
 64 65 62 55 46 35 27 21 20 25 34 45 56 65 69 67 61 54 47 42 40 42 47 5519 828ZA 050 651411 6999999999999999 737 2020 3 4099999999999999
 62 69 71 66 56 44 32 22 16 16 23 34 48 61 71 74 69 61 51 43 36 34 37 4519 829ZA 150 711451 7499999999999999 829 152055 3499999999999999
 56 66 73 75 68 55 41 28 17 12 14 23 38 54 68 77 76 68 57 46 36 29 28 3419 830ZA 240 751528 7899999999999999 916 112141 2899999999999999
 45 58 70 77 77 67 52 37 24 14 10 15 28 44 61 74 80 76 64 51 40 29 23 2419 831ZA 326 7816 5 8099999999999999 959 102224 2299999999999999
 33 47 61 73 79 75 63 48 34 22 13 11 20 35 52 68 79 81 73 59 45 33 23 1819 9 1ZA 410 791641 82999999999999991041 1123 5 1899999999999999
 22 34 49 63 74 78 72 58 44 32 21 15 16 28 44 60 73 81 78 67 52 39 27 1919 9 2ZA 454 781717 81999999999999991120 142346 1699999999999999
 17 24 37 52 64 73 74 66 53 41 31 23 19 24 37 52 66 76 79 73 60 46 34 2419 9 3ZA 538 751753 79999999999999991159 19999999999999999999999
 18 19 27 40 53 64 70 69 61 50 40 33 27 26 33 45 58 69 75 75 67 54 42 3219 9 4ZA 623 701829 7699999999999999 026 171239 2599999999999999
 24 20 23 32 43 53 61 65 63 56 48 41 36 33 33 40 51 61 69 72 69 61 50 4019 9 5ZA 711 6619 7 7299999999999999 110 201321 3299999999999999
 33 27 25 28 35 44 52 58 61 59 54 49 44 41 39 40 46 54 61 66 67 64 57 4819 9 6ZA 8 6 611950 6799999999999999 159 251414 3999999999999999
 41 36 31 29 31 37 43 50 55 57 57 54 51 49 46 44 44 48 54 59 62 63 60 5519 9 7ZA 920 582044 6399999999999999 3 2 291526 4499999999999999
 49 44 39 35 32 32 36 42 47 52 56 57 57 56 54 50 47 46 47 51 55 58 59 5919 9 8ZA1121 572212 6099999999999999 422 321655 4699999999999999
 56 52 47 42 36 32 31 34 39 45 51 56 60 61 60 57 52 47 44 45 48 52 56 5919 9 9ZA13 0 61999999999999999999999 543 311821 4499999999999999
 60 59 55 49 42 35 30 29 31 37 44 52 59 65 66 63 58 51 45 41 41 45 50 5619 910ZA 0 8 601347 6699999999999999 650 291927 4199999999999999
 61 63 62 57 49 40 32 27 26 29 37 46 56 64 69 68 63 55 47 40 37 38 43 5019 911ZA 116 641423 6999999999999999 744 252018 3699999999999999
 58 64 67 64 56 46 36 28 23 23 29 39 50 61 69 72 68 60 51 42 35 32 35 4319 912ZA 2 2 671454 7299999999999999 828 222059 3299999999999999
 53 62 68 69 63 53 41 31 24 20 23 32 44 56 67 73 72 65 54 44 35 29 28 3519 913ZA 239 701522 7499999999999999 9 6 202135 2899999999999999
 45 57 67 71 69 60 47 36 26 20 19 25 37 51 63 72 74 69 58 47 36 28 24 2719 914ZA 313 721548 7499999999999999 939 1922 7 2499999999999999
 37 50 62 70 72 66 54 41 31 23 19 22 31 45 59 69 75 72 63 50 39 29 22 2219 915ZA 345 721612 759999999999999910 9 192237 2199999999999999
 28 41 55 66 72 70 61 48 36 27 21 21 27 39 53 66 73 74 67 55 42 31 23 1919 916ZA 417 721635 75999999999999991037 2023 6 1999999999999999
 22 33 46 60 69 71 66 55 42 32 25 23 25 35 48 61 70 74 70 60 47 35 26 2019 917ZA 449 711659 749999999999999911 3 232333 1999999999999999
 20 26 38 52 63 69 68 60 49 38 31 26 26 32 43 56 66 72 72 64 52 40 30 2319 918ZA 523 701725 73999999999999991128 26999999999999999999999
 20 23 32 44 56 64 67 64 55 45 36 31 29 32 40 51 61 68 71 67 57 45 35 2719 919ZA 559 671753 7199999999999999 0 2 201156 2999999999999999
 23 23 28 37 48 57 63 64 59 51 43 37 34 35 39 47 56 63 68 67 61 51 40 3219 920ZA 639 651824 6899999999999999 033 221225 3499999999999999
 27 25 26 32 40 49 57 61 61 56 49 43 40 39 40 45 52 58 63 65 63 56 47 3919 921ZA 726 611859 6599999999999999 110 2513 0 3999999999999999
 33 30 28 29 34 41 48 54 58 57 54 49 46 44 44 45 48 53 58 61 61 59 53 4619 922ZA 827 581943 6199999999999999 2 4 281355 4499999999999999
 40 36 32 30 30 33 39 45 51 55 56 55 53 51 49 48 47 49 52 55 57 58 57 5319 923ZA 954 562055 5899999999999999 327 301544 4799999999999999
 48 44 39 34 30 28 30 35 41 48 54 57 58 57 55 52 49 46 46 48 51 54 56 5719 924ZA1153 5823 2 5799999999999999 5 0 281739 4699999999999999
 56 53 48 41 34 28 25 26 31 38 47 55 61 63 62 58 52 47 42 41 42 46 51 5719 925ZA13 4 63999999999999999999999 616 241858 4199999999999999
 61 61 58 51 41 32 24 20 21 28 38 49 59 67 69 65 58 49 41 35 34 36 43 5119 926ZA 041 611348 6999999999999999 716 201953 3499999999999999
 59 66 67 62 51 40 29 20 15 18 27 40 54 66 73 72 65 54 44 34 27 26 32 4119 927ZA 142 671426 7499999999999999 8 7 152040 2699999999999999
 53 64 71 71 63 50 37 25 16 13 18 30 45 61 73 78 73 62 49 36 26 20 21 2919 928ZA 230 7215 1 7899999999999999 852 132122 1999999999999999
 42 56 68 75 73 61 47 34 22 14 13 22 37 53 68 79 80 71 56 41 28 18 13 1819 929ZA 315 751537 8199999999999999 935 1322 3 1399999999999999
 30 45 60 72 77 71 58 43 31 21 15 17 29 45 61 75 82 78 65 48 34 22 13 1119 930ZA 358 771611 82999999999999991015 142242 1099999999999999
 19 33 49 63 74 75 67 53 40 30 21 18 24 38 54 68 79 81 73 57 41 28 17 111910 1ZA 440 761646 81999999999999991055 182321 1099999999999999
 12 23 38 53 65 73 71 61 49 38 30 24 24 32 46 61 72 79 77 66 50 36 25 161910 2ZA 522 731720 79999999999999991133 23999999999999999999999
 12 17 29 43 55 65 69 66 56 46 38 32 29 31 40 53 65 73 75 70 58 44 33 241910 3ZA 6 4 691754 7599999999999999 0 0 121213 2999999999999999
 18 17 23 34 46 56 63 65 61 53 45 40 36 34 38 47 57 65 70 69 63 52 41 331910 4ZA 650 651829 7099999999999999 041 171255 3499999999999999
 27 23 23 29 38 47 55 59 60 57 51 47 44 41 40 43 50 57 62 65 63 57 48 411910 5ZA 741 6119 8 6599999999999999 126 221347 4099999999999999
 35 31 28 29 33 40 46 52 56 57 55 52 50 48 45 44 45 50 54 58 59 57 53 481910 6ZA 851 571959 5999999999999999 223 2815 2 4499999999999999
 43 38 35 32 31 34 39 44 49 53 56 56 55 54 51 48 45 45 47 50 53 54 54 521910 7ZA1045 562129 5499999999999999 343 311639 4499999999999999
 49 46 42 38 34 31 33 36 42 47 52 57 59 59 57 53 48 43 41 42 45 49 52 541910 8ZA1231 592344 5499999999999999 510 3118 8 4199999999999999
 54 52 49 44 38 32 29 30 34 40 47 54 60 62 62 58 52 45 39 36 38 42 47 521910 9ZA1318 63999999999999999999999 620 2919 9 3699999999999999
 56 58 56 50 43 35 29 26 27 33 41 49 58 64 66 63 56 47 39 33 31 34 40 48191010ZA 058 581353 6699999999999999 713 261954 3199999999999999
 55 60 61 57 49 40 31 25 23 26 34 44 54 63 68 67 60 51 41 32 26 26 32 41191011ZA 144 611422 6899999999999999 756 232032 2699999999999999
 51 59 64 63 56 46 35 27 22 21 27 38 49 60 68 70 65 55 43 33 25 21 24 33191012ZA 221 651448 7099999999999999 833 2121 5 2199999999999999
 45 56 64 67 63 53 41 31 23 20 23 31 44 56 66 71 69 60 47 35 25 18 17 24191013ZA 254 671513 7199999999999999 9 6 202136 1799999999999999
 36 50 62 68 68 60 48 36 27 21 21 27 38 52 64 71 72 65 52 39 27 18 14 17191014ZA 326 691536 7399999999999999 936 2022 6 1499999999999999
 28 42 56 66 70 66 55 42 32 25 22 24 34 47 60 70 73 69 58 44 31 20 14 13191015ZA 357 7016 0 739999999999999910 5 222234 1399999999999999
 20 33 48 61 69 69 61 49 38 29 24 24 30 42 55 66 73 72 63 50 36 24 16 13191016ZA 429 701625 73999999999999991033 2423 3 1399999999999999
 16 26 40 54 65 69 65 56 44 35 29 26 29 38 50 61 70 72 67 56 42 29 20 15191017ZA 5 3 691653 729999999999999911 2 262333 1499999999999999
 15 21 33 46 58 65 67 60 50 41 34 30 30 36 45 56 65 70 69 61 48 36 26 19191018ZA 539 671722 70999999999999991132 30999999999999999999999
 16 19 27 38 49 59 64 63 56 47 40 35 34 36 42 51 59 65 67 63 54 42 32 25191019ZA 619 641753 6799999999999999 0 6 1612 4 3499999999999999
 21 20 23 31 41 50 57 60 58 52 46 41 38 38 40 46 53 59 62 62 58 49 39 32191020ZA 7 7 601828 6399999999999999 045 201242 3899999999999999
 27 24 24 27 33 41 48 54 57 55 51 47 44 42 42 44 48 52 56 58 57 53 47 40191021ZA 8 7 571917 5899999999999999 137 231344 4299999999999999
 34 30 27 26 28 32 39 45 51 54 54 52 49 47 45 44 44 46 48 51 53 54 52 47191022ZA 930 552040 5499999999999999 256 261533 4399999999999999
 43 38 33 29 26 26 29 35 42 49 54 56 55 53 50 46 43 40 40 43 46 49 52 53191023ZA1112 562249 5399999999999999 431 261726 4099999999999999
 51 47 42 36 29 24 23 26 32 41 49 56 60 60 56 51 44 38 34 33 36 41 47 53191024ZA1226 60999999999999999999999 549 231839 3399999999999999
 56 56 52 45 36 28 21 19 23 31 42 52 61 65 64 57 49 39 31 26 26 31 39 48191025ZA 028 571314 6599999999999999 649 191930 2599999999999999
 56 62 61 55 46 35 25 18 17 23 33 46 58 67 70 65 55 44 32 23 18 20 28 39191026ZA 128 621354 7099999999999999 740 162015 1899999999999999
 50 61 67 65 56 44 32 22 16 17 25 38 52 65 73 73 64 51 37 24 15 11 16 27191027ZA 217 671431 7499999999999999 825 152057 1199999999999999
 41 55 66 71 66 55 42 30 21 16 19 30 45 60 71 77 73 60 44 29 17  9  8 16191028ZA 3 1 7115 7 7799999999999999 9 8 162138  799999999999999
 30 45 59 70 72 64 51 39 29 21 18 24 37 53 67 76 78 70 54 37 23 12  6  8191029ZA 343 721542 7999999999999999 950 182218  599999999999999
 19 34 50 63 71 70 60 47 37 28 22 22 31 45 60 72 78 76 63 46 31 19 10  6191030ZA 424 721617 79999999999999991030 212257  699999999999999
 11 24 40 54 65 70 66 55 44 36 29 25 28 38 52 65 74 76 70 56 40 27 17 11191031ZA 5 4 701651 76999999999999991110 252336  999999999999999
 10 18 31 45 57 65 67 61 51 42 36 31 29 34 45 57 66 72 71 63 49 35 25 181911 1ZA 545 671724 72999999999999991150 29999999999999999999999
 14 16 25 37 48 57 63 62 56 48 42 37 34 34 39 49 58 65 67 64 55 43 33 261911 2ZA 627 631758 6799999999999999 015 141233 3399999999999999
 21 19 22 30 40 49 56 59 58 53 47 43 40 37 38 43 50 57 61 61 57 49 40 331911 3ZA 714 591836 6199999999999999 056 191323 3799999999999999
 28 25 25 28 34 42 48 53 55 55 51 48 45 42 40 40 43 48 53 55 55 51 46 401911 4ZA 813 551925 5599999999999999 145 241430 4099999999999999
 35 32 29 28 30 35 41 46 50 53 53 52 49 47 44 41 40 41 44 48 50 50 48 451911 5ZA 936 532041 5099999999999999 253 2816 1 4099999999999999
 41 38 35 31 30 30 34 39 44 49 52 54 53 51 48 44 40 37 37 39 43 46 48 481911 6ZA1119 542244 4899999999999999 419 291729 3699999999999999
 47 44 40 36 32 29 28 32 37 43 49 53 56 55 53 48 41 35 32 32 35 40 45 491911 7ZA1226 56999999999999999999999 534 281831 3199999999999999
 51 50 47 41 35 30 26 26 30 37 44 51 56 58 57 52 44 36 29 26 27 32 39 461911 8ZA 020 5113 8 5899999999999999 631 261917 2699999999999999
 52 54 53 48 41 33 27 24 25 30 39 47 55 60 61 57 48 39 29 23 20 24 31 411911 9ZA 114 541341 6199999999999999 716 231955 2099999999999999
 50 56 58 55 47 38 30 24 22 25 33 43 53 60 64 61 54 42 31 22 16 16 23 33191110ZA 155 5814 8 6499999999999999 755 222029 1699999999999999
 45 55 61 61 55 45 35 27 22 22 28 38 49 59 65 66 59 48 35 23 15 12 15 25191111ZA 230 621435 6699999999999999 829 2121 2 1299999999999999
 38 51 61 65 61 52 41 31 24 22 24 33 44 56 65 69 65 54 40 27 16 10 10 16191112ZA 3 3 6515 1 6999999999999999 9 2 222133  999999999999999
 29 44 57 65 66 59 48 37 28 23 23 29 39 52 63 70 69 61 47 33 20 11  7 10191113ZA 336 671528 7199999999999999 934 2222 5  799999999999999
 21 35 50 62 67 64 55 43 34 27 24 26 35 47 59 68 71 67 55 40 26 15  9  8191114ZA 410 671558 719999999999999910 7 242239  799999999999999
 14 27 41 55 65 67 61 50 40 32 27 26 31 41 53 63 70 70 61 47 33 21 13  8191115ZA 445 671629 71999999999999991041 262313  899999999999999
 10 19 33 47 58 65 64 56 46 37 31 28 29 36 47 57 65 68 65 54 40 28 19 13191116ZA 523 6517 1 68999999999999991117 282351 1199999999999999
 11 15 25 38 49 58 62 59 51 43 36 32 31 33 41 50 59 64 64 59 48 35 26 19191117ZA 6 5 621737 65999999999999991156 31999999999999999999999
 14 14 20 29 40 50 57 59 55 48 41 37 34 33 37 43 51 57 60 59 53 43 33 26191118ZA 652 591819 6099999999999999 033 141242 3399999999999999
 21 18 18 23 31 40 48 54 56 53 47 42 38 36 35 38 43 48 52 55 54 49 41 34191119ZA 749 561916 5599999999999999 125 171345 3599999999999999
 28 24 21 21 24 31 39 46 52 54 52 48 44 40 37 35 36 39 43 47 50 50 47 42191120ZA 858 542038 5099999999999999 233 201514 3599999999999999
 37 32 27 23 22 24 30 37 44 51 54 53 50 46 41 36 33 32 33 37 42 46 49 48191121ZA1017 542228 4999999999999999 356 221652 3299999999999999
 46 41 36 30 24 21 23 28 36 44 51 56 56 52 47 40 33 28 25 27 32 38 45 50191122ZA1132 56999999999999999999999 514 2118 5 2599999999999999
 52 50 45 39 31 24 20 21 28 37 46 54 59 59 55 46 37 28 21 18 21 28 36 45191123ZA 0 5 521231 6099999999999999 616 2019 0 1899999999999999
 53 57 55 48 40 31 23 19 21 29 40 50 59 64 63 55 44 32 22 14 12 17 26 37191124ZA 111 571318 6499999999999999 7 9 191947 1299999999999999
 48 57 61 58 49 39 29 22 19 23 32 44 55 65 68 64 53 39 26 15  8  8 15 27191125ZA 2 2 6114 1 6899999999999999 758 192032  799999999999999
 40 53 62 65 59 48 37 28 21 20 26 37 50 61 70 71 63 49 34 20 10  4  7 16191126ZA 247 651440 7299999999999999 844 192115  499999999999999
 30 44 57 66 66 57 46 36 27 22 22 30 43 56 67 73 71 60 43 28 16  7  3  8191127ZA 329 671518 7499999999999999 928 212157  399999999999999
 20 35 49 61 67 64 54 43 34 27 23 25 35 49 61 70 74 68 53 37 23 13  6  5191128ZA 4 9 671554 74999999999999991011 222237  499999999999999
 12 26 41 54 63 66 60 50 40 33 27 24 29 41 54 64 71 71 62 47 31 20 12  7191129ZA 449 661629 72999999999999991053 242316  799999999999999
  9 19 32 46 57 63 63 56 46 38 32 27 27 34 45 57 65 68 65 54 40 27 19 13191130ZA 527 6417 4 68999999999999991134 262354 1099999999999999
 10 15 25 38 49 57 61 59 51 43 37 32 29 30 37 48 57 63 63 58 47 35 25 191912 1ZA 6 6 611738 64999999999999991216 29999999999999999999999
 15 15 21 31 42 50 56 58 54 47 41 36 32 31 33 40 48 55 58 57 51 42 32 251912 2ZA 647 581815 5899999999999999 031 1513 0 3199999999999999
 21 19 20 26 34 43 50 54 54 50 45 40 36 33 32 34 40 46 51 53 51 45 38 311912 3ZA 733 5419 0 5399999999999999 110 191353 3299999999999999
 26 23 22 24 29 36 43 48 51 51 48 44 40 36 34 32 34 38 42 46 48 46 42 371912 4ZA 826 5120 1 4899999999999999 157 2215 4 3299999999999999
 32 29 26 25 26 30 36 42 46 49 49 47 44 40 36 33 31 31 34 38 42 44 44 421912 5ZA 932 492125 4499999999999999 3 5 251627 3099999999999999
 38 35 31 28 26 27 30 35 41 46 48 49 48 44 40 35 30 27 27 30 35 40 43 441912 6ZA1048 4923 9 4499999999999999 425 261737 2799999999999999
 44 41 37 33 29 26 26 29 35 41 46 49 50 49 45 39 32 26 22 22 26 33 39 441912 7ZA1156 50999999999999999999999 534 261829 2299999999999999
 47 47 44 39 33 28 25 25 29 36 43 49 52 53 50 44 36 27 20 17 18 24 33 411912 8ZA 030 481245 5399999999999999 627 241913 1799999999999999
 48 51 51 46 39 32 26 24 25 30 38 46 53 56 56 50 41 31 21 14 12 16 24 351912 9ZA 123 521323 5699999999999999 712 241952 1299999999999999
 45 53 56 54 47 38 30 25 23 26 33 42 51 58 60 57 48 36 24 15  9  9 16 26191210ZA 2 5 561357 6099999999999999 752 232029  899999999999999
 39 50 58 59 54 45 36 28 24 24 28 37 48 57 63 63 56 44 30 18  9  5  8 17191211ZA 242 591430 6499999999999999 831 2321 6  599999999999999
 30 44 56 62 60 53 42 33 26 23 25 32 43 54 62 66 63 52 37 23 12  5  3  9191212ZA 318 6215 3 6699999999999999 910 232144  399999999999999
 21 35 50 60 64 59 49 39 31 25 23 27 36 48 59 66 67 60 46 31 18  8  2  3191213ZA 355 641538 6899999999999999 950 232222  299999999999999
 12 26 41 54 63 63 56 45 36 29 24 24 30 41 53 62 68 65 55 40 25 14  6  2191214ZA 432 641614 68999999999999991031 2323 2  299999999999999
  6 17 31 45 57 63 60 51 41 33 27 24 26 34 45 56 63 66 61 48 34 21 12  5191215ZA 512 631652 66999999999999991112 242343  499999999999999
  4 10 22 36 48 58 61 56 47 38 31 26 24 27 36 47 56 61 62 55 43 30 20 12191216ZA 554 611734 62999999999999991156 24999999999999999999999
  7  8 15 26 39 50 57 58 52 44 36 30 26 25 29 37 46 53 57 56 49 38 28 20191217ZA 639 581821 5799999999999999 026  61243 2499999999999999
 14 10 12 19 30 40 49 55 55 49 41 35 29 26 25 29 36 43 49 52 51 45 36 28191218ZA 729 561918 5299999999999999 114 101339 2599999999999999
 22 17 14 16 23 31 41 48 53 52 47 40 34 29 26 25 27 33 39 44 47 47 43 37191219ZA 824 532029 4899999999999999 210 141448 2499999999999999
 31 26 21 18 19 24 32 40 48 52 51 47 41 35 29 25 22 24 28 34 39 44 45 43191220ZA 925 522158 4599999999999999 317 181610 2299999999999999
 39 35 30 25 21 21 25 33 41 47 52 52 48 42 36 29 23 19 19 23 30 36 42 46191221ZA1032 522337 4699999999999999 431 201726 1899999999999999
 46 43 39 33 27 22 22 26 33 41 48 53 54 50 44 35 27 19 14 14 19 27 35 42191222ZA1142 54999999999999999999999 540 211829 1499999999999999
 48 50 48 42 35 28 23 22 27 34 43 51 56 57 53 44 34 24 15 10 10 16 25 35191223ZA 055 501244 5799999999999999 640 221923  999999999999999
 45 52 54 51 44 36 28 23 22 28 37 46 54 60 61 54 43 31 19 10  6  8 16 26191224ZA 152 551336 6199999999999999 735 222013  599999999999999
 38 49 57 58 52 44 35 27 22 23 29 39 50 59 64 63 54 40 26 15  6  3  7 17191225ZA 238 581421 6599999999999999 826 222059  399999999999999
 29 42 54 61 59 52 42 33 26 22 24 32 43 54 63 67 63 50 35 22 11  4  2  8191226ZA 320 6115 2 6799999999999999 915 222143  299999999999999
 20 34 48 58 63 58 49 39 31 24 21 25 35 47 58 66 67 59 45 30 18  8  2  3191227ZA 359 631540 689999999999999910 0 212224  299999999999999
 12 26 40 52 61 62 55 45 36 29 23 21 27 39 51 61 66 64 54 38 25 14  6  3191228ZA 437 621615 67999999999999991043 2123 2  399999999999999
  7 18 32 45 56 61 59 50 40 32 26 21 22 30 42 54 62 64 58 46 32 20 12  6191229ZA 512 611650 64999999999999991123 212337  599999999999999
  6 12 25 38 49 57 59 54 45 36 29 24 21 24 33 45 54 59 59 51 39 27 17 11191230ZA 547 591724 609999999999999912 1 21999999999999999999999
  8 10 19 31 42 51 56 55 49 40 32 27 23 22 27 36 46 53 55 52 44 33 23 16191231ZA 622 561759 5599999999999999 0 9  81238 2299999999999999
