121140153155146131113 99 93 97112132153169177173159135106 77 56 45 49 6519 1 1ZD 241155141217799999999999999 8 4 932115 4599999999999999
 91120146163168160142121104 96100114136158175182177158128 93 61 37 28 3619 1 2ZD 35116815 618299999999999999 912 9622 3 2899999999999999
 59 92127158177181170147123104 95100117141165183188178152116 76 42 20 1619 1 3ZD 44418215521889999999999999910 8 952244 1599999999999999
 30 61101142174192190173145118 98 92101122150175191192174141 99 57 24  719 1 4ZD 5261931632193999999999999991055 922322  599999999999999
 10 33 72117160190202193168136108 90 89104132162187198191165125 79 38  919 1 5ZD 6 320217 8198999999999999991134 872357 -199999999999999
 -1 12 44 90138178202204187156122 96 84 90113145176196199183149104 58 2119 1 6ZD 63720617412009999999999999912 9 84999999999999999999999
 -1  0 22 63112158192207199174139106 85 81 97126160187200195170129 83 3919 1 7ZD 7 9207181320199999999999999 030 -31241 8199999999999999
  9 -3  8 41 86135175200204187155120 92 79 84107140172193198183151108 6219 1 8ZD 740205184519999999999999999 1 1 -31312 7899999999999999
 25  4  4 26 64111155187201194169136104 82 78 92120152179193189167130 8719 1 9ZD 810201191819499999999999999 131  11344 7799999999999999
 47 19  8 19 48 89133169191194179150118 92 79 8210213015917918517414811019 110ZD 840195195218599999999999999 2 0  81416 7899999999999999
 71 39 21 21 40 73112149177189183162133105 85 80 8911013615917317315813019 111ZD 910189203117599999999999999 229 181453 7999999999999999
 96 63 40 31 39 63 95130160178181170147120 97 84 82 9311213415216215914319 112ZD 943182211716299999999999999 3 1 311536 8199999999999999
117 88 64 49 48 60 84113141164174172158136113 94 84 83 9210812614114914719 113ZD1020175221615099999999999999 336 461632 8299999999999999
133113 91 73 64 66 79100124147163169164150130109 92 81 79 85 9811412913919 114ZD11 4169233614199999999999999 419 631747 7999999999999999
140132118101 88 81 82 92109129147161165160147129108 88 74 67 71 8310111919 115ZD1159165999999999999999999999 521 811911 6799999999999999
134141140131118105 96 94 99112129147160165162149129105 80 60 50 52 66 8819 116ZD 11914213 916599999999999999 648 942021 4999999999999999
114136151155149136120106 99100111128147162171168154130 98 66 41 28 31 5019 117ZD 255155141917199999999999999 820 982119 2799999999999999
 79114145166175168151130110 98 97107127150170181178160128 88 49 19  5 1219 118ZD 4 4175151918199999999999999 935 962212  599999999999999
 37 76120159186194184161132107 91 91104129158182193187163122 74 29 -3-1519 119ZD 4571941612194999999999999991034 8923 1-1599999999999999
 -3 31 80132177204210194163128 98 83 84104135169195205194162113 58 10-2219 120ZD 54421117 1205999999999999991124 812348-3099999999999999
-30-11 33 90148194219218194157117 87 74 81107145181207213196156101 43 -519 121ZD 6282221748214999999999999991210 73999999999999999999999
-34-35 -8 44106165208226218186144103 75 67 81114155191213215192146 89 3119 122ZD 710227183421799999999999999 033-381253 6799999999999999
-14-36-29  7 63125180216226208171127 89 66 64 85121162196213209181133 7719 123ZD 751226192021499999999999999 117-371334 6299999999999999
 24-14-27-12 30 87145191217217192152109 76 60 66 9112716519320519616612019 124ZD 82922020 720599999999999999 158-271415 6099999999999999
 69 24 -3 -7 16 59111160196211201172132 95 69 60 70 9612916018319017914919 125ZD 9 6211205519099999999999999 238 -91458 6099999999999999
109 67 33 17 22 48 88132170194198182152116 86 66 63 74 9712415016717116019 126ZD 942199214817299999999999999 317 161544 6299999999999999
136104 73 51 43 53 78112146173187183165136107 82 68 66 75 9311413514915319 127ZD1018187225215399999999999999 356 431641 6599999999999999
145128106 86 73 71 82102128152170176169151128104 84 71 67 71 8410111813219 128ZD1058176999999999999999999999 440 711757 6799999999999999
139138130117105 96 95102116134151163166159145126105 86 71 63 63 71 8610419 129ZD 021140114916699999999999999 540 941930 6199999999999999
121134140139133123114110112120132146156160156146129108 85 66 53 50 57 7319 130ZD 22314113 516099999999999999 7141102048 5099999999999999
 95118138150154149137124114111116127140153160160151133107 80 56 40 36 4619 131ZD 352154143116199999999999999 8531112147 3699999999999999
 67 95125150166169160143124110104109122139156167167156133101 68 41 25 2419 2 1ZD 44417015351699999999999999910 21042233 2399999999999999
 39 68104140168182180163139115 99 95103122145166177175157126 89 52 25 1219 2 2ZD 5211831622178999999999999991050 942312 1299999999999999
 18 41 78121159185193182156126100 86 87103129157179187178152113 71 34 1019 2 3ZD 55419317 0187999999999999991127 842347  399999999999999
  4 19 53 97143179198196174142108 84 75 85110142172191192174139 94 51 1619 2 4ZD 6242001734194999999999999991159 75999999999999999999999
 -1  4 30 73122165195203189158121 89 70 70 90123159187199190162120 73 3119 2 5ZD 65220318 619999999999999999 018 -21229 6899999999999999
  4 -3 14 51 99147185203198173136 99 71 62 73102140175196199181144 97 5219 2 6ZD 718204183820199999999999999 047 -31258 6299999999999999
 16 -1  5 34 78127170197202185152112 79 59 60 82118156185198191164122 7619 2 7ZD 744203191019999999999999999 115 -11327 5799999999999999
 35 10  6 24 62108152185200192166128 91 64 55 66 9513216618819317714410119 2 8ZD 810200194419399999999999999 141  51357 5599999999999999
 59 28 14 22 51 92135171192194176143106 74 56 57 7610714216918418115912419 2 9ZD 835196202018599999999999999 2 8 141428 5499999999999999
 84 50 30 29 47 80119155180190181156122 89 65 55 63 8511514416617416614219 210ZD 9 119021 117499999999999999 234 2715 3 5599999999999999
109 77 53 43 51 73105139166181180164137106 78 62 58 69 9011614015716115119 211ZD 929183214916199999999999999 3 3 431544 5899999999999999
130103 79 65 63 75 97124149167174168149124 97 75 62 61 70 8710913014414919 212ZD10 1174225314999999999999999 337 621639 6099999999999999
142127108 92 84 85 96113133151163165157140118 95 76 63 59 64 77 9611613219 213ZD1043166999999999999999999999 422 831758 5999999999999999
141141133122111104103109119133146155158152139121 99 78 61 51 51 61 7910219 214ZD 028142114915899999999999999 5411031932 4999999999999999
124140148149142132121114112116126138150156156147130106 78 53 36 32 41 6219 215ZD 232149132915799999999999999 7491122051 3199999999999999
 91121147164169163148130115106106116132149163168162142110 74 40 17 10 2019 216ZD 356169145916899999999999999 9281052155 1099999999999999
 48 86127162185190179157129106 93 93106129155176185178151111 65 24 -3-1119 217ZD 45019116 4185999999999999991031 912250-1199999999999999
  5 41 90140182205207187154119 91 76 80101134168194203191156107 53  7-2119 218ZD 5342091657203999999999999991119 752338-2699999999999999
-25 -1 46104160202221214184142101 71 60 71102143183210216197154 97 40 -719 219ZD 61322217462179999999999999912 1 60999999999999999999999
-31-27  7 62125181218228210170122 80 52 48 69108155196220221194145 85 2819 220ZD 651228183122499999999999999 022-341241 4799999999999999
-14-30-16 27 88149199226224195148 99 59 39 44 73118166203222216183131 7319 221ZD 726229191622399999999999999 1 3-301319 3799999999999999
 22-11-16  9 58117172210224209172123 76 44 33 47 8312817120221420116611619 222ZD 75922420 021499999999999999 140-171356 3399999999999999
 65 24  4 11 44 92144187212212187145 99 60 37 36 57 9313417019319818114719 223ZD 830215204319899999999999999 215  31433 3399999999999999
104 64 37 30 46 80123164193204192162121 82 52 39 45 67 9913316117717716019 224ZD 859204212917999999999999999 248 291511 3999999999999999
131 98 72 58 61 80111145173189188170139105 74 54 48 56 7510112614715815619 225ZD 927191222315999999999999999 320 571555 4899999999999999
143123102 88 83 90108131154171177169150124 98 76 62 58 64 77 9611513114019 226ZD 956177233914299999999999999 353 831653 5899999999999999
141135125115108107112124139152161161153138119100 84 71 65 66 73 8610111619 227ZD1034162999999999999999999999 4391061825 6599999999999999
128136138136131126123123127134142147149145136124109 92 77 66 61 64 74 9019 228ZD 159138114414999999999999999 6291222010 6199999999999999
108126141150151147138128121120123129137143146143133118 97 77 60 51 52 6319 3 1ZD 34615214 014699999999999999 8511192124 5099999999999999
 83108133154166166156139123110106110121135148155154143122 95 68 47 37 4119 3 2ZD 43116715251569999999999999910 11062215 3799999999999999
 58 85118149172180174155130108 94 92101120142160169165148118 84 53 32 2519 3 3ZD 5 41801614170999999999999991041 912255 2599999999999999
 35 61 97136169188189172144113 89 77 82101129156176182171144107 68 36 1819 3 4ZD 5321911652183999999999999991113 772329 1699999999999999
 18 39 75118159189199188160124 91 69 65 80110145175192190169132 89 48 2019 3 5ZD 5591991725194999999999999991142 642359 1099999999999999
 10 21 53 98144182202200176139 99 68 54 61 88127165192202190158114 68 3019 3 6ZD 6242041757202999999999999991210 54999999999999999999999
 10 11 36 78127170199207190155112 74 49 46 66103147183204203180140 92 4819 3 7ZD 648207182920799999999999999 026  71238 4499999999999999
 18  9 24 61108155191208200171128 85 52 38 47 79122165196208196164118 7219 3 8ZD 71220819 120899999999999999 053  913 6 3799999999999999
 35 16 21 49 92139179203205184145100 61 37 35 57 96140178201203182143 9819 3 9ZD 735207193520599999999999999 119 151335 3399999999999999
 57 31 26 43 79124165193203192160117 75 44 32 42 7111315318419819116412419 310ZD 758203201019899999999999999 144 2514 4 3299999999999999
 83 52 39 46 72110149180196193171134 93 58 37 35 53 8612415918218817514619 311ZD 821198204918899999999999999 210 381435 3399999999999999
110 78 59 56 72101135165185189176148112 76 50 38 43 64 9512815617317415919 312ZD 846190213417599999999999999 238 551511 3899999999999999
134106 84 74 79 97123149170179175158130 98 70 51 45 52 70 9612414616016019 313ZD 913180223216299999999999999 3 9 741558 4599999999999999
149130112 99 95102116135152164168161144120 95 73 58 52 55 69 8911213214619 314ZD 950168999999999999999999999 350 9517 7 5299999999999999
151147138127119115118125135145153155151140123103 84 66 55 52 58 74 9511819 315ZD 0 0151105215599999999999999 5 61151850 5299999999999999
137150155154147138129122121124131140147150147136119 96 72 52 40 41 55 7919 316ZD 21415513 215099999999999999 7501212026 3999999999999999
107136158172174165149131115107107116131147160164156136105 71 42 24 22 3719 317ZD 341174145416499999999999999 9291052137 2199999999999999
 67106144175192193177150122 98 86 87103129156178186177149109 65 28  6  519 318ZD 43119516 0186999999999999991023 852233  399999999999999
 27 66115161196211204177140102 75 63 71 98135172199207192156106 55 14 -719 319ZD 51121216532079999999999999911 6 632321 -899999999999999
 -2 28 77134183216223204166119 77 50 44 62101148190217221199153 97 44  419 320ZD 5472241739223999999999999991145 43999999999999999999999
-11  2 43100158205228224192144 93 51 29 33 63111163205229225195144 86 3519 321ZD 621230182423199999999999999 0 3-111222 2799999999999999
  3 -3 22 70129183220231212170116 66 29 17 32 72124175214230219182130 7619 322ZD 65323119 723099999999999999 041 -51257 1799999999999999
 33 11 18 52104158202225221191142 88 43 17 16 41 8613718321322120316411619 323ZD 722227194822199999999999999 117 101332 1399999999999999
 71 40 31 49 88136180210218201163113 66 30 16 26 5710114618320420418314619 324ZD 750219203020799999999999999 149 3114 6 1699999999999999
106 73 55 59 83121160191207202176135 91 52 29 25 42 7311114817618918416219 325ZD 815208211318999999999999999 220 541441 2499999999999999
133103 83 77 89114144172190193179150113 78 51 38 41 58 8611614416417116419 326ZD 84019422 117199999999999999 249 771518 3799999999999999
148127109 99101114134155172179174157131102 76 59 52 57 71 9211413514915419 327ZD 9 717923 415499999999999999 321 9816 4 5299999999999999
151141130121117120129141153161162155140121101 84 72 67 69 77 9010712313619 328ZD 939163999999999999999999999 4 41171716 6799999999999999
144147145140135131130131136141145146142134123110 97 85 76 72 75 83 9711419 329ZD 1 1147103914699999999999999 55913019 9 7299999999999999
129143152155153146137128123122125131136139139133123109 92 77 68 67 74 8919 330ZD 3 5156132313999999999999999 8391222040 6699999999999999
109131151164169163149132116107105111123136146151147134114 91 71 58 56 6619 331ZD 35616915 515199999999999999 9411052140 5599999999999999
 87114142166180179165142118 98 88 91104125146161167160140112 82 58 46 4819 4 1ZD 4291811557167999999999999991018 872223 4599999999999999
 65 93128161184192182157126 96 76 71 83107136163180181166136101 68 44 3619 4 2ZD 4561921635183999999999999991048 712258 3699999999999999
 46 73110149182199196174139102 71 57 61 84119155183196189163125 85 52 3319 4 3ZD 52220017 9196999999999999991116 562329 3199999999999999
 34 54 91134174200207190156114 74 48 43 60 95138177202206188153109 68 3919 4 4ZD 5472071742207999999999999991145 422358 2999999999999999
 29 41 73117162196212204174130 84 48 31 38 69114160196214208179137 91 5419 4 5ZD 6102121815215999999999999991213 30999999999999999999999
 33 35 60101147187210212190148100 56 28 23 44 85135180210218201164119 7619 4 6ZD 634214184921899999999999999 026 311242 2299999999999999
 46 37 52 86131173203214201166119 71 34 17 25 5710515419421521318714710319 4 7ZD 658214192521799999999999999 054 371311 1699999999999999
 67 48 51 77116158192209206181138 90 48 21 16 36 7512316820021220117113019 4 8ZD 72121120 221299999999999999 121 471342 1599999999999999
 93 67 60 74105143177199204189156112 68 35 19 25 52 9213617419720118515519 4 9ZD 745205204220299999999999999 150 601414 1899999999999999
120 91 76 79 99129160184195190168132 92 56 32 26 38 6610314117118818717119 410ZD 811196212819099999999999999 220 751451 2699999999999999
144118 99 93101120145167181183172148116 83 56 39 38 50 7510613716117517419 411ZD 841184222717699999999999999 255 931538 3799999999999999
161143125113111119132148162169168157137112 86 65 52 49 57 7510012614816219 412ZD 922170235216699999999999999 3421111646 4899999999999999
166161150138130126127132140148154155149137120100 80 64 55 56 68 8811313719 413ZD1037155999999999999999999999 5161251825 5499999999999999
156166169164154142130123120123131140148152149137118 95 72 55 48 55 7410119 414ZD 14716913 515299999999999999 75612020 0 4899999999999999
131158176184179165144123107 99102115133152165169159136105 74 49 37 43 6419 415ZD 3 7184144716999999999999999 914 992112 3799999999999999
 98135169192200191167136106 83 75 82104134164185191179149110 70 40 27 3519 416ZD 35720015511929999999999999910 2 7522 8 2799999999999999
 63104149187210212193158117 80 57 52 68102143181206211192154107 63 32 2219 417ZD 4362141643212999999999999991043 512256 2299999999999999
 36 72121170207224216184139 91 52 32 36 64108157199223223196152101 57 2919 418ZD 5112241729226999999999999991121 312338 2499999999999999
 26 49 93145192223229208165112 63 28 15 30 69121173214232225192143 93 5419 419ZD 5442301813233999999999999991158 15999999999999999999999
 34 40 72120171210230223190139 84 38 11  9 35 82137187221232217180132 8719 420ZD 615231185523399999999999999 016 331233  699999999999999
 56 47 64102149192220226206164111 59 21  5 15 49 9915119522122420216412119 421ZD 644227193622699999999999999 051 4613 8  499999999999999
 85 65 67 92131172205220212182136 86 42 15 10 30 6811616119621320818414919 422ZD 711220201721499999999999999 124 631341  999999999999999
114 88 80 91119154186206209191156112 68 36 20 25 50 8712916619120019116719 423ZD 737210205820099999999999999 155 801415 1999999999999999
138112 97 98114140168189198190167133 95 61 39 34 45 6910213616418218517419 424ZD 8 4198214218599999999999999 226 961450 3399999999999999
154133116110116131151169181182170147117 88 64 51 51 63 8411013615817017119 425ZD 833183223617299999999999999 3 21101532 5099999999999999
163149135125123127138150161167164152133112 91 75 67 67 76 9111113214916019 426ZD 911167235416299999999999999 3501221628 6699999999999999
162159151142134130130134141147151149142130116101 89 80 77 81 9210812614219 427ZD1013151999999999999999999999 5291301756 7799999999999999
155162163158150139130124122126132138142141136127114100 88 80 80 8810312119 428ZD 140163122614299999999999999 7461221931 7999999999999999
141157168171166153137120109106110120133144150149140124106 88 77 75 8310019 429ZD 252171142215199999999999999 8551052042 7499999999999999
123147167180181170149125103 90 88 98116137155165164151129104 82 69 68 8019 430ZD 335182152316699999999999999 937 872134 6799999999999999
103132161183192186165135104 80 69 74 94122151173182176156127 97 73 62 6519 5 1ZD 4 719216 7183999999999999991011 692215 6199999999999999
 85115149179198200183151113 79 57 52 68 98136170192197183155119 86 64 5719 5 2ZD 4362011646198999999999999991043 522251 5799999999999999
 69 97134171198209199170129 86 52 36 42 70112156191209207183147108 75 5819 5 3ZD 5 22091722211999999999999991114 362325 5699999999999999
 59 81117158193213212189148101 57 29 23 42 81131177209221208177135 96 6819 5 4ZD 5282151759221999999999999991145 222357 5899999999999999
 58 70101142182210219205169121 71 32 13 19 50 99151195222224203165123 8619 5 5ZD 5542191836226999999999999991217 12999999999999999999999
 66 66 88125166200218214188144 93 46 15  6 25 6511816920822622019215211219 5 6ZD 621219191522799999999999999 029 631249  699999999999999
 83 71 82111149185210216201166118 69 29  7 10 38 8313518121322321017814019 5 7ZD 649217195622399999999999999 1 2 711324  599999999999999
106 86 84102133167195210206183143 96 53 22 10 21 54 9914618621021319616619 5 8ZD 718210203921499999999999999 135 8214 1 1099999999999999
133107 95100121149176195201190163125 83 47 25 21 36 6810915018320120018419 5 9ZD 751201212820399999999999999 211 951443 2099999999999999
158132113108116134156175187187174148115 80 52 36 35 50 7811314817519018919 510ZD 830189222719199999999999999 2541081534 3399999999999999
176156136123120125137152165173172161141115 88 64 50 48 59 8111114116618119 511ZD 925174234118499999999999999 3531201641 4799999999999999
183175160145132125125130139150158161157145125102 80 64 57 62 8010613416019 512ZD1058161999999999999999999999 53612418 5 5799999999999999
177184180168152135121114113121133147158162157142120 95 74 61 62 7610113119 513ZD 1 718413 016299999999999999 7321131928 6099999999999999
160181191189175154129108 94 92101119142162175175161136106 79 62 60 7310019 514ZD 219192143117699999999999999 843 912038 5999999999999999
134167192203198178147114 86 70 69 84112144173192193177147111 80 61 59 7519 515ZD 312203153619599999999999999 933 672136 5799999999999999
107145180205213201172132 92 61 46 51 75112154189209209188152112 79 61 6219 516ZD 3542131629211999999999999991016 452226 5999999999999999
 84120161197218219197157110 67 37 27 40 74120167204222217190151109 78 6319 517ZD 4312211717223999999999999991056 272310 6399999999999999
 71 99139181212226216184136 86 43 18 16 39 82134182217230218186145105 7819 518ZD 5 622618 2230999999999999991135 142350 7099999999999999
 71 85119161198222225204163112 62 25  8 16 48 9715019522423021217713610119 519ZD 5382271844231999999999999991211  7999999999999999999999
 81 82105141180211224216186140 89 44 14  7 25 6411516520422522320016412719 520ZD 6 9225192522799999999999999 027 791247  799999999999999
 99 89 98125161194215218200164116 69 32 13 17 42 8413217620721921018415119 521ZD 63921920 421999999999999999 1 2 881321 1299999999999999
120101 99115144175200211205180141 97 57 30 21 33 6310414618220520919516919 522ZD 7 9211204320999999999999999 136 981356 2199999999999999
140117106111130156181198200187159122 84 53 36 36 52 8312015618319819618019 523ZD 740201212319999999999999999 2101061431 3399999999999999
157134118114122140161179189185169142110 79 57 48 53 71 9913015918018818419 524ZD 81518922 818899999999999999 24811315 9 4899999999999999
169150132122121129143158171175169154131105 83 67 62 69 8510913515917418019 525ZD 85717523 118099999999999999 3361201555 6299999999999999
175163148135126124128138149158161157145128108 91 80 76 81 9511413615617019 526ZD 957161999999999999999999999 4471241656 7699999999999999
175172163150137126120121127136145151151145132117102 91 85 88 9811613615519 527ZD 0 8175113015299999999999999 6281201812 8599999999999999
169176175166152135120110107112123137148154152143128112 98 89 90 9911613719 528ZD 122176131615499999999999999 7501071928 8899999999999999
158174182180169150127106 93 90 98115135153163164155138118100 89 8910011919 529ZD 221183143616599999999999999 845 892032 8899999999999999
143166184191185167140111 86 72 73 88113141165179179167144119 98 86 8810219 530ZD 3 5191153218199999999999999 927 712124 8599999999999999
126154180196199186159123 88 62 52 60 84119154182196193174146116 94 83 8919 531ZD 34120016191979999999999999910 5 522210 8399999999999999
109139170195208203179142100 63 39 35 53 88131172201212202176142110 89 8319 6 1ZD 41420817 1212999999999999991041 342251 8299999999999999
 94121155188210215199165120 74 38 20 25 54 99148191217222205173136104 8619 6 2ZD 4462151743223999999999999991117 192330 8399999999999999
 86105137174204219215189146 96 50 18  8 23 62114166207229227203166128 9919 6 3ZD 5182201825231999999999999991154  8999999999999999999999
 86 94119155191215222208173125 73 30  5  4 29 7513018121823322419515712119 6 4ZD 55122319 723399999999999999 0 9 861232  199999999999999
 97 91105135171202220218196155105 56 18  0  8 41 9014419122223121618514819 6 5ZD 627222195123199999999999999 048 911312  099999999999999
117 99100119149182207217209181139 90 46 15  5 19 5510415419622022320517419 6 6ZD 7 5217203722599999999999999 127 971355  599999999999999
141115104110130158185204208196167126 82 44 20 16 34 7011516019521421319419 6 7ZD 747208212621699999999999999 2101041441 1599999999999999
166137117110117136159181194196183156120 82 51 33 32 50 8312316219220620319 6 8ZD 837197221920799999999999999 2591101532 3099999999999999
185161137120115120134152170181183173152122 90 64 49 48 64 9312816218719919 6 9ZD 941184231720099999999999999 4 01151631 4799999999999999
196181159138122114115124139155168174169154130103 80 65 63 7610013116118419 610ZD11 5174999999999999999999999 5221131738 6299999999999999
195193180159137118106102108122140158169171162143119 96 80 75 8410613416319 611ZD 020196124117299999999999999 6521021850 7599999999999999
185196195181159133109 92 85 90106129152171179175158134109 91 84 9111113819 612ZD 12319714 917999999999999999 8 4 8520 0 8499999999999999
167189201199182156124 94 73 65 72 93122153178191189172145118 97 89 9611719 613ZD 220202152119299999999999999 9 2 6521 3 8999999999999999
146175198208202180147109 75 53 47 59 86123160190204201181152122101 9310219 614ZD 3 9208161920599999999999999 950 462158 9399999999999999
125156186207214202173133 91 56 35 33 52 88131172203216209185152122101 9619 615ZD 35321417 9216999999999999991034 322247 9699999999999999
109135168198215216197161115 72 38 22 27 54 9614418621522421118214811810019 616ZD 4322181753224999999999999991115 212330 9899999999999999
100118148182208220213186144 96 54 25 16 30 6411116020022322520617414011319 617ZD 5 82201835227999999999999991154 16999999999999999999999
100107130163194215220204170125 78 40 18 17 40 8012917621022622019616212919 618ZD 543220191322699999999999999 0101001231 1599999999999999
107103116144176204217213190151106 62 31 18 27 5710014818921622220918114819 619ZD 617218194922399999999999999 04610213 6 1899999999999999
120105108127157187208214202173132 89 52 29 26 43 7712116419821521419416519 620ZD 651214202421799999999999999 1201041340 2499999999999999
135113106116138167191206204186154115 77 48 34 39 63 9913917620121020117919 621ZD 725207205921099999999999999 1551061414 3499999999999999
150125110110124147171190198191170138102 71 51 45 57 8311815318219920118819 622ZD 8 2198213520299999999999999 2311081448 4599999999999999
165140120111115129150170183187177155126 96 72 59 61 7610113216218419519119 623ZD 845187221519599999999999999 3131111525 5899999999999999
176155134119113117129146163173174165145121 97 80 72 77 9211614216718318919 624ZD 93717523 018999999999999999 4 511316 8 7299999999999999
183169150132118112114124138153163165157142123104 91 86 9110512514816818219 625ZD1044165235218599999999999999 51311217 2 8699999999999999
185179166148129115106105113127142155160157147131115103 9710111213115117019 626ZD12 9161999999999999999999999 63310518 9 9799999999999999
182185179165146124106 94 9210011613515316316515714312711310510611713415519 627ZD 051185133916599999999999999 742 91192310499999999999999
173185189181164140114 91 77 75 8610813415717317817115613611910910811913719 628ZD 149189145417899999999999999 838 74203110799999999999999
160180193195184161130 98 71 57 58 7610513816818819418516614212110810812119 629ZD 240195155319499999999999999 925 55213010799999999999999
142168190202201184154115 78 50 37 44 6910714818320520919617114211810610819 630ZD 32620416442109999999999999910 9 37222310599999999999999
124150179202212205181142 97 56 29 20 35 6911516220022122120217113911410319 7 1ZD 4 82121730224999999999999991052 20231010299999999999999
108130161192213220206174127 78 36 11  9 31 7412617721523322720216713210819 7 2ZD 4502201816234999999999999991136  7235510099999999999999
100111138172204223223203163112 61 21  0  4 34 8414019122723922719715912419 7 3ZD 53322619 0239999999999999991221 -2999999999999999999999
103100117148183213227222196151 98 48 11 -4  7 44 9715420323323922118714819 7 4ZD 616228194424099999999999999 039 9913 5 -499999999999999
116 99102123156191216226217186140 88 41  9  1 19 6011316721023323221017419 7 5ZD 7 2226202823699999999999999 123 981350  199999999999999
137110 98105129161192214220207175130 82 41 16 14 37 7912917721322822219619 7 6ZD 750220211222999999999999999 2 7 981435 1299999999999999
161128106 99109132161188206209195165124 82 48 31 34 59 9914418421222020919 7 7ZD 843210215522099999999999999 254 991521 3099999999999999
183150122103 99109130155178194197184158123 89 63 51 58 8111715518720721019 7 8ZD 943197224021199999999999999 347 9916 9 5199999999999999
197172143118102 97105122144165180184176156129102 82 74 8110113116218820219 7 9ZD1052185232920499999999999999 451 9717 3 7499999999999999
202188165139115 99 92 96110130150167176173160140119102 9510011614016618719 710ZD1216176999999999999999999999 6 7 9218 6 9599999999999999
197196183161136112 93 83 84 9611513815917317616915413511911111312514516719 711ZD 023198134917799999999999999 724 82191911099999999999999
186195194182160133106 83 70 69 8210413115717718618216814913112011912914719 712ZD 124196151218699999999999999 832 68203411899999999999999
169187197196183159128 96 70 56 56 71 9813116318719819517915613512212013019 713ZD 227198161619999999999999999 929 54214011999999999999999
149172191202200184155119 84 56 43 46 66 9913817420021020418315713311911819 714ZD 32220317 5211999999999999991019 42223411699999999999999
130153178199208203181147106 69 42 32 41 6810815118921421920618015012511319 715ZD 41020817472209999999999999911 2 32231911299999999999999
115133160188207213202174134 91 54 31 27 44 7812416920522322120116913811519 716ZD 4522141824225999999999999991142 26235810799999999999999
107116140171199215215196161117 74 41 24 29 54 9614418721722721618815412319 717ZD 5302171858227999999999999991218 23999999999999999999999
105105122151184209219211184144 99 59 32 24 38 7211816520322422420317113619 718ZD 6 5219193022699999999999999 0321031252 2499999999999999
110 99107132164195214217201168125 82 48 29 32 56 9514118321322321318615119 719ZD 63921820 022399999999999999 1 5 991323 2899999999999999
120100 98114143176202214209186150107 69 43 35 47 7812016319721621619716719 720ZD 713215202921999999999999999 137 971353 3599999999999999
133108 96102124154183203208197169132 93 62 46 48 6910314317920521320418019 721ZD 749209205921399999999999999 210 961423 4499999999999999
149120101 96108132160184198197181152118 85 64 57 67 9312716119020520518919 722ZD 829200212920799999999999999 245 961453 5799999999999999
163135111 98 99113136160179189185167140111 86 73 74 8911514517319320119419 723ZD 91318922 220199999999999999 325 971527 7199999999999999
176150126107 98101114134155171178173157135112 95 88 9310813115717819219419 724ZD10 7178224019599999999999999 414 9816 6 8899999999999999
184165142121105 97 9911012714616216916715513812110910410912314216217918819 725ZD1115169232718999999999999999 517 96165810499999999999999
188178160139118101 92 9110011713615416516716014813512411912113114616317819 726ZD1243167999999999999999999999 633 90181311999999999999999
186185176159137114 94 81 78 8610512815016717517316415013712812613314616219 727ZD 027187141917599999999999999 745 77194412699999999999999
177187188179161136107 82 65 61 71 9312315217618919018016314513112513014319 728ZD 138188153519199999999999999 847 6021 312599999999999999
162180193196186164132 97 66 46 42 56 8512216019020720719317014612711912419 729ZD 246196163220999999999999999 943 4222 711999999999999999
141164187203207194165126 83 48 26 25 45 8212817320722422120017014011811019 730ZD 3442071720225999999999999991034 2323 011099999999999999
119141170199216218200164116 68 30  9 12 39 8513918922423822820016312910719 731ZD 43622018 5238999999999999991123  7234710199999999999999
101115145180211229227202159105 54 15 -2  7 43 9615520523824522719215111519 8 1ZD 5252301847246999999999999991210 -3999999999999999999999
 95 95116151191222237230199150 94 42  6 -5 12 5511417322024524421817713419 8 2ZD 612237192724899999999999999 031 921255 -599999999999999
101 85 92119159199228239227192140 84 36  7  3 28 7713519022924523520215919 8 3ZD 7 023920 624699999999999999 113 851337  199999999999999
118 89 80 93125165202227233217180130 79 38 17 23 5410315620323223821918319 8 4ZD 748234204423999999999999999 155 801418 1699999999999999
140103 81 79 97129166199219222203168123 80 49 38 51 8412917421022822420019 8 5ZD 838223212022999999999999999 237 771458 3899999999999999
163125 95 79 81100130162189205206188157121 89 68 65 8211315018621021820719 8 6ZD 931208215621899999999999999 322 781539 6499999999999999
181148115 92 81 85101126153175189189176153126104 92 9411013516418920420519 8 7ZD1032191223420799999999999999 414 801622 9199999999999999
192167139112 93 84 86 9811714016017317717015613812411611813014816918619519 8 8ZD1149177232019699999999999999 519 83171911699999999999999
193181161137114 96 85 83 9010612614616217117216515414313513414015216617919 8 9ZD1334173999999999999999999999 642 82184213399999999999999
186186177161140117 97 82 76 80 9411513815917518217917015714513813914816019 810ZD 025187151418299999999999999 8 6 76202213899999999999999
173182185180166144118 93 74 65 69 8410913816518619519318016114413413214019 811ZD 152185161719699999999999999 913 65213813299999999999999
155171185191186171145114 84 63 53 59 8011114617820120920118115713512312319 812ZD 3 819116592099999999999999910 7 53223112299999999999999
135154176193200193172140104 71 50 44 55 8312116219621521720117314412111119 813ZD 4 22001735219999999999999991051 43231111199999999999999
116134161187205209196167128 89 56 38 39 59 9513918221322521719115812610619 814ZD 44520918 6225999999999999991129 36234510199999999999999
101115142174201216213192155112 72 43 31 41 7211516220222522720817413710819 815ZD 52221718352299999999999999912 3 31999999999999999999999
 93 98121155189214222210180138 93 56 34 33 54 9314118621823021919015211619 816ZD 55522219 223099999999999999 016 931233 3099999999999999
 92 86102134171204222221200163117 75 45 33 44 7612116720522622520416712819 817ZD 628224192822999999999999999 045 8613 1 3399999999999999
 97 81 87112149186213223213184142 98 62 42 42 6510414919021722621318214319 818ZD 7 1223195322699999999999999 115 811328 3999999999999999
107 83 78 94126163196216217199165123 84 57 49 61 9213317320522121719415819 819ZD 735219201822299999999999999 144 771355 4899999999999999
121 91 77 82105138173199211205182146109 78 62 65 8612015819021121520117219 820ZD 811212204321699999999999999 215 761421 6199999999999999
137105 83 78 89115146176196201191165133102 82 76 8811314417519820920318319 821ZD 851202211020999999999999999 249 771450 7699999999999999
153121 95 81 82 97121148172187189177154128106 94 9611113516118419820018819 822ZD 938190213920199999999999999 327 801522 9499999999999999
166138112 93 83 8610012114416417717816815113211811211713014816818319118919 823ZD1036179221719299999999999999 416 8316 311299999999999999
176156132110 94 85 86 9611313415416717216715714513513113314115316617818319 824ZD1158172231218399999999999999 525 84171113099999999999999
181170154134113 95 83 79 8510012114316117217517116215214414014214915917019 825ZD1351175999999999999999999999 654 79191314099999999999999
177179174160141117 93 75 66 69 8410813616218119018917916414913813413915019 826ZD 045179152419199999999999999 815 65205713499999999999999
165178186185173150119 87 61 48 50 68 9913517019721020819216914512712112619 827ZD 224187162121199999999999999 922 4622 312199999999999999
143165187201202187157117 76 44 28 32 56 9614218521622922019616313211110419 828ZD 33520317 6229999999999999991019 27225210499999999999999
115140172201219219198159110 63 27 11 20 53103157205235242224189148113 9119 829ZD 43022117462429999999999999911 9 112336 8899999999999999
 89108144184218236232204156100 49 14  2 19 61119178224249246218174128 9119 830ZD 5202371824251999999999999991155  2999999999999999999999
 73 79108152197232247237202148 89 39  8  4 31 8114319923925423920115110519 831ZD 6 824719 025499999999999999 016 721238  299999999999999
 72 61 76114162208240250233193137 81 36 13 20 5510916821724624822317812719 9 1ZD 654250193425199999999999999 055 611317 1299999999999999
 84 58 56 80123171213239243221179126 77 42 31 47 8814019022824323319915219 9 2ZD 74024420 724399999999999999 134 541355 3199999999999999
105 69 53 60 89131174210230228204164119 81 58 58 8112116620422823121117419 9 3ZD 826232203723399999999999999 212 521430 5599999999999999
130 90 64 56 69 98136172200214209186153119 93 83 9011514918220821921218819 9 4ZD 91521421 721999999999999999 252 5615 5 8399999999999999
152115 85 67 66 8010513516318519519017314912711211012014016518820220419219 9 5ZD1010195213920599999999999999 335 64154210999999999999999
169139111 89 77 77 8710612915116917717616715414113313314015416918218918719 9 6ZD1122178221819099999999999999 431 75163213299999999999999
176158136115 98 87 84 8910111913815416617117016515715114814915416217017519 9 7ZD1319172232417699999999999999 553 84181714799999999999999
175168157142125108 94 86 85 9310712714716417618117917116015014514515015819 9 8ZD1511181999999999999999999999 735 84203014499999999999999
165170170164152134113 94 80 76 82 9912214817218819519017615814213213013719 9 9ZD 13317116 419599999999999999 854 76214113099999999999999
149164175180176161138111 86 69 65 74 9612615818620420719417214712611511719 910ZD 3 5180164020799999999999999 950 65222311499999999999999
129150171188194186165134101 73 57 56 72102139176204217211188158127106 9919 911ZD 3581941710217999999999999991033 542256 9999999999999999
109131160186203205190160122 86 58 47 54 79117160197220223205173136105 8819 912ZD 43720617382249999999999999911 9 462325 8699999999999999
 90109142176204217210185147105 69 46 43 60 96141184216229219189149111 8419 913ZD 51121718 3229999999999999991140 412354 7599999999999999
 75 88119159196219224207173129 86 54 40 49 78122168207228228204165122 8619 914ZD 54322518282319999999999999912 9 40999999999999999999999
 67 71 96136179213229223196154109 70 46 44 65105151194223231216181137 9519 915ZD 615229185123199999999999999 021 661235 4299999999999999
 67 59 76111156197223230214178134 91 60 48 60 9113517921322922319515310919 916ZD 647230191423099999999999999 049 5913 1 4899999999999999
 74 56 61 88130174208226223198158115 80 60 61 8412216420022222420516912619 917ZD 721227193622699999999999999 118 551327 5899999999999999
 86 60 54 70104147185212221209179140103 78 70 8311315018621122020918114219 918ZD 756221195922099999999999999 147 531353 7099999999999999
102 71 56 60 84119158190209210193162128100 86 8910913917119721020818915819 919ZD 834212202221299999999999999 217 551419 8599999999999999
121 88 66 60 71 9612916218719919617815112510710211213215818219720119216919 920ZD 917200204820299999999999999 251 60145010299999999999999
139108 83 69 68 8110313115817818718316814913112112213214816618118918817619 921ZD1011187212119099999999999999 333 67152812099999999999999
155130106 87 76 75 8510212514816617617616815614513913914415316317217717519 922ZD1129177221617799999999999999 435 74163413899999999999999
166152133114 96 83 77 80 9211113415416917717717116315414814514615115816519 923ZD1329177999999999999999999999 611 77191314499999999999999
169167160146127105 85 72 68 76 9512114817118719318917716114513413013414519 924ZD 01616915 619399999999999999 749 6821 013099999999999999
159172179177164141111 81 60 51 58 8111415018220421220418415713211410911719 925ZD 220180155921299999999999999 9 3 51215510999999999999999
136161185199199183151110 72 44 34 44 73116161200224228211179142110 90 8719 926ZD 33120116402299999999999999910 1 342238 8699999999999999
104135171203222220196154105 60 30 21 38 77129181221241236207164119 83 6519 927ZD 4252241717242999999999999991051 212317 6499999999999999
 71 98141187223241234201151 96 49 21 18 45 93151204240250232191140 91 5719 928ZD 5132421752250999999999999991135 162355 4699999999999999
 46 62101153203239252238197142 86 43 21 29 64119177224250247217167112 6519 929ZD 5592521825252999999999999991215 20999999999999999999999
 37 36 63111167215247253231187132 80 44 33 51 94149200237249233193138 8519 930ZD 644254185724999999999999999 033 331253 3399999999999999
 45 27 37 73124177221245244217172122 80 56 56 831271762162392372101641121910 1ZD 728248192624199999999999999 1 9 271329 5299999999999999
 65 36 29 48 87136183218234227199159118 87 75 861161561942212302171831381910 2ZD 812234195423099999999999999 145 2814 2 7599999999999999
 92 56 38 41 641021441822082172071811491201021001161441752012152121921581910 3ZD 858217202121699999999999999 222 361435 9999999999999999
119 83 58 49 58 801121451741931981881691461281201241391601811952001911701910 4ZD 949198205020099999999999999 3 1 49151012099999999999999
141111 86 70 66 74 921161411631771811761641511421381421511631751811811711910 5ZD1054181212518299999999999999 348 66155913899999999999999
155134114 96 85 82 86 971131331511641711721681611551501481501551601641641910 6ZD1239172223016599999999999999 458 82175914899999999999999
159150138124110 99 91 89 941071231411581701771781721631521431391391431501910 7ZD1434178999999999999999999999 646 89202413899999999999999
155158156150138122106 92 85 87 981171391611791891891791621441281211211301910 8ZD 112158153019099999999999999 817 85212412099999999999999
143156167170163148127104 86 76 79 931171451721932011951771511261081011081910 9ZD 25117016 520199999999999999 918 7622 010199999999999999
124147168182185174152123 95 74 66 73 95126160190208209193164131103 86 86191010ZD 34318516342119999999999999910 3 662230 8499999999999999
102129160185199197178147112 81 63 60 75105144181208218208180142105 78 69191011ZD 42120017 1218999999999999991039 592259 6999999999999999
 79107144179205213201173134 96 68 55 61 87126167202222220197158115 78 57191012ZD 4552131725224999999999999991110 542327 5599999999999999
 58 82121164200221220198160118 81 58 54 73108152192220227211175129 85 54191013ZD 5282231749228999999999999991139 532355 4499999999999999
 44 58 94141186218230218186143101 69 55 64 94136179213229221192147 98 59191014ZD 6 023018122299999999999999912 7 55999999999999999999999
 37 40 68113163205229230208169125 87 64 63 84121164202224226205165116 71191015ZD 633233183522899999999999999 023 351235 6199999999999999
 40 30 47 85134182217231222192151110 80 69 80109149188215224213180135 88191016ZD 7 7232185722599999999999999 052 3013 2 6999999999999999
 50 31 34 61105153195220225208175135102 83 83103136173202217214191153108191017ZD 743226192021899999999999999 121 291329 8099999999999999
 68 40 32 46 79123166199216213192159126102 93103127158186205209196168129191018ZD 822217194520999999999999999 152 321359 9399999999999999
 90 58 41 42 61 95134169195206198177149125110110123145170189198194176148191019ZD 9 5206201319899999999999999 227 39143110899999999999999
114 82 59 50 55 74103136165185192185168148132124127138154170181184177161191020ZD 959192204918499999999999999 3 9 49151412499999999999999
137110 86 69 62 66 80103130155173181179169156144138138143151160166169165191021ZD1114182215316999999999999999 4 9 61163213899999999999999
154138119 99 82 72 70 78 95119143164176181177168157147139136137142150157191022ZD13 0181999999999999999999999 542 70191713599999999999999
161159151136116 94 77 67 69 83106134160181191191182165146128117115122136191023ZD 016161143019399999999999999 721 66204511599999999999999
153167175171156131102 75 59 57 71 98132166193207206189163133107 92 91104191024ZD 214175152520899999999999999 837 562134 8999999999999999
129157182197194175141103 69 48 46 64 98140181211223215187149110 79 64 69191025ZD 32319816 622399999999999999 937 452216 6499999999999999
 93130170203219214187145 99 61 40 42 67109157201228233214174126 81 50 40191026ZD 4162201642234999999999999991026 382255 4099999999999999
 55 91139187223237225190142 93 56 38 47 80129180220240234202152 98 53 26191027ZD 5 42371716241999999999999991111 382333 2299999999999999
 25 51 98153204237246227186135 87 55 45 63103154202234243223180124 70 29191028ZD 5492471749243999999999999991151 45999999999999999999999
 10 20 57111168216244245220176127 84 60 61 87131179218239234203153 97 47191029ZD 633248182024099999999999999 010 101229 5799999999999999
 14  7 27 71126180221241236206163119 86 73 83114157198225233216178126 74191030ZD 717243184923399999999999999 046  613 5 7399999999999999
 33 11 15 43 89141187220231219189151116 94 91108140177206222217192151104191031ZD 759231191722299999999999999 122 101339 8999999999999999
 60 30 20 32 631061501882112152011731421171051101301581852042081961671291911 1ZD 843216194620999999999999999 158 20141310599999999999999
 90 57 38 37 53 821191551831981981841621391241191281451661831921891731471911 2ZD 929200201619399999999999999 235 35145011999999999999999
116 86 64 53 56 72 971251531741841831721571421331311381491621721751701561911 3ZD1023185205417599999999999999 316 53153913199999999999999
135112 92 77 71 74 851041261481641731741681581481401371381431491551581551911 4ZD1136175215715899999999999999 410 70171613799999999999999
146133118104 92 85 85 911051231411571681731711641541431341291281331391451911 5ZD1313173999999999999999999999 534 84193212899999999999999
148146140130117104 93 88 911011181371561701781781701551371221121101161271911 6ZD 013148142817999999999999999 710 88204211099999999999999
140150155153143127109 94 85 86 97116139162180188185170147122102 91 921051911 7ZD 212156151418899999999999999 824 852124 9099999999999999
124145162170167153131108 89 79 82 97121149175193197186162131100 78 71 801911 8ZD 314171154819899999999999999 917 792157 7199999999999999
102131159179186178157128100 80 73 81102133166192205201179145106 74 55 561911 9ZD 358187161720699999999999999 959 732228 5399999999999999
 75109146179198200183154120 90 72 71 86116152186208212196162119 78 48 37191110ZD 4352011643213999999999999991035 692258 3799999999999999
 49 81124167199213206181144108 80 68 75100137175204218210181137 89 49 27191111ZD 51021417 92189999999999999911 8 682329 2499999999999999
 27 52 95145188216222205172131 96 73 70 87121161196217219198157107 60 26191112ZD 5452231734221999999999999991140 692359 1499999999999999
 14 27 64115166206227223197158118 87 72 79106144183211221210177129 78 36191113ZD 62122818 0221999999999999991211 72999999999999999999999
 11 11 37 83136185218229216184143107 83 79 96128167199217216193152102 54191114ZD 657229182621999999999999999 030  81242 7899999999999999
 20  6 18 53103154197221224203169131101 87 92116149183206213201171127 79191115ZD 735226185421399999999999999 1 3  61314 8699999999999999
 39 15 12 32 71120166201217212188155123102 96108134164189203202183149107191116ZD 816218192420599999999999999 138 101348 9699999999999999
 66 34 19 24 48 87131170197207199175147122108109123146169186193186165133191117ZD 9 120720 019399999999999999 216 18142710799999999999999
 96 63 39 30 39 62 97134167189196187167144126118120131148164175178170152191118ZD 954196204717899999999999999 3 1 30151711799999999999999
126 97 70 51 45 52 71100132161180186180166148134126124130139150159163159191119ZD105918622 416399999999999999 4 0 45164012499999999999999
148129107 84 66 58 60 74 98127153173182181170155140127119117122131142152191120ZD1220183999999999999999999999 518 57184611799999999999999
157154142123101 80 66 63 73 94121150173186188178161139119103 96 99112130191121ZD 0 9157133918899999999999999 645 632011 9699999999999999
149163168161142117 91 71 63 70 91120152179195197185161130101 79 70 76 96191122ZD 156168143919899999999999999 8 2 6321 6 7099999999999999
124153176187181159128 96 71 61 68 92126162191208206186152112 76 52 45 58191123ZD 3 9187152520999999999999999 9 6 612152 4599999999999999
 87126165194206197171134 97 70 61 71 99138177206218209179135 88 49 26 25191124ZD 4 620616 52189999999999999910 0 612233 2399999999999999
 47 87135180211221208175134 95 70 64 79113155194219223204164113 62 24  7191125ZD 4562211641225999999999999991047 632313  699999999999999
 14 46 95148195224229210172129 92 71 71 94132174209226220190142 88 39  6191126ZD 5422301716227999999999999991130 682352 -499999999999999
 -4 14 54109163207231229204164123 90 76 84112152191218225209170118 65 21191127ZD 62623317492269999999999999912 9 76999999999999999999999
 -3 -3 24 70125177214230221192153115 90 84100132170202219216191147 96 47191128ZD 7 8231182122199999999999999 029 -61246 8499999999999999
 12 -2  8 41 89141186215223208177140110 93 96117149182205212200169125 77191129ZD 749223185321299999999999999 1 5 -21322 9299999999999999
 37 12  8 26 63109154191210210191161130107100109132161186200198180147106191130ZD 828212192520199999999999999 141  7135710099999999999999
 66 35 21 25 48 841251621892001941741481241091081201411641811881801591281912 1ZD 9 8200195918899999999999999 216 20143410799999999999999
 94 63 42 36 45 691011351651841881801611401221131151261431591701721621431912 2ZD 950189203917399999999999999 253 36151911399999999999999
117 90 67 54 53 64 861131401631761781691541371241171181251371481551561481912 3ZD1038178213315799999999999999 335 52162211699999999999999
133113 93 77 69 69 79 971191411591691711641521381251171141171241331411441912 4ZD113917123 014499999999999999 427 6818 011499999999999999
140131118103 90 82 81 881021211401561671691651541391231101021021081191301912 5ZD1251169999999999999999999999 539 81193310199999999999999
139141138128115102 92 87 91103121140157169173168155135114 95 85 84 931091912 6ZD 056141135717399999999999999 7 1 872034 8399999999999999
127142151150141126109 95 89 91104122144164177180171152125 97 75 64 67 831912 7ZD 227151144718099999999999999 813 882117 6399999999999999
107133154165165153133112 94 87 91106128153175187186170141107 74 51 44 541912 8ZD 327167152518899999999999999 910 862155 4499999999999999
 80113146171182178160134109 90 84 91112140167188196187161123 83 48 29 291912 9ZD 413183155919699999999999999 957 842230 2699999999999999
 49 85126164190197186161130102 85 82 97123155184201201181145 99 56 24 11191210ZD 4541971630203999999999999991038 8123 4 1099999999999999
 21 52 97145184206207188156122 94 80 85107139173199209198168123 73 30  3191211ZD 53221017 1209999999999999991116 802339 -299999999999999
  0 21 63115165201218210184147112 87 80 92121157189209210189149 99 49 10191212ZD 6112181733212999999999999991152 80999999999999999999999
 -9 -3 29 79134182213222206174135103 84 84104137173200212204174128 76 29191213ZD 65022218 721299999999999999 015-101229 8199999999999999
 -3-13  3 43 96151194218219197161124 96 85 93118152184205208192157109 58191214ZD 730221184220999999999999999 053-1313 6 8599999999999999
 17 -7 -8 16 60113163200216210184149116 94 89103130161187201198177140 93191215ZD 812217192120299999999999999 132-111345 8999999999999999
 48 14 -2  4 33 77126170199209198171138111 96 96111136163183191185162126191216ZD 85720920 519199999999999999 214 -31428 9499999999999999
 85 47 20 10 21 50 91135172195199186160132110 99101115135156172177171150191217ZD 944200205917799999999999999 259 101520 9899999999999999
120 85 54 33 27 39 66102139170188190176154130111101101111126143157163160191218ZD1036191221116399999999999999 350 27162810099999999999999
145121 93 68 50 45 55 78109141167182183172152130111 98 94 98110126141152191219ZD1134184234615499999999999999 451 451759 9499999999999999
154147130108 85 69 62 68 86113141165179181171153129107 89 79 80 90108128191220ZD1239182999999999999999999999 6 2 621927 7899999999999999
145156155144125103 84 75 77 92116143166181184174153126 97 73 59 58 70 93191221ZD 129157134318599999999999999 719 742035 5799999999999999
120146164169161142118 96 83 82 95119147171187189177151117 82 53 37 38 55191222ZD 254169144019099999999999999 832 812129 3599999999999999
 84120153177185177155127102 86 85 99124154180195195177144103 63 32 17 22191223ZD 4 0185153019799999999999999 935 842216 1699999999999999
 46 83127166192200188162130102 86 87104132164190203197172132 86 43 13  2191224ZD 4532001613203999999999999991029 8423 0  299999999999999
 13 45 91139180206209192161126 98 85 89111143176200208195162116 66 24 -2191225ZD 5402111653208999999999999991116 842341 -799999999999999
 -6 14 54105155195215212188153118 93 84 95122157188207207186146 96 47  9191226ZD 6222161730210999999999999991157 84999999999999999999999
-10 -5 24 70123171205217206177140107 87 86104135170197208200171127 77 32191227ZD 7 121718 620999999999999999 019-111234 8499999999999999
  1 -9  5 41 91142185210213194161125 97 84 91115148180200203187152106 59191228ZD 737214184020499999999999999 055 -913 9 8499999999999999
 21  0  0 24 64113159193208201176143110 90 86100127159185197192169131 87191229ZD 811208191419899999999999999 129 -31343 8599999999999999
 46 18  7 17 47 89134172195200185158126100 87 91109137164183188176149112191230ZD 844200194818899999999999999 2 1  71417 8699999999999999
 73 41 22 21 39 71110148176190187168141115 96 90 98118141162174173158131191231ZD 918191202517599999999999999 233 191454 9099999999999999
