 78 98112120120113106102103109119131141143134117 93 62 32  8 -4 -4  5 2622 1 1TM 331121124214399999999999999 7101022033 -599999999999999
 53 82104119127127119110107109115125138148148136116 87 53 20 -3-13-12  122 1 2TM 426128133015099999999999999 8 41072121-1499999999999999
 26 58 88110124130127118109106109116129144154152137113 82 46 13 -9-16-1222 1 3TM 511130142015599999999999999 85410622 6-1699999999999999
  5 33 66 95114126129123112103102106115130147156151134108 76 39  8 -9-1322 1 4TM 55312915 915699999999999999 9401012248-1399999999999999
 -5 14 45 77102117125125116103 95 96102113130146153145126101 69 35  8 -422 1 5TM 6301261557153999999999999991026 952327 -599999999999999
 -3  8 30 60 89109119123119107 93 87 89 96109126141144134116 92 62 32 1322 1 6TM 7 21231644145999999999999991114 87999999999999999999999
  7 11 25 48 76100114120120111 97 84 79 82 90103119131131121104 82 57 3422 1 7TM 726121173213399999999999999 0 1  712 5 7999999999999999
 22 22 30 45 68 92110119120115104 89 77 73 76 83 95109118116107 93 75 5622 1 8TM 743120182211899999999999999 033 2113 3 7399999999999999
 41 35 39 49 65 86105118122119111 97 82 72 67 69 75 85 96103102 95 84 7222 1 9TM 8 2122192010399999999999999 1 3 351412 6799999999999999
 60 52 51 57 68 83100115122122117107 93 78 67 62 61 65 74 83 89 90 87 8122 110TM 8301232037 9099999999999999 135 501535 6199999999999999
 75 68 65 67 73 84 96110120124122115103 89 74 62 55 52 55 62 71 79 83 8422 111TM 9 51242322 8499999999999999 210 651656 5299999999999999
 84 83 80 79 81 87 95105115123125121113101 86 70 55 46 42 45 52 63 74 8222 112TM 950125999999999999999999999 255 7918 5 4299999999999999
 88 92 93 92 91 92 96102110118124125121112 99 82 63 47 36 32 36 45 59 7422 113TM 2 0 93104412599999999999999 412 9119 0 3299999999999999
 87 96102104102 99 99101106113120125126122112 96 76 55 36 25 23 29 42 6022 114TM 258104114512799999999999999 546 991946 2399999999999999
 79 95106111112108103101103107114122128129123110 91 68 44 25 15 16 26 4322 115TM 334112124213099999999999999 7 41012026 1499999999999999
 66 88104114118116109103100102108116126133133124107 83 57 32 14  8 12 2722 116TM 4 4118133113499999999999999 8 310021 4  899999999999999
 49 75 98113120120115106100 98101109120131137134121100 73 44 20  5  4 1322 117TM 431121141313899999999999999 848 982139  399999999999999
 33 59 86107119122119110100 95 95101112125136140133115 90 61 32 10  1  422 118TM 457122145214099999999999999 926 942214  099999999999999
 19 43 72 97115122121114103 93 89 93102115130140139127106 78 48 21  4  122 119TM 52312315281419999999999999910 1 892246  099999999999999
 10 29 57 85107119122117106 93 85 85 91103119133139134118 94 65 36 14  422 120TM 54912216 4139999999999999991035 842317  499999999999999
  7 21 44 73 98115121119110 96 84 79 81 90104120132134125107 82 54 29 1422 121TM 61412216401359999999999999911 9 792346 1099999999999999
 10 18 36 62 89109120121114101 86 75 73 78 89103119127125114 96 72 48 2922 122TM 6361211720128999999999999991145 73999999999999999999999
 20 23 35 55 80103118122117106 91 76 68 68 74 86100113119115103 86 66 4722 123TM 65712218 411999999999999999 014 201227 6799999999999999
 35 33 40 54 74 97114122121112 98 81 67 61 62 69 80 93104107103 94 81 6722 124TM 718123185710799999999999999 041 331316 6199999999999999
 54 48 51 60 74 93111122124118106 89 73 60 54 55 61 70 82 92 96 94 89 8222 125TM 74312520 9 9699999999999999 110 481419 5499999999999999
 73 67 66 70 80 92107120127124115101 84 67 54 47 46 50 58 69 79 85 88 8822 126TM 8131272250 8899999999999999 141 651541 4699999999999999
 87 85 83 84 88 96106118126129124113 99 82 64 49 39 36 37 44 55 67 77 8622 127TM 851129999999999999999999999 215 831712 3599999999999999
 92 97 99 99 99102108115123129131126115100 82 62 44 30 23 23 29 42 57 7422 128TM 9431319999999999999999999991833 22999999999999999999999
 88100108111111110110114119125131133129120105 84 61 38 21 11 10 17 32 5322 129TM 314112105613399999999999999 5111101939  999999999999999
 75 94109118121117113112113117124132137136126110 86 58 31 11  1  0  9 2922 130TM 350121121813899999999999999 6591122034 -199999999999999
 55 80102117125124117110107108113122134143142132113 86 54 24  3 -7 -5  822 131TM 424126132714499999999999999 8121072122 -799999999999999
 32 62 90110123127122111101 98100108121138148147134113 83 48 17 -2 -8 -322 2 1TM 456127142414999999999999999 9 4 9822 3 -899999999999999
 14 43 75101118126125114 99 89 87 92103121140150147132108 76 41 13 -2 -322 2 2TM 525127151415199999999999999 946 872237 -499999999999999
  7 29 60 91112123125118103 86 76 77 84 99120140148141124 99 67 35 12  522 2 3TM 54912616 0148999999999999991027 7523 6  599999999999999
  9 23 49 80106121125121108 89 72 65 68 78 96119136140131113 88 59 32 1822 2 4TM 6 312516451409999999999999911 7 652332 1699999999999999
 17 27 45 72100119126124114 96 75 61 57 63 75 94115128128117100 78 53 3522 2 5TM 6121261728130999999999999991150 572357 2999999999999999
 29 35 48 69 94116127127119105 84 65 53 53 59 72 90108117114103 89 71 5322 2 6TM 6281281814117999999999999991235 52999999999999999999999
 44 45 55 70 90111126130124112 95 75 58 50 51 57 70 85 99104100 92 81 6922 2 7TM 65013019 310499999999999999 022 431325 4999999999999999
 59 57 63 75 90107122130128118104 87 69 56 49 50 55 66 78 88 92 90 85 7922 2 8TM 71713020 5 9299999999999999 046 571425 4999999999999999
 73 70 73 80 91104117126129123112 98 82 67 55 49 48 52 60 70 78 83 84 8422 2 9TM 7471292212 8499999999999999 1 6 701540 4899999999999999
 83 83 84 87 94103112120125124118108 95 81 67 56 48 44 46 53 61 70 78 8322 210TM 822125999999999999999999999 1 0 8317 6 4499999999999999
 88 91 94 96 99103109114119121120115106 95 82 68 54 43 38 39 45 55 66 7822 211TM 9 81219999999999999999999991823 38999999999999999999999
 88 96101104105105106109112116118118115108 97 83 66 49 36 30 31 38 51 6722 212TM10351189999999999999999999991922 29999999999999999999999
 82 96105110111108106104105108113117120119112 99 81 61 41 26 21 24 35 5222 213TM 341111121612099999999999999 7 010420 9 2199999999999999
 72 91105113115113107101 99100105112120125124115 98 76 52 30 16 13 20 3622 214TM 354115132112699999999999999 8 6 992048 1399999999999999
 58 81101114118116109100 93 92 96104115126131128114 93 67 40 19  8  9 2122 215TM 41011814 813199999999999999 847 922124  799999999999999
 43 69 94111120119112101 90 84 85 92105120132136128110 85 55 28 10  4 1122 216TM 428120144913699999999999999 921 842157  499999999999999
 29 55 84106119122116103 89 78 75 80 91108126137136124102 74 44 19  7  722 217TM 447122152713899999999999999 953 752227  599999999999999
 20 43 73100117123119107 90 74 66 67 76 92112130138132116 92 63 35 16 1122 218TM 5 612316 5138999999999999991023 652254 1199999999999999
 18 36 63 92114124123113 95 75 60 56 61 74 94116131134125107 82 54 31 2022 219TM 5231251643134999999999999991055 562319 2099999999999999
 22 35 57 84110124126118102 80 60 49 49 58 74 95116127126115 97 74 50 3522 220TM 5391271723128999999999999991128 482343 3299999999999999
 33 40 56 80105123129123109 88 65 47 41 45 56 73 94111118115104 89 70 5422 221TM 55612918 71199999999999999912 4 41999999999999999999999
 47 51 62 79101121131129117 98 76 53 39 36 42 54 71 89103107104 96 84 7222 222TM 617132185810799999999999999 0 6 471247 3699999999999999
 63 63 71 84100118131133125109 89 66 47 36 35 40 51 65 80 91 95 94 90 8522 223TM 6431342010 9599999999999999 030 621339 3499999999999999
 79 77 82 91102115127134131119103 83 63 46 37 34 37 45 56 69 78 84 87 8922 224TM 713134999999999999999999999 050 771452 3499999999999999
 90 91 93 98105114123130132127115100 83 65 50 39 33 33 36 45 56 67 76 8522 225TM 7491329999999999999999999991639 32999999999999999999999
 93 99103106109113118123127128124115103 88 72 55 40 30 25 26 33 45 59 7422 226TM 8421289999999999999999999991821 25999999999999999999999
 88101109113113113113114117121124123119110 97 79 59 39 25 17 16 24 39 5822 227TM10281249999999999999999999991934 16999999999999999999999
 78 96110117118113108105105108114122127126119105 84 59 35 18  9 10 20 3922 228TM 334118122512799999999999999 7361052028  899999999999999
 64 87106118122117106 97 92 92 98109122132134126110 85 56 29 12  5  9 2422 3 1TM 355122133913499999999999999 829 922110  599999999999999
 48 76100115123121109 93 82 77 80 90107126138139129109 81 50 24 10  7 1622 3 2TM 417123143314099999999999999 9 6 772144  799999999999999
 36 65 93113123123114 96 76 65 63 70 85107130141139126104 74 43 21 13 1622 3 3TM 435124151914299999999999999 941 632211 1399999999999999
 30 55 85110123125119102 79 59 50 53 63 84110132140134119 95 66 39 24 2322 3 4TM 44512616 1140999999999999991015 502235 2299999999999999
 32 50 78106124128123109 87 61 44 40 46 62 85112130133124108 85 59 39 3322 3 5TM 4541291642134999999999999991050 402258 3399999999999999
 38 52 74100123132128116 96 71 47 34 35 45 63 88112124123113 97 76 56 4522 3 6TM 5 91321723125999999999999991126 332321 4499999999999999
 47 57 74 96119133133122105 82 57 38 31 35 47 67 90108116112102 88 72 5922 3 7TM 53013518 61169999999999999912 4 312345 5699999999999999
 56 64 77 95114130135128113 93 70 48 34 32 38 51 70 89102105101 93 83 7322 3 8TM 5541351851105999999999999991244 31999999999999999999999
 68 71 81 95110125133131119102 82 62 45 36 36 43 55 70 85 94 96 93 88 8222 3 9TM 6191341947 9699999999999999 0 7 671330 3599999999999999
 78 79 85 95107119127129123110 93 76 60 47 41 41 46 56 68 78 85 88 88 8722 310TM 6451302129 8899999999999999 022 781430 4099999999999999
 86 87 91 97105113120124122114102 89 75 62 52 46 44 46 53 62 71 78 84 8822 311TM 710124999999999999999999999 0 5 861554 4499999999999999
 91 94 97100104109113117117114108 99 89 78 66 56 47 42 42 47 55 65 75 8422 312TM 7391179999999999999999999991730 42999999999999999999999
 92 98102104105106107108109110109106101 93 83 70 57 45 37 35 40 49 62 7622 313TM 8421109999999999999999999991845 35999999999999999999999
 89100106109108105101100100102105108109106 99 87 71 53 38 29 28 34 47 6422 314TM 314109115610999999999999999 7181001938 2799999999999999
 82 98108112111105 98 92 90 91 96104111115113104 87 67 46 29 21 22 33 5122 315TM 315112131211699999999999999 8 4 902020 2099999999999999
 72 93108115114108 97 86 80 79 84 94107118123119105 84 60 37 21 16 22 3822 316TM 32511614 212399999999999999 836 782056 1699999999999999
 61 86106117118111 98 83 71 66 69 80 96113126129121103 78 51 29 17 17 2922 317TM 339119144512999999999999999 9 5 662128 1699999999999999
 51 77102117122116102 83 65 55 54 62 78100121132131119 98 71 44 26 20 2622 318TM 354122152513399999999999999 934 532157 2099999999999999
 44 69 97117125121108 87 64 46 40 45 58 80106126134129115 91 64 41 29 3122 319TM 4 912516 51349999999999999910 3 402223 2899999999999999
 42 64 91116128127115 95 69 44 30 30 39 58 84111128131124108 85 60 44 4022 320TM 4241291646131999999999999991034 292247 4099999999999999
 47 63 87112130133123105 79 50 28 20 24 38 60 88112124124116101 80 62 5322 321TM 44213417291259999999999999911 6 202310 5399999999999999
 57 68 86109129138131115 91 63 35 18 15 23 39 62 89108116114107 95 79 6822 322TM 5 31381816116999999999999991143 152333 6799999999999999
 68 76 89106126139138125104 79 51 27 16 17 26 42 63 85100105104100 91 8222 323TM 5281401916105999999999999991224 152355 7999999999999999
 79 84 94106121135140133117 95 70 46 27 19 21 30 43 61 78 89 94 95 95 9222 324TM 5571402120 95999999999999991314 19999999999999999999999
 89 91 98107117128136135125109 89 68 48 33 27 27 32 42 55 68 78 85 90 9422 325TM 629137999999999999999999999 013 891425 2699999999999999
 96 98102107114120126129127118104 89 72 56 43 35 31 32 38 48 59 70 80 9022 326TM 7 81309999999999999999999991618 31999999999999999999999
 98103106108110112114117119118113104 94 81 66 52 40 33 30 32 41 53 67 8222 327TM 81111999999999999999999999918 3 30999999999999999999999
 95105110110108105102102104108111112109103 91 76 58 42 31 26 28 37 53 7222 328TM 232111104611299999999999999 6381021913 2599999999999999
 89104113114109100 92 87 87 90 98108115117112100 82 60 40 28 23 27 40 6022 329TM 244115124411799999999999999 741 8620 2 2399999999999999
 82101113118114102 87 75 70 71 79 93110121124118104 83 58 37 26 25 32 5022 330TM 3 3118135012499999999999999 820 692040 2499999999999999
 74 98114121119107 88 69 56 53 58 72 93114127129121104 79 54 35 29 32 4422 331TM 319121143912999999999999999 853 5321 9 2999999999999999
 66 92114124124114 95 70 49 39 40 50 70 97120131129119100 74 50 37 37 4522 4 1TM 329125152213199999999999999 925 382134 3699999999999999
 61 86111127129121104 79 51 32 27 33 48 73102124131126114 93 69 50 44 4922 4 2TM 34012916 313199999999999999 956 272158 4499999999999999
 62 82107127134127112 89 60 34 20 20 31 51 80108124127120106 86 66 55 5622 4 3TM 3571341642127999999999999991028 192223 5499999999999999
 66 81102124136134120 99 72 44 22 15 20 35 59 87111121120112 98 81 67 6322 4 4TM 41913717211229999999999999911 1 152249 6399999999999999
 70 83100119135138127109 85 57 32 17 16 25 43 67 92110116112104 92 79 7222 4 5TM 44313818 2116999999999999991135 152314 7299999999999999
 75 85 98114130137132117 96 71 46 27 18 22 33 52 74 94106108104 97 88 8122 4 6TM 5 81371848108999999999999991212 182337 8099999999999999
 80 86 97110123133133123105 84 61 41 28 25 30 42 58 77 91 99101 98 93 8822 4 7TM 5321341944101999999999999991252 252356 8699999999999999
 86 89 97107117125129124112 95 76 57 43 34 33 38 48 61 76 86 93 95 94 9322 4 8TM 5561292115 95999999999999991342 322359 9299999999999999
 92 93 97104111117121120114102 88 72 58 48 41 39 42 50 60 71 81 87 92 9422 4 9TM 6201229999999999999999999991453 39999999999999999999999
 96 97 99102106109112113110105 96 86 74 63 54 47 42 43 48 56 67 77 86 9322 410TM 6461139999999999999999999991628 42999999999999999999999
 98101103103102102102103103102 99 95 89 80 70 59 49 42 40 43 52 64 77 8922 411TM 245103 73510399999999999999 5 41021750 3999999999999999
 99104106105101 96 93 91 92 94 97 99 99 95 87 75 61 47 38 35 40 51 66 8222 412TM 2 3106113010099999999999999 7 5 911850 3599999999999999
 97107110108102 93 84 79 78 82 88 97104107103 93 77 59 43 34 33 40 55 7422 413TM 2 8110125610799999999999999 740 781936 3299999999999999
 93107114113105 92 79 68 63 65 74 87102112116110 97 77 57 40 32 35 46 6522 414TM 221115135211699999999999999 810 632015 3299999999999999
 87107118119111 95 76 59 49 48 55 70 90109121123115 98 76 54 40 36 43 5922 415TM 236119144012499999999999999 838 472049 3699999999999999
 81104120124118102 80 56 38 31 35 48 70 96117128127117 97 74 54 44 46 5722 416TM 252125152512999999999999999 9 8 312119 4499999999999999
 77101122130126111 88 60 34 19 17 26 46 74103123131128115 95 73 58 55 6122 417TM 3 9131161013199999999999999 938 162147 5499999999999999
 76 97121135135122100 71 39 15  5  9 23 47 79107124129125112 93 75 66 6922 418TM 3291371658129999999999999991012  52213 6699999999999999
 79 96117137143134114 87 54 23  3 -1  7 24 52 83108121123119107 91 79 7822 419TM 3531431750123999999999999991048 -12238 7799999999999999
 85 97114133146143127104 74 41 13 -1  0 10 29 56 85104113115112103 92 8622 420TM 4211471854115999999999999991127 -223 5 8699999999999999
 90 99111127142147138118 93 64 35 12  3  6 17 35 59 82 97104107106100 9422 421TM 4531472016107999999999999991212  32332 9399999999999999
 94100109120133142141129109 86 60 35 18 13 16 25 40 60 78 89 9610110210022 422TM 52714321501029999999999999913 5 13999999999999999999999
 98100106113121130135131119102 83 62 42 29 24 25 32 43 58 72 83 92 9810222 423TM 6 7135999999999999999999999 0 3 981417 2499999999999999
102102104107111115120123119110 98 84 68 53 41 35 33 36 44 56 69 81 9210022 424TM 6581239999999999999999999991555 33999999999999999999999
105106104102101101103106109109105 99 90 78 64 52 43 38 38 45 57 71 84 9722 425TM 042106 82910999999999999999 4351011724 3799999999999999
106110108102 95 89 86 86 90 96102104103 97 87 73 59 47 41 41 48 61 77 9322 426TM 112110111210499999999999999 624 851829 4099999999999999
105113114107 95 82 72 68 69 76 87 99107109105 95 79 62 49 43 45 54 69 8822 427TM 137114125210999999999999999 718 681917 4399999999999999
105116119114101 83 65 54 50 54 66 84101112116111 99 81 63 51 48 52 64 8222 428TM 156119135611699999999999999 758 501954 4899999999999999
103118124121110 90 66 46 36 36 45 62 86107118121115101 81 64 55 55 63 7822 429TM 211124144612199999999999999 832 352026 5499999999999999
 98118129128118100 74 47 29 22 27 41 65 92113123123115 99 80 65 61 66 7622 430TM 227130152912499999999999999 9 3 222055 6199999999999999
 94115131134126110 86 56 30 15 14 24 44 72100119125123113 96 79 69 70 7822 5 1TM 24713516 912599999999999999 935 132124 6899999999999999
 91110129138134119 97 69 39 16  8 12 27 51 82108122125120109 93 79 75 8022 5 2TM 31113816481259999999999999910 6  82153 7599999999999999
 91106124138140128108 83 53 25  9  7 16 35 62 91112121121115103 90 82 8322 5 3TM 3381411727122999999999999991039  62222 8199999999999999
 91103119134141135118 95 68 40 18  8 11 25 46 72 97113118116109 98 89 8622 5 4TM 4 514118 7118999999999999991113  82251 8699999999999999
 91101113127137138126107 82 56 32 17 13 20 35 57 80100110113110103 95 9022 5 5TM 4321391853113999999999999991150 132319 9099999999999999
 92 98108120130135130115 95 72 49 31 21 21 29 45 65 84 99106107104 99 9522 5 6TM 4591351947107999999999999991229 202346 9399999999999999
 93 97104113122128127119104 85 65 46 33 28 29 38 52 69 85 96102103102 9822 5 7TM 5271292055103999999999999991315 27999999999999999999999
 96 97100106113118121117108 95 79 63 49 39 35 37 44 56 70 83 93 9910210222 5 8TM 556121221810299999999999999 017 961412 3599999999999999
100 99 99101104107110111107100 90 77 65 54 46 41 42 47 58 70 83 9310010422 5 9TM 634111233310499999999999999 115 991527 4199999999999999
104102100 98 96 96 98 99100 99 95 89 81 71 60 51 45 44 49 59 72 85 9610422 510TM 753100999999999999999999999 433 961644 4499999999999999
108107103 97 91 86 84 85 88 92 95 96 94 88 78 67 56 48 46 51 62 76 9110322 511TM 0151081052 9699999999999999 611 841748 4699999999999999
111112108 99 88 78 70 68 71 78 87 96101102 97 86 73 60 51 49 56 69 8510122 512TM 043112123510299999999999999 657 681841 4999999999999999
113118115105 90 73 59 52 51 58 71 87101110112106 93 78 63 55 56 65 80 9822 513TM 1 6118134311299999999999999 732 501925 5599999999999999
114123123113 96 74 53 38 32 36 48 68 90109119121113 99 82 68 63 66 77 9422 514TM 127124143912199999999999999 8 5 3220 4 6399999999999999
113128131124107 83 55 31 18 16 24 43 69 96116126127118103 85 74 73 79 9322 515TM 149132153212899999999999999 839 152039 7299999999999999
111129139136121 98 67 36 12  2  4 18 42 73102121130129120104 89 82 85 9422 516TM 214140162613199999999999999 916  12111 8299999999999999
108127143147136115 86 52 19 -2 -7 -1 17 45 78106122129128119104 93 91 9722 517TM 244147172413099999999999999 955 -72142 9199999999999999
107123141152149132106 75 39  9 -8 -9  0 20 50 82106119125124116104 97 9922 518TM 3171531824126999999999999991037-102214 9799999999999999
106118133149155145125 98 66 32  6 -6 -5  6 27 56 8410411412011911110310022 519TM 3531551925120999999999999991122 -7224910099999999999999
104112124138150151138117 91 60 30 10  2  5 16 36 61 8510010911411410810222 520TM 4331522026115999999999999991210  2233110199999999999999
101106114124136144141128109 86 59 34 19 14 17 27 44 66 85 9710611011010522 521TM 51614521251119999999999999913 4 14999999999999999999999
101101105110118128133129118102 83 62 43 31 27 29 38 53 70 86 9710510910922 522TM 6 6133222011099999999999999 02710014 6 2799999999999999
104 99 97 98101107114118116109 98 84 68 53 43 39 40 48 60 76 9010110811122 523TM 71111823 711199999999999999 2 6 971515 3999999999999999
109103 96 90 88 88 92 98104105103 97 88 76 64 54 50 50 57 68 83 9610711322 524TM 851105234411499999999999999 424 871624 4999999999999999
114110100 89 80 73 72 76 83 92 98100 99 94 84 73 63 58 59 65 77 9110511522 525TM11 9100999999999999999999999 548 721725 5899999999999999
119117109 95 79 65 57 56 61 71 84 96102104101 92 81 71 66 67 74 8610111522 526TM 014119125210499999999999999 645 551816 6599999999999999
123124119106 86 66 49 41 41 49 64 82 98108111108 99 86 76 72 75 84 9711222 527TM 04012514 211199999999999999 729 4019 1 7299999999999999
125130127116 98 74 50 34 28 31 43 64 86104115117113103 90 81 79 84 9410822 528TM 1 6130145611799999999999999 8 7 281941 7999999999999999
123134135126110 86 58 34 20 18 26 44 69 94112121122116104 92 85 86 9310422 529TM 135135154112399999999999999 842 182019 8499999999999999
119133140135121 99 72 43 21 11 14 27 49 77103119125124116104 93 89 9310122 530TM 2 5140162112699999999999999 915 112056 8999999999999999
114129140142131112 87 57 29 12  8 15 33 59 88111123126123114102 94 9310022 531TM 236143165812699999999999999 949  82131 9399999999999999
110123137144139124101 73 44 20  8  9 21 42 70 97116124125119109 99 95 9822 6 1TM 3 71441734125999999999999991024  722 5 9599999999999999
106117131141143133114 89 61 34 15  9 15 30 54 81104117122121114105 97 9622 6 2TM 3391441812122999999999999991059  92239 9699999999999999
101111123135142138124103 77 51 28 15 14 23 41 65 89107117119116108101 9622 6 3TM 4111421852119999999999999991136 132313 9699999999999999
 98105115126135137129113 91 67 44 27 19 22 33 52 74 94108115115111104 9822 6 4TM 4431371935116999999999999991214 192350 9699999999999999
 97100107116125131129119102 82 60 42 30 26 31 43 61 81 9810911311310810122 6 5TM 5161312021114999999999999991255 26999999999999999999999
 97 97100106113120123118108 93 76 58 43 35 34 40 52 69 8610110911311110622 6 6TM 55412321 711399999999999999 036 961339 3499999999999999
100 96 95 97101107111113109100 88 74 60 49 43 43 49 61 76 9210411111311022 6 7TM 644113215211399999999999999 148 951432 4299999999999999
104 97 92 89 89 92 96101103101 96 88 77 66 57 52 52 58 69 83 9810911511522 6 8TM 8 6103223211699999999999999 335 891532 5199999999999999
110102 93 85 79 77 79 84 90 95 98 97 92 85 76 67 62 61 67 78 9210611512022 6 9TM1015 9823 812099999999999999 5 3 771636 6199999999999999
117109 98 84 72 64 61 63 70 81 91 99102101 96 87 78 72 71 77 8810211512322 610TM1216102234112599999999999999 6 3 611736 7199999999999999
125119107 90 71 55 45 43 47 59 75 91103111112107 98 88 81 82 88 9911312622 611TM1343112999999999999999999999 650 431829 8199999999999999
132130119102 79 56 36 26 26 34 50 72 94110120122117107 96 91 92 9911112522 612TM 015132145012299999999999999 733 251917 9099999999999999
137141134118 95 67 39 18  9 12 24 45 72 98117127129124113103 9910211012222 613TM 052141154913099999999999999 817  920 0 9999999999999999
137148148136115 87 54 24  4 -2  3 18 44 7510312113113312711510610511011822 614TM 131149164513399999999999999 9 2 -2204110599999999999999
132147156152135111 79 44 13 -4 -8  0 18 47 8010612313213312611510810811422 615TM 212156173913399999999999999 948 -8212210799999999999999
124139154160152132105 72 36  8 -6 -7  2 23 54 8510812213013012111110610922 616TM 2561601830131999999999999991035 -822 510699999999999999
116127143157160148127100 67 33  8 -2 -1 10 33 62 9010912112612411510610322 617TM 3411601917127999999999999991122 -3225110399999999999999
107114126142154154141120 94 63 33 14  7 10 23 45 72 9611111912311810810022 618TM 42815619581239999999999999912 7  72345 9899999999999999
 98102110122136145143131112 89 61 37 23 20 25 38 59 8310211311911911310222 619TM 5181462034120999999999999991251 20999999999999999999999
 94 92 95102113126133130120104 85 63 45 35 35 41 54 74 9410911712011710822 620TM 61313321 512099999999999999 049 921334 3499999999999999
 97 88 85 86 92101112118117109 98 84 67 55 49 51 57 70 8710411512112111622 621TM 718118213212199999999999999 212 851418 4999999999999999
105 92 82 77 76 79 88 97104105102 95 86 75 67 63 65 72 84 9911312212512222 622TM 84310522 312599999999999999 345 7515 6 6399999999999999
115102 88 75 67 64 66 74 84 93 98 99 97 92 85 78 76 78 85 9510812012712822 623TM1051 99224012899999999999999 5 4 6416 2 7699999999999999
123114 99 82 66 55 51 54 62 75 87 96101103100 95 89 86 88 9510411612613122 624TM1257103232313299999999999999 6 8 5117 5 8699999999999999
131124112 94 74 55 44 40 44 54 70 86 99107111109104 97 94 9610211112113122 625TM1414111999999999999999999999 659 4018 7 9499999999999999
135132123108 87 63 44 32 30 37 51 71 91106115119117110103 9910110711612722 626TM 0 813515 711999999999999999 743 3019 4 9999999999999999
136139133121101 77 52 32 23 24 34 53 77 9911512312512111210510210511112122 627TM 052139155012599999999999999 823 22195610299999999999999
132141141132115 93 65 40 22 17 22 36 59 8510812212812812111210410310711522 628TM 133142162612999999999999999 9 0 17204110399999999999999
126138145142128108 82 54 29 16 14 24 43 69 9511612713012711810810310411022 629TM 213145165813099999999999999 937 13212110299999999999999
119132143147139122 98 70 42 21 12 16 29 52 8010512112912912311310410110422 630TM 2501471729129999999999999991013 12215810199999999999999
112124137146145133113 87 59 33 17 13 21 39 64 91112124128125116106 99 9922 7 1TM 3271471759128999999999999991048 132234 9899999999999999
104115128140145140125102 76 49 28 17 18 30 51 76101118125125119109100 9622 7 2TM 4 21451830126999999999999991123 162310 9599999999999999
 98105117130139140131114 91 65 42 26 21 27 42 64 89109121125122113103 9522 7 3TM 43714119 1125999999999999991157 212349 9299999999999999
 93 96105117128135132121103 81 58 39 29 29 38 55 78 99115123123117107 9622 7 4TM 5141351932124999999999999991230 28999999999999999999999
 90 90 94103114123127122111 94 74 56 42 37 41 52 70 9110912112412111210122 7 5TM 55612720 112499999999999999 033 8913 3 3799999999999999
 90 85 85 90 98107115117112102 89 73 59 51 49 55 67 8410211712412411810722 7 6TM 648117203012599999999999999 128 851339 4999999999999999
 94 84 79 78 82 89 98105108105 98 89 77 68 63 64 70 82 9711312312712411522 7 7TM 75810821 012799999999999999 237 781421 6399999999999999
102 88 77 70 68 70 77 86 95100101 99 94 87 81 78 79 85 9610912112913012422 7 8TM 948101213513099999999999999 356 681514 7899999999999999
112 97 81 67 58 54 56 63 74 86 95101104104100 95 92 93 9910811912913413322 7 9TM1220104221813599999999999999 5 9 541618 9299999999999999
125111 94 74 57 44 39 41 50 63 79 9410511211511310910510510911712713614022 710TM14 511523 814099999999999999 613 39172910499999999999999
137127111 90 66 45 30 24 26 37 55 76 9511112112612411811311311712313314222 711TM1511126999999999999999999999 711 24183611299999999999999
147143131112 87 59 33 17 11 15 28 50 76 9911712913313012311711612012713822 712TM 0 514716 413399999999999999 8 6 11193711699999999999999
148154149134112 83 51 24  7  2  7 23 50 7910512313413713112211611612012822 713TM 1 3154165013799999999999999 858  2203111599999999999999
141154160153136111 79 45 16  1 -2  6 25 55 8611012713513612711611011111722 714TM 158160173213799999999999999 947 -3212111099999999999999
128143158163154135108 74 40 13  0  0 11 33 65 9511612913413111910710210422 715TM 25116318 9134999999999999991032 -122 810299999999999999
112125144159161151131103 69 36 14  6  9 23 48 79105121130131123109 97 9322 716TM 3411621840132999999999999991112  62256 9399999999999999
 97106122141155155143123 96 65 36 20 17 23 40 66 94115126130126114 98 8622 717TM 43015619 3130999999999999991148 172346 8499999999999999
 84 89 99116135145143132113 89 62 41 31 33 42 61 85109124130128120105 8822 718TM 5201461918130999999999999991219 30999999999999999999999
 78 77 82 92109125133130119104 84 63 49 46 51 63 81103122131131125113 9722 719TM 612133193313299999999999999 040 761249 4699999999999999
 81 72 70 75 85 99113119116108 96 82 68 61 63 70 8310011813013413112210822 720TM 7 9119195813499999999999999 142 701319 6199999999999999
 91 76 67 65 68 77 89100105105101 94 85 78 76 80 88 9911312713513512911822 721TM 821106203113699999999999999 254 651352 7699999999999999
104 87 73 63 59 61 68 79 89 96 98 98 97 93 90 90 9410111112213113513412722 722TM1033 99211113699999999999999 412 591432 9099999999999999
116101 85 69 58 53 53 59 70 81 91 9710210410410210210511011712513213513222 723TM132210422 413599999999999999 525 52153610299999999999999
125115100 82 65 52 45 45 52 64 78 9110210911311411211011111411912613113422 724TM1436114231013599999999999999 629 44171611099999999999999
133126114 98 78 59 44 37 38 47 61 79 9610911812212111711311211511912513222 725TM1517122999999999999999999999 721 37184511299999999999999
136135127113 94 72 50 35 30 33 45 63 8510411812612812411811211011311812622 726TM 019136154912899999999999999 8 6 30195111099999999999999
135140138128111 88 63 41 27 24 31 47 69 9311312613112912311410810711111922 727TM 116140161613199999999999999 847 24203810799999999999999
129139144140126105 79 52 31 20 21 33 53 7910412213113212711710710210311022 728TM 2 2144164013299999999999999 924 19211710299999999999999
121134144147138120 96 68 41 23 17 23 39 64 91114128132129120108 99 9610122 729TM 24414717 313299999999999999 959 172152 9699999999999999
110124139148146133112 85 56 32 19 19 30 51 78104123132131124111 98 91 9222 730TM 3211481726132999999999999991032 172226 9099999999999999
 99112128142147141124101 73 46 27 20 26 42 66 94116129132127115100 89 8422 731TM 35814717491329999999999999911 2 2023 0 8499999999999999
 88 98114130142142132114 89 63 40 28 28 38 58 84109126133130120104 89 8022 8 1TM 4341431810133999999999999991131 262334 7899999999999999
 79 86 98114130137134122103 80 57 40 35 41 55 77101122132132125110 93 7922 8 2TM 5121371831134999999999999991157 35999999999999999999999
 73 75 83 97113126130124112 94 74 57 48 49 58 74 95117131135129117100 8222 8 3TM 554130185213599999999999999 012 731224 4799999999999999
 70 67 71 80 93108118120115104 90 75 64 61 66 77 93112128136134124109 9022 8 4TM 643120191613699999999999999 055 671251 6199999999999999
 74 64 62 66 74 87100108110107100 91 82 77 78 85 9611012513613813111810222 8 5TM 748111194413899999999999999 147 611319 7699999999999999
 83 68 58 56 59 66 77 89 98102103101 98 94 93 9510211112213313913812911522 8 6TM 943103201814099999999999999 256 561351 9399999999999999
 98 80 64 53 49 49 55 65 77 88 9610210610810810811011512213013714113812922 8 7TM21 4141999999999999999999999 422 48999999999999999999999
115 98 80 62 48 40 38 42 52 66 81 9410511411912012012012212613213814113922 8 8TM2212141999999999999999999999 549 38999999999999999999999
132119102 82 60 42 30 26 30 41 58 77 9611212312912912512312312613113714322 8 9TM1526129234014499999999999999 7 2 26182712299999999999999
144138126107 83 57 35 21 16 20 33 54 7910111913113513112411911812012713622 810TM1559135999999999999999999999 8 3 16194711899999999999999
146151146132111 83 53 28 13  9 15 32 58 8611012613513512711711010811312222 811TM 059151163113799999999999999 855  8204110899999999999999
136151157151136112 81 48 22  9  7 17 38 68 97119132136131118104 97 9710422 812TM 2 2157165913699999999999999 939  72125 9699999999999999
118137154160153135109 76 43 20 11 13 27 53 84111128135133122104 89 83 8622 813TM 2551601722135999999999999991016 1022 6 8399999999999999
 96114137155158149130102 69 40 23 19 26 44 73103124134134127110 89 74 7122 814TM 3441591735135999999999999991047 192247 7199999999999999
 77 91112136151151140121 94 64 41 31 34 46 67 95120134136131117 96 74 6322 815TM 4301531744137999999999999991114 312329 6299999999999999
 63 71 87109131142139128110 86 62 47 45 53 68 90116134140135124106 83 6422 816TM 5161431759140999999999999991139 45999999999999999999999
 56 58 68 84106124130126116100 82 65 59 63 74 91111131142140131116 95 7422 817TM 6 3130182214299999999999999 013 5512 3 5999999999999999
 58 53 56 66 82100114118114106 94 82 74 74 82 94109126139143137124107 8722 818TM 654118184914399999999999999 1 2 531228 7399999999999999
 69 57 53 56 65 78 93103106104100 94 88 86 90 9811012213414113913011710122 819TM 759106192014199999999999999 159 531251 8699999999999999
 84 68 58 54 56 63 74 85 94 98 99 99 98 98 9910411111912813513713312411222 820TM1026100195413799999999999999 310 5413 3 9899999999999999
 99 84 70 60 54 54 59 68 78 87 9410010410710811011311712212713113212812122 821TM2039132999999999999999999999 434 53999999999999999999999
112100 86 72 60 52 49 53 61 72 84 9510511211611711711711812012312612712622 822TM22 6127999999999999999999999 554 49999999999999999999999
122114102 88 71 56 46 43 47 56 70 8610111212012312211811511411511812212622 823TM1512123999999999999999999999 657 43185911499999999999999
128126118104 87 67 49 38 36 42 54 72 9210912112712712211510910710911412122 824TM 0 1128152912799999999999999 747 36195810799999999999999
129133130120103 82 59 40 30 30 40 57 80102119128130125116106100 9910411222 825TM 110133154613099999999999999 828 292036 9999999999999999
124135139134120 99 73 49 31 24 29 44 66 91114127132128119106 95 90 9310122 826TM 15813916 213299999999999999 9 4 2421 8 9099999999999999
114130141143133115 90 62 38 24 23 33 53 80106125133131122107 92 83 81 8822 827TM 239143161913399999999999999 936 222139 8199999999999999
101119136145142129107 79 52 32 24 29 44 69 97120133134126111 93 78 72 7522 828TM 31714616371359999999999999910 6 2422 9 7199999999999999
 86103124140145138121 97 69 44 31 30 41 61 88115132136131117 97 77 65 6322 829TM 3541451654136999999999999991033 292239 6299999999999999
 71 86107128141141130111 87 61 43 37 43 58 82108130138135123103 81 62 5522 830TM 4311421711139999999999999991058 372310 5499999999999999
 58 69 87110129137133121102 80 59 49 50 61 79103126139139129111 88 66 5122 831TM 5 91371730141999999999999991122 482344 4899999999999999
 48 55 69 89110125129124112 96 77 64 62 69 82101122138143135120 99 75 5422 9 1TM 5511291751143999999999999991145 61999999999999999999999
 44 45 54 69 88107118120114105 93 81 75 79 88102119135144141128110 88 6522 9 2TM 640120181514599999999999999 022 4412 7 7599999999999999
 49 42 45 54 67 84 99108109107102 95 90 90 97106118131142144136121102 8122 9 3TM 747109184414599999999999999 1 9 421229 8999999999999999
 62 48 43 45 51 62 76 88 96100102103102102105112120128137142140131116 9922 9 4TM1054103191814299999999999999 211 43123510299999999999999
 81 64 51 44 43 46 54 65 77 86 9510210811211411712112613113513813612811622 9 5TM20 6138999999999999999999999 348 43999999999999999999999
103 87 70 55 45 39 39 44 54 67 80 9410611612112312312312412612913213212922 9 6TM2139133999999999999999999999 537 38999999999999999999999
122110 95 77 58 43 33 30 34 45 61 80 9811312412812612111711511612012613222 9 7TM15 6128235113499999999999999 657 30191011599999999999999
134130120103 82 58 38 26 22 28 42 63 8710712213013012211210410110411112322 9 8TM1526131999999999999999999999 755 2220 310199999999999999
135141139128109 83 55 33 21 19 28 47 73 99118129132125111 96 88 86 9210422 9 9TM 114142154713299999999999999 841 192042 8699999999999999
123140148145132109 80 50 30 21 23 36 60 89114128134129115 95 78 70 72 8222 910TM 21214816 413499999999999999 917 202117 7099999999999999
101125144151146130105 75 47 30 27 34 52 79108128135133121100 76 60 55 6122 911TM 3 0151161413699999999999999 947 272152 5599999999999999
 76100127146150141124 98 69 46 37 40 52 74102126138137127109 83 58 45 4522 912TM 3451501623139999999999999991012 372228 4499999999999999
 55 75102129143143133115 91 66 51 49 58 74 97123140142134118 94 66 44 3622 913TM 4281451640143999999999999991035 4823 5 3699999999999999
 41 54 76104127136133122106 85 67 60 66 78 96118138146140126105 79 53 3722 914TM 51013617 2146999999999999991059 602343 3499999999999999
 34 42 57 80105122127122112 98 83 73 74 84 97115133145145133115 93 68 4722 915TM 5541271728147999999999999991124 72999999999999999999999
 36 37 46 62 83103115116112105 95 86 83 89100113128140145138123104 83 6222 916TM 642117175414599999999999999 023 351148 8399999999999999
 46 40 43 52 66 83 98106107105101 96 93 95102112123133139138128113 96 7822 917TM 743107182114099999999999999 1 9 4012 8 9399999999999999
 62 51 47 49 56 67 80 91 98101101101101102106112119126131133129119106 9222 918TM1847133999999999999999999999 2 8 47999999999999999999999
 79 66 57 52 52 57 65 75 85 92 9810210610811011311612012312512412011310422 919TM1917125999999999999999999999 331 52999999999999999999999
 94 83 72 62 55 52 54 60 69 80 9110010711211511611511411411511611611511222 920TM1451116203311699999999999999 5 7 52172711499999999999999
107 99 89 76 63 53 47 48 54 65 79 9310611411911911611110710510510711111422 921TM1437120235211599999999999999 623 47192010599999999999999
115112105 92 77 60 47 41 42 51 66 83101114121123119111102 96 94 9610211122 922TM1445123999999999999999999999 717 401954 9499999999999999
118122119109 93 73 53 39 35 40 53 72 93111123126122112100 88 83 84 9010122 923TM 1 4122145612699999999999999 758 352022 8299999999999999
115126129123109 89 65 45 33 33 42 60 84106122129126115100 84 73 70 75 8722 924TM 15312915 912999999999999999 833 322049 7099999999999999
105122134134124106 82 57 39 32 37 52 74100121131130120103 83 66 58 60 7122 925TM 234135152513299999999999999 9 5 322117 5799999999999999
 89111130139136122100 74 51 38 37 47 67 93118133135126109 85 63 48 45 5322 926TM 313139154113699999999999999 933 362145 4599999999999999
 70 94118136140133117 93 68 50 43 49 64 87113133139133116 93 66 44 34 3722 927TM 35114015571399999999999999910 0 432214 3499999999999999
 50 72100124137137128110 87 66 55 56 66 85109131143140125102 74 47 30 2622 928TM 4301391616143999999999999991024 542245 2699999999999999
 34 52 77105126134131121104 84 69 66 73 86106128144146134113 87 58 33 2222 929TM 5111341637147999999999999991047 662318 2199999999999999
 24 36 55 81106122126123113 99 85 78 81 91106124141149142124101 73 46 2722 930TM 55612617 2149999999999999991110 782357 2199999999999999
 21 26 39 59 82103114116114108 98 90 90 97108121136147146134114 90 65 422210 1TM 6521161730148999999999999991133 89999999999999999999999
 28 25 31 43 60 79 95103106107105101 99103111120130140145139125106 85 632210 2TM 84410718 114599999999999999 043 251153 9999999999999999
 45 34 32 36 45 58 73 85 93 99103106106108112119125131136137130118102 862210 3TM1838137999999999999999999999 144 32999999999999999999999
 68 53 43 39 39 44 53 65 76 86 951041101131151171191211241261271221151042210 4TM1934127999999999999999999999 328 39999999999999999999999
 92 78 64 52 44 39 40 46 57 71 84 981091161181171141121101111131161181162210 5TM14 3118215811899999999999999 522 39181411099999999999999
111102 89 73 57 45 37 36 42 55 72 89105116122120113104 97 94 951011091172210 6TM1414122999999999999999999999 639 361916 9499999999999999
122120113 98 79 59 43 35 34 43 59 80100115124124116102 87 78 75 79 901062210 7TM 017122143212599999999999999 732 331955 7599999999999999
121129129120103 81 58 42 35 38 50 70 94114125128121105 85 67 58 58 67 852210 8TM 129130144812899999999999999 812 352028 5799999999999999
107126136134124104 79 56 43 40 47 63 87112128132127113 89 64 47 41 46 602210 9TM 221136145813299999999999999 844 4021 1 4199999999999999
 84112132139135123101 75 56 48 51 62 82107128137134121 99 70 44 30 29 39221010TM 3 7139151013799999999999999 910 482133 2899999999999999
 59 88117135139133118 96 73 59 58 66 80103126141141129110 82 51 28 19 24221011TM 349139152914299999999999999 935 5722 6 1999999999999999
 39 64 95121134135127112 91 73 67 71 83100121140146137119 95 65 36 18 16221012TM 43013615521469999999999999910 1 672240 1599999999999999
 25 44 71101123130128119105 88 77 77 86100117135147144128106 80 51 27 16221013TM 5101311617147999999999999991027 762315 1699999999999999
 19 32 53 79105120124120112100 88 84 89100114129142145135116 93 67 42 25221014TM 5521241644146999999999999991054 842352 2099999999999999
 20 27 41 62 86105115116113106 97 91 93100111123135141138124104 82 59 40221015TM 6391171710141999999999999991121 91999999999999999999999
 29 29 37 50 69 88102109109107103 98 97101109118127133134126112 94 75 57221016TM 739109173613599999999999999 032 281145 9799999999999999
 44 37 38 45 57 72 86 97102104104103102103107113119124126123115102 88 73221017TM 91910418 012699999999999999 122 37115910299999999999999
 60 51 46 46 51 60 71 82 92 98102104106106108109112114116116112106 97 87221018TM1822116999999999999999999999 230 45999999999999999999999
 77 67 58 52 50 52 58 68 79 89 98104108110110108107105105105104103101 97221019TM1328110999999999999999999999 4 4 50999999999999999999999
 91 83 74 64 55 50 50 56 66 78 91102110113113110104 98 94 92 93 96 99102221020TM1327114233010299999999999999 528 4919 5 9299999999999999
102 98 90 79 66 54 47 47 54 66 82 97110116117113104 93 84 79 79 83 91100221021TM1338118999999999999999999999 629 461930 7899999999999999
107109105 95 81 64 51 44 46 56 72 91108119122117106 92 77 67 63 67 77 91221022TM 052109135212299999999999999 714 441956 6399999999999999
106116118112 98 80 61 48 44 50 64 84104120126123111 93 73 57 49 50 59 76221023TM 14511814 912699999999999999 752 442023 4899999999999999
 97115125125115 98 77 59 49 50 60 78100120131130119 99 75 52 37 33 40 56221024TM 230126142613299999999999999 826 482050 3399999999999999
 80105124132129116 97 75 60 55 60 74 95118134137127108 82 53 30 19 21 34221025TM 313132144413799999999999999 857 552120 1999999999999999
 57 86113130135129115 94 75 65 66 75 92114134143137120 94 63 32 13  8 16221026TM 35513515 514399999999999999 925 642151  899999999999999
 34 62 94119132134127112 93 78 74 80 93111132146146132108 78 44 16  2  4221027TM 440134152914899999999999999 951 742224  199999999999999
 16 38 68 99120129129122108 93 84 86 95109127145151143122 95 63 31  8  0221028TM 5291301556151999999999999991017 8423 1  099999999999999
  6 21 44 74100116122122116105 95 93 99109123138150149135111 84 53 25  8221029TM 6281231627152999999999999991043 922343  599999999999999
  5 13 28 50 76 97109114115111104 99101109118130142148142124102 76 49 27221030TM 74511517 1148999999999999991111 99999999999999999999999
 15 14 22 35 54 75 91101106109108104103107114122130138139131115 95 74 52221031TM 914109173914099999999999999 032 13114310399999999999999
 35 26 26 30 41 56 72 85 95102107108107107109113117123127127119107 93 772211 1TM1049108182612899999999999999 134 25122810699999999999999
 60 47 38 36 37 44 56 70 82 93101108110109107106105106109112113110104 952211 2TM12 2110194611399999999999999 3 7 3616 210599999999999999
 84 71 59 49 44 42 47 57 70 83 96106112113109102 96 91 89 91 961011051052211 3TM1239113223210599999999999999 444 421759 8999999999999999
101 94 82 69 57 49 46 50 60 74 90104113117114105 92 80 73 70 74 83 941042211 4TM13 5117999999999999999999999 556 461854 7099999999999999
109109103 92 76 62 52 50 55 67 84101115121121112 95 76 61 52 52 59 74 922211 5TM 031110132512299999999999999 649 501935 5199999999999999
107116117111 97 80 64 56 57 64 78 97115126127120104 81 57 41 34 37 50 712211 6TM 141118134112899999999999999 729 562010 3499999999999999
 95113123123116100 81 67 62 66 76 93113129134129115 92 63 37 23 20 28 472211 7TM 234124135813499999999999999 8 3 622043 2099999999999999
 74101120128127117100 82 71 70 77 90108128139137124104 75 44 20 10 13 272211 8TM 320128142113999999999999999 833 702115 1099999999999999
 51 82109125130127115 98 83 77 80 90104123139143134115 89 58 28  9  4 132211 9TM 4 2130144614499999999999999 9 3 772147  499999999999999
 31 60 91116128129124111 96 85 84 91102118135145141126102 74 42 16  4  5221110TM 442130151514699999999999999 934 832220  399999999999999
 18 41 71100120127126119107 94 88 92101113129142145134114 89 59 31 11  5221111TM 52012715441459999999999999910 5 882255  599999999999999
 12 28 53 81106119123120113102 94 93 99109122135142139123101 76 49 25 12221112TM 6 01231613143999999999999991036 922331 1199999999999999
 12 22 40 64 89107116118114107 99 95 98105115126135137128111 89 65 43 26221113TM 64311816421379999999999999911 8 95999999999999999999999
 18 22 33 51 72 92106112112109103 99 98102109117125130127116 99 80 59 42221114TM 734113171013099999999999999 010 181141 9799999999999999
 30 27 32 43 59 77 93103108108106102100100103109115120120115105 90 74 58221115TM 835109173912199999999999999 053 271221 9999999999999999
 46 38 36 41 51 64 79 92101106107105103101101102104108109108104 96 85 73221116TM 947107181311099999999999999 146 36134010099999999999999
 61 52 46 44 47 55 67 80 92101107108106103100 97 95 95 96 97 97 95 91 85221117TM10541081928 9799999999999999 254 441639 9599999999999999
 76 68 59 53 50 51 58 70 83 95105110111108102 95 89 84 82 83 85 89 91 92221118TM11401112242 9299999999999999 411 501810 8299999999999999
 89 84 76 67 58 54 55 62 74 88101111115113107 97 85 74 68 66 69 76 85 93221119TM1212115999999999999999999999 520 531849 6699999999999999
 98 98 93 84 72 62 57 59 68 81 97110119120113101 85 68 55 49 50 58 71 86221120TM 031 98123812099999999999999 615 571921 4999999999999999
 99107108102 91 77 66 62 66 77 92109121126122109 90 68 48 35 31 37 51 71221121TM 13810813 212699999999999999 7 2 621952 3199999999999999
 92108117117109 96 81 71 69 76 89106122132131120100 74 47 26 15 16 28 49221122TM 231118132513399999999999999 742 692024 1499999999999999
 75100118125124114 99 85 78 79 88103121136140132114 88 56 26  7  1  7 24221123TM 321126135214199999999999999 818 772059  199999999999999
 50 81108124130128116101 89 86 91101117135147145129105 73 38  9 -7 -8  3221124TM 411130142114899999999999999 851 862135 -999999999999999
 24 55 88113126131127116102 94 94102114131147153144123 94 60 25 -2-13-10221125TM 5 3131145415399999999999999 923 932215-1399999999999999
  4 29 62 93114125128124113102 98102111124140153153139114 84 49 16 -5-11221126TM 559128153015599999999999999 955 982257-1199999999999999
 -5 11 37 68 95111120123119109102101108117130145153148130105 76 43 15 -1221127TM 65712316 91539999999999999910301002342 -499999999999999
 -3  4 20 45 73 94107115117113106101103109118130142146138120 97 71 42 20221128TM 7551171651146999999999999991110101999999999999999999999
  9  8 16 31 53 76 94104111113109103100102107114124133134126110 91 69 46221129TM 851113173913599999999999999 031  712 210099999999999999
 29 22 22 29 42 61 80 94103109110106100 97 97 99104112118119113102 88 71221130TM 943111183712099999999999999 125 211324 9699999999999999
 54 41 36 36 41 53 69 85 97105110110105 97 91 88 87 90 95102104102 97 882212 1TM102911120 410499999999999999 227 351547 8799999999999999
 77 64 54 49 49 53 63 77 91103110113111104 93 83 75 71 72 78 85 92 95 952212 2TM11 71132228 9699999999999999 336 481721 7199999999999999
 92 85 76 66 61 60 64 73 86100111117117112101 86 71 59 54 54 62 73 85 932212 3TM1138118999999999999999999999 443 591824 5399999999999999
 98 99 94 86 76 70 69 73 82 96109119123121112 95 75 56 42 37 39 50 66 832212 4TM 037 9912 712499999999999999 543 691911 3699999999999999
 96104107103 94 84 78 77 82 92105119128129122108 86 61 39 26 22 28 44 652212 5TM 156107123712999999999999999 634 771951 2299999999999999
 87103112115110100 89 83 84 91101115128135131120100 74 45 23 13 13 24 442212 6TM 25211513 913599999999999999 719 832027 1199999999999999
 70 95111120121115103 92 88 91 98110125136139130113 89 59 30 11  4  9 252212 7TM 339121134213999999999999999 8 1 8821 2  499999999999999
 50 80104119125124115103 94 92 97106119133142139125104 76 44 17  2  1 112212 8TM 420125141614299999999999999 840 922135  099999999999999
 32 61 90112124127123113101 94 96103113127139143135117 92 62 31  9  0  42212 9TM 457127145014499999999999999 918 942210 -199999999999999
 18 43 73100118125125119108 98 95 99107119133142141127106 79 49 22  5  2221210TM 531126152414399999999999999 954 952245  199999999999999
 10 29 55 84107119123121113103 96 96102112124136141134117 94 66 39 17  6221211TM 6 31231557141999999999999991029 952320  699999999999999
  8 21 41 67 93110119119115107 98 94 97104115126134134124105 82 56 33 17221212TM 63712016301369999999999999911 6 942356 1299999999999999
 12 18 32 54 78 99112117115109101 95 93 97105115124128124112 93 71 49 31221213TM 71411717 3128999999999999991144 93999999999999999999999
 21 20 29 45 65 86103112114111104 97 92 92 96103111117118112100 83 64 47221214TM 753114173911999999999999999 033 191231 9299999999999999
 34 28 31 41 56 75 93106112112108101 94 90 90 93 98104107107101 90 77 62221215TM 833113182310899999999999999 111 281335 9099999999999999
 49 41 38 42 52 67 83 98109113112106 98 91 86 84 85 88 93 96 96 92 85 75221216TM 9141131930 9699999999999999 154 381512 8499999999999999
 65 56 51 49 53 63 76 91104112115111104 95 86 78 74 73 75 80 85 88 88 85221217TM 9541152135 8899999999999999 245 491648 7399999999999999
 80 73 67 62 61 64 73 85 99110117117111102 89 77 66 59 57 61 67 76 84 89221218TM1032118999999999999999999999 348 611752 5799999999999999
 91 89 85 79 73 71 74 83 95107117122120111 97 80 63 50 42 40 46 57 71 84221219TM 0 4 9111 912299999999999999 455 711840 4099999999999999
 95100101 97 90 84 81 85 93104117126128122109 91 68 47 31 23 24 34 50 70221220TM 140102114712899999999999999 557 811922 2299999999999999
 89103111113108100 93 90 94102114126134134124106 82 54 29 12  6 10 25 47221221TM 245113122713599999999999999 652 9020 4  699999999999999
 73 95112121122116106 99 98102111124137143139124101 72 40 13 -3 -7  1 20221222TM 33912213 814399999999999999 740 982047 -799999999999999
 48 77102119127127119109103103109119133146150142123 95 62 27  0-13-14 -2221223TM 430128135115199999999999999 8241022131-1599999999999999
 20 52 83107122129128118108104106113125140153154142119 89 53 18 -7-17-14221224TM 520130143515699999999999999 9 61042216-1899999999999999
  0 26 59 89110123128124114105102106115128145156154138113 82 46 13 -8-14221225TM 6 7128152115799999999999999 94810223 0-1499999999999999
 -9  8 35 68 94112121124118107 99 98104114128145153148131106 75 41 13 -3221226TM 65012416 7153999999999999991033 982342 -699999999999999
 -5  2 21 48 77 99112119119111 99 92 93 99109124139145137121 98 70 40 17221227TM 7291201655145999999999999991122 92999999999999999999999
  7  8 18 37 63 88105114117113103 91 85 86 92102116128132124109 90 66 43221228TM 8 2117174713299999999999999 022  71219 8599999999999999
 27 22 26 37 55 78 98110115115108 96 84 78 78 83 91103113116110 99 84 66221229TM 828116184511699999999999999 1 0 221330 7899999999999999
 49 40 39 44 56 73 92107115117114104 91 79 71 69 71 78 88 97100 97 91 82221230TM 850117195810099999999999999 137 3815 1 6999999999999999
 70 60 55 57 63 75 90106117121120113102 87 72 62 57 57 63 72 81 87 88 87221231TM 9131222159 8899999999999999 213 551630 5799999999999999
